spore0005438f634740666200eb3f48b2d816b417ffffffffffffffff0000000ebfdb7dd306KChangfffffffffffffffe09Leafsicus0000000<?xml version="1.0" encoding="UTF-8"?><sporemodel>
  <properties>
    <modeltype>PlantSmall</modeltype>
    <skineffectseed1>4660</skineffectseed1>
    <skineffectseed2>4660</skineffectseed2>
    <skineffectseed3>4660</skineffectseed3>
    <skincolor1>0.282353,0.243137,0.250979</skincolor1>
    <skincolor2>0.576470,0.294117,0.184313</skincolor2>
    <skincolor3>0.576470,0.694118,0.411764</skincolor3>
    <zcorpscore>17</zcorpscore>
  </properties>
  <blocks count="39">
    <blockref>
      <blockid>flora_parts~, fe_root_dummy</blockid>
      <transform>
        <scale>1</scale>
        <position>0,0,0.600000</position>
        <triangledirection>0,1,0</triangledirection>
        <trianglepickorigin>0,0,0</trianglepickorigin>
        <orientation>
          <row0>1,0,0</row0>
          <row1>0,1,0</row1>
          <row2>0,0,1</row2>
        </orientation>
      </transform>
      <snapped>false</snapped>
      <childlist count="4">
        <childid>5</childid>
        <childid>3</childid>
        <childid>2</childid>
        <childid>1</childid>
      </childlist>
    </blockref>
    <blockref>
      <blockid>flora_parts~, FE_muscle_branch_04</blockid>
      <transform>
        <limbtype>0</limbtype>
        <musclescale>0.5</musclescale>
        <basemusclescale>1.649999</basemusclescale>
        <scale>1</scale>
        <position>0,0,0.600000</position>
        <triangledirection>-0.195147,0.00614299,0.980754</triangledirection>
        <trianglepickorigin>0,0,0</trianglepickorigin>
        <orientation>
          <row0>-0.0600039,-0.998181,-0.00568726</row0>
          <row1>-0.195147,0.00614299,0.980754</row1>
          <row2>-0.978936,0.0599589,-0.195161</row2>
        </orientation>
      </transform>
      <snapped>true</snapped>
      <childlist count="2">
        <childid>17</childid>
        <childid>11</childid>
      </childlist>
      <handles count="1">
        <weight channel="longer">0.0975009</weight>
      </handles>
    </blockref>
    <blockref>
      <blockid>flora_parts~, fe_muscle_branch_06</blockid>
      <transform>
        <limbtype>0</limbtype>
        <musclescale>0.0499999</musclescale>
        <basemusclescale>1.649999</basemusclescale>
        <scale>1</scale>
        <position>0,0,0.600000</position>
        <triangledirection>0.663561,0.189092,-0.723830</triangledirection>
        <trianglepickorigin>0,0,0</trianglepickorigin>
        <orientation>
          <row0>0.732870,-0.358663,0.578152</row0>
          <row1>0.663561,0.189092,-0.723830</row1>
          <row2>0.150287,0.914114,0.376575</row2>
        </orientation>
      </transform>
      <snapped>true</snapped>
      <childlist count="13">
        <childid>38</childid>
        <childid>37</childid>
        <childid>35</childid>
        <childid>26</childid>
        <childid>24</childid>
        <childid>22</childid>
        <childid>21</childid>
        <childid>20</childid>
        <childid>19</childid>
        <childid>18</childid>
        <childid>13</childid>
        <childid>12</childid>
        <childid>10</childid>
      </childlist>
      <handles count="1">
        <weight channel="longer">0.117661</weight>
      </handles>
    </blockref>
    <blockref>
      <blockid>flora_parts~, fe_muscle_branch_02</blockid>
      <transform>
        <limbtype>0</limbtype>
        <musclescale>0.150000</musclescale>
        <basemusclescale>1.649999</basemusclescale>
        <scale>1</scale>
        <position>0,0,0.600000</position>
        <triangledirection>-0.107414,0.767723,-0.631713</triangledirection>
        <trianglepickorigin>0,0,0</trianglepickorigin>
        <orientation>
          <row0>0.895000,-0.202018,-0.397697</row0>
          <row1>-0.107414,0.767723,-0.631713</row1>
          <row2>0.432939,0.608102,0.665412</row2>
        </orientation>
      </transform>
      <snapped>true</snapped>
      <childlist count="5">
        <childid>29</childid>
        <childid>25</childid>
        <childid>16</childid>
        <childid>14</childid>
        <childid>4</childid>
      </childlist>
      <handles count="1">
        <weight channel="longer">0.140910</weight>
      </handles>
    </blockref>
    <blockref>
      <blockid>Creature_parts~, ce_grasper_null</blockid>
      <transform>
        <basemusclescale>0.699999</basemusclescale>
        <scale>1</scale>
        <position>0.120129,-0.858590,1.306482</position>
        <triangledirection>-0.815889,-0.567505,-0.110728</triangledirection>
        <trianglepickorigin>0,0,0</trianglepickorigin>
        <orientation>
          <row0>-0.377133,0.667472,-0.642067</row0>
          <row1>-0.815889,-0.567505,-0.110728</row1>
          <row2>-0.438285,0.482096,0.758609</row2>
        </orientation>
      </transform>
      <snapped>true</snapped>
    </blockref>
    <blockref>
      <blockid>flora_parts~, fe_muscle_branch_02</blockid>
      <transform>
        <limbtype>0</limbtype>
        <musclescale>0</musclescale>
        <basemusclescale>1.649999</basemusclescale>
        <scale>1</scale>
        <position>0,0,0.600000</position>
        <triangledirection>-0.374803,-0.341544,-0.861898</triangledirection>
        <trianglepickorigin>0,0,0</trianglepickorigin>
        <orientation>
          <row0>0.697324,-0.716495,-0.0193108</row0>
          <row1>-0.374803,-0.341544,-0.861898</row1>
          <row2>0.610951,0.608261,-0.506712</row2>
        </orientation>
      </transform>
      <snapped>true</snapped>
      <childlist count="6">
        <childid>30</childid>
        <childid>28</childid>
        <childid>27</childid>
        <childid>23</childid>
        <childid>15</childid>
        <childid>6</childid>
      </childlist>
      <handles count="1">
        <weight channel="longer">0.0907909</weight>
      </handles>
    </blockref>
    <blockref>
      <blockid>flora_parts~, fe_leaf_04</blockid>
      <transform>
        <scale>0,927743</scale>
        <position>0.358277,0.288859,1.351691</position>
        <triangledirection>-0.230981,-0.387829,-0.892320</triangledirection>
        <trianglepickorigin>0,0,0</trianglepickorigin>
        <orientation>
          <row0>-0.510726,0.859743,8.94069e-8</row0>
          <row1>-0.556026,-0.330305,-0.762713</row1>
          <row2>-0.655738,-0.389538,0.646736</row2>
        </orientation>
        <userorientation>
          <userorientation_row0>0.975921,0.196875,-0.0939069</userorientation_row0>
          <userorientation_row1>-0.215466,0.937119,-0.274558</userorientation_row1>
          <userorientation_row2>0.0339479,0.288180,0.956973</userorientation_row2>
        </userorientation>
      </transform>
      <snapped>false</snapped>
      <handles count="2">
        <weight channel="DeformAxisLeft">1</weight>
        <weight channel="DeformAxisForward">0.224202</weight>
      </handles>
    </blockref>
    <blockref>
      <blockid>flora_parts~, fe_root_dummy</blockid>
      <transform>
        <scale>1</scale>
        <position>0,0,0.600000</position>
        <triangledirection>0,1,0</triangledirection>
        <trianglepickorigin>0,0,0</trianglepickorigin>
        <orientation>
          <row0>1,0,0</row0>
          <row1>0,1,0</row1>
          <row2>0,0,1</row2>
        </orientation>
      </transform>
      <snapped>false</snapped>
      <childlist count="1">
        <childid>8</childid>
      </childlist>
    </blockref>
    <blockref>
      <blockid>flora_parts~, FE_muscle_branch_04</blockid>
      <transform>
        <limbtype>0</limbtype>
        <musclescale>0.425000</musclescale>
        <basemusclescale>1.849999</basemusclescale>
        <scale>1</scale>
        <position>0,0,0.600000</position>
        <triangledirection>-0.00436399,0.0160359,0.999861</triangledirection>
        <trianglepickorigin>0,0,0</trianglepickorigin>
        <orientation>
          <row0>-0.0934408,-0.995503,0.0155582</row0>
          <row1>-0.00436399,0.0160359,0.999861</row1>
          <row2>-0.995615,0.0933600,-0.00584279</row2>
        </orientation>
      </transform>
      <snapped>true</snapped>
      <childlist count="1">
        <childid>9</childid>
      </childlist>
      <handles count="1">
        <weight channel="longer">0.317331</weight>
      </handles>
    </blockref>
    <blockref>
      <blockid>Creature_parts~, ce_grasper_null</blockid>
      <transform>
        <basemusclescale>0.5</basemusclescale>
        <scale>1</scale>
        <position>0.00971199,-0.0356899,-1.625260</position>
        <triangledirection>0,0,-1</triangledirection>
        <trianglepickorigin>0,0,0</trianglepickorigin>
        <orientation>
          <row0>1,0,0</row0>
          <row1>0,0,-1</row1>
          <row2>0,1,0</row2>
        </orientation>
      </transform>
      <snapped>true</snapped>
    </blockref>
    <blockref>
      <blockid>flora_parts~, fe_cap_01a</blockid>
      <transform>
        <scale>1</scale>
        <position>-0.544032,0.0245580,0.722772</position>
        <triangledirection>0.859301,-0.0219966,0.510995</triangledirection>
        <trianglepickorigin>0,0,0</trianglepickorigin>
        <orientation>
          <row0>-0.212216,-0.977222,3.72529e-8</row0>
          <row1>0.839693,-0.182349,0.511530</row1>
          <row2>-0.499879,0.108555,0.859265</row2>
        </orientation>
        <userorientation>
          <userorientation_row0>0.986976,0.160866,0</userorientation_row0>
          <userorientation_row1>-0.160861,0.986950,0.00714599</userorientation_row1>
          <userorientation_row2>0.00114999,-0.00705299,0.999973</userorientation_row2>
        </userorientation>
      </transform>
      <snapped>false</snapped>
    </blockref>
    <blockref>
      <blockid>Creature_parts~, ce_grasper_null</blockid>
      <transform>
        <basemusclescale>0.550000</basemusclescale>
        <scale>1</scale>
        <position>0.165078,-0.00519599,-0.229636</position>
        <triangledirection>-0.995587,0.0799029,0.0492009</triangledirection>
        <trianglepickorigin>0,0,0</trianglepickorigin>
        <orientation>
          <row0>-0.0846755,-0.990956,-0.104095</row0>
          <row1>-0.995587,0.0799029,0.0492009</row1>
          <row2>-0.0404385,0.107801,-0.993349</row2>
        </orientation>
      </transform>
      <snapped>true</snapped>
    </blockref>
    <blockref>
      <blockid>flora_parts~, fe_detail_04</blockid>
      <transform>
        <scale>1</scale>
        <position>-0.705136,-0.185063,1.122907</position>
        <triangledirection>0.657041,0.177742,0.732600</triangledirection>
        <trianglepickorigin>0,0,0</trianglepickorigin>
        <orientation>
          <row0>0.191804,-0.981433,1.43423e-7</row0>
          <row1>0.978551,0.191241,0.0765780</row1>
          <row2>-0.0751562,-0.0146878,0.997063</row2>
        </orientation>
        <userorientation>
          <userorientation_row0>0.997522,0.000779999,0.0703459</userorientation_row0>
          <userorientation_row1>-0.0484189,0.733042,0.678458</userorientation_row1>
          <userorientation_row2>-0.0510379,-0.680182,0.731262</userorientation_row2>
        </userorientation>
      </transform>
      <snapped>false</snapped>
      <childlist count="1">
        <childid>36</childid>
      </childlist>
      <handles count="4">
        <weight channel="Stretch">1</weight>
        <weight channel="Thicken">1</weight>
        <weight channel="tweak_side">0.516528</weight>
        <weight channel="tweak_top_bottom">0.115291</weight>
      </handles>
    </blockref>
    <blockref>
      <blockid>flora_parts~, fe_detail_04</blockid>
      <transform>
        <scale>1</scale>
        <position>-0.249740,0.214897,0.980476</position>
        <triangledirection>0.280632,-0.747242,0.602390</triangledirection>
        <trianglepickorigin>0,0,0</trianglepickorigin>
        <orientation>
          <row0>-0.961196,-0.275866,-8.19563e-8</row0>
          <row1>0.245706,-0.856108,-0.454651</row1>
          <row2>0.125422,-0.437008,0.890669</row2>
        </orientation>
        <userorientation>
          <userorientation_row0>0.977057,0.210452,-0.0326839</userorientation_row0>
          <userorientation_row1>-0.0636040,0.434796,0.898279</userorientation_row1>
          <userorientation_row2>0.203256,-0.875593,0.438205</userorientation_row2>
        </userorientation>
      </transform>
      <snapped>false</snapped>
      <handles count="4">
        <weight channel="Stretch">1</weight>
        <weight channel="Thicken">1</weight>
        <weight channel="tweak_side">0.516528</weight>
        <weight channel="tweak_top_bottom">0.115291</weight>
      </handles>
    </blockref>
    <blockref>
      <blockid>flora_parts~, fe_detail_04</blockid>
      <transform>
        <scale>1,077880</scale>
        <position>0.178350,-0.890693,1.210892</position>
        <triangledirection>-0.0933441,0.554254,0.827096</triangledirection>
        <trianglepickorigin>0,0,0</trianglepickorigin>
        <orientation>
          <row0>0.845050,0.534686,-2.38418e-7</row0>
          <row1>-0.520067,0.821945,0.232237</row1>
          <row2>0.124174,-0.196252,0.972658</row2>
        </orientation>
        <userorientation>
          <userorientation_row0>0.974559,-0.115928,-0.191825</userorientation_row0>
          <userorientation_row1>0.217472,0.696196,0.684118</userorientation_row1>
          <userorientation_row2>0.0542389,-0.708429,0.703694</userorientation_row2>
        </userorientation>
      </transform>
      <snapped>false</snapped>
      <childlist count="2">
        <childid>34</childid>
        <childid>33</childid>
      </childlist>
      <handles count="4">
        <weight channel="Stretch">1</weight>
        <weight channel="Thicken">0.700176</weight>
        <weight channel="tweak_side">0.516528</weight>
        <weight channel="tweak_top_bottom">0.115291</weight>
      </handles>
    </blockref>
    <blockref>
      <blockid>flora_parts~, fe_detail_04</blockid>
      <transform>
        <scale>1</scale>
        <position>0.374705,0.310915,1.088050</position>
        <triangledirection>-0.591735,-0.436776,0.677551</triangledirection>
        <trianglepickorigin>0,0,0</trianglepickorigin>
        <orientation>
          <row0>-0.622304,0.782775,-2.68220e-7</row0>
          <row1>-0.776124,-0.617017,0.130082</row1>
          <row2>0.101824,0.0809508,0.991503</row2>
        </orientation>
        <userorientation>
          <userorientation_row0>0.999652,-0.0223319,-0.0140399</userorientation_row0>
          <userorientation_row1>0.0263419,0.816896,0.576183</userorientation_row1>
          <userorientation_row2>-0.00139799,-0.576353,0.817199</userorientation_row2>
        </userorientation>
      </transform>
      <snapped>false</snapped>
      <childlist count="2">
        <childid>32</childid>
        <childid>31</childid>
      </childlist>
      <handles count="4">
        <weight channel="Stretch">1</weight>
        <weight channel="Thicken">1</weight>
        <weight channel="tweak_side">0.516528</weight>
        <weight channel="tweak_top_bottom">0.115291</weight>
      </handles>
    </blockref>
    <blockref>
      <blockid>flora_parts~, fe_detail_04</blockid>
      <transform>
        <scale>0,860707</scale>
        <position>0.285327,-0.477655,0.950701</position>
        <triangledirection>-0.517773,0.123302,0.846585</triangledirection>
        <trianglepickorigin>0,0,0</trianglepickorigin>
        <orientation>
          <row0>-0.124690,0.992195,-3.79979e-7</row0>
          <row1>-0.950698,-0.119475,0.286179</row1>
          <row2>0.283945,0.0356840,0.958176</row2>
        </orientation>
        <userorientation>
          <userorientation_row0>0.937301,-0.334445,0.0980430</userorientation_row0>
          <userorientation_row1>0.186901,0.719789,0.668558</userorientation_row1>
          <userorientation_row2>-0.294166,-0.608316,0.737169</userorientation_row2>
        </userorientation>
      </transform>
      <snapped>false</snapped>
      <handles count="4">
        <weight channel="Stretch">1</weight>
        <weight channel="Thicken">1</weight>
        <weight channel="tweak_side">0.276689</weight>
        <weight channel="tweak_top_bottom">0.115291</weight>
      </handles>
    </blockref>
    <blockref>
      <blockid>flora_parts~, fe_detail_04</blockid>
      <transform>
        <scale>0,687288</scale>
        <position>0.124261,-0.337273,0.477943</position>
        <triangledirection>-0.238475,0.506991,0.828304</triangledirection>
        <trianglepickorigin>0,0,0</trianglepickorigin>
        <orientation>
          <row0>0.959950,0.280168,5.29922e-7</row0>
          <row1>-0.279792,0.958661,0.0518170</row1>
          <row2>0.0145169,-0.0497419,0.998656</row2>
        </orientation>
        <userorientation>
          <userorientation_row0>0.995302,0.0175339,0.0952130</userorientation_row0>
          <userorientation_row1>-0.0868809,0.595676,0.798511</userorientation_row1>
          <userorientation_row2>-0.0427149,-0.803032,0.594402</userorientation_row2>
        </userorientation>
      </transform>
      <snapped>false</snapped>
      <handles count="4">
        <weight channel="Stretch">1</weight>
        <weight channel="Thicken">1</weight>
        <weight channel="tweak_side">0.276689</weight>
        <weight channel="tweak_top_bottom">0.115291</weight>
      </handles>
    </blockref>
    <blockref>
      <blockid>flora_parts~, fe_detail_04</blockid>
      <transform>
        <scale>0,798516</scale>
        <position>-0.251726,-0.371699,0.626606</position>
        <triangledirection>0.202505,0.486147,0.850089</triangledirection>
        <trianglepickorigin>0,0,0</trianglepickorigin>
        <orientation>
          <row0>0.924058,-0.382252,-3.35276e-7</row0>
          <row1>0.354634,0.857293,0.373204</row1>
          <row2>-0.142658,-0.344863,0.927748</row2>
        </orientation>
        <userorientation>
          <userorientation_row0>0.985031,0.101037,-0.139660</userorientation_row0>
          <userorientation_row1>0.00129599,0.805844,0.592126</userorientation_row1>
          <userorientation_row2>0.172372,-0.583443,0.793650</userorientation_row2>
        </userorientation>
      </transform>
      <snapped>false</snapped>
      <handles count="4">
        <weight channel="Stretch">1</weight>
        <weight channel="Thicken">1</weight>
        <weight channel="tweak_side">0.276689</weight>
        <weight channel="tweak_top_bottom">0.115291</weight>
      </handles>
    </blockref>
    <blockref>
      <blockid>flora_parts~, fe_detail_04</blockid>
      <transform>
        <scale>0,740818</scale>
        <position>-0.467768,0.0501759,0.578446</position>
        <triangledirection>0.416206,-0.236604,0.877946</triangledirection>
        <trianglepickorigin>0,0,0</trianglepickorigin>
        <orientation>
          <row0>-0.381342,-0.924433,1.19209e-7</row0>
          <row1>0.802673,-0.331114,0.496062</row1>
          <row2>-0.458577,0.189170,0.868286</row2>
        </orientation>
        <userorientation>
          <userorientation_row0>0.997953,-0.0626209,-0.0128849</userorientation_row0>
          <userorientation_row1>0.0600079,0.847937,0.526687</userorientation_row1>
          <userorientation_row2>-0.0220560,-0.526383,0.849961</userorientation_row2>
        </userorientation>
      </transform>
      <snapped>false</snapped>
      <handles count="4">
        <weight channel="Stretch">1</weight>
        <weight channel="Thicken">1</weight>
        <weight channel="tweak_side">0.276689</weight>
        <weight channel="tweak_top_bottom">0.115291</weight>
      </handles>
    </blockref>
    <blockref>
      <blockid>flora_parts~, fe_detail_04</blockid>
      <transform>
        <scale>0,687288</scale>
        <position>-0.0328069,0.342353,0.523615</position>
        <triangledirection>0.125137,-0.397777,0.908907</triangledirection>
        <trianglepickorigin>0,0,0</trianglepickorigin>
        <orientation>
          <row0>-0.995500,-0.0947590,4.13507e-7</row0>
          <row1>0.0924930,-0.971693,0.217387</row1>
          <row2>-0.0205989,0.216408,0.976085</row2>
        </orientation>
        <userorientation>
          <userorientation_row0>0.995302,0.0175339,0.0952130</userorientation_row0>
          <userorientation_row1>-0.0868809,0.595676,0.798511</userorientation_row1>
          <userorientation_row2>-0.0427149,-0.803032,0.594402</userorientation_row2>
        </userorientation>
      </transform>
      <snapped>false</snapped>
      <handles count="4">
        <weight channel="Stretch">1</weight>
        <weight channel="Thicken">1</weight>
        <weight channel="tweak_side">0.276689</weight>
        <weight channel="tweak_top_bottom">0.115291</weight>
      </handles>
    </blockref>
    <blockref>
      <blockid>flora_parts~, fe_detail_04</blockid>
      <transform>
        <scale>0,687288</scale>
        <position>0.241500,0.236585,0.518606</position>
        <triangledirection>-0.577899,-0.386442,0.718814</triangledirection>
        <trianglepickorigin>0,0,0</trianglepickorigin>
        <orientation>
          <row0>-0.643420,0.765512,-1.04308e-7</row0>
          <row1>-0.757181,-0.636418,-0.147134</row1>
          <row2>-0.112633,-0.0946690,0.989116</row2>
        </orientation>
        <userorientation>
          <userorientation_row0>0.972111,-0.224282,0.0685319</userorientation_row0>
          <userorientation_row1>0.0760059,0.577752,0.812665</userorientation_row1>
          <userorientation_row2>-0.221862,-0.784792,0.578685</userorientation_row2>
        </userorientation>
      </transform>
      <snapped>false</snapped>
      <handles count="4">
        <weight channel="Stretch">1</weight>
        <weight channel="Thicken">1</weight>
        <weight channel="tweak_side">0.276689</weight>
        <weight channel="tweak_top_bottom">0.115291</weight>
      </handles>
    </blockref>
    <blockref>
      <blockid>flora_parts~, fe_detail_04</blockid>
      <transform>
        <scale>0,927744</scale>
        <position>-0.453517,-0.369727,0.957044</position>
        <triangledirection>0.473792,0.475636,0.741140</triangledirection>
        <trianglepickorigin>0,0,0</trianglepickorigin>
        <orientation>
          <row0>0.889066,-0.457777,1.97440e-7</row0>
          <row1>0.454124,0.881972,0.126080</row1>
          <row2>-0.0577167,-0.112093,0.992020</row2>
        </orientation>
        <userorientation>
          <userorientation_row0>0.968143,-0.0500169,-0.245350</userorientation_row0>
          <userorientation_row1>0.203498,0.728102,0.654565</userorientation_row1>
          <userorientation_row2>0.145899,-0.683641,0.715085</userorientation_row2>
        </userorientation>
      </transform>
      <snapped>false</snapped>
      <handles count="4">
        <weight channel="Stretch">1</weight>
        <weight channel="Thicken">1</weight>
        <weight channel="tweak_side">0.405283</weight>
        <weight channel="tweak_top_bottom">0.115291</weight>
      </handles>
    </blockref>
    <blockref>
      <blockid>Creature_parts~, ce_grasper_null</blockid>
      <transform>
        <basemusclescale>0.900000</basemusclescale>
        <scale>1</scale>
        <position>0.301267,0.274535,1.292797</position>
        <triangledirection>0.752271,-0.528553,-0.393341</triangledirection>
        <trianglepickorigin>0,0,0</trianglepickorigin>
        <orientation>
          <row0>0.640657,0.447496,0.623942</row0>
          <row1>0.752271,-0.528553,-0.393341</row1>
          <row2>0.153768,0.721372,-0.675261</row2>
        </orientation>
      </transform>
      <snapped>true</snapped>
    </blockref>
    <blockref>
      <blockid>Creature_parts~, ce_grasper_null</blockid>
      <transform>
        <basemusclescale>0.600000</basemusclescale>
        <scale>1</scale>
        <position>-0.645277,-0.183882,1.303885</position>
        <triangledirection>0.818855,-0.347462,-0.456885</triangledirection>
        <trianglepickorigin>0,0,0</trianglepickorigin>
        <orientation>
          <row0>0.222891,-0.541026,0.810931</row0>
          <row1>0.818855,-0.347462,-0.456885</row1>
          <row2>0.528955,0.765871,0.365576</row2>
        </orientation>
      </transform>
      <snapped>true</snapped>
    </blockref>
    <blockref>
      <blockid>flora_parts~, fe_leaf_04</blockid>
      <transform>
        <scale>0,927743</scale>
        <position>0.146873,-0.882906,1.285891</position>
        <triangledirection>-0.357572,0.654194,-0.666463</triangledirection>
        <trianglepickorigin>0,0,0</trianglepickorigin>
        <orientation>
          <row0>0.856849,0.515566,6.25848e-7</row0>
          <row1>-0.481306,0.799910,-0.358453</row1>
          <row2>-0.184806,0.307139,0.933547</row2>
        </orientation>
        <userorientation>
          <userorientation_row0>0.880062,0.143028,0.452803</userorientation_row0>
          <userorientation_row1>0.0308949,0.934293,-0.355163</userorientation_row1>
          <userorientation_row2>-0.473850,0.326556,0.817819</userorientation_row2>
        </userorientation>
      </transform>
      <snapped>false</snapped>
      <handles count="2">
        <weight channel="DeformAxisLeft">1</weight>
        <weight channel="DeformAxisForward">0.295679</weight>
      </handles>
    </blockref>
    <blockref>
      <blockid>flora_parts~, fe_leaf_04</blockid>
      <transform>
        <scale>0,927743</scale>
        <position>-0.685220,-0.199958,1.403684</position>
        <triangledirection>0.219800,-0.0102894,-0.975490</triangledirection>
        <trianglepickorigin>0,0,0</trianglepickorigin>
        <orientation>
          <row0>0.234955,-0.972006,-2.75671e-7</row0>
          <row1>0.495315,0.119729,-0.860423</row1>
          <row2>0.836336,0.202161,0.509580</row2>
        </orientation>
        <userorientation>
          <userorientation_row0>0.998098,-0.0581520,0.0204849</userorientation_row0>
          <userorientation_row1>0.0616449,0.946972,-0.315343</userorientation_row1>
          <userorientation_row2>-0.00106099,0.316007,0.948756</userorientation_row2>
        </userorientation>
      </transform>
      <snapped>false</snapped>
      <handles count="2">
        <weight channel="DeformAxisLeft">1</weight>
        <weight channel="DeformAxisForward">0.295679</weight>
      </handles>
    </blockref>
    <blockref>
      <blockid>flora_parts~, fe_detail_04</blockid>
      <transform>
        <scale>0,860707</scale>
        <position>0.359653,-0.0119090,0.794852</position>
        <triangledirection>-0.826629,-0.0154995,0.562534</triangledirection>
        <trianglepickorigin>0,0,0</trianglepickorigin>
        <orientation>
          <row0>0.243575,0.969882,2.34693e-7</row0>
          <row1>-0.967674,0.243020,-0.0674259</row1>
          <row2>-0.0653953,0.0164230,0.997724</row2>
        </orientation>
        <userorientation>
          <userorientation_row0>0.942452,-0.00225299,0.334335</userorientation_row0>
          <userorientation_row1>-0.216379,0.758212,0.615056</userorientation_row1>
          <userorientation_row2>-0.254882,-0.652005,0.714089</userorientation_row2>
        </userorientation>
      </transform>
      <snapped>false</snapped>
      <handles count="4">
        <weight channel="Stretch">1</weight>
        <weight channel="Thicken">1</weight>
        <weight channel="tweak_side">0.276689</weight>
        <weight channel="tweak_top_bottom">0.115291</weight>
      </handles>
    </blockref>
    <blockref>
      <blockid>flora_parts~, fe_cap_01a</blockid>
      <transform>
        <scale>1</scale>
        <position>0.0892180,0.350072,0.667859</position>
        <triangledirection>-0.405551,-0.845127,0.348263</triangledirection>
        <trianglepickorigin>0,0,0</trianglepickorigin>
        <orientation>
          <row0>-0.992171,0.124885,-1.69500e-7</row0>
          <row1>-0.122015,-0.969367,0.213165</row1>
          <row2>0.0266210,0.211496,0.977016</row2>
        </orientation>
        <userorientation>
          <userorientation_row0>0.953857,-0.300262,0</userorientation_row0>
          <userorientation_row1>0.296832,0.942960,0.150721</userorientation_row1>
          <userorientation_row2>-0.0452560,-0.143768,0.988576</userorientation_row2>
        </userorientation>
      </transform>
      <snapped>false</snapped>
    </blockref>
    <blockref>
      <blockid>flora_parts~, fe_cap_01a</blockid>
      <transform>
        <scale>1</scale>
        <position>-0.0249380,-0.574007,0.771108</position>
        <triangledirection>0.298668,0.838207,0.456294</triangledirection>
        <trianglepickorigin>0,0,0</trianglepickorigin>
        <orientation>
          <row0>0.941987,-0.335647,8.94069e-8</row0>
          <row1>0.298668,0.838207,0.456294</row1>
          <row2>-0.153154,-0.429823,0.889829</row2>
        </orientation>
      </transform>
      <snapped>false</snapped>
    </blockref>
    <blockref>
      <blockid>flora_parts~, FE_flatleaf_03</blockid>
      <transform>
        <scale>0,740818</scale>
        <position>0.396712,0.168265,1.290067</position>
        <triangledirection>-0.792387,0.162902,-0.587865</triangledirection>
        <trianglepickorigin>0,0,0</trianglepickorigin>
        <orientation>
          <row0>0.494911,0.868943,-5.21540e-7</row0>
          <row1>-0.753002,0.428876,-0.499052</row1>
          <row2>-0.433647,0.246986,0.866571</row2>
        </orientation>
        <userorientation>
          <userorientation_row0>0.910504,0.189639,-0.367450</userorientation_row0>
          <userorientation_row1>-0.250607,0.959910,-0.125576</userorientation_row1>
          <userorientation_row2>0.328905,0.206423,0.921526</userorientation_row2>
        </userorientation>
      </transform>
      <snapped>false</snapped>
      <handles count="1">
        <weight channel="Leaf_bend">0.134040</weight>
      </handles>
    </blockref>
    <blockref>
      <blockid>flora_parts~, FE_flatleaf_03</blockid>
      <transform>
        <scale>0,637627</scale>
        <position>0.486519,0.324258,1.186214</position>
        <triangledirection>-0.544383,-0.363287,-0.756087</triangledirection>
        <trianglepickorigin>0,0,0</trianglepickorigin>
        <orientation>
          <row0>0.285857,0.958272,-3.65078e-7</row0>
          <row1>-0.840243,0.250648,-0.480796</row1>
          <row2>-0.460734,0.137439,0.876832</row2>
        </orientation>
        <userorientation>
          <userorientation_row0>0.840659,0.537311,-0.0677440</userorientation_row0>
          <userorientation_row1>-0.503744,0.729882,-0.462076</userorientation_row1>
          <userorientation_row2>-0.198833,0.422574,0.884248</userorientation_row2>
        </userorientation>
      </transform>
      <snapped>false</snapped>
      <handles count="1">
        <weight channel="Leaf_bend">0.131196</weight>
      </handles>
    </blockref>
    <blockref>
      <blockid>flora_parts~, FE_flatleaf_03</blockid>
      <transform>
        <scale>0,591554</scale>
        <position>0.342685,0.416436,1.180134</position>
        <triangledirection>-0.424691,-0.716812,-0.553008</triangledirection>
        <trianglepickorigin>0,0,0</trianglepickorigin>
        <orientation>
          <row0>-0.999830,-0.0183944,-1.39698e-9</row0>
          <row1>0.0165179,-0.897834,-0.440022</row1>
          <row2>0.00809398,-0.439948,0.897986</row2>
        </orientation>
        <userorientation>
          <userorientation_row0>0.849943,-0.472025,-0.234065</userorientation_row0>
          <userorientation_row1>0.437805,0.879899,-0.184670</userorientation_row1>
          <userorientation_row2>0.293122,0.0544849,0.954521</userorientation_row2>
        </userorientation>
      </transform>
      <snapped>false</snapped>
      <handles count="1">
        <weight channel="Leaf_bend">0</weight>
      </handles>
    </blockref>
    <blockref>
      <blockid>flora_parts~, FE_flatleaf_03</blockid>
      <transform>
        <scale>0,637627</scale>
        <position>0.291237,-0.961081,1.225697</position>
        <triangledirection>-0.759397,0.577266,-0.300129</triangledirection>
        <trianglepickorigin>0,0,0</trianglepickorigin>
        <orientation>
          <row0>0.392646,0.919689,3.65078e-7</row0>
          <row1>-0.891672,0.380685,-0.244949</row1>
          <row2>-0.225277,0.0961780,0.969536</row2>
        </orientation>
        <userorientation>
          <userorientation_row0>0.912913,-0.195155,0.358471</userorientation_row0>
          <userorientation_row1>0.232730,0.970407,-0.0643909</userorientation_row1>
          <userorientation_row2>-0.335297,0.142211,0.931316</userorientation_row2>
        </userorientation>
      </transform>
      <snapped>false</snapped>
      <handles count="1">
        <weight channel="Leaf_bend">0.134040</weight>
      </handles>
    </blockref>
    <blockref>
      <blockid>flora_parts~, FE_flatleaf_03</blockid>
      <transform>
        <scale>0,687288</scale>
        <position>0.0901170,-1.024254,1.235048</position>
        <triangledirection>0.0808797,0.768461,-0.634763</triangledirection>
        <trianglepickorigin>0,0,0</trianglepickorigin>
        <orientation>
          <row0>0.999307,-0.0372016,-3.44589e-7</row0>
          <row1>0.0326570,0.877235,-0.478949</row1>
          <row2>0.0178179,0.478617,0.877842</row2>
        </orientation>
        <userorientation>
          <userorientation_row0>0.861881,-0.139356,-0.487585</userorientation_row0>
          <userorientation_row1>0.0522359,0.980782,-0.187982</userorientation_row1>
          <userorientation_row2>0.504413,0.136547,0.852596</userorientation_row2>
        </userorientation>
      </transform>
      <snapped>false</snapped>
      <handles count="1">
        <weight channel="Leaf_bend">0</weight>
      </handles>
    </blockref>
    <blockref>
      <blockid>flora_parts~, FE_flatleaf_03</blockid>
      <transform>
        <scale>0,798516</scale>
        <position>-0.434054,-0.346845,1.217554</position>
        <triangledirection>0.204486,0.528538,-0.823912</triangledirection>
        <trianglepickorigin>0,0,0</trianglepickorigin>
        <orientation>
          <row0>0.943836,0.330412,-2.90572e-7</row0>
          <row1>-0.323201,0.923240,-0.207765</row1>
          <row2>-0.0686481,0.196097,0.978178</row2>
        </orientation>
        <userorientation>
          <userorientation_row0>0.654940,-0.711959,-0.253311</userorientation_row0>
          <userorientation_row1>0.367638,0.593059,-0.716325</userorientation_row1>
          <userorientation_row2>0.660225,0.376023,0.650162</userorientation_row2>
        </userorientation>
      </transform>
      <snapped>false</snapped>
      <handles count="1">
        <weight channel="Leaf_bend">0.134040</weight>
      </handles>
    </blockref>
    <blockref>
      <blockid>flora_parts~, FE_flatleaf_03</blockid>
      <transform>
        <scale>0,740818</scale>
        <position>-0.745640,-0.280965,1.218418</position>
        <triangledirection>0.565825,0.522023,-0.638227</triangledirection>
        <trianglepickorigin>0,0,0</trianglepickorigin>
        <orientation>
          <row0>0.877027,-0.480439,6.40749e-7</row0>
          <row1>0.427236,0.779905,-0.457403</row1>
          <row2>0.219754,0.401155,0.889259</row2>
        </orientation>
        <userorientation>
          <userorientation_row0>0.804829,-0.332194,-0.491831</userorientation_row0>
          <userorientation_row1>0.245443,0.940797,-0.233795</userorientation_row1>
          <userorientation_row2>0.540377,0.0674480,0.838715</userorientation_row2>
        </userorientation>
      </transform>
      <snapped>false</snapped>
      <handles count="1">
        <weight channel="Leaf_bend">0.0699719</weight>
      </handles>
    </blockref>
    <blockref>
      <blockid>flora_parts~, FE_flatleaf_03</blockid>
      <transform>
        <scale>0,740818</scale>
        <position>-0.710632,-0.109227,1.267228</position>
        <triangledirection>0.728211,-0.0547182,-0.683164</triangledirection>
        <trianglepickorigin>0,0,0</trianglepickorigin>
        <orientation>
          <row0>-0.266381,-0.963867,-1.43423e-7</row0>
          <row1>0.961181,-0.265639,-0.0746070</row1>
          <row2>0.0719112,-0.0198740,0.997213</row2>
        </orientation>
        <userorientation>
          <userorientation_row0>0.985867,0.0510359,-0.159570</userorientation_row0>
          <userorientation_row1>-0.141240,0.765447,-0.627806</userorientation_row1>
          <userorientation_row2>0.0901019,0.641471,0.761837</userorientation_row2>
        </userorientation>
      </transform>
      <snapped>false</snapped>
      <handles count="1">
        <weight channel="Leaf_bend">0</weight>
      </handles>
    </blockref>
    <blockref>
      <blockid>flora_parts~, FE_flatleaf_03</blockid>
      <transform>
        <scale>0,740818</scale>
        <position>-0.522989,0.0352870,1.261592</position>
        <triangledirection>0.506074,-0.523365,-0.685549</triangledirection>
        <trianglepickorigin>0,0,0</trianglepickorigin>
        <orientation>
          <row0>-0.944170,0.329457,2.68220e-7</row0>
          <row1>-0.308855,-0.885128,-0.348072</row1>
          <row2>-0.114675,-0.328640,0.937467</row2>
        </orientation>
        <userorientation>
          <userorientation_row0>0.739834,0.612914,-0.277452</userorientation_row0>
          <userorientation_row1>-0.650247,0.545563,-0.528715</userorientation_row1>
          <userorientation_row2>-0.172690,0.571573,0.802172</userorientation_row2>
        </userorientation>
      </transform>
      <snapped>false</snapped>
      <handles count="1">
        <weight channel="Leaf_bend">0</weight>
      </handles>
    </blockref>
  </blocks></sporemodel>