spore0005438f63474066620035744f38d816b417ffffffffffffffff0000000ebfdb7dd706KChangfffffffffffffffe08Shawning0000000<?xml version="1.0" encoding="UTF-8"?><sporemodel>
  <properties>
    <modeltype>PlantMedium</modeltype>
    <skineffectseed1>1234</skineffectseed1>
    <skineffectseed2>1234</skineffectseed2>
    <skineffectseed3>1234</skineffectseed3>
    <skincolor1>0.294117,0.443136,0.0823529</skincolor1>
    <skincolor2>0.694118,0.352941,0.223528</skincolor2>
    <skincolor3>0.576470,0.400000,0.0274509</skincolor3>
    <zcorpscore>20</zcorpscore>
  </properties>
  <blocks count="26">
    <blockref>
      <blockid>flora_parts~, fe_root_dummy</blockid>
      <transform>
        <scale>1</scale>
        <position>0,0,0.600000</position>
        <triangledirection>0,1,0</triangledirection>
        <trianglepickorigin>0,0,0</trianglepickorigin>
        <orientation>
          <row0>1,0,0</row0>
          <row1>0,1,0</row1>
          <row2>0,0,1</row2>
        </orientation>
      </transform>
      <snapped>false</snapped>
      <childlist count="4">
        <childid>6</childid>
        <childid>5</childid>
        <childid>3</childid>
        <childid>1</childid>
      </childlist>
    </blockref>
    <blockref>
      <blockid>flora_parts~, FE_muscle_branch_04</blockid>
      <transform>
        <limbtype>0</limbtype>
        <musclescale>0.425000</musclescale>
        <basemusclescale>1.449999</basemusclescale>
        <scale>1</scale>
        <position>0,0,0.600000</position>
        <triangledirection>-0.346468,0.00742900,0.938032</triangledirection>
        <trianglepickorigin>0,0,0</trianglepickorigin>
        <orientation>
          <row0>-0.0524989,-0.998555,-0.0114824</row0>
          <row1>-0.346468,0.00742900,0.938032</row1>
          <row2>-0.936591,0.0532239,-0.346357</row2>
        </orientation>
      </transform>
      <snapped>true</snapped>
      <childlist count="1">
        <childid>2</childid>
      </childlist>
      <handles count="1">
        <weight channel="longer">0.0563360</weight>
      </handles>
    </blockref>
    <blockref>
      <blockid>Creature_parts~, ce_grasper_null</blockid>
      <transform>
        <basemusclescale>1.299999</basemusclescale>
        <scale>1</scale>
        <position>0.203572,-0.00436499,0.0488449</position>
        <triangledirection>0,0,-1</triangledirection>
        <trianglepickorigin>0,0,0</trianglepickorigin>
        <orientation>
          <row0>1,0,0</row0>
          <row1>0,0,-1</row1>
          <row2>0,1,0</row2>
        </orientation>
      </transform>
      <snapped>true</snapped>
    </blockref>
    <blockref>
      <blockid>flora_parts~, fe_muscle_branch_01</blockid>
      <transform>
        <limbtype>0</limbtype>
        <musclescale>0.5</musclescale>
        <basemusclescale>1.449999</basemusclescale>
        <scale>1</scale>
        <position>0,0,0.600000</position>
        <triangledirection>-0.534885,0.00984400,-0.844867</triangledirection>
        <trianglepickorigin>0,0,0</trianglepickorigin>
        <orientation>
          <row0>0.844511,0.0375077,-0.534222</row0>
          <row1>-0.534885,0.00984400,-0.844867</row1>
          <row2>-0.0264301,0.999247,0.0283757</row2>
        </orientation>
      </transform>
      <snapped>true</snapped>
      <childlist count="6">
        <childid>20</childid>
        <childid>18</childid>
        <childid>15</childid>
        <childid>9</childid>
        <childid>8</childid>
        <childid>4</childid>
      </childlist>
      <handles count="1">
        <weight channel="longer">0.239439</weight>
      </handles>
    </blockref>
    <blockref>
      <blockid>Creature_parts~, ce_grasper_null</blockid>
      <transform>
        <basemusclescale>0.800000</basemusclescale>
        <scale>1</scale>
        <position>0.928945,-0.0170969,2.067295</position>
        <triangledirection>0,0,-1</triangledirection>
        <trianglepickorigin>0,0,0</trianglepickorigin>
        <orientation>
          <row0>1,0,0</row0>
          <row1>0,0,-1</row1>
          <row2>0,1,0</row2>
        </orientation>
      </transform>
      <snapped>true</snapped>
    </blockref>
    <blockref>
      <blockid>flora_parts~, fe_muscle_branch_01</blockid>
      <transform>
        <limbtype>0</limbtype>
        <musclescale>0.524999</musclescale>
        <basemusclescale>1.449999</basemusclescale>
        <scale>1</scale>
        <position>0,0,0.600000</position>
        <triangledirection>0.0526129,-0.778109,-0.625920</triangledirection>
        <trianglepickorigin>0,0,0</trianglepickorigin>
        <orientation>
          <row0>0.950591,-0.153010,0.270117</row0>
          <row1>0.0526129,-0.778109,-0.625920</row1>
          <row2>0.305953,0.609206,-0.731614</row2>
        </orientation>
      </transform>
      <snapped>true</snapped>
      <childlist count="1">
        <childid>16</childid>
      </childlist>
      <handles count="1">
        <weight channel="longer">0.103110</weight>
      </handles>
    </blockref>
    <blockref>
      <blockid>flora_parts~, fe_muscle_branch_01</blockid>
      <transform>
        <limbtype>0</limbtype>
        <musclescale>1</musclescale>
        <basemusclescale>1.449999</basemusclescale>
        <scale>1</scale>
        <position>0,0,0.600000</position>
        <triangledirection>0.490138,0.330793,-0.806437</triangledirection>
        <trianglepickorigin>0,0,0</trianglepickorigin>
        <orientation>
          <row0>0.860354,-0.0351675,0.508482</row0>
          <row1>0.490138,0.330793,-0.806437</row1>
          <row2>-0.139842,0.943047,0.301836</row2>
        </orientation>
      </transform>
      <snapped>true</snapped>
      <childlist count="5">
        <childid>14</childid>
        <childid>12</childid>
        <childid>11</childid>
        <childid>10</childid>
        <childid>7</childid>
      </childlist>
      <handles count="1">
        <weight channel="longer">0.157626</weight>
      </handles>
    </blockref>
    <blockref>
      <blockid>Creature_parts~, ce_grasper_null</blockid>
      <transform>
        <basemusclescale>0.850000</basemusclescale>
        <scale>1</scale>
        <position>-0.599566,-0.404647,1.586485</position>
        <triangledirection>-0.223878,0.250443,-0.941889</triangledirection>
        <trianglepickorigin>0,0,0</trianglepickorigin>
        <orientation>
          <row0>0.972139,-0.0114848,-0.234122</row0>
          <row1>-0.223878,0.250443,-0.941889</row1>
          <row2>0.0694520,0.968062,0.240895</row2>
        </orientation>
      </transform>
      <snapped>true</snapped>
    </blockref>
    <blockref>
      <blockid>flora_parts~, FE_leaf_05</blockid>
      <transform>
        <scale>0,687288</scale>
        <position>0.953533,0.0588079,2.078592</position>
        <triangledirection>-0.603526,-0.448488,-0.659253</triangledirection>
        <trianglepickorigin>0,0,0</trianglepickorigin>
        <orientation>
          <row0>-0.874961,0.484192,3.72529e-7</row0>
          <row1>-0.447550,-0.808746,-0.381613</row1>
          <row2>-0.184773,-0.333896,0.924322</row2>
        </orientation>
        <userorientation>
          <userorientation_row0>-0.934467,0.351305,0.0579249</userorientation_row0>
          <userorientation_row1>0.310907,0.884401,-0.348097</userorientation_row1>
          <userorientation_row2>-0.173518,-0.307277,-0.935666</userorientation_row2>
        </userorientation>
      </transform>
      <snapped>false</snapped>
      <handles count="4">
        <weight channel="DeformAxisForwardb">1</weight>
        <weight channel="DeformAxisForward">1</weight>
        <weight channel="DeformAxisLeft">0.700392</weight>
        <weight channel="DeformAxisUp">1</weight>
      </handles>
    </blockref>
    <blockref>
      <blockid>flora_parts~, FE_leaf_05</blockid>
      <transform>
        <scale>0,687288</scale>
        <position>0.905321,-0.167223,2.111044</position>
        <triangledirection>-0.581943,0.524006,-0.621899</triangledirection>
        <trianglepickorigin>0,0,0</trianglepickorigin>
        <orientation>
          <row0>0.999760,-0.0219016,-1.47148e-7</row0>
          <row1>0.0199339,0.909942,-0.414254</row1>
          <row2>0.00907299,0.414154,0.910161</row2>
        </orientation>
        <userorientation>
          <userorientation_row0>-0.722831,-0.672065,-0.160754</userorientation_row0>
          <userorientation_row1>-0.593279,0.722839,-0.354289</userorientation_row1>
          <userorientation_row2>0.354305,-0.160718,-0.921214</userorientation_row2>
        </userorientation>
      </transform>
      <snapped>false</snapped>
      <childlist count="1">
        <childid>23</childid>
      </childlist>
      <handles count="4">
        <weight channel="DeformAxisForwardb">1</weight>
        <weight channel="DeformAxisForward">1</weight>
        <weight channel="DeformAxisLeft">0.700392</weight>
        <weight channel="DeformAxisUp">0.920100</weight>
      </handles>
    </blockref>
    <blockref>
      <blockid>flora_parts~, FE_leaf_05</blockid>
      <transform>
        <scale>0,687288</scale>
        <position>-0.698869,-0.456523,1.696053</position>
        <triangledirection>0.615110,0.306525,-0.726416</triangledirection>
        <trianglepickorigin>0,0,0</trianglepickorigin>
        <orientation>
          <row0>0.474149,-0.880444,2.98023e-7</row0>
          <row1>0.618389,0.333023,-0.711822</row1>
          <row2>0.626719,0.337509,0.702359</row2>
        </orientation>
        <userorientation>
          <userorientation_row0>-0.972865,0.0260809,0.229898</userorientation_row0>
          <userorientation_row1>0.0217749,0.999536,-0.0212479</userorientation_row1>
          <userorientation_row2>-0.230346,-0.0156649,-0.972982</userorientation_row2>
        </userorientation>
      </transform>
      <snapped>false</snapped>
      <handles count="4">
        <weight channel="DeformAxisForwardb">1</weight>
        <weight channel="DeformAxisForward">1</weight>
        <weight channel="DeformAxisLeft">0.700392</weight>
        <weight channel="DeformAxisUp">0.939152</weight>
      </handles>
    </blockref>
    <blockref>
      <blockid>flora_parts~, FE_leaf_05</blockid>
      <transform>
        <scale>0,740818</scale>
        <position>-0.646903,-0.313139,1.702358</position>
        <triangledirection>0.468340,-0.200235,-0.860560</triangledirection>
        <trianglepickorigin>0,0,0</trianglepickorigin>
        <orientation>
          <row0>-0.787931,-0.615763,6.25848e-7</row0>
          <row1>0.326564,-0.417873,-0.847783</row1>
          <row2>0.522034,-0.667995,0.530342</row2>
        </orientation>
        <userorientation>
          <userorientation_row0>-0.969332,-0.245265,0.0155579</userorientation_row0>
          <userorientation_row1>-0.245722,0.966185,-0.0781460</userorientation_row1>
          <userorientation_row2>0.00413399,-0.0795729,-0.996821</userorientation_row2>
        </userorientation>
      </transform>
      <snapped>false</snapped>
      <childlist count="1">
        <childid>22</childid>
      </childlist>
      <handles count="4">
        <weight channel="DeformAxisForwardb">1</weight>
        <weight channel="DeformAxisForward">1</weight>
        <weight channel="DeformAxisLeft">0.596280</weight>
        <weight channel="DeformAxisUp">1</weight>
      </handles>
    </blockref>
    <blockref>
      <blockid>flora_parts~, FE_leaf_05</blockid>
      <transform>
        <scale>0,740818</scale>
        <position>-0.555378,-0.443109,1.641924</position>
        <triangledirection>0.194416,0.801579,-0.565395</triangledirection>
        <trianglepickorigin>0,0,0</trianglepickorigin>
        <orientation>
          <row0>0.782519,0.622626,1.49011e-7</row0>
          <row1>-0.391487,0.492023,-0.777593</row1>
          <row2>-0.484149,0.608481,0.628767</row2>
        </orientation>
        <userorientation>
          <userorientation_row0>-0.744084,0.627834,0.228389</userorientation_row0>
          <userorientation_row1>0.651219,0.757931,0.0381169</userorientation_row1>
          <userorientation_row2>-0.149172,0.177093,-0.972824</userorientation_row2>
        </userorientation>
      </transform>
      <snapped>false</snapped>
      <childlist count="1">
        <childid>25</childid>
      </childlist>
      <handles count="4">
        <weight channel="DeformAxisForwardb">1</weight>
        <weight channel="DeformAxisForward">1</weight>
        <weight channel="DeformAxisLeft">0.571876</weight>
        <weight channel="DeformAxisUp">0.977777</weight>
      </handles>
    </blockref>
    <blockref>
      <blockid>flora_parts~, FE_leaf_12</blockid>
      <transform>
        <scale>0,798512</scale>
        <position>-0.519720,0.947094,1.806645</position>
        <triangledirection>0.100638,-0.0313898,-0.994427</triangledirection>
        <trianglepickorigin>0,0,0</trianglepickorigin>
        <orientation>
          <row0>-0.871227,0.490878,3.12924e-7</row0>
          <row1>-0.416271,-0.738811,-0.529977</row1>
          <row2>-0.260154,-0.461731,0.848011</row2>
        </orientation>
        <userorientation>
          <userorientation_row0>0.989319,-0.0366549,-0.141080</userorientation_row0>
          <userorientation_row1>-0.103087,0.508323,-0.854973</userorientation_row1>
          <userorientation_row2>0.103053,0.860386,0.499115</userorientation_row2>
        </userorientation>
      </transform>
      <snapped>false</snapped>
      <childlist count="1">
        <childid>21</childid>
      </childlist>
      <handles count="3">
        <weight channel="DeformAxisForwardb">0</weight>
        <weight channel="DeformAxisForward">1</weight>
        <weight channel="DeformAxisLeft">0.923474</weight>
      </handles>
    </blockref>
    <blockref>
      <blockid>flora_parts~, FE_leaf_12</blockid>
      <transform>
        <scale>0,740816</scale>
        <position>-0.570901,-0.439492,1.737414</position>
        <triangledirection>0.100224,0.355789,-0.929176</triangledirection>
        <trianglepickorigin>0,0,0</trianglepickorigin>
        <orientation>
          <row0>0.862837,0.505482,-1.63912e-7</row0>
          <row1>-0.137611,0.234896,-0.962230</row1>
          <row2>-0.486390,0.830248,0.272236</row2>
        </orientation>
        <userorientation>
          <userorientation_row0>-0.963763,0.266179,-0.0175859</userorientation_row0>
          <userorientation_row1>0.266323,0.963863,-0.00631099</userorientation_row1>
          <userorientation_row2>0.0152709,-0.0107659,-0.999825</userorientation_row2>
        </userorientation>
      </transform>
      <snapped>false</snapped>
      <handles count="3">
        <weight channel="DeformAxisForwardb">0</weight>
        <weight channel="DeformAxisForward">1</weight>
        <weight channel="DeformAxisLeft">0.901937</weight>
      </handles>
    </blockref>
    <blockref>
      <blockid>flora_parts~, FE_leaf_12</blockid>
      <transform>
        <scale>0,687286</scale>
        <position>0.905988,0.0358049,2.190336</position>
        <triangledirection>-0.235164,0.0106436,-0.971897</triangledirection>
        <trianglepickorigin>0,0,0</trianglepickorigin>
        <orientation>
          <row0>-0.977080,-0.212868,4.02331e-7</row0>
          <row1>0.0773190,-0.354901,-0.931701</row1>
          <row2>0.198330,-0.910347,0.363225</row2>
        </orientation>
        <userorientation>
          <userorientation_row0>-0.969680,0.244078,-0.0121010</userorientation_row0>
          <userorientation_row1>0.227508,0.883558,-0.409347</userorientation_row1>
          <userorientation_row2>-0.0892210,-0.399690,-0.912297</userorientation_row2>
        </userorientation>
      </transform>
      <snapped>false</snapped>
      <handles count="3">
        <weight channel="DeformAxisForwardb">0</weight>
        <weight channel="DeformAxisForward">1</weight>
        <weight channel="DeformAxisLeft">0.869587</weight>
      </handles>
    </blockref>
    <blockref>
      <blockid>flora_parts~, fe_muscle_branch_01</blockid>
      <transform>
        <limbtype>0</limbtype>
        <musclescale>0.350000</musclescale>
        <basemusclescale>1</basemusclescale>
        <scale>1</scale>
        <position>-0.0463590,0.685612,1.151514</position>
        <triangledirection>0.634498,-0.275899,-0.722005</triangledirection>
        <trianglepickorigin>0,0,0</trianglepickorigin>
        <orientation>
          <row0>0.772412,0.260327,0.579317</row0>
          <row1>0.634498,-0.275899,-0.722005</row1>
          <row2>-0.0281246,0.925261,-0.378285</row2>
        </orientation>
      </transform>
      <snapped>true</snapped>
      <childlist count="3">
        <childid>19</childid>
        <childid>17</childid>
        <childid>13</childid>
      </childlist>
      <handles count="1">
        <weight channel="longer">0.162245</weight>
      </handles>
    </blockref>
    <blockref>
      <blockid>Creature_parts~, ce_grasper_null</blockid>
      <transform>
        <basemusclescale>0.5</basemusclescale>
        <scale>1</scale>
        <position>-0.840909,1.031105,2.055646</position>
        <triangledirection>0.0526128,-0.778109,-0.625921</triangledirection>
        <trianglepickorigin>0,0,0</trianglepickorigin>
        <orientation>
          <row0>0.950591,-0.153009,0.270116</row0>
          <row1>0.0526128,-0.778109,-0.625921</row1>
          <row2>0.305952,0.609207,-0.731614</row2>
        </orientation>
      </transform>
      <snapped>true</snapped>
    </blockref>
    <blockref>
      <blockid>flora_parts~, FE_leaf_05</blockid>
      <transform>
        <scale>0,637627</scale>
        <position>0.909329,0.141073,2.102904</position>
        <triangledirection>0.0686812,-0.459655,-0.885438</triangledirection>
        <trianglepickorigin>0,0,0</trianglepickorigin>
        <orientation>
          <row0>-0.999999,-0.000283381,3.58559e-8</row0>
          <row1>0.000263999,-0.931652,-0.363349</row1>
          <row2>0.000102999,-0.363349,0.931652</row2>
        </orientation>
        <userorientation>
          <userorientation_row0>-0.922736,-0.298372,-0.243988</userorientation_row0>
          <userorientation_row1>-0.0685509,0.749980,-0.657898</userorientation_row1>
          <userorientation_row2>0.379285,-0.590340,-0.712488</userorientation_row2>
        </userorientation>
      </transform>
      <snapped>false</snapped>
      <childlist count="1">
        <childid>24</childid>
      </childlist>
      <handles count="4">
        <weight channel="DeformAxisForwardb">1</weight>
        <weight channel="DeformAxisForward">1</weight>
        <weight channel="DeformAxisLeft">0.700392</weight>
        <weight channel="DeformAxisUp">1</weight>
      </handles>
    </blockref>
    <blockref>
      <blockid>flora_parts~, FE_leaf_05</blockid>
      <transform>
        <scale>0,637627</scale>
        <position>-0.568866,1.010312,1.778269</position>
        <triangledirection>-0.0654139,-0.728636,-0.681769</triangledirection>
        <trianglepickorigin>0,0,0</trianglepickorigin>
        <orientation>
          <row0>-0.999996,-0.00278376,1.44427e-7</row0>
          <row1>0.00277800,-0.997923,0.0643530</row1>
          <row2>-0.000178999,0.0643527,0.997927</row2>
        </orientation>
        <userorientation>
          <userorientation_row0>-0.969958,-0.125870,-0.208178</userorientation_row0>
          <userorientation_row1>0.0674419,0.683068,-0.727233</userorientation_row1>
          <userorientation_row2>0.233737,-0.719426,-0.654059</userorientation_row2>
        </userorientation>
      </transform>
      <snapped>false</snapped>
      <handles count="4">
        <weight channel="DeformAxisForwardb">1</weight>
        <weight channel="DeformAxisForward">1</weight>
        <weight channel="DeformAxisLeft">0.700392</weight>
        <weight channel="DeformAxisUp">1</weight>
      </handles>
    </blockref>
    <blockref>
      <blockid>flora_parts~, FE_leaf_05</blockid>
      <transform>
        <scale>0,687288</scale>
        <position>0.778612,-0.0611579,2.119146</position>
        <triangledirection>0.283950,0.682894,-0.673073</triangledirection>
        <trianglepickorigin>0,0,0</trianglepickorigin>
        <orientation>
          <row0>0.410350,-0.911928,1.02818e-6</row0>
          <row1>0.583148,0.262404,-0.768817</row1>
          <row2>0.701106,0.315485,0.639467</row2>
        </orientation>
        <userorientation>
          <userorientation_row0>-0.523355,-0.321801,-0.789013</userorientation_row0>
          <userorientation_row1>-0.506231,0.862250,-0.0158859</userorientation_row1>
          <userorientation_row2>0.685441,0.391110,-0.614170</userorientation_row2>
        </userorientation>
      </transform>
      <snapped>false</snapped>
      <handles count="4">
        <weight channel="DeformAxisForwardb">1</weight>
        <weight channel="DeformAxisForward">1</weight>
        <weight channel="DeformAxisLeft">0.700392</weight>
        <weight channel="DeformAxisUp">1</weight>
      </handles>
    </blockref>
    <blockref>
      <blockid>flora_parts~, fe_cap_01a</blockid>
      <transform>
        <scale>0,860707</scale>
        <position>-0.581229,0.995954,2.119898</position>
        <triangledirection>0.966211,-0.222883,0.129457</triangledirection>
        <trianglepickorigin>0,0,0</trianglepickorigin>
        <orientation>
          <row0>-0.227129,-0.973682,0.0188203</row0>
          <row1>0.966211,-0.222883,0.129457</row1>
          <row2>-0.121855,0.0475878,0.991406</row2>
        </orientation>
      </transform>
      <snapped>false</snapped>
    </blockref>
    <blockref>
      <blockid>flora_parts~, fe_cap_01a</blockid>
      <transform>
        <scale>0,860707</scale>
        <position>-1.005918,-0.126194,2.097731</position>
        <triangledirection>0.606942,0.410080,0.680775</triangledirection>
        <trianglepickorigin>0,0,0</trianglepickorigin>
        <orientation>
          <row0>0.649079,-0.737709,0.185692</row0>
          <row1>0.708608,0.675117,0.205160</row1>
          <row2>-0.276712,-0.00158204,0.960951</row2>
        </orientation>
        <userorientation>
          <userorientation_row0>0.968546,-0.126225,-0.214443</userorientation_row0>
          <userorientation_row1>0.217848,0.846605,0.485595</userorientation_row1>
          <userorientation_row2>0.120255,-0.517036,0.847472</userorientation_row2>
        </userorientation>
      </transform>
      <snapped>false</snapped>
    </blockref>
    <blockref>
      <blockid>flora_parts~, fe_cap_01a</blockid>
      <transform>
        <scale>0,860707</scale>
        <position>1.152684,-0.452997,2.316389</position>
        <triangledirection>0.332148,0.913621,0.234464</triangledirection>
        <trianglepickorigin>0,0,0</trianglepickorigin>
        <orientation>
          <row0>0.686318,-0.727284,0.00501785</row0>
          <row1>0.720602,0.679046,-0.140098</row1>
          <row2>0.0984841,0.0997681,0.990124</row2>
        </orientation>
        <userorientation>
          <userorientation_row0>0.884865,0.465847,0</userorientation_row0>
          <userorientation_row1>-0.435325,0.826891,0.356011</userorientation_row1>
          <userorientation_row2>0.165846,-0.315021,0.934482</userorientation_row2>
        </userorientation>
      </transform>
      <snapped>false</snapped>
    </blockref>
    <blockref>
      <blockid>flora_parts~, fe_cap_01a</blockid>
      <transform>
        <scale>0,860707</scale>
        <position>0.830294,0.464305,2.466650</position>
        <triangledirection>0.664380,-0.0569995,0.745217</triangledirection>
        <trianglepickorigin>0,0,0</trianglepickorigin>
        <orientation>
          <row0>-0.929316,-0.170641,0.327492</row0>
          <row1>0.350668,-0.685794,0.637744</row1>
          <row2>0.115767,0.707507,0.697159</row2>
        </orientation>
        <userorientation>
          <userorientation_row0>0.896318,0.443305,-0.00963199</userorientation_row0>
          <userorientation_row1>-0.363640,0.747325,0.556121</userorientation_row1>
          <userorientation_row2>0.253729,-0.494959,0.831044</userorientation_row2>
        </userorientation>
      </transform>
      <snapped>false</snapped>
    </blockref>
    <blockref>
      <blockid>flora_parts~, fe_cap_01a</blockid>
      <transform>
        <scale>0,860707</scale>
        <position>-0.620392,-0.961794,1.912584</position>
        <triangledirection>0.617570,-0.466299,-0.633381</triangledirection>
        <trianglepickorigin>0,0,0</trianglepickorigin>
        <orientation>
          <row0>-0.763873,-0.645365,4.61935e-7</row0>
          <row1>0.322336,-0.381527,-0.866334</row1>
          <row2>0.559102,-0.661769,0.499464</row2>
        </orientation>
        <userorientation>
          <userorientation_row0>0.971376,0.215599,-0.0997149</userorientation_row0>
          <userorientation_row1>-0.170811,0.925692,0.337517</userorientation_row1>
          <userorientation_row2>0.165073,-0.310824,0.936022</userorientation_row2>
        </userorientation>
      </transform>
      <snapped>false</snapped>
    </blockref>
  </blocks></sporemodel>