spore0005438f634740666200e9f884d9d816b417ffffffffffffffff0000000ebfdb7dc706KChangfffffffffffffffe08Brasstax0000000<?xml version="1.0" encoding="UTF-8"?><sporemodel>
  <properties>
    <modeltype>PlantSmall</modeltype>
    <skineffectseed1>4660</skineffectseed1>
    <skineffectseed2>4660</skineffectseed2>
    <skineffectseed3>4660</skineffectseed3>
    <skincolor1>0.443136,0.356863,0.321568</skincolor1>
    <skincolor2>0.321568,0.262744,0.443136</skincolor2>
    <skincolor3>0.411764,0.694118,0.694118</skincolor3>
    <zcorpscore>32</zcorpscore>
  </properties>
  <blocks count="22">
    <blockref>
      <blockid>flora_parts~, fe_root_dummy</blockid>
      <transform>
        <scale>1</scale>
        <position>0,0,0.600000</position>
        <triangledirection>0,1,0</triangledirection>
        <trianglepickorigin>0,0,0</trianglepickorigin>
        <orientation>
          <row0>1,0,0</row0>
          <row1>0,1,0</row1>
          <row2>0,0,1</row2>
        </orientation>
      </transform>
      <snapped>false</snapped>
      <childlist count="2">
        <childid>16</childid>
        <childid>1</childid>
      </childlist>
    </blockref>
    <blockref>
      <blockid>flora_parts~, FE_muscle_branch_04</blockid>
      <transform>
        <limbtype>0</limbtype>
        <musclescale>0.425000</musclescale>
        <basemusclescale>1.900000</basemusclescale>
        <scale>1</scale>
        <position>0,0,0.600000</position>
        <triangledirection>0.00436399,0.0160359,0.999861</triangledirection>
        <trianglepickorigin>0,0,0</trianglepickorigin>
        <orientation>
          <row0>-0.0934408,0.995503,-0.0155582</row0>
          <row1>0.00436399,0.0160359,0.999861</row1>
          <row2>0.995615,0.0933600,-0.00584279</row2>
        </orientation>
      </transform>
      <snapped>true</snapped>
      <childlist count="17">
        <childid>21</childid>
        <childid>20</childid>
        <childid>19</childid>
        <childid>18</childid>
        <childid>15</childid>
        <childid>14</childid>
        <childid>13</childid>
        <childid>12</childid>
        <childid>11</childid>
        <childid>10</childid>
        <childid>9</childid>
        <childid>8</childid>
        <childid>7</childid>
        <childid>6</childid>
        <childid>4</childid>
        <childid>3</childid>
        <childid>2</childid>
      </childlist>
      <handles count="1">
        <weight channel="longer">0.107354</weight>
      </handles>
    </blockref>
    <blockref>
      <blockid>Creature_parts~, ce_grasper_null</blockid>
      <transform>
        <basemusclescale>0.800000</basemusclescale>
        <scale>1</scale>
        <position>-0.00396099,-0.0145569,-0.307629</position>
        <triangledirection>0,0,-1</triangledirection>
        <trianglepickorigin>0,0,0</trianglepickorigin>
        <orientation>
          <row0>1,0,0</row0>
          <row1>0,0,-1</row1>
          <row2>0,1,0</row2>
        </orientation>
      </transform>
      <snapped>true</snapped>
    </blockref>
    <blockref>
      <blockid>flora_parts~, FE_flatleaf_06</blockid>
      <transform>
        <scale>1,252320</scale>
        <position>-0.163571,-0.210371,0.734185</position>
        <triangledirection>0.492274,0.664503,-0.562229</triangledirection>
        <trianglepickorigin>0,0,0</trianglepickorigin>
        <orientation>
          <row0>0.803528,-0.595266,-1.04308e-7</row0>
          <row1>0.492274,0.664503,-0.562229</row1>
          <row2>0.334676,0.451767,0.826981</row2>
        </orientation>
      </transform>
      <snapped>false</snapped>
      <handles count="1">
        <weight channel="Leaf_bend">0.0671360</weight>
      </handles>
    </blockref>
    <blockref>
      <blockid>flora_parts~, FE_flatleaf_06</blockid>
      <transform>
        <scale>1,252320</scale>
        <position>0.0544689,-0.231781,0.729681</position>
        <triangledirection>-0.163184,0.804618,-0.570928</triangledirection>
        <trianglepickorigin>0,0,0</trianglepickorigin>
        <orientation>
          <row0>0.972918,0.231149,-5.21540e-7</row0>
          <row1>-0.186961,0.786924,-0.588044</row1>
          <row2>-0.135925,0.572118,0.808828</row2>
        </orientation>
        <userorientation>
          <userorientation_row0>0.997950,-0.0283729,0.0573419</userorientation_row0>
          <userorientation_row1>0.0272229,0.999414,0.0207349</userorientation_row1>
          <userorientation_row2>-0.0578969,-0.0191309,0.998139</userorientation_row2>
        </userorientation>
      </transform>
      <snapped>false</snapped>
      <handles count="1">
        <weight channel="Leaf_bend">0.0671360</weight>
      </handles>
    </blockref>
    <blockref>
      <blockid>flora_parts~, FE_flatleaf_06</blockid>
      <transform>
        <scale>1,161830</scale>
        <position>0.289290,-0.0853559,0.828620</position>
        <triangledirection>-0.906326,0.282084,-0.314645</triangledirection>
        <trianglepickorigin>0,0,0</trianglepickorigin>
        <orientation>
          <row0>0.0210524,0.976211,0.215796</row0>
          <row1>-0.983925,0.0585149,-0.168718</row1>
          <row2>-0.177332,-0.208775,0.961751</row2>
        </orientation>
        <userorientation>
          <userorientation_row0>0.981393,-0.192000,0.00153999</userorientation_row0>
          <userorientation_row1>0.188394,0.961351,-0.200782</userorientation_row1>
          <userorientation_row2>0.0370699,0.197336,0.979635</userorientation_row2>
        </userorientation>
      </transform>
      <snapped>false</snapped>
      <handles count="1">
        <weight channel="Leaf_bend">0.167137</weight>
      </handles>
    </blockref>
    <blockref>
      <blockid>flora_parts~, FE_flatleaf_06</blockid>
      <transform>
        <scale>1,161830</scale>
        <position>0.216919,0.151777,0.742162</position>
        <triangledirection>-0.705018,-0.382961,-0.596900</triangledirection>
        <trianglepickorigin>0,0,0</trianglepickorigin>
        <orientation>
          <row0>-0.553831,0.832628,-1.19209e-7</row0>
          <row1>-0.681599,-0.453372,-0.574347</row1>
          <row2>-0.478218,-0.318091,0.818611</row2>
        </orientation>
        <userorientation>
          <userorientation_row0>0.997424,-0.0714350,0.00649499</userorientation_row0>
          <userorientation_row1>0.0715970,0.996992,-0.0296599</userorientation_row1>
          <userorientation_row2>-0.00435699,0.0300489,0.999539</userorientation_row2>
        </userorientation>
      </transform>
      <snapped>false</snapped>
      <handles count="1">
        <weight channel="Leaf_bend">0.0689079</weight>
      </handles>
    </blockref>
    <blockref>
      <blockid>flora_parts~, FE_flatleaf_06</blockid>
      <transform>
        <scale>1,161830</scale>
        <position>-0.0891540,0.298808,0.677572</position>
        <triangledirection>-0.238319,-0.844282,-0.479991</triangledirection>
        <trianglepickorigin>0,0,0</trianglepickorigin>
        <orientation>
          <row0>-0.958672,-0.284513,-2.60770e-7</row0>
          <row1>0.267480,-0.901278,-0.340811</row1>
          <row2>0.0969650,-0.326726,0.940131</row2>
        </orientation>
        <userorientation>
          <userorientation_row0>0.882388,-0.466764,0.0593379</userorientation_row0>
          <userorientation_row1>0.468679,0.860773,-0.198514</userorientation_row1>
          <userorientation_row2>0.0415829,0.202978,0.978300</userorientation_row2>
        </userorientation>
      </transform>
      <snapped>false</snapped>
      <handles count="1">
        <weight channel="Leaf_bend">0.0689079</weight>
      </handles>
    </blockref>
    <blockref>
      <blockid>flora_parts~, FE_flatleaf_06</blockid>
      <transform>
        <scale>1,161830</scale>
        <position>-0.210776,0.192867,0.716504</position>
        <triangledirection>0.578924,-0.538662,-0.612119</triangledirection>
        <trianglepickorigin>0,0,0</trianglepickorigin>
        <orientation>
          <row0>-0.668637,-0.743588,1.63912e-7</row0>
          <row1>0.635039,-0.571029,-0.520239</row1>
          <row2>0.386844,-0.347851,0.854020</row2>
        </orientation>
        <userorientation>
          <userorientation_row0>0.999908,-0.0135369,0</userorientation_row0>
          <userorientation_row1>0.0134529,0.993681,-0.111434</userorientation_row1>
          <userorientation_row2>0.00150899,0.111423,0.993772</userorientation_row2>
        </userorientation>
      </transform>
      <snapped>false</snapped>
      <handles count="1">
        <weight channel="Leaf_bend">0.0689079</weight>
      </handles>
    </blockref>
    <blockref>
      <blockid>flora_parts~, FE_flatleaf_06</blockid>
      <transform>
        <scale>1,161830</scale>
        <position>-0.239033,-0.0437289,0.796999</position>
        <triangledirection>0.828068,-0.0186025,-0.560317</triangledirection>
        <trianglepickorigin>0,0,0</trianglepickorigin>
        <orientation>
          <row0>0.210893,-0.977509,1.04308e-7</row0>
          <row1>0.755747,0.163048,-0.634239</row1>
          <row2>0.619975,0.133756,0.773136</row2>
        </orientation>
        <userorientation>
          <userorientation_row0>0.980037,-0.195886,0.0339709</userorientation_row0>
          <userorientation_row1>0.192818,0.978154,0.0776920</userorientation_row1>
          <userorientation_row2>-0.0484479,-0.0695900,0.996398</userorientation_row2>
        </userorientation>
      </transform>
      <snapped>false</snapped>
      <handles count="1">
        <weight channel="Leaf_bend">0.146250</weight>
      </handles>
    </blockref>
    <blockref>
      <blockid>flora_parts~, FE_flatleaf_06</blockid>
      <transform>
        <scale>1,161830</scale>
        <position>0.0638119,0.184310,0.842348</position>
        <triangledirection>-0.369937,-0.549314,-0.749266</triangledirection>
        <trianglepickorigin>0,0,0</trianglepickorigin>
        <orientation>
          <row0>-0.940127,0.340823,-3.42726e-7</row0>
          <row1>-0.202161,-0.557644,-0.805085</row1>
          <row2>-0.274392,-0.756883,0.593158</row2>
        </orientation>
        <userorientation>
          <userorientation_row0>0.986861,-0.161449,0.00630599</userorientation_row0>
          <userorientation_row1>0.160569,0.984332,0.0728409</userorientation_row1>
          <userorientation_row2>-0.0179669,-0.0708719,0.997323</userorientation_row2>
        </userorientation>
      </transform>
      <snapped>false</snapped>
      <handles count="1">
        <weight channel="Leaf_bend">0.114708</weight>
      </handles>
    </blockref>
    <blockref>
      <blockid>flora_parts~, FE_flatleaf_06</blockid>
      <transform>
        <scale>1,161830</scale>
        <position>-0.148692,0.178402,0.824353</position>
        <triangledirection>0.158214,-0.777568,-0.608568</triangledirection>
        <trianglepickorigin>0,0,0</trianglepickorigin>
        <orientation>
          <row0>-0.757645,-0.652666,-3.87430e-7</row0>
          <row1>0.447834,-0.519866,-0.727449</row1>
          <row2>0.474781,-0.551148,0.686161</row2>
        </orientation>
        <userorientation>
          <userorientation_row0>0.913335,-0.369735,-0.170631</userorientation_row0>
          <userorientation_row1>0.387623,0.917789,0.0860970</userorientation_row1>
          <userorientation_row2>0.124770,-0.144776,0.981566</userorientation_row2>
        </userorientation>
      </transform>
      <snapped>false</snapped>
      <handles count="1">
        <weight channel="Leaf_bend">0.114708</weight>
      </handles>
    </blockref>
    <blockref>
      <blockid>flora_parts~, FE_flatleaf_06</blockid>
      <transform>
        <scale>1,161830</scale>
        <position>-0.189017,-0.0265479,0.869132</position>
        <triangledirection>0.615988,-0.232513,-0.752660</triangledirection>
        <trianglepickorigin>0,0,0</trianglepickorigin>
        <orientation>
          <row0>0.177868,-0.984054,2.90572e-7</row0>
          <row1>0.582379,0.105265,-0.806073</row1>
          <row2>0.793219,0.143374,0.591815</row2>
        </orientation>
        <userorientation>
          <userorientation_row0>0.928003,-0.331939,-0.169192</userorientation_row0>
          <userorientation_row1>0.338369,0.940962,0.00984099</userorientation_row1>
          <userorientation_row2>0.155937,-0.0663819,0.985534</userorientation_row2>
        </userorientation>
      </transform>
      <snapped>false</snapped>
      <handles count="1">
        <weight channel="Leaf_bend">0.114708</weight>
      </handles>
    </blockref>
    <blockref>
      <blockid>flora_parts~, FE_flatleaf_06</blockid>
      <transform>
        <scale>1,161830</scale>
        <position>-0.0976589,-0.167016,0.863038</position>
        <triangledirection>0.0814303,0.703116,-0.706397</triangledirection>
        <trianglepickorigin>0,0,0</trianglepickorigin>
        <orientation>
          <row0>0.875604,-0.483028,-4.91738e-7</row0>
          <row1>0.299745,0.543362,-0.784162</row1>
          <row2>0.378772,0.686615,0.620556</row2>
        </orientation>
        <userorientation>
          <userorientation_row0>0.894046,0.219175,0.390695</userorientation_row0>
          <userorientation_row1>-0.268323,0.960385,0.0752550</userorientation_row1>
          <userorientation_row2>-0.358723,-0.172113,0.917439</userorientation_row2>
        </userorientation>
      </transform>
      <snapped>false</snapped>
      <handles count="1">
        <weight channel="Leaf_bend">0.114708</weight>
      </handles>
    </blockref>
    <blockref>
      <blockid>flora_parts~, FE_flatleaf_06</blockid>
      <transform>
        <scale>1,161830</scale>
        <position>0.139971,-0.183129,0.820555</position>
        <triangledirection>-0.646751,0.456639,-0.610895</triangledirection>
        <trianglepickorigin>0,0,0</trianglepickorigin>
        <orientation>
          <row0>0.804696,0.593686,-5.36441e-7</row0>
          <row1>-0.443532,0.601173,-0.664733</row1>
          <row2>-0.394642,0.534908,0.747080</row2>
        </orientation>
        <userorientation>
          <userorientation_row0>0.963025,0.252393,-0.0942289</userorientation_row0>
          <userorientation_row1>-0.249338,0.967456,0.0431079</userorientation_row1>
          <userorientation_row2>0.102043,-0.0180190,0.994616</userorientation_row2>
        </userorientation>
      </transform>
      <snapped>false</snapped>
      <handles count="1">
        <weight channel="Leaf_bend">0.114708</weight>
      </handles>
    </blockref>
    <blockref>
      <blockid>flora_parts~, FE_flatleaf_06</blockid>
      <transform>
        <scale>1,161830</scale>
        <position>0.181189,-0.0261639,0.851515</position>
        <triangledirection>-0.659519,-0.0993370,-0.745095</triangledirection>
        <trianglepickorigin>0,0,0</trianglepickorigin>
        <orientation>
          <row0>0.182248,0.983252,-9.08970e-7</row0>
          <row1>-0.567349,0.105158,-0.816734</row1>
          <row2>-0.803056,0.148849,0.577013</row2>
        </orientation>
        <userorientation>
          <userorientation_row0>0.975053,0.213050,0.0623000</userorientation_row0>
          <userorientation_row1>-0.217869,0.972276,0.0849149</userorientation_row1>
          <userorientation_row2>-0.0424819,-0.0963699,0.994439</userorientation_row2>
        </userorientation>
      </transform>
      <snapped>false</snapped>
      <handles count="1">
        <weight channel="Leaf_bend">0.114708</weight>
      </handles>
    </blockref>
    <blockref>
      <blockid>flora_parts~, FE_leaf_26</blockid>
      <transform>
        <scale>1,252320</scale>
        <position>0,0,0.600000</position>
        <triangledirection>0,0.215667,-0.976466</triangledirection>
        <trianglepickorigin>0,0,0</trianglepickorigin>
        <orientation>
          <row0>1,0,0</row0>
          <row1>0,9.99999e-7,-1</row1>
          <row2>0,1,9.99999e-7</row2>
        </orientation>
        <userorientation>
          <userorientation_row0>1,0,0</userorientation_row0>
          <userorientation_row1>0,0.976467,0.215667</userorientation_row1>
          <userorientation_row2>0,-0.215667,0.976467</userorientation_row2>
        </userorientation>
      </transform>
      <snapped>true</snapped>
      <childlist count="2">
        <childid>17</childid>
        <childid>5</childid>
      </childlist>
      <handles count="4">
        <weight channel="DeformAxisLeft">0.534318</weight>
        <weight channel="DeformAxisForward">0.698261</weight>
        <weight channel="DeformAxisUp">0.526347</weight>
        <weight channel="DeformAxisUPb">0.373250</weight>
      </handles>
    </blockref>
    <blockref>
      <blockid>Creature_parts~, ce_grasper_null</blockid>
      <transform>
        <basemusclescale>1</basemusclescale>
        <scale>1</scale>
        <position>0.383043,-0.528672,0.630269</position>
        <triangledirection>0,0.215667,-0.976466</triangledirection>
        <trianglepickorigin>0,0,0</trianglepickorigin>
        <orientation>
          <row0>1.000000,0,0</row0>
          <row1>0,0.215667,-0.976466</row1>
          <row2>0,0.976466,0.215667</row2>
        </orientation>
      </transform>
      <snapped>true</snapped>
    </blockref>
    <blockref>
      <blockid>flora_parts~, fe_cap_01a</blockid>
      <transform>
        <scale>1</scale>
        <position>0.0364619,0.323669,0.588983</position>
        <triangledirection>-0.133480,-0.971351,0.196619</triangledirection>
        <trianglepickorigin>0,0,0</trianglepickorigin>
        <orientation>
          <row0>-0.992108,0.125383,-2.08383e-8</row0>
          <row1>-0.125382,-0.992097,0.00457799</row1>
          <row2>0.000573984,0.00454187,0.999989</row2>
        </orientation>
        <userorientation>
          <userorientation_row0>0.999940,-0.0108379,0</userorientation_row0>
          <userorientation_row1>0.0106359,0.981312,0.192129</userorientation_row1>
          <userorientation_row2>-0.00208199,-0.192118,0.981369</userorientation_row2>
        </userorientation>
      </transform>
      <snapped>false</snapped>
    </blockref>
    <blockref>
      <blockid>flora_parts~, fe_cap_01a</blockid>
      <transform>
        <scale>1</scale>
        <position>-0.312819,-0.0555139,0.639910</position>
        <triangledirection>0.891019,0.371856,0.260400</triangledirection>
        <trianglepickorigin>0,0,0</trianglepickorigin>
        <orientation>
          <row0>0.205273,-0.978704,4.58210e-7</row0>
          <row1>0.956987,0.200718,-0.209494</row1>
          <row2>0.205032,0.0430039,0.977809</row2>
        </orientation>
        <userorientation>
          <userorientation_row0>0.963295,0.250257,-0.0971309</userorientation_row0>
          <userorientation_row1>-0.181035,0.872779,0.453301</userorientation_row1>
          <userorientation_row2>0.198216,-0.419079,0.886048</userorientation_row2>
        </userorientation>
      </transform>
      <snapped>false</snapped>
    </blockref>
    <blockref>
      <blockid>flora_parts~, fe_cap_01a</blockid>
      <transform>
        <scale>1</scale>
        <position>0.183917,-0.258866,0.563425</position>
        <triangledirection>-0.590591,0.782836,0.195877</triangledirection>
        <trianglepickorigin>0,0,0</trianglepickorigin>
        <orientation>
          <row0>0.817587,0.575805,4.69386e-7</row0>
          <row1>-0.573863,0.814830,0.0820419</row1>
          <row2>0.0472397,-0.0670767,0.996628</row2>
        </orientation>
        <userorientation>
          <userorientation_row0>0.999326,0.0339320,-0.0140429</userorientation_row0>
          <userorientation_row1>-0.0320989,0.992869,0.114808</userorientation_row1>
          <userorientation_row2>0.0178379,-0.114280,0.993288</userorientation_row2>
        </userorientation>
      </transform>
      <snapped>false</snapped>
    </blockref>
    <blockref>
      <blockid>flora_parts~, FE_leaf_26</blockid>
      <transform>
        <scale>1</scale>
        <position>-0.0897719,0.124705,0.867769</position>
        <triangledirection>-0.399418,-0.161103,-0.902502</triangledirection>
        <trianglepickorigin>0,0,0</trianglepickorigin>
        <orientation>
          <row0>-0.797407,-0.603440,-1.49011e-8</row0>
          <row1>0.286531,-0.378632,-0.880078</row1>
          <row2>0.531075,-0.701781,0.474828</row2>
        </orientation>
        <userorientation>
          <userorientation_row0>0.908867,-0.359926,0.210745</userorientation_row0>
          <userorientation_row1>0.415715,0.740826,-0.527595</userorientation_row1>
          <userorientation_row2>0.0337709,0.567125,0.822938</userorientation_row2>
        </userorientation>
      </transform>
      <snapped>false</snapped>
      <handles count="4">
        <weight channel="DeformAxisLeft">0.545922</weight>
        <weight channel="DeformAxisForward">0.779482</weight>
        <weight channel="DeformAxisUp">0.445755</weight>
        <weight channel="DeformAxisUPb">0.254277</weight>
      </handles>
    </blockref>
  </blocks></sporemodel>