spore0005438f6347406662005c8a4e31d816b417ffffffffffffffff0000000ebfdb7dca06KChangfffffffffffffffe08Lewindle0000000<?xml version="1.0" encoding="UTF-8"?><sporemodel>
  <properties>
    <modeltype>PlantMedium</modeltype>
    <skineffectseed1>1234</skineffectseed1>
    <skineffectseed2>70411378</skineffectseed2>
    <skineffectseed3>1234</skineffectseed3>
    <skincolor1>0.694118,0.572548,0.317647</skincolor1>
    <skincolor2>0.443136,0.219608,0.203922</skincolor2>
    <skincolor3>0.803922,0.407843,0.258823</skincolor3>
    <zcorpscore>17</zcorpscore>
  </properties>
  <blocks count="46">
    <blockref>
      <blockid>flora_parts~, fe_root_dummy</blockid>
      <transform>
        <scale>1</scale>
        <position>0,0,0.600000</position>
        <triangledirection>0,1,0</triangledirection>
        <trianglepickorigin>0,0,0</trianglepickorigin>
        <orientation>
          <row0>1,0,0</row0>
          <row1>0,1,0</row1>
          <row2>0,0,1</row2>
        </orientation>
      </transform>
      <snapped>false</snapped>
      <childlist count="6">
        <childid>33</childid>
        <childid>23</childid>
        <childid>8</childid>
        <childid>5</childid>
        <childid>2</childid>
        <childid>1</childid>
      </childlist>
    </blockref>
    <blockref>
      <blockid>flora_parts~, fe_muscle_branch_01</blockid>
      <transform>
        <limbtype>0</limbtype>
        <musclescale>0.200000</musclescale>
        <basemusclescale>1.75</basemusclescale>
        <scale>1</scale>
        <position>0,0,0.600000</position>
        <triangledirection>0.306016,-0.874689,0.375863</triangledirection>
        <trianglepickorigin>0,0,0</trianglepickorigin>
        <orientation>
          <row0>0.104006,0.423155,0.900067</row0>
          <row1>0.306016,-0.874689,0.375863</row1>
          <row2>0.946328,0.236342,-0.220465</row2>
        </orientation>
      </transform>
      <snapped>true</snapped>
      <childlist count="1">
        <childid>16</childid>
      </childlist>
      <handles count="1">
        <weight channel="longer">0.162245</weight>
      </handles>
    </blockref>
    <blockref>
      <blockid>flora_parts~, FE_muscle_branch_04</blockid>
      <transform>
        <limbtype>0</limbtype>
        <musclescale>0</musclescale>
        <basemusclescale>1.75</basemusclescale>
        <scale>1</scale>
        <position>0,0,0.600000</position>
        <triangledirection>-0.916567,0.208981,0.340925</triangledirection>
        <trianglepickorigin>0,0,0</trianglepickorigin>
        <orientation>
          <row0>-0.0198211,0.827779,-0.560703</row0>
          <row1>-0.916567,0.208981,0.340925</row1>
          <row2>0.399388,0.520680,0.754573</row2>
        </orientation>
      </transform>
      <snapped>true</snapped>
      <childlist count="1">
        <childid>3</childid>
      </childlist>
      <handles count="1">
        <weight channel="longer">0.162245</weight>
      </handles>
    </blockref>
    <blockref>
      <blockid>flora_parts~, FE_muscle_branch_04</blockid>
      <transform>
        <limbtype>0</limbtype>
        <musclescale>0.474999</musclescale>
        <basemusclescale>0.950000</basemusclescale>
        <scale>1</scale>
        <position>1.147770,-0.261697,0.173076</position>
        <triangledirection>-0.567612,0.516748,0.640926</triangledirection>
        <trianglepickorigin>0,0,0</trianglepickorigin>
        <orientation>
          <row0>-0.245296,-0.849279,0.467497</row0>
          <row1>-0.567612,0.516748,0.640926</row1>
          <row2>-0.785904,-0.108140,-0.608818</row2>
        </orientation>
      </transform>
      <snapped>true</snapped>
      <childlist count="1">
        <childid>4</childid>
      </childlist>
      <handles count="1">
        <weight channel="longer">0.0854300</weight>
      </handles>
    </blockref>
    <blockref>
      <blockid>Creature_parts~, ce_grasper_null</blockid>
      <transform>
        <basemusclescale>0.850000</basemusclescale>
        <scale>1</scale>
        <position>1.584924,-0.659676,-0.320540</position>
        <triangledirection>-0.983118,0.0428229,0.177888</triangledirection>
        <trianglepickorigin>0,0,0</trianglepickorigin>
        <orientation>
          <row0>-0.182968,-0.226026,-0.956783</row0>
          <row1>-0.983118,0.0428229,0.177888</row1>
          <row2>0.000764789,0.973179,-0.230045</row2>
        </orientation>
      </transform>
      <snapped>true</snapped>
    </blockref>
    <blockref>
      <blockid>flora_parts~, FE_muscle_branch_04</blockid>
      <transform>
        <limbtype>0</limbtype>
        <musclescale>0</musclescale>
        <basemusclescale>1.75</basemusclescale>
        <scale>1</scale>
        <position>0,0,0.600000</position>
        <triangledirection>0.597477,0.754245,0.272278</triangledirection>
        <trianglepickorigin>0,0,0</trianglepickorigin>
        <orientation>
          <row0>-0.424856,0.00977624,0.905207</row0>
          <row1>0.597477,0.754245,0.272278</row1>
          <row2>-0.680086,0.656520,-0.326287</row2>
        </orientation>
      </transform>
      <snapped>true</snapped>
      <childlist count="1">
        <childid>6</childid>
      </childlist>
      <handles count="1">
        <weight channel="longer">0.179371</weight>
      </handles>
    </blockref>
    <blockref>
      <blockid>flora_parts~, FE_muscle_branch_04</blockid>
      <transform>
        <limbtype>0</limbtype>
        <musclescale>0.524999</musclescale>
        <basemusclescale>1.299999</basemusclescale>
        <scale>1</scale>
        <position>-0.812407,-1.025571,0.229775</position>
        <triangledirection>0.662055,0.0100989,0.749386</triangledirection>
        <trianglepickorigin>0,0,0</trianglepickorigin>
        <orientation>
          <row0>-0.556005,0.677089,0.482086</row0>
          <row1>0.662055,0.0100989,0.749386</row1>
          <row2>0.502533,0.735831,-0.453886</row2>
        </orientation>
      </transform>
      <snapped>true</snapped>
      <childlist count="1">
        <childid>7</childid>
      </childlist>
      <handles count="1">
        <weight channel="longer">0.0827329</weight>
      </handles>
    </blockref>
    <blockref>
      <blockid>Creature_parts~, ce_grasper_null</blockid>
      <transform>
        <basemusclescale>0.900000</basemusclescale>
        <scale>1</scale>
        <position>-1.311088,-1.033178,-0.334686</position>
        <triangledirection>0.971224,0.206330,-0.118957</triangledirection>
        <trianglepickorigin>0,0,0</trianglepickorigin>
        <orientation>
          <row0>0.156773,-0.177850,0.971489</row0>
          <row1>0.971224,0.206330,-0.118957</row1>
          <row2>-0.179291,0.962183,0.205079</row2>
        </orientation>
      </transform>
      <snapped>true</snapped>
    </blockref>
    <blockref>
      <blockid>flora_parts~, fe_muscle_branch_01</blockid>
      <transform>
        <limbtype>0</limbtype>
        <musclescale>1</musclescale>
        <basemusclescale>1.75</basemusclescale>
        <scale>1</scale>
        <position>0,0,0.600000</position>
        <triangledirection>-0.0761669,-0.493746,-0.866263</triangledirection>
        <trianglepickorigin>0,0,0</trianglepickorigin>
        <orientation>
          <row0>-0.726078,-0.567976,0.387572</row0>
          <row1>-0.0761669,-0.493746,-0.866263</row1>
          <row2>0.683379,-0.658495,0.315238</row2>
        </orientation>
      </transform>
      <snapped>true</snapped>
      <childlist count="2">
        <childid>35</childid>
        <childid>9</childid>
      </childlist>
      <handles count="1">
        <weight channel="longer">0.188008</weight>
      </handles>
    </blockref>
    <blockref>
      <blockid>flora_parts~, fe_muscle_branch_01</blockid>
      <transform>
        <limbtype>0</limbtype>
        <musclescale>0.699999</musclescale>
        <basemusclescale>1.100000</basemusclescale>
        <scale>1</scale>
        <position>0.107695,0.698128,1.824844</position>
        <triangledirection>0.219767,-0.866366,-0.448453</triangledirection>
        <trianglepickorigin>0,0,0</trianglepickorigin>
        <orientation>
          <row0>-0.109192,0.434958,-0.893805</row0>
          <row1>0.219767,-0.866366,-0.448453</row1>
          <row2>-0.969422,-0.245397,-0.000988872</row2>
        </orientation>
      </transform>
      <snapped>true</snapped>
      <childlist count="4">
        <childid>38</childid>
        <childid>37</childid>
        <childid>36</childid>
        <childid>10</childid>
      </childlist>
      <handles count="1">
        <weight channel="longer">0.0868849</weight>
      </handles>
    </blockref>
    <blockref>
      <blockid>flora_parts~, fe_muscle_branch_01</blockid>
      <transform>
        <limbtype>0</limbtype>
        <musclescale>0.675000</musclescale>
        <basemusclescale>0.850000</basemusclescale>
        <scale>1</scale>
        <position>-0.0635680,1.373280,2.174319</position>
        <triangledirection>-0.244121,-0.109003,-0.963599</triangledirection>
        <trianglepickorigin>0,0,0</trianglepickorigin>
        <orientation>
          <row0>-0.107372,-0.984514,0.138571</row0>
          <row1>-0.244121,-0.109003,-0.963599</row1>
          <row2>0.963782,-0.137291,-0.228636</row2>
        </orientation>
      </transform>
      <snapped>true</snapped>
      <childlist count="3">
        <childid>30</childid>
        <childid>24</childid>
        <childid>11</childid>
      </childlist>
      <handles count="1">
        <weight channel="longer">0.0728869</weight>
      </handles>
    </blockref>
    <blockref>
      <blockid>Creature_parts~, ce_grasper_null</blockid>
      <transform>
        <basemusclescale>0.850000</basemusclescale>
        <scale>1</scale>
        <position>0.105226,1.448649,2.840588</position>
        <triangledirection>-0.579881,0.379063,-0.721143</triangledirection>
        <trianglepickorigin>0,0,0</trianglepickorigin>
        <orientation>
          <row0>-0.158530,-0.920745,-0.356506</row0>
          <row1>-0.579881,0.379063,-0.721143</row1>
          <row2>0.799128,0.0924085,-0.594015</row2>
        </orientation>
      </transform>
      <snapped>true</snapped>
    </blockref>
    <blockref>
      <blockid>flora_parts~, fe_muscle_branch_01</blockid>
      <transform>
        <limbtype>0</limbtype>
        <musclescale>0.524999</musclescale>
        <basemusclescale>1.649999</basemusclescale>
        <scale>1</scale>
        <position>-0.417412,-0.483570,1.448595</position>
        <triangledirection>-0.877184,0.414932,-0.241614</triangledirection>
        <trianglepickorigin>0,0,0</trianglepickorigin>
        <orientation>
          <row0>-0.456308,-0.876994,0.150542</row0>
          <row1>-0.877184,0.414932,-0.241614</row1>
          <row2>0.149429,-0.242304,-0.958623</row2>
        </orientation>
      </transform>
      <snapped>true</snapped>
      <childlist count="4">
        <childid>45</childid>
        <childid>44</childid>
        <childid>43</childid>
        <childid>13</childid>
      </childlist>
      <handles count="1">
        <weight channel="longer">0.176275</weight>
      </handles>
    </blockref>
    <blockref>
      <blockid>flora_parts~, fe_muscle_branch_01</blockid>
      <transform>
        <limbtype>0</limbtype>
        <musclescale>0.824999</musclescale>
        <basemusclescale>1.100000</basemusclescale>
        <scale>1</scale>
        <position>0.758279,-1.039704,1.772434</position>
        <triangledirection>0.0921079,0.439634,-0.893441</triangledirection>
        <trianglepickorigin>0,0,0</trianglepickorigin>
        <orientation>
          <row0>-0.801927,-0.499140,-0.328284</row0>
          <row1>0.0921079,0.439634,-0.893441</row1>
          <row2>0.590278,-0.746712,-0.306580</row2>
        </orientation>
      </transform>
      <snapped>true</snapped>
      <childlist count="3">
        <childid>28</childid>
        <childid>22</childid>
        <childid>14</childid>
      </childlist>
      <handles count="1">
        <weight channel="longer">0.0680829</weight>
      </handles>
    </blockref>
    <blockref>
      <blockid>Creature_parts~, ce_grasper_null</blockid>
      <transform>
        <basemusclescale>0.850000</basemusclescale>
        <scale>1</scale>
        <position>0.697369,-1.330436,2.363269</position>
        <triangledirection>-0.605095,0.302530,-0.736433</triangledirection>
        <trianglepickorigin>0,0,0</trianglepickorigin>
        <orientation>
          <row0>-0.680037,-0.677409,0.280474</row0>
          <row1>-0.605095,0.302530,-0.736433</row1>
          <row2>0.414014,-0.670516,-0.615629</row2>
        </orientation>
      </transform>
      <snapped>true</snapped>
    </blockref>
    <blockref>
      <blockid>flora_parts~, fe_muscle_branch_01</blockid>
      <transform>
        <limbtype>0</limbtype>
        <musclescale>0.524999</musclescale>
        <basemusclescale>1.649999</basemusclescale>
        <scale>1</scale>
        <position>-0.417412,-0.483570,1.448595</position>
        <triangledirection>0.760574,0.246405,-0.600674</triangledirection>
        <trianglepickorigin>0,0,0</trianglepickorigin>
        <orientation>
          <row0>-0.0158003,-0.917883,-0.396536</row0>
          <row1>0.760574,0.246405,-0.600674</row1>
          <row2>0.649058,-0.311086,0.694225</row2>
        </orientation>
      </transform>
      <snapped>true</snapped>
      <childlist count="5">
        <childid>42</childid>
        <childid>41</childid>
        <childid>40</childid>
        <childid>39</childid>
        <childid>25</childid>
      </childlist>
      <handles count="1">
        <weight channel="longer">0.139332</weight>
      </handles>
    </blockref>
    <blockref>
      <blockid>flora_parts~, FE_muscle_branch_04</blockid>
      <transform>
        <limbtype>0</limbtype>
        <musclescale>0.550000</musclescale>
        <basemusclescale>1.100000</basemusclescale>
        <scale>1</scale>
        <position>-0.383208,1.095329,0.129325</position>
        <triangledirection>0.326263,-0.183379,0.927320</triangledirection>
        <trianglepickorigin>0,0,0</trianglepickorigin>
        <orientation>
          <row0>0.794915,0.584086,-0.164174</row0>
          <row1>0.326263,-0.183379,0.927320</row1>
          <row2>0.511528,-0.790705,-0.336337</row2>
        </orientation>
      </transform>
      <snapped>true</snapped>
      <childlist count="1">
        <childid>17</childid>
      </childlist>
      <handles count="1">
        <weight channel="longer">0.0483330</weight>
      </handles>
    </blockref>
    <blockref>
      <blockid>Creature_parts~, ce_grasper_null</blockid>
      <transform>
        <basemusclescale>0.800000</basemusclescale>
        <scale>1</scale>
        <position>-0.558522,1.193865,-0.368957</position>
        <triangledirection>0.120262,-0.944767,-0.304879</triangledirection>
        <trianglepickorigin>0,0,0</trianglepickorigin>
        <orientation>
          <row0>0.0822669,-0.296568,0.951461</row0>
          <row1>0.120262,-0.944767,-0.304879</row1>
          <row2>0.989327,0.139506,-0.0420570</row2>
        </orientation>
      </transform>
      <snapped>true</snapped>
    </blockref>
    <blockref>
      <blockid>Creature_parts~, ce_grasper_null</blockid>
      <transform>
        <basemusclescale>1.100000</basemusclescale>
        <scale>1</scale>
        <position>-2.662068,1.649163,3.122989</position>
        <triangledirection>0.240942,-0.239479,-0.940530</triangledirection>
        <trianglepickorigin>0,0,0</trianglepickorigin>
        <orientation>
          <row0>-0.784656,-0.618398,-0.0435534</row0>
          <row1>0.240942,-0.239479,-0.940530</row1>
          <row2>0.571192,-0.748487,0.336907</row2>
        </orientation>
      </transform>
      <snapped>false</snapped>
    </blockref>
    <blockref>
      <blockid>Creature_parts~, ce_grasper_null</blockid>
      <transform>
        <basemusclescale>1</basemusclescale>
        <scale>1</scale>
        <position>-2.303666,-0.157962,2.944825</position>
        <triangledirection>0.240960,-0.239477,-0.940525</triangledirection>
        <trianglepickorigin>0,0,0</trianglepickorigin>
        <orientation>
          <row0>-0.784640,-0.618419,-0.0435605</row0>
          <row1>0.240960,-0.239477,-0.940525</row1>
          <row2>0.571207,-0.748470,0.336918</row2>
        </orientation>
      </transform>
      <snapped>false</snapped>
    </blockref>
    <blockref>
      <blockid>Creature_parts~, ce_grasper_null</blockid>
      <transform>
        <basemusclescale>1</basemusclescale>
        <scale>1</scale>
        <position>0.181384,-1.788166,3.307370</position>
        <triangledirection>0,0,-1</triangledirection>
        <trianglepickorigin>0,0,0</trianglepickorigin>
        <orientation>
          <row0>1,0,0</row0>
          <row1>0,0,-1</row1>
          <row2>0,1,0</row2>
        </orientation>
      </transform>
      <snapped>false</snapped>
    </blockref>
    <blockref>
      <blockid>Creature_parts~, ce_grasper_null</blockid>
      <transform>
        <basemusclescale>1</basemusclescale>
        <scale>1</scale>
        <position>0,0,3.150256</position>
        <triangledirection>-0.100535,0.991115,-0.0870820</triangledirection>
        <trianglepickorigin>0,0,0</trianglepickorigin>
        <orientation>
          <row0>0.987913,0.109821,0.109388</row0>
          <row1>-0.100535,0.991115,-0.0870820</row1>
          <row2>-0.117980,0.0750321,0.990177</row2>
        </orientation>
      </transform>
      <snapped>false</snapped>
    </blockref>
    <blockref>
      <blockid>flora_parts~, FE_leaf_26</blockid>
      <transform>
        <scale>0,860706</scale>
        <position>0.734329,-1.346997,2.486964</position>
        <triangledirection>-0.178211,0.383547,-0.906187</triangledirection>
        <trianglepickorigin>0,0,0</trianglepickorigin>
        <orientation>
          <row0>0.683446,0.729921,-0.0107408</row0>
          <row1>-0.221242,0.193089,-0.955912</row1>
          <row2>-0.695666,0.655691,0.293456</row2>
        </orientation>
        <userorientation>
          <userorientation_row0>0.985476,-0.169725,0.00740499</userorientation_row0>
          <userorientation_row1>0.167895,0.979723,0.109538</userorientation_row1>
          <userorientation_row2>-0.0258229,-0.106694,0.993975</userorientation_row2>
        </userorientation>
      </transform>
      <snapped>false</snapped>
      <handles count="4">
        <weight channel="DeformAxisLeft">0.509503</weight>
        <weight channel="DeformAxisForward">0.0813350</weight>
        <weight channel="DeformAxisUp">0.592066</weight>
        <weight channel="DeformAxisUPb">0.5</weight>
      </handles>
    </blockref>
    <blockref>
      <blockid>flora_parts~, fe_muscle_branch_06</blockid>
      <transform>
        <limbtype>0</limbtype>
        <musclescale>0</musclescale>
        <basemusclescale>1.75</basemusclescale>
        <scale>1</scale>
        <position>0,0,0.600000</position>
        <triangledirection>0.392983,0.455269,-0.798932</triangledirection>
        <trianglepickorigin>0,0,0</trianglepickorigin>
        <orientation>
          <row0>0.904962,-0.345602,0.248196</row0>
          <row1>0.392982,0.455269,-0.798932</row1>
          <row2>0.163117,0.820541,0.547818</row2>
        </orientation>
      </transform>
      <snapped>true</snapped>
      <childlist count="2">
        <childid>15</childid>
        <childid>12</childid>
      </childlist>
      <handles count="1">
        <weight channel="longer">0.131956</weight>
      </handles>
    </blockref>
    <blockref>
      <blockid>flora_parts~, FE_leaf_26</blockid>
      <transform>
        <scale>1,035220</scale>
        <position>0.143789,1.527977,2.931705</position>
        <triangledirection>-0.302600,0.0927365,-0.948579</triangledirection>
        <trianglepickorigin>0,0,0</trianglepickorigin>
        <orientation>
          <row0>-0.950211,0.225331,0.215231</row0>
          <row1>-0.303351,-0.510987,-0.804282</row1>
          <row2>-0.0712497,-0.829528,0.553900</row2>
        </orientation>
        <userorientation>
          <userorientation_row0>0.990907,-0.134049,-0.00844100</userorientation_row0>
          <userorientation_row1>0.104267,0.807332,-0.580785</userorientation_row1>
          <userorientation_row2>0.0846709,0.574618,0.814011</userorientation_row2>
        </userorientation>
      </transform>
      <snapped>false</snapped>
      <childlist count="1">
        <childid>31</childid>
      </childlist>
      <handles count="4">
        <weight channel="DeformAxisLeft">0.591329</weight>
        <weight channel="DeformAxisForward">0.0952999</weight>
        <weight channel="DeformAxisUp">0.578302</weight>
        <weight channel="DeformAxisUPb">0.5</weight>
      </handles>
    </blockref>
    <blockref>
      <blockid>flora_parts~, fe_muscle_branch_01</blockid>
      <transform>
        <limbtype>0</limbtype>
        <musclescale>0.650000</musclescale>
        <basemusclescale>0.950000</basemusclescale>
        <scale>1</scale>
        <position>-1.260472,-0.756698,2.114415</position>
        <triangledirection>0.262882,0.380122,-0.886791</triangledirection>
        <trianglepickorigin>0,0,0</trianglepickorigin>
        <orientation>
          <row0>-0.248727,-0.861353,-0.442951</row0>
          <row1>0.262882,0.380122,-0.886791</row1>
          <row2>0.932216,-0.337013,0.131887</row2>
        </orientation>
      </transform>
      <snapped>true</snapped>
      <childlist count="3">
        <childid>32</childid>
        <childid>27</childid>
        <childid>26</childid>
      </childlist>
      <handles count="1">
        <weight channel="longer">0.0890059</weight>
      </handles>
    </blockref>
    <blockref>
      <blockid>Creature_parts~, ce_grasper_null</blockid>
      <transform>
        <basemusclescale>0.950000</basemusclescale>
        <scale>1</scale>
        <position>-1.468834,-1.057984,2.817288</position>
        <triangledirection>-0.0375998,0.941483,-0.334953</triangledirection>
        <trianglepickorigin>0,0,0</trianglepickorigin>
        <orientation>
          <row0>-0.0159264,-0.335712,-0.941829</row0>
          <row1>-0.0375998,0.941483,-0.334953</row1>
          <row2>0.999165,0.0300780,-0.0276172</row2>
        </orientation>
      </transform>
      <snapped>true</snapped>
    </blockref>
    <blockref>
      <blockid>flora_parts~, FE_leaf_26</blockid>
      <transform>
        <scale>1,349859</scale>
        <position>-1.478312,-1.045904,2.956386</position>
        <triangledirection>0.126035,0.416227,-0.900482</triangledirection>
        <trianglepickorigin>0,0,0</trianglepickorigin>
        <orientation>
          <row0>-0.906079,0.413086,-0.0915363</row0>
          <row1>0.0966178,-0.00862098,-0.995284</row1>
          <row2>-0.411927,-0.910651,-0.0321002</row2>
        </orientation>
        <userorientation>
          <userorientation_row0>0.988213,-0.153085,0</userorientation_row0>
          <userorientation_row1>0.140167,0.904825,-0.402050</userorientation_row1>
          <userorientation_row2>0.0615479,0.397311,0.915618</userorientation_row2>
        </userorientation>
      </transform>
      <snapped>false</snapped>
      <childlist count="1">
        <childid>29</childid>
      </childlist>
      <handles count="4">
        <weight channel="DeformAxisLeft">0.560572</weight>
        <weight channel="DeformAxisForward">0.0952999</weight>
        <weight channel="DeformAxisUp">0.578302</weight>
        <weight channel="DeformAxisUPb">0.5</weight>
      </handles>
    </blockref>
    <blockref>
      <blockid>flora_parts~, fe_cap_01a</blockid>
      <transform>
        <scale>1</scale>
        <position>0.719999,-1.445837,2.351033</position>
        <triangledirection>-0.119759,0.986017,-0.115879</triangledirection>
        <trianglepickorigin>0,0,0</trianglepickorigin>
        <orientation>
          <row0>0.992704,0.120571,3.91155e-7</row0>
          <row1>-0.119759,0.986017,-0.115879</row1>
          <row2>-0.0139720,0.115033,0.993263</row2>
        </orientation>
      </transform>
      <snapped>false</snapped>
    </blockref>
    <blockref>
      <blockid>flora_parts~, fe_cap_01a</blockid>
      <transform>
        <scale>1</scale>
        <position>-1.581072,-0.955566,2.878611</position>
        <triangledirection>0.621669,-0.0293634,0.782744</triangledirection>
        <trianglepickorigin>0,0,0</trianglepickorigin>
        <orientation>
          <row0>0.161829,-0.986818,-1.65328e-5</row0>
          <row1>0.838767,0.137541,0.526830</row1>
          <row2>-0.519884,-0.0852707,0.849970</row2>
        </orientation>
        <userorientation>
          <userorientation_row0>0.990444,-0.138016,0</userorientation_row0>
          <userorientation_row1>0.129568,0.929771,0.344617</userorientation_row1>
          <userorientation_row2>-0.0475549,-0.341331,0.938746</userorientation_row2>
        </userorientation>
      </transform>
      <snapped>false</snapped>
    </blockref>
    <blockref>
      <blockid>flora_parts~, fe_cap_01a</blockid>
      <transform>
        <scale>1</scale>
        <position>0.0737909,1.398030,2.907516</position>
        <triangledirection>0.352147,0.917754,0.183624</triangledirection>
        <trianglepickorigin>0,0,0</trianglepickorigin>
        <orientation>
          <row0>0.880143,-0.474707,-2.38418e-7</row0>
          <row1>0.261601,0.485029,-0.834452</row1>
          <row2>0.396120,0.734438,0.551079</row2>
        </orientation>
        <userorientation>
          <userorientation_row0>0.581462,-0.718535,0.381586</userorientation_row0>
          <userorientation_row1>-0.125723,0.384034,0.914719</userorientation_row1>
          <userorientation_row2>-0.803800,-0.579850,0.132964</userorientation_row2>
        </userorientation>
      </transform>
      <snapped>false</snapped>
    </blockref>
    <blockref>
      <blockid>flora_parts~, fe_cap_01a</blockid>
      <transform>
        <scale>1</scale>
        <position>0.170901,1.569708,2.855589</position>
        <triangledirection>-0.565884,-0.632951,0.528365</triangledirection>
        <trianglepickorigin>0,0,0</trianglepickorigin>
        <orientation>
          <row0>-0.547024,0.837116,0.000705227</row0>
          <row1>-0.721730,-0.472050,0.506234</row1>
          <row2>0.424110,0.276413,0.862395</row2>
        </orientation>
        <userorientation>
          <userorientation_row0>0.948749,0.203993,0.241418</userorientation_row0>
          <userorientation_row1>-0.219929,0.974677,0.0407060</userorientation_row1>
          <userorientation_row2>-0.227003,-0.0917199,0.969568</userorientation_row2>
        </userorientation>
      </transform>
      <snapped>false</snapped>
    </blockref>
    <blockref>
      <blockid>flora_parts~, fe_cap_01a</blockid>
      <transform>
        <scale>1</scale>
        <position>-1.312117,-1.073977,2.808190</position>
        <triangledirection>-0.938269,0.0421281,0.343372</triangledirection>
        <trianglepickorigin>0,0,0</trianglepickorigin>
        <orientation>
          <row0>0.361186,0.932493,-8.21799e-6</row0>
          <row1>-0.897268,0.347540,-0.272260</row1>
          <row2>-0.253878,0.0983442,0.962223</row2>
        </orientation>
        <userorientation>
          <userorientation_row0>0.930832,0.365501,0</userorientation_row0>
          <userorientation_row1>-0.299609,0.763033,0.572750</userorientation_row1>
          <userorientation_row2>0.209348,-0.533129,0.819730</userorientation_row2>
        </userorientation>
      </transform>
      <snapped>false</snapped>
    </blockref>
    <blockref>
      <blockid>flora_parts~, FE_muscle_branch_04</blockid>
      <transform>
        <limbtype>0</limbtype>
        <musclescale>0.675000</musclescale>
        <basemusclescale>1.75</basemusclescale>
        <scale>1</scale>
        <position>0,0,0.600000</position>
        <triangledirection>-0.0776400,0.0634700,0.994959</triangledirection>
        <trianglepickorigin>0,0,0</trianglepickorigin>
        <orientation>
          <row0>-0.686079,0.720689,-0.0995109</row0>
          <row1>-0.0776400,0.0634700,0.994959</row1>
          <row2>0.723372,0.690347,0.0124088</row2>
        </orientation>
      </transform>
      <snapped>true</snapped>
      <childlist count="1">
        <childid>34</childid>
      </childlist>
      <handles count="1">
        <weight channel="longer">0.102028</weight>
      </handles>
    </blockref>
    <blockref>
      <blockid>Creature_parts~, ce_grasper_null</blockid>
      <transform>
        <basemusclescale>1.049999</basemusclescale>
        <scale>1</scale>
        <position>0.0678839,-0.0554949,-0.269928</position>
        <triangledirection>-0.457650,0.693889,-0.555943</triangledirection>
        <trianglepickorigin>0,0,0</trianglepickorigin>
        <orientation>
          <row0>0.260753,-0.493029,-0.830017</row0>
          <row1>-0.457650,0.693889,-0.555943</row1>
          <row2>0.850037,0.524822,-0.0447009</row2>
        </orientation>
      </transform>
      <snapped>true</snapped>
    </blockref>
    <blockref>
      <blockid>flora_parts~, FE_flatleaf_06</blockid>
      <transform>
        <scale>0,5</scale>
        <position>0.267921,0.743364,1.888948</position>
        <triangledirection>-0.813218,-0.350231,-0.464772</triangledirection>
        <trianglepickorigin>0,0,0</trianglepickorigin>
        <orientation>
          <row0>-0.178838,0.983878,-3.98606e-7</row0>
          <row1>-0.932399,-0.169480,-0.319228</row1>
          <row2>-0.314082,-0.0570899,0.947677</row2>
        </orientation>
        <userorientation>
          <userorientation_row0>0.886763,0.105950,-0.449916</userorientation_row0>
          <userorientation_row1>-0.199150,0.965970,-0.165041</userorientation_row1>
          <userorientation_row2>0.417119,0.235954,0.877687</userorientation_row2>
        </userorientation>
      </transform>
      <snapped>false</snapped>
      <handles count="1">
        <weight channel="Leaf_bend">0.0637859</weight>
      </handles>
    </blockref>
    <blockref>
      <blockid>flora_parts~, FE_flatleaf_06</blockid>
      <transform>
        <scale>0,5</scale>
        <position>0.219255,0.618515,1.936601</position>
        <triangledirection>-0.777485,0.257413,-0.573808</triangledirection>
        <trianglepickorigin>0,0,0</trianglepickorigin>
        <orientation>
          <row0>0.511303,0.859400,-4.47034e-8</row0>
          <row1>-0.706939,0.420596,-0.568624</row1>
          <row2>-0.488676,0.290740,0.822596</row2>
        </orientation>
        <userorientation>
          <userorientation_row0>0.718629,0.116732,-0.685525</userorientation_row0>
          <userorientation_row1>-0.176310,0.984184,-0.0172339</userorientation_row1>
          <userorientation_row2>0.672670,0.133249,0.727845</userorientation_row2>
        </userorientation>
      </transform>
      <snapped>false</snapped>
      <handles count="1">
        <weight channel="Leaf_bend">0</weight>
      </handles>
    </blockref>
    <blockref>
      <blockid>flora_parts~, FE_flatleaf_06</blockid>
      <transform>
        <scale>0,5</scale>
        <position>0.149207,0.669410,2.039703</position>
        <triangledirection>0.0599056,0.514435,-0.855434</triangledirection>
        <trianglepickorigin>0,0,0</trianglepickorigin>
        <orientation>
          <row0>0.548998,0.835823,2.53319e-7</row0>
          <row1>-0.458987,0.301479,-0.835728</row1>
          <row2>-0.698521,0.458813,0.549143</row2>
        </orientation>
        <userorientation>
          <userorientation_row0>-0.291001,-0.149226,-0.945013</userorientation_row0>
          <userorientation_row1>0.462865,0.842506,-0.275572</userorientation_row1>
          <userorientation_row2>0.837301,-0.517604,-0.176100</userorientation_row2>
        </userorientation>
      </transform>
      <snapped>false</snapped>
      <handles count="1">
        <weight channel="Leaf_bend">0.0637859</weight>
      </handles>
    </blockref>
    <blockref>
      <blockid>flora_parts~, FE_flatleaf_06</blockid>
      <transform>
        <scale>0,5</scale>
        <position>0.196035,0.793693,1.981682</position>
        <triangledirection>-0.179200,-0.977075,-0.114939</triangledirection>
        <trianglepickorigin>0,0,0</trianglepickorigin>
        <orientation>
          <row0>-0.237535,0.971379,-1.34110e-7</row0>
          <row1>-0.848988,-0.207606,-0.485919</row1>
          <row2>-0.472012,-0.115423,0.874003</row2>
        </orientation>
        <userorientation>
          <userorientation_row0>0.420185,0.856402,0.300033</userorientation_row0>
          <userorientation_row1>-0.906544,0.410838,0.0969039</userorientation_row1>
          <userorientation_row2>-0.0402759,-0.312710,0.948994</userorientation_row2>
        </userorientation>
      </transform>
      <snapped>false</snapped>
      <handles count="1">
        <weight channel="Leaf_bend">0.0637859</weight>
      </handles>
    </blockref>
    <blockref>
      <blockid>flora_parts~, FE_flatleaf_06</blockid>
      <transform>
        <scale>0,5</scale>
        <position>-1.122573,-0.493143,1.978496</position>
        <triangledirection>0.582581,-0.728939,-0.359509</triangledirection>
        <trianglepickorigin>0,0,0</trianglepickorigin>
        <orientation>
          <row0>-0.896412,-0.443221,-1.49011e-8</row0>
          <row1>0.433813,-0.877384,-0.204944</row1>
          <row2>0.0908360,-0.183715,0.978773</row2>
        </orientation>
        <userorientation>
          <userorientation_row0>0.976672,0.181842,-0.114211</userorientation_row0>
          <userorientation_row1>-0.199150,0.965970,-0.165041</userorientation_row1>
          <userorientation_row2>0.0803129,0.183938,0.979651</userorientation_row2>
        </userorientation>
      </transform>
      <snapped>false</snapped>
      <handles count="1">
        <weight channel="Leaf_bend">0.0637859</weight>
      </handles>
    </blockref>
    <blockref>
      <blockid>flora_parts~, FE_flatleaf_06</blockid>
      <transform>
        <scale>0,5</scale>
        <position>-0.931297,-0.497047,2.042864</position>
        <triangledirection>-0.163150,-0.830915,-0.531940</triangledirection>
        <trianglepickorigin>0,0,0</trianglepickorigin>
        <orientation>
          <row0>-0.870909,0.491443,1.93715e-7</row0>
          <row1>-0.350258,-0.620708,-0.701456</row1>
          <row2>-0.344725,-0.610904,0.712712</row2>
        </orientation>
        <userorientation>
          <userorientation_row0>0.941574,0.296281,-0.160176</userorientation_row0>
          <userorientation_row1>-0.266259,0.946034,0.184731</userorientation_row1>
          <userorientation_row2>0.206265,-0.131291,0.969648</userorientation_row2>
        </userorientation>
      </transform>
      <snapped>false</snapped>
      <handles count="1">
        <weight channel="Leaf_bend">0.200450</weight>
      </handles>
    </blockref>
    <blockref>
      <blockid>flora_parts~, FE_flatleaf_06</blockid>
      <transform>
        <scale>0,5</scale>
        <position>-0.979964,-0.630152,2.115772</position>
        <triangledirection>-0.564452,-0.0431699,-0.824336</triangledirection>
        <trianglepickorigin>0,0,0</trianglepickorigin>
        <orientation>
          <row0>-0.311717,0.950174,-3.72529e-7</row0>
          <row1>-0.621321,-0.203833,-0.756579</row1>
          <row2>-0.718882,-0.235838,0.653902</row2>
        </orientation>
        <userorientation>
          <userorientation_row0>0.871356,-0.176876,-0.457659</userorientation_row0>
          <userorientation_row1>0.134930,0.983181,-0.123079</userorientation_row1>
          <userorientation_row2>0.471733,0.0454929,0.880567</userorientation_row2>
        </userorientation>
      </transform>
      <snapped>false</snapped>
      <handles count="1">
        <weight channel="Leaf_bend">0.165580</weight>
      </handles>
    </blockref>
    <blockref>
      <blockid>flora_parts~, FE_flatleaf_06</blockid>
      <transform>
        <scale>0,5</scale>
        <position>-1.229581,-0.565310,2.156959</position>
        <triangledirection>0.930344,0.140539,-0.338687</triangledirection>
        <trianglepickorigin>0,0,0</trianglepickorigin>
        <orientation>
          <row0>-0.943706,-0.330784,3.72529e-8</row0>
          <row1>0.305491,-0.871547,-0.383508</row1>
          <row2>0.126858,-0.361919,0.923537</row2>
        </orientation>
        <userorientation>
          <userorientation_row0>0.170881,0.892792,0.416797</userorientation_row0>
          <userorientation_row1>-0.924460,0.291615,-0.245631</userorientation_row1>
          <userorientation_row2>-0.340843,-0.343339,0.875182</userorientation_row2>
        </userorientation>
      </transform>
      <snapped>false</snapped>
      <handles count="1">
        <weight channel="Leaf_bend">0.0637859</weight>
      </handles>
    </blockref>
    <blockref>
      <blockid>flora_parts~, FE_flatleaf_06</blockid>
      <transform>
        <scale>0,5</scale>
        <position>0.182748,-1.057880,1.734664</position>
        <triangledirection>0.572484,0.785510,-0.235020</triangledirection>
        <trianglepickorigin>0,0,0</trianglepickorigin>
        <orientation>
          <row0>0.874236,-0.485500,-3.68803e-7</row0>
          <row1>0.483409,0.870472,-0.0926919</row1>
          <row2>0.0450023,0.0810345,0.995694</row2>
        </orientation>
        <userorientation>
          <userorientation_row0>0.990072,-0.128462,-0.0570479</userorientation_row0>
          <userorientation_row1>0.119121,0.982294,-0.144591</userorientation_row1>
          <userorientation_row2>0.0746119,0.136361,0.987846</userorientation_row2>
        </userorientation>
      </transform>
      <snapped>false</snapped>
      <handles count="1">
        <weight channel="Leaf_bend">0.0637859</weight>
      </handles>
    </blockref>
    <blockref>
      <blockid>flora_parts~, FE_flatleaf_06</blockid>
      <transform>
        <scale>0,5</scale>
        <position>0.236872,-0.967305,1.885770</position>
        <triangledirection>0.741739,0.324528,-0.586943</triangledirection>
        <trianglepickorigin>0,0,0</trianglepickorigin>
        <orientation>
          <row0>0.846613,-0.532208,1.93715e-7</row0>
          <row1>0.294594,0.468627,-0.832828</row1>
          <row2>0.443237,0.705083,0.553531</row2>
        </orientation>
        <userorientation>
          <userorientation_row0>0.396477,0.0383309,-0.917244</userorientation_row0>
          <userorientation_row1>0.455249,0.859418,0.232695</userorientation_row1>
          <userorientation_row2>0.797215,-0.509833,0.323289</userorientation_row2>
        </userorientation>
      </transform>
      <snapped>false</snapped>
      <handles count="1">
        <weight channel="Leaf_bend">0</weight>
      </handles>
    </blockref>
    <blockref>
      <blockid>flora_parts~, FE_flatleaf_06</blockid>
      <transform>
        <scale>0,5</scale>
        <position>0.310779,-1.082107,1.779464</position>
        <triangledirection>-0.233796,0.897297,-0.374429</triangledirection>
        <trianglepickorigin>0,0,0</trianglepickorigin>
        <orientation>
          <row0>0.996213,0.0869444,1.06170e-7</row0>
          <row1>-0.0841450,0.964137,-0.251712</row1>
          <row2>-0.0218850,0.250758,0.967802</row2>
        </orientation>
        <userorientation>
          <userorientation_row0>0.980243,0.168973,0.102807</userorientation_row0>
          <userorientation_row1>-0.154896,0.979039,-0.132251</userorientation_row1>
          <userorientation_row2>-0.122999,0.113714,0.985870</userorientation_row2>
        </userorientation>
      </transform>
      <snapped>false</snapped>
      <handles count="1">
        <weight channel="Leaf_bend">0.0637859</weight>
      </handles>
    </blockref>
  </blocks></sporemodel>