spore0005438f6347406662009f3ca1c0d816b417ffffffffffffffff0000000ebfdb7de606KChangfffffffffffffffe09Amisettes0000000<?xml version="1.0" encoding="UTF-8"?><sporemodel>
  <properties>
    <modeltype>PlantSmall</modeltype>
    <skineffectseed1>4660</skineffectseed1>
    <skineffectseed2>4660</skineffectseed2>
    <skineffectseed3>4660</skineffectseed3>
    <skincolor1>0.282353,0.227450,0.203922</skincolor1>
    <skincolor2>0.235293,0.282353,0.168626</skincolor2>
    <skincolor3>0.694118,0.352941,0.223528</skincolor3>
    <zcorpscore>29</zcorpscore>
  </properties>
  <blocks count="11">
    <blockref>
      <blockid>flora_parts~, fe_root_dummy</blockid>
      <transform>
        <scale>1</scale>
        <position>0,0,0.600000</position>
        <triangledirection>0,1,0</triangledirection>
        <trianglepickorigin>0,0,0</trianglepickorigin>
        <orientation>
          <row0>1,0,0</row0>
          <row1>0,1,0</row1>
          <row2>0,0,1</row2>
        </orientation>
      </transform>
      <snapped>false</snapped>
      <childlist count="1">
        <childid>1</childid>
      </childlist>
    </blockref>
    <blockref>
      <blockid>flora_parts~, FE_muscle_branch_04</blockid>
      <transform>
        <limbtype>0</limbtype>
        <musclescale>0.75</musclescale>
        <basemusclescale>2.25</basemusclescale>
        <scale>1</scale>
        <position>0,0,0.600000</position>
        <triangledirection>0.00436399,0.0160359,0.999861</triangledirection>
        <trianglepickorigin>0,0,0</trianglepickorigin>
        <orientation>
          <row0>-0.0934408,0.995503,-0.0155582</row0>
          <row1>0.00436399,0.0160359,0.999861</row1>
          <row2>0.995615,0.0933600,-0.00584279</row2>
        </orientation>
      </transform>
      <snapped>true</snapped>
      <childlist count="9">
        <childid>10</childid>
        <childid>9</childid>
        <childid>8</childid>
        <childid>7</childid>
        <childid>6</childid>
        <childid>5</childid>
        <childid>4</childid>
        <childid>3</childid>
        <childid>2</childid>
      </childlist>
      <handles count="1">
        <weight channel="longer">0.0601279</weight>
      </handles>
    </blockref>
    <blockref>
      <blockid>Creature_parts~, ce_grasper_null</blockid>
      <transform>
        <basemusclescale>1.100000</basemusclescale>
        <scale>1</scale>
        <position>-0.00266799,-0.00980399,-0.0112759</position>
        <triangledirection>0,0,-1</triangledirection>
        <trianglepickorigin>0,0,0</trianglepickorigin>
        <orientation>
          <row0>1,0,0</row0>
          <row1>0,0,-1</row1>
          <row2>0,1,0</row2>
        </orientation>
      </transform>
      <snapped>true</snapped>
    </blockref>
    <blockref>
      <blockid>flora_parts~, FE_leaf_07</blockid>
      <transform>
        <scale>0,784156</scale>
        <position>-0.0303219,-0.0722640,0.893169</position>
        <triangledirection>0.0101066,0.137085,-0.990507</triangledirection>
        <trianglepickorigin>0,0,0</trianglepickorigin>
        <orientation>
          <row0>0.936242,-0.351354,-2.68220e-7</row0>
          <row1>0.0964319,0.256959,-0.961598</row1>
          <row2>0.337861,0.900289,0.274458</row2>
        </orientation>
        <userorientation>
          <userorientation_row0>0.511590,-0.105062,-0.852782</userorientation_row0>
          <userorientation_row1>-0.0387029,0.988671,-0.145021</userorientation_row1>
          <userorientation_row2>0.858358,0.107197,0.501727</userorientation_row2>
        </userorientation>
      </transform>
      <snapped>false</snapped>
      <handles count="4">
        <weight channel="DeformAxisForward">1</weight>
        <weight channel="DeformAxisForwardb">0.601013</weight>
        <weight channel="DeformAxisLeft">1</weight>
        <weight channel="DeformAxisUp">0.691540</weight>
      </handles>
    </blockref>
    <blockref>
      <blockid>flora_parts~, FE_leaf_22</blockid>
      <transform>
        <scale>1,161830</scale>
        <position>0.174890,0.0161819,0.863967</position>
        <triangledirection>0.0226341,-0.643589,-0.765027</triangledirection>
        <trianglepickorigin>0,0,0</trianglepickorigin>
        <orientation>
          <row0>-0.0519713,0.998648,1.47912e-5</row0>
          <row1>-0.549358,-0.0285771,-0.835097</row1>
          <row2>-0.833968,-0.0434092,0.550101</row2>
        </orientation>
        <userorientation>
          <userorientation_row0>0.701284,0.712611,0.0193009</userorientation_row0>
          <userorientation_row1>-0.643907,0.644830,-0.411780</userorientation_row1>
          <userorientation_row2>-0.305891,0.276343,0.911074</userorientation_row2>
        </userorientation>
      </transform>
      <snapped>false</snapped>
      <handles count="4">
        <weight channel="DeformAxisLeft">1</weight>
        <weight channel="DeformAxisForward">0.253603</weight>
        <weight channel="DeformAxisRight">1</weight>
        <weight channel="DeformAxisUp">0</weight>
      </handles>
    </blockref>
    <blockref>
      <blockid>flora_parts~, FE_leaf_22</blockid>
      <transform>
        <scale>1,077880</scale>
        <position>0.130531,-0.288859,0.817906</position>
        <triangledirection>-0.000476442,0.410836,-0.911708</triangledirection>
        <trianglepickorigin>0,0,0</trianglepickorigin>
        <orientation>
          <row0>0.913896,0.405948,-4.47034e-8</row0>
          <row1>-0.335142,0.754492,-0.564288</row1>
          <row2>-0.229071,0.515700,0.825577</row2>
        </orientation>
        <userorientation>
          <userorientation_row0>0.720356,-0.476075,-0.504418</userorientation_row0>
          <userorientation_row1>0.166342,0.824599,-0.540709</userorientation_row1>
          <userorientation_row2>0.673361,0.305597,0.673198</userorientation_row2>
        </userorientation>
      </transform>
      <snapped>false</snapped>
      <handles count="4">
        <weight channel="DeformAxisLeft">1</weight>
        <weight channel="DeformAxisForward">0.267715</weight>
        <weight channel="DeformAxisRight">1</weight>
        <weight channel="DeformAxisUp">0</weight>
      </handles>
    </blockref>
    <blockref>
      <blockid>flora_parts~, FE_leaf_22</blockid>
      <transform>
        <scale>1,252320</scale>
        <position>-0.134006,-0.0347249,0.874226</position>
        <triangledirection>0.0179650,-0.785628,-0.618438</triangledirection>
        <trianglepickorigin>0,0,0</trianglepickorigin>
        <orientation>
          <row0>0.297090,-0.954849,3.50177e-7</row0>
          <row1>0.429419,0.133608,-0.893166</row1>
          <row2>0.852839,0.265351,0.449725</row2>
        </orientation>
        <userorientation>
          <userorientation_row0>0.314581,-0.882979,-0.348407</userorientation_row0>
          <userorientation_row1>0.755493,0.455115,-0.471273</userorientation_row1>
          <userorientation_row2>0.574689,-0.114965,0.810254</userorientation_row2>
        </userorientation>
      </transform>
      <snapped>false</snapped>
      <handles count="4">
        <weight channel="DeformAxisLeft">1</weight>
        <weight channel="DeformAxisForward">0.165076</weight>
        <weight channel="DeformAxisRight">1</weight>
        <weight channel="DeformAxisUp">0</weight>
      </handles>
    </blockref>
    <blockref>
      <blockid>flora_parts~, fe_cap_02a</blockid>
      <transform>
        <scale>0,927743</scale>
        <position>0.342307,-0.195325,0.646759</position>
        <triangledirection>-0.587501,0.499311,0.636812</triangledirection>
        <trianglepickorigin>0,0,0</trianglepickorigin>
        <orientation>
          <row0>0.509964,0.860195,-4.09781e-8</row0>
          <row1>-0.853336,0.505898,-0.126034</row1>
          <row2>-0.108413,0.0642729,0.992025</row2>
        </orientation>
        <userorientation>
          <userorientation_row0>-0.923672,0.348986,-0.158235</userorientation_row0>
          <userorientation_row1>0.129900,0.673676,0.727520</userorientation_row1>
          <userorientation_row2>0.360495,0.651435,-0.667590</userorientation_row2>
        </userorientation>
      </transform>
      <snapped>false</snapped>
    </blockref>
    <blockref>
      <blockid>flora_parts~, fe_cap_02a</blockid>
      <transform>
        <scale>1</scale>
        <position>-0.359618,-0.164765,0.669878</position>
        <triangledirection>0.777241,0.209956,0.593140</triangledirection>
        <trianglepickorigin>0,0,0</trianglepickorigin>
        <orientation>
          <row0>0.433229,-0.901283,5.21540e-7</row0>
          <row1>0.884303,0.425067,-0.193199</row1>
          <row2>0.174126,0.0836999,0.981159</row2>
        </orientation>
        <userorientation>
          <userorientation_row0>-0.911789,0.378913,-0.158319</userorientation_row0>
          <userorientation_row1>0.147494,0.661967,0.734876</userorientation_row1>
          <userorientation_row2>0.383257,0.646702,-0.659463</userorientation_row2>
        </userorientation>
      </transform>
      <snapped>false</snapped>
    </blockref>
    <blockref>
      <blockid>flora_parts~, fe_cap_02a</blockid>
      <transform>
        <scale>1</scale>
        <position>-0.110160,0.383617,0.652290</position>
        <triangledirection>-0.0408508,-0.866170,0.498074</triangledirection>
        <trianglepickorigin>0,0,0</trianglepickorigin>
        <orientation>
          <row0>-0.960008,-0.279970,-2.75671e-7</row0>
          <row1>0.276961,-0.949690,-0.146223</row1>
          <row2>0.0409381,-0.140376,0.989251</row2>
        </orientation>
        <userorientation>
          <userorientation_row0>-0.939755,0.341211,0.0208599</userorientation_row0>
          <userorientation_row1>0.281718,0.738448,0.612638</userorientation_row1>
          <userorientation_row2>0.193635,0.581607,-0.790086</userorientation_row2>
        </userorientation>
      </transform>
      <snapped>false</snapped>
    </blockref>
    <blockref>
      <blockid>flora_parts~, FE_leaf_07</blockid>
      <transform>
        <scale>0,626161</scale>
        <position>-0.117939,0.0380139,0.983072</position>
        <triangledirection>-0.0426500,0.0687258,-0.996723</triangledirection>
        <trianglepickorigin>0,0,0</trianglepickorigin>
        <orientation>
          <row0>-0.243104,-0.970000,3.35276e-7</row0>
          <row1>0.289050,-0.0724430,-0.954569</row1>
          <row2>0.925932,-0.232060,0.297989</row2>
        </orientation>
        <userorientation>
          <userorientation_row0>-0.940561,-0.168040,-0.295139</userorientation_row0>
          <userorientation_row1>-0.0562959,0.934135,-0.352453</userorientation_row1>
          <userorientation_row2>0.334927,-0.314888,-0.888071</userorientation_row2>
        </userorientation>
      </transform>
      <snapped>false</snapped>
      <handles count="4">
        <weight channel="DeformAxisForward">1</weight>
        <weight channel="DeformAxisForwardb">0.770401</weight>
        <weight channel="DeformAxisLeft">1</weight>
        <weight channel="DeformAxisUp">0.715156</weight>
      </handles>
    </blockref>
  </blocks></sporemodel>