spore0005438f634740666200b59a6b50d816b417ffffffffffffffff0000000ebfdb7dc406KChangfffffffffffffffe07Twessle0000000<?xml version="1.0" encoding="UTF-8"?><sporemodel>
  <properties>
    <modeltype>PlantLarge</modeltype>
    <skineffectseed1>4660</skineffectseed1>
    <skineffectseed2>4660</skineffectseed2>
    <skineffectseed3>4660</skineffectseed3>
    <skincolor1>0.694118,0.572546,0.317647</skincolor1>
    <skincolor2>0.262742,0.286275,0.576469</skincolor2>
    <skincolor3>0.509804,0.368627,0.803922</skincolor3>
    <zcorpscore>6</zcorpscore>
  </properties>
  <blocks count="28">
    <blockref>
      <blockid>flora_parts~, fe_root_dummy</blockid>
      <transform>
        <scale>1</scale>
        <position>-0.00388223,0.00263934,0.600000</position>
        <triangledirection>0,1,0</triangledirection>
        <trianglepickorigin>0,0,0</trianglepickorigin>
        <orientation>
          <row0>1,0,0</row0>
          <row1>0,1,0</row1>
          <row2>0,0,1</row2>
        </orientation>
      </transform>
      <snapped>false</snapped>
      <childlist count="6">
        <childid>11</childid>
        <childid>9</childid>
        <childid>7</childid>
        <childid>5</childid>
        <childid>3</childid>
        <childid>1</childid>
      </childlist>
    </blockref>
    <blockref>
      <blockid>flora_parts~, FE_muscle_branch_04</blockid>
      <transform>
        <limbtype>0</limbtype>
        <musclescale>0.5</musclescale>
        <basemusclescale>1.849997</basemusclescale>
        <scale>1</scale>
        <position>-0.00388223,0.00263934,0.600000</position>
        <triangledirection>-0.0268859,0.0305509,0.999171</triangledirection>
        <trianglepickorigin>0,0,0</trianglepickorigin>
        <orientation>
          <row0>0.976802,0.213226,0.0197643</row0>
          <row1>-0.0268859,0.0305509,0.999171</row1>
          <row2>0.212446,-0.976525,0.0355750</row2>
        </orientation>
      </transform>
      <snapped>true</snapped>
      <childlist count="1">
        <childid>2</childid>
      </childlist>
      <handles count="1">
        <weight channel="longer">0.0192847</weight>
      </handles>
    </blockref>
    <blockref>
      <blockid>Creature_parts~, ce_grasper_null</blockid>
      <transform>
        <basemusclescale>0.699997</basemusclescale>
        <scale>1</scale>
        <position>0.00566273,-0.00820762,0.245262</position>
        <triangledirection>0,0,-1</triangledirection>
        <trianglepickorigin>0,0,0</trianglepickorigin>
        <orientation>
          <row0>1,0,0</row0>
          <row1>0,0,-1</row1>
          <row2>0,1,0</row2>
        </orientation>
      </transform>
      <snapped>true</snapped>
    </blockref>
    <blockref>
      <blockid>flora_parts~, fe_muscle_branch_01</blockid>
      <transform>
        <limbtype>0</limbtype>
        <musclescale>0.5</musclescale>
        <basemusclescale>1.849997</basemusclescale>
        <scale>1</scale>
        <position>-0.00388223,0.00263934,0.600000</position>
        <triangledirection>-0.0596099,0.369296,0.927397</triangledirection>
        <trianglepickorigin>0,0,0</trianglepickorigin>
        <orientation>
          <row0>-0.185589,-0.916951,0.353207</row0>
          <row1>-0.0596099,0.369296,0.927397</row1>
          <row2>-0.980817,0.151061,-0.123197</row2>
        </orientation>
      </transform>
      <snapped>true</snapped>
      <childlist count="1">
        <childid>4</childid>
      </childlist>
      <handles count="1">
        <weight channel="longer">0.227576</weight>
      </handles>
    </blockref>
    <blockref>
      <blockid>Creature_parts~, ce_grasper_null</blockid>
      <transform>
        <basemusclescale>0.75</basemusclescale>
        <scale>1</scale>
        <position>0.0952056,-0.611230,-0.941586</position>
        <triangledirection>0,0,-1</triangledirection>
        <trianglepickorigin>0,0,0</trianglepickorigin>
        <orientation>
          <row0>1,0,0</row0>
          <row1>0,0,-1</row1>
          <row2>0,1,0</row2>
        </orientation>
      </transform>
      <snapped>true</snapped>
    </blockref>
    <blockref>
      <blockid>flora_parts~, fe_muscle_branch_01</blockid>
      <transform>
        <limbtype>0</limbtype>
        <musclescale>0.625</musclescale>
        <basemusclescale>1.849997</basemusclescale>
        <scale>1</scale>
        <position>-0.00388223,0.00263934,0.600000</position>
        <triangledirection>0.526872,0.724589,0.444270</triangledirection>
        <trianglepickorigin>0,0,0</trianglepickorigin>
        <orientation>
          <row0>-0.474604,-0.182811,0.861005</row0>
          <row1>0.526872,0.724589,0.444270</row1>
          <row2>-0.705093,0.664492,-0.247575</row2>
        </orientation>
      </transform>
      <snapped>true</snapped>
      <childlist count="1">
        <childid>6</childid>
      </childlist>
      <handles count="1">
        <weight channel="longer">0.211769</weight>
      </handles>
    </blockref>
    <blockref>
      <blockid>Creature_parts~, ce_grasper_null</blockid>
      <transform>
        <basemusclescale>0.600000</basemusclescale>
        <scale>1</scale>
        <position>-0.827415,-1.129937,-0.0944217</position>
        <triangledirection>0,0,-1</triangledirection>
        <trianglepickorigin>0,0,0</trianglepickorigin>
        <orientation>
          <row0>1,0,0</row0>
          <row1>0,0,-1</row1>
          <row2>0,1,0</row2>
        </orientation>
      </transform>
      <snapped>true</snapped>
    </blockref>
    <blockref>
      <blockid>flora_parts~, fe_muscle_branch_01</blockid>
      <transform>
        <limbtype>0</limbtype>
        <musclescale>0.724997</musclescale>
        <basemusclescale>1.849997</basemusclescale>
        <scale>1</scale>
        <position>-0.00388223,0.00263934,0.600000</position>
        <triangledirection>-0.212109,-0.838638,0.501693</triangledirection>
        <trianglepickorigin>0,0,0</trianglepickorigin>
        <orientation>
          <row0>0.869818,0.0719918,0.488090</row0>
          <row1>-0.212109,-0.838638,0.501693</row1>
          <row2>0.445449,-0.539910,-0.714193</row2>
        </orientation>
      </transform>
      <snapped>true</snapped>
      <childlist count="1">
        <childid>8</childid>
      </childlist>
      <handles count="1">
        <weight channel="longer">0.194899</weight>
      </handles>
    </blockref>
    <blockref>
      <blockid>Creature_parts~, ce_grasper_null</blockid>
      <transform>
        <basemusclescale>0.699997</basemusclescale>
        <scale>1</scale>
        <position>0.305203,1.224705,-0.131069</position>
        <triangledirection>0,0,-1</triangledirection>
        <trianglepickorigin>0,0,0</trianglepickorigin>
        <orientation>
          <row0>1,0,0</row0>
          <row1>0,0,-1</row1>
          <row2>0,1,0</row2>
        </orientation>
      </transform>
      <snapped>true</snapped>
    </blockref>
    <blockref>
      <blockid>flora_parts~, fe_muscle_branch_01</blockid>
      <transform>
        <limbtype>0</limbtype>
        <musclescale>0.75</musclescale>
        <basemusclescale>1.849997</basemusclescale>
        <scale>1</scale>
        <position>-0.00388223,0.00263934,0.600000</position>
        <triangledirection>0.714356,-0.550213,0.432390</triangledirection>
        <trianglepickorigin>0,0,0</trianglepickorigin>
        <orientation>
          <row0>0.109201,0.697971,0.707750</row0>
          <row1>0.714356,-0.550213,0.432390</row1>
          <row2>0.691209,0.458368,-0.558684</row2>
        </orientation>
      </transform>
      <snapped>true</snapped>
      <childlist count="1">
        <childid>10</childid>
      </childlist>
      <handles count="1">
        <weight channel="longer">0.233036</weight>
      </handles>
    </blockref>
    <blockref>
      <blockid>Creature_parts~, ce_grasper_null</blockid>
      <transform>
        <basemusclescale>0.699997</basemusclescale>
        <scale>1</scale>
        <position>-1.215811,0.936094,-0.133565</position>
        <triangledirection>0,0,-1</triangledirection>
        <trianglepickorigin>0,0,0</trianglepickorigin>
        <orientation>
          <row0>1,0,0</row0>
          <row1>0,0,-1</row1>
          <row2>0,1,0</row2>
        </orientation>
      </transform>
      <snapped>true</snapped>
    </blockref>
    <blockref>
      <blockid>flora_parts~, fe_branch_02</blockid>
      <transform>
        <limbtype>2</limbtype>
        <musclescale>0.5</musclescale>
        <basemusclescale>4.221478</basemusclescale>
        <scale>3,993293</scale>
        <position>-0.00388223,0.00263934,0.600000</position>
        <triangledirection>-0.0867368,0.208305,-0.974210</triangledirection>
        <trianglepickorigin>0,0,0</trianglepickorigin>
        <orientation>
          <row0>0.878322,0.115646,-0.463869</row0>
          <row1>-0.475158,0.104286,-0.873698</row1>
          <row2>-0.0526647,0.987800,0.146547</row2>
        </orientation>
        <userorientation>
          <userorientation_row0>0.715101,-0.264961,-0.646858</userorientation_row0>
          <userorientation_row1>0.399813,0.914103,0.0675644</userorientation_row1>
          <userorientation_row2>0.573392,-0.306938,0.759611</userorientation_row2>
        </userorientation>
      </transform>
      <snapped>true</snapped>
      <childlist count="4">
        <childid>18</childid>
        <childid>14</childid>
        <childid>13</childid>
        <childid>12</childid>
      </childlist>
      <handles count="2">
        <weight channel="DeformAxisForward">0.372019</weight>
        <weight channel="DeformAxisLeft">0.682741</weight>
      </handles>
    </blockref>
    <blockref>
      <blockid>flora_parts~, FE_leaf_26</blockid>
      <transform>
        <scale>3,704744</scale>
        <position>-0.652195,-1.143926,4.551830</position>
        <triangledirection>0.990745,-0.132916,-0.0274544</triangledirection>
        <trianglepickorigin>0,0,0</trianglepickorigin>
        <orientation>
          <row0>-0.824878,-0.565310,6.05359e-9</row0>
          <row1>0.565270,-0.824820,-0.0118571</row1>
          <row2>0.00670294,-0.00978066,0.999929</row2>
        </orientation>
        <userorientation>
          <userorientation_row0>-0.667999,-0.741666,-0.0608825</userorientation_row0>
          <userorientation_row1>-0.742106,0.669996,-0.0195115</userorientation_row1>
          <userorientation_row2>0.0552622,0.0321475,-0.997953</userorientation_row2>
        </userorientation>
      </transform>
      <snapped>false</snapped>
      <childlist count="1">
        <childid>19</childid>
      </childlist>
      <handles count="4">
        <weight channel="DeformAxisLeft">0.569016</weight>
        <weight channel="DeformAxisForward">0.769199</weight>
        <weight channel="DeformAxisUp">0.924493</weight>
        <weight channel="DeformAxisUPb">0.0974417</weight>
      </handles>
    </blockref>
    <blockref>
      <blockid>flora_parts~, FE_leaf_26</blockid>
      <transform>
        <scale>4,304300</scale>
        <position>0.702682,-1.499968,5.896462</position>
        <triangledirection>0.292565,0.883762,-0.365195</triangledirection>
        <trianglepickorigin>0,0,0</trianglepickorigin>
        <orientation>
          <row0>0.883122,-0.469142,-4.61935e-7</row0>
          <row1>0.461654,0.869026,-0.177957</row1>
          <row2>0.0834876,0.157157,0.984038</row2>
        </orientation>
        <userorientation>
          <userorientation_row0>-0.986637,-0.143680,0.0768108</userorientation_row0>
          <userorientation_row1>-0.156239,0.968066,-0.196050</userorientation_row1>
          <userorientation_row2>-0.0461892,-0.205431,-0.977580</userorientation_row2>
        </userorientation>
      </transform>
      <snapped>false</snapped>
      <childlist count="1">
        <childid>17</childid>
      </childlist>
      <handles count="4">
        <weight channel="DeformAxisLeft">0.600315</weight>
        <weight channel="DeformAxisForward">0.460972</weight>
        <weight channel="DeformAxisUp">0.953967</weight>
        <weight channel="DeformAxisUPb">0.133579</weight>
      </handles>
    </blockref>
    <blockref>
      <blockid>flora_parts~, FE_leaf_26</blockid>
      <transform>
        <scale>5,000885</scale>
        <position>0.595633,-1.192598,7.110922</position>
        <triangledirection>0.0386516,-0.931971,-0.360464</triangledirection>
        <trianglepickorigin>0,0,0</trianglepickorigin>
        <orientation>
          <row0>-0.994110,-0.108368,4.65661e-9</row0>
          <row1>0.107516,-0.986289,-0.125190</row1>
          <row2>0.0135666,-0.124452,0.992132</row2>
        </orientation>
        <userorientation>
          <userorientation_row0>-0.998031,0.0617387,-0.0110179</userorientation_row0>
          <userorientation_row1>0.0625723,0.968476,-0.241118</userorientation_row1>
          <userorientation_row2>-0.00421563,-0.241332,-0.970432</userorientation_row2>
        </userorientation>
      </transform>
      <snapped>false</snapped>
      <childlist count="1">
        <childid>16</childid>
      </childlist>
      <handles count="4">
        <weight channel="DeformAxisLeft">0.679332</weight>
        <weight channel="DeformAxisForward">0.510064</weight>
        <weight channel="DeformAxisUp">0.845413</weight>
        <weight channel="DeformAxisUPb">0.193148</weight>
      </handles>
    </blockref>
    <blockref>
      <blockid>Creature_parts~, ce_grasper_null</blockid>
      <transform>
        <basemusclescale>1</basemusclescale>
        <scale>1</scale>
        <position>1.211575,1.265702,4.969789</position>
        <triangledirection>-0.258154,-0.268265,-0.928111</triangledirection>
        <trianglepickorigin>0,0,0</trianglepickorigin>
        <orientation>
          <row0>0.959780,0.0385196,-0.278096</row0>
          <row1>-0.258154,-0.268265,-0.928111</row1>
          <row2>-0.110354,0.962574,-0.247531</row2>
        </orientation>
      </transform>
      <snapped>false</snapped>
    </blockref>
    <blockref>
      <blockid>flora_parts~, fe_canopy_06</blockid>
      <transform>
        <scale>3,320117</scale>
        <position>1.014340,0.191820,8.121474</position>
        <triangledirection>-0.928680,-0.259755,-0.264721</triangledirection>
        <trianglepickorigin>0,0,0</trianglepickorigin>
        <orientation>
          <row0>0.423605,0.905846,5.96046e-8</row0>
          <row1>-0.736555,0.344439,-0.582106</row1>
          <row2>-0.527299,0.246583,0.813112</row2>
        </orientation>
        <userorientation>
          <userorientation_row0>0.757599,0.528596,0.382917</userorientation_row0>
          <userorientation_row1>-0.628692,0.748651,0.210393</userorientation_row1>
          <userorientation_row2>-0.175457,-0.400131,0.899504</userorientation_row2>
        </userorientation>
      </transform>
      <snapped>false</snapped>
      <childlist count="3">
        <childid>26</childid>
        <childid>25</childid>
        <childid>22</childid>
      </childlist>
      <handles count="2">
        <weight channel="DeformAxisLeft">0.510156</weight>
        <weight channel="DeformAxisForward">0</weight>
      </handles>
    </blockref>
    <blockref>
      <blockid>flora_parts~, fe_canopy_06</blockid>
      <transform>
        <scale>3,080219</scale>
        <position>0.106724,-2.344435,6.476892</position>
        <triangledirection>0.611777,0.779008,-0.137378</triangledirection>
        <trianglepickorigin>0,0,0</trianglepickorigin>
        <orientation>
          <row0>0.284581,-0.958652,5.14090e-7</row0>
          <row1>0.894370,0.265499,0.360015</row1>
          <row2>-0.345129,-0.102453,0.932946</row2>
        </orientation>
        <userorientation>
          <userorientation_row0>0.815722,0.439040,-0.376616</userorientation_row0>
          <userorientation_row1>-0.572697,0.704524,-0.419120</userorientation_row1>
          <userorientation_row2>0.0813240,0.557574,0.826133</userorientation_row2>
        </userorientation>
      </transform>
      <snapped>false</snapped>
      <childlist count="2">
        <childid>27</childid>
        <childid>20</childid>
      </childlist>
      <handles count="2">
        <weight channel="DeformAxisLeft">0.510156</weight>
        <weight channel="DeformAxisForward">0</weight>
      </handles>
    </blockref>
    <blockref>
      <blockid>Creature_parts~, ce_grasper_null</blockid>
      <transform>
        <basemusclescale>1.568312</basemusclescale>
        <scale>1</scale>
        <position>0.570401,-1.376554,7.050240</position>
        <triangledirection>-0.467124,-0.599659,-0.649771</triangledirection>
        <trianglepickorigin>0,0,0</trianglepickorigin>
        <orientation>
          <row0>0.698401,0.200439,-0.687065</row0>
          <row1>-0.467124,-0.599659,-0.649771</row1>
          <row2>-0.542245,0.774746,-0.325172</row2>
        </orientation>
      </transform>
      <snapped>true</snapped>
    </blockref>
    <blockref>
      <blockid>flora_parts~, fe_canopy_06</blockid>
      <transform>
        <scale>2,857653</scale>
        <position>-4.401116,-0.226477,6.680191</position>
        <triangledirection>-0.00971519,-0.981478,-0.191322</triangledirection>
        <trianglepickorigin>0,0,0</trianglepickorigin>
        <orientation>
          <row0>-0.761559,0.648095,1.93715e-7</row0>
          <row1>-0.561609,-0.659931,-0.499083</row1>
          <row2>-0.323453,-0.380081,0.866553</row2>
        </orientation>
        <userorientation>
          <userorientation_row0>0.769167,0.558782,0.310067</userorientation_row0>
          <userorientation_row1>-0.628692,0.748651,0.210393</userorientation_row1>
          <userorientation_row2>-0.114569,-0.356765,0.927141</userorientation_row2>
        </userorientation>
      </transform>
      <snapped>false</snapped>
      <childlist count="3">
        <childid>24</childid>
        <childid>23</childid>
        <childid>21</childid>
      </childlist>
      <handles count="2">
        <weight channel="DeformAxisLeft">0.510156</weight>
        <weight channel="DeformAxisForward">0</weight>
      </handles>
    </blockref>
    <blockref>
      <blockid>flora_parts~, fe_cap_01a</blockid>
      <transform>
        <scale>1</scale>
        <position>-1.210726,-4.648014,6.737761</position>
        <triangledirection>0.0806482,-0.492389,0.866630</triangledirection>
        <trianglepickorigin>0,0,0</trianglepickorigin>
        <orientation>
          <row0>-0.986850,-0.161635,2.16066e-7</row0>
          <row1>0.0806482,-0.492389,0.866630</row1>
          <row2>-0.140078,0.855234,0.498950</row2>
        </orientation>
      </transform>
      <snapped>false</snapped>
    </blockref>
    <blockref>
      <blockid>flora_parts~, fe_cap_02a</blockid>
      <transform>
        <scale>1</scale>
        <position>-4.650054,1.827198,7.216875</position>
        <triangledirection>0.131485,0.0764341,0.988367</triangledirection>
        <trianglepickorigin>0,0,0</trianglepickorigin>
        <orientation>
          <row0>0.502568,-0.864537,-8.94069e-8</row0>
          <row1>0.131485,0.0764341,0.988367</row1>
          <row2>-0.854480,-0.496722,0.152087</row2>
        </orientation>
      </transform>
      <snapped>false</snapped>
    </blockref>
    <blockref>
      <blockid>flora_parts~, fe_cap_02a</blockid>
      <transform>
        <scale>1</scale>
        <position>3.072094,1.330308,8.982733</position>
        <triangledirection>0.546206,0.143439,0.825277</triangledirection>
        <trianglepickorigin>0,0,0</trianglepickorigin>
        <orientation>
          <row0>0.253998,-0.967204,-4.24683e-7</row0>
          <row1>0.546206,0.143439,0.825277</row1>
          <row2>-0.798212,-0.209619,0.564726</row2>
        </orientation>
      </transform>
      <snapped>false</snapped>
    </blockref>
    <blockref>
      <blockid>flora_parts~, fe_cap_02a</blockid>
      <transform>
        <scale>1</scale>
        <position>-1.663554,1.767077,7.535882</position>
        <triangledirection>0.465674,0.386390,0.796146</triangledirection>
        <trianglepickorigin>0,0,0</trianglepickorigin>
        <orientation>
          <row0>0.638552,-0.769578,1.63912e-7</row0>
          <row1>0.465674,0.386390,0.796146</row1>
          <row2>-0.612697,-0.508381,0.605103</row2>
        </orientation>
      </transform>
      <snapped>false</snapped>
    </blockref>
    <blockref>
      <blockid>flora_parts~, fe_cap_02a</blockid>
      <transform>
        <scale>1</scale>
        <position>-6.589673,4.271800,7.836175</position>
        <triangledirection>0.117502,-0.306331,0.944645</triangledirection>
        <trianglepickorigin>0,0,0</trianglepickorigin>
        <orientation>
          <row0>-0.933669,-0.358135,-3.72529e-8</row0>
          <row1>0.117502,-0.306331,0.944645</row1>
          <row2>-0.338311,0.881986,0.328093</row2>
        </orientation>
      </transform>
      <snapped>false</snapped>
    </blockref>
    <blockref>
      <blockid>flora_parts~, fe_cap_02a</blockid>
      <transform>
        <scale>1</scale>
        <position>5.394615,4.408363,10.044686</position>
        <triangledirection>-0.324887,-0.230514,0.917230</triangledirection>
        <trianglepickorigin>0,0,0</trianglepickorigin>
        <orientation>
          <row0>-0.578661,0.815567,0</row0>
          <row1>-0.324887,-0.230514,0.917230</row1>
          <row2>0.748063,0.530766,0.398357</row2>
        </orientation>
      </transform>
      <snapped>false</snapped>
    </blockref>
    <blockref>
      <blockid>flora_parts~, fe_cap_02a</blockid>
      <transform>
        <scale>1</scale>
        <position>7.075348,-0.219790,9.358016</position>
        <triangledirection>-0.418452,0.115041,0.900923</triangledirection>
        <trianglepickorigin>0,0,0</trianglepickorigin>
        <orientation>
          <row0>0.265086,0.964224,7.52508e-7</row0>
          <row1>-0.418452,0.115041,0.900923</row1>
          <row2>0.868692,-0.238823,0.433977</row2>
        </orientation>
      </transform>
      <snapped>false</snapped>
    </blockref>
    <blockref>
      <blockid>flora_parts~, fe_cap_01a</blockid>
      <transform>
        <scale>1</scale>
        <position>-3.461028,-2.421018,7.771902</position>
        <triangledirection>-0.444241,0.175906,0.878468</triangledirection>
        <trianglepickorigin>0,0,0</trianglepickorigin>
        <orientation>
          <row0>0.368158,0.929763,1.49011e-8</row0>
          <row1>-0.444241,0.175906,0.878468</row1>
          <row2>0.816767,-0.323415,0.477800</row2>
        </orientation>
      </transform>
      <snapped>false</snapped>
    </blockref>
  </blocks></sporemodel>