spore0005438f634740666200751618f1d816b417ffffffffffffffff0000000ebfdb7dbe06KChangfffffffffffffffe05Mumps0000000<?xml version="1.0" encoding="UTF-8"?><sporemodel>
  <properties>
    <modeltype>PlantMedium</modeltype>
    <skineffectseed1>1234</skineffectseed1>
    <skineffectseed2>1234</skineffectseed2>
    <skineffectseed3>1234</skineffectseed3>
    <skincolor1>0.443136,0.321568,0.345097</skincolor1>
    <skincolor2>0.423528,0.462745,0.941177</skincolor2>
    <skincolor3>0.168626,0.176471,0.282353</skincolor3>
    <zcorpscore>14</zcorpscore>
  </properties>
  <blocks count="29">
    <blockref>
      <blockid>flora_parts~, fe_root_dummy</blockid>
      <transform>
        <scale>1</scale>
        <position>0,0,0.600000</position>
        <triangledirection>0,1,0</triangledirection>
        <trianglepickorigin>0,0,0</trianglepickorigin>
        <orientation>
          <row0>1,0,0</row0>
          <row1>0,1,0</row1>
          <row2>0,0,1</row2>
        </orientation>
      </transform>
      <snapped>false</snapped>
      <childlist count="4">
        <childid>7</childid>
        <childid>5</childid>
        <childid>3</childid>
        <childid>1</childid>
      </childlist>
    </blockref>
    <blockref>
      <blockid>flora_parts~, FE_muscle_branch_04</blockid>
      <transform>
        <limbtype>0</limbtype>
        <musclescale>0.774999</musclescale>
        <basemusclescale>2.549999</basemusclescale>
        <scale>1</scale>
        <position>0,0,0.600000</position>
        <triangledirection>0.303917,-0.779805,0.547301</triangledirection>
        <trianglepickorigin>0,0,0</trianglepickorigin>
        <orientation>
          <row0>-0.177158,0.518196,0.836712</row0>
          <row1>0.303917,-0.779805,0.547301</row1>
          <row2>0.936081,0.351250,-0.0193392</row2>
        </orientation>
      </transform>
      <snapped>true</snapped>
      <childlist count="1">
        <childid>2</childid>
      </childlist>
      <handles count="1">
        <weight channel="longer">0.237856</weight>
      </handles>
    </blockref>
    <blockref>
      <blockid>Creature_parts~, ce_grasper_null</blockid>
      <transform>
        <basemusclescale>0.900000</basemusclescale>
        <scale>1</scale>
        <position>-0.524800,1.346558,-0.345073</position>
        <triangledirection>0,0,-1</triangledirection>
        <trianglepickorigin>0,0,0</trianglepickorigin>
        <orientation>
          <row0>1,0,0</row0>
          <row1>0,0,-1</row1>
          <row2>0,1,0</row2>
        </orientation>
      </transform>
      <snapped>true</snapped>
    </blockref>
    <blockref>
      <blockid>flora_parts~, FE_muscle_branch_04</blockid>
      <transform>
        <limbtype>0</limbtype>
        <musclescale>0.950000</musclescale>
        <basemusclescale>2.549999</basemusclescale>
        <scale>1</scale>
        <position>0,0,0.600000</position>
        <triangledirection>0.744815,0.416996,0.520926</triangledirection>
        <trianglepickorigin>0,0,0</trianglepickorigin>
        <orientation>
          <row0>0.642813,-0.657818,-0.392511</row0>
          <row1>0.744815,0.416996,0.520926</row1>
          <row2>-0.178999,-0.627207,0.758003</row2>
        </orientation>
      </transform>
      <snapped>true</snapped>
      <childlist count="1">
        <childid>4</childid>
      </childlist>
      <handles count="1">
        <weight channel="longer">0.247494</weight>
      </handles>
    </blockref>
    <blockref>
      <blockid>Creature_parts~, ce_grasper_null</blockid>
      <transform>
        <basemusclescale>0.850000</basemusclescale>
        <scale>1</scale>
        <position>-1.331184,-0.745283,-0.331037</position>
        <triangledirection>0,0,-1</triangledirection>
        <trianglepickorigin>0,0,0</trianglepickorigin>
        <orientation>
          <row0>1,0,0</row0>
          <row1>0,0,-1</row1>
          <row2>0,1,0</row2>
        </orientation>
      </transform>
      <snapped>true</snapped>
    </blockref>
    <blockref>
      <blockid>flora_parts~, fe_muscle_branch_01</blockid>
      <transform>
        <limbtype>0</limbtype>
        <musclescale>0.900000</musclescale>
        <basemusclescale>2.549999</basemusclescale>
        <scale>1</scale>
        <position>0,0,0.600000</position>
        <triangledirection>-0.806069,0.236976,0.542305</triangledirection>
        <trianglepickorigin>0,0,0</trianglepickorigin>
        <orientation>
          <row0>-0.534169,-0.685812,-0.494291</row0>
          <row1>-0.806069,0.236976,0.542305</row1>
          <row2>-0.254784,0.688115,-0.679397</row2>
        </orientation>
      </transform>
      <snapped>true</snapped>
      <childlist count="1">
        <childid>6</childid>
      </childlist>
      <handles count="1">
        <weight channel="longer">0.262188</weight>
      </handles>
    </blockref>
    <blockref>
      <blockid>Creature_parts~, ce_grasper_null</blockid>
      <transform>
        <basemusclescale>0.800000</basemusclescale>
        <scale>1</scale>
        <position>1.515004,-0.445395,-0.419261</position>
        <triangledirection>0,0,-1</triangledirection>
        <trianglepickorigin>0,0,0</trianglepickorigin>
        <orientation>
          <row0>1,0,0</row0>
          <row1>0,0,-1</row1>
          <row2>0,1,0</row2>
        </orientation>
      </transform>
      <snapped>true</snapped>
    </blockref>
    <blockref>
      <blockid>flora_parts~, fe_muscle_branch_02</blockid>
      <transform>
        <limbtype>0</limbtype>
        <musclescale>0.0499999</musclescale>
        <basemusclescale>2.549999</basemusclescale>
        <scale>1</scale>
        <position>0,0,0.600000</position>
        <triangledirection>-0.154691,0.365854,-0.917725</triangledirection>
        <trianglepickorigin>0,0,0</trianglepickorigin>
        <orientation>
          <row0>0.868617,0.492944,0.0500998</row0>
          <row1>-0.154691,0.365854,-0.917725</row1>
          <row2>-0.470716,0.789402,0.394042</row2>
        </orientation>
      </transform>
      <snapped>true</snapped>
      <childlist count="7">
        <childid>26</childid>
        <childid>25</childid>
        <childid>24</childid>
        <childid>23</childid>
        <childid>22</childid>
        <childid>12</childid>
        <childid>8</childid>
      </childlist>
      <handles count="1">
        <weight channel="longer">0.162245</weight>
      </handles>
    </blockref>
    <blockref>
      <blockid>flora_parts~, fe_muscle_branch_01</blockid>
      <transform>
        <limbtype>0</limbtype>
        <musclescale>0.350000</musclescale>
        <basemusclescale>1.75</basemusclescale>
        <scale>1</scale>
        <position>0.193712,-0.458140,1.749222</position>
        <triangledirection>0,0,-1</triangledirection>
        <trianglepickorigin>0,0,0</trianglepickorigin>
        <orientation>
          <row0>0.998389,-0.0567380,0</row0>
          <row1>0,0,-1</row1>
          <row2>0.0567380,0.998389,0</row2>
        </orientation>
      </transform>
      <snapped>true</snapped>
      <childlist count="6">
        <childid>28</childid>
        <childid>27</childid>
        <childid>16</childid>
        <childid>15</childid>
        <childid>14</childid>
        <childid>9</childid>
      </childlist>
      <handles count="1">
        <weight channel="longer">0.162245</weight>
      </handles>
    </blockref>
    <blockref>
      <blockid>flora_parts~, fe_branch_01</blockid>
      <transform>
        <limbtype>2</limbtype>
        <musclescale>0</musclescale>
        <basemusclescale>1.25</basemusclescale>
        <scale>1</scale>
        <position>0.193712,-0.458140,3.001471</position>
        <triangledirection>-0.351327,-0.638856,-0.684421</triangledirection>
        <trianglepickorigin>0,0,0</trianglepickorigin>
        <orientation>
          <row0>0.899666,-0.0280026,-0.435678</row0>
          <row1>-0.351327,-0.638856,-0.684421</row1>
          <row2>-0.259170,0.768816,-0.584595</row2>
        </orientation>
      </transform>
      <snapped>true</snapped>
      <childlist count="1">
        <childid>10</childid>
      </childlist>
      <handles count="3">
        <weight channel="DeformAxisForward">0.309601</weight>
        <weight channel="DeformAxisLeft">1</weight>
        <weight channel="0x5e6f7e87">1</weight>
      </handles>
    </blockref>
    <blockref>
      <blockid>Creature_parts~, ce_grasper_null</blockid>
      <transform>
        <basemusclescale>1</basemusclescale>
        <scale>1</scale>
        <position>0.611436,0.301450,3.815239</position>
        <triangledirection>0,0,-1</triangledirection>
        <trianglepickorigin>0,0,0</trianglepickorigin>
        <orientation>
          <row0>0.998389,-0.0567388,0</row0>
          <row1>0,0,-1</row1>
          <row2>0.0567388,0.998389,0</row2>
        </orientation>
      </transform>
      <snapped>true</snapped>
    </blockref>
    <blockref>
      <blockid>flora_parts~, FE_leaf_16</blockid>
      <transform>
        <scale>0,860707</scale>
        <position>-0.268322,-1.376946,2.477849</position>
        <triangledirection>-0.353165,0.598514,-0.719065</triangledirection>
        <trianglepickorigin>0,0,0</trianglepickorigin>
        <orientation>
          <row0>0.609341,0.792908,5.96046e-8</row0>
          <row1>-0.228128,0.175314,-0.957717</row1>
          <row2>-0.759381,0.583576,0.287710</row2>
        </orientation>
        <userorientation>
          <userorientation_row0>0.904445,-0.0707649,-0.420679</userorientation_row0>
          <userorientation_row1>0.259367,0.874156,0.410583</userorientation_row1>
          <userorientation_row2>0.338683,-0.480462,0.808981</userorientation_row2>
        </userorientation>
      </transform>
      <snapped>false</snapped>
      <childlist count="1">
        <childid>17</childid>
      </childlist>
      <handles count="3">
        <weight channel="DeformAxisLeft">1</weight>
        <weight channel="DeformAxisForward">0.533536</weight>
        <weight channel="DeformAxisUp">0.706423</weight>
      </handles>
    </blockref>
    <blockref>
      <blockid>flora_parts~, fe_branch_02</blockid>
      <transform>
        <limbtype>2</limbtype>
        <musclescale>0</musclescale>
        <basemusclescale>1.75</basemusclescale>
        <scale>1,252320</scale>
        <position>0.193712,-0.458140,1.749222</position>
        <triangledirection>0.579127,0.662492,-0.475095</triangledirection>
        <trianglepickorigin>0,0,0</trianglepickorigin>
        <orientation>
          <row0>-0.293429,0.713103,0.636696</row0>
          <row1>0.579127,0.662492,-0.475095</row1>
          <row2>-0.760599,0.229321,-0.607372</row2>
        </orientation>
      </transform>
      <snapped>true</snapped>
      <childlist count="2">
        <childid>13</childid>
        <childid>11</childid>
      </childlist>
      <handles count="2">
        <weight channel="DeformAxisForward">0.296912</weight>
        <weight channel="DeformAxisLeft">1</weight>
      </handles>
    </blockref>
    <blockref>
      <blockid>Creature_parts~, ce_grasper_null</blockid>
      <transform>
        <basemusclescale>1</basemusclescale>
        <scale>1</scale>
        <position>-0.927069,-1.740258,2.668673</position>
        <triangledirection>-0.410972,-0.310567,-0.857116</triangledirection>
        <trianglepickorigin>0,0,0</trianglepickorigin>
        <orientation>
          <row0>0.832416,0.255531,-0.491718</row0>
          <row1>-0.410972,-0.310567,-0.857116</row1>
          <row2>-0.371731,0.915560,-0.153505</row2>
        </orientation>
      </transform>
      <snapped>true</snapped>
    </blockref>
    <blockref>
      <blockid>flora_parts~, FE_leaf_16</blockid>
      <transform>
        <scale>1</scale>
        <position>0.421617,-0.472656,2.833209</position>
        <triangledirection>-0.776883,-0.204173,-0.595623</triangledirection>
        <trianglepickorigin>0,0,0</trianglepickorigin>
        <orientation>
          <row0>-0.0593219,0.998238,-4.31435e-7</row0>
          <row1>-0.998138,-0.0593160,-0.0142010</row1>
          <row2>-0.0141760,-0.000842001,0.999899</row2>
        </orientation>
        <userorientation>
          <userorientation_row0>-0.332832,-0.600012,-0.727468</userorientation_row0>
          <userorientation_row1>-0.157727,0.796005,-0.584377</userorientation_row1>
          <userorientation_row2>0.929702,-0.0797579,-0.359574</userorientation_row2>
        </userorientation>
      </transform>
      <snapped>false</snapped>
      <childlist count="1">
        <childid>20</childid>
      </childlist>
      <handles count="3">
        <weight channel="DeformAxisLeft">1</weight>
        <weight channel="DeformAxisForward">0.560146</weight>
        <weight channel="DeformAxisUp">0.711261</weight>
      </handles>
    </blockref>
    <blockref>
      <blockid>flora_parts~, FE_leaf_16</blockid>
      <transform>
        <scale>0,999996</scale>
        <position>-0.0271769,-0.438576,2.962035</position>
        <triangledirection>0.887483,0.0308360,-0.459808</triangledirection>
        <trianglepickorigin>0,0,0</trianglepickorigin>
        <orientation>
          <row0>-0.131886,-0.991264,4.41446e-7</row0>
          <row1>0.971943,-0.129316,-0.196475</row1>
          <row2>0.194758,-0.0259119,0.980508</row2>
        </orientation>
        <userorientation>
          <userorientation_row0>-0.0411779,0.275747,0.960348</userorientation_row0>
          <userorientation_row1>-0.147613,0.948936,-0.278800</userorientation_row1>
          <userorientation_row2>-0.988188,-0.153241,0.00162899</userorientation_row2>
        </userorientation>
      </transform>
      <snapped>false</snapped>
      <childlist count="1">
        <childid>18</childid>
      </childlist>
      <handles count="3">
        <weight channel="DeformAxisLeft">1</weight>
        <weight channel="DeformAxisForward">0.533536</weight>
        <weight channel="DeformAxisUp">0.691987</weight>
      </handles>
    </blockref>
    <blockref>
      <blockid>flora_parts~, FE_leaf_16</blockid>
      <transform>
        <scale>1,077880</scale>
        <position>0.0932499,-0.0908239,2.373741</position>
        <triangledirection>0.0395037,-0.880516,-0.472366</triangledirection>
        <trianglepickorigin>0,0,0</trianglepickorigin>
        <orientation>
          <row0>-0.928451,-0.371453,6.40749e-7</row0>
          <row1>0.319211,-0.797872,-0.511373</row1>
          <row2>0.189951,-0.474785,0.859358</row2>
        </orientation>
        <userorientation>
          <userorientation_row0>0.827259,-0.261305,0.497355</userorientation_row0>
          <userorientation_row1>0.290392,0.956706,0.0196289</userorientation_row1>
          <userorientation_row2>-0.480952,0.128190,0.867325</userorientation_row2>
        </userorientation>
      </transform>
      <snapped>false</snapped>
      <childlist count="2">
        <childid>21</childid>
        <childid>19</childid>
      </childlist>
      <handles count="3">
        <weight channel="DeformAxisLeft">1</weight>
        <weight channel="DeformAxisForward">0.533536</weight>
        <weight channel="DeformAxisUp">0.628435</weight>
      </handles>
    </blockref>
    <blockref>
      <blockid>flora_parts~, fe_cap_01a</blockid>
      <transform>
        <scale>0,927743</scale>
        <position>-0.256824,-1.784054,2.714311</position>
        <triangledirection>0.580400,0.593263,0.557830</triangledirection>
        <trianglepickorigin>0,0,0</trianglepickorigin>
        <orientation>
          <row0>0.530668,-0.847579,3.72529e-7</row0>
          <row1>0.809730,0.506971,0.295491</row1>
          <row2>-0.250453,-0.156808,0.955345</row2>
        </orientation>
        <userorientation>
          <userorientation_row0>0.978996,0.203881,0</userorientation_row0>
          <userorientation_row1>-0.194836,0.935570,0.294528</userorientation_row1>
          <userorientation_row2>0.0600489,-0.288341,0.955642</userorientation_row2>
        </userorientation>
      </transform>
      <snapped>false</snapped>
    </blockref>
    <blockref>
      <blockid>flora_parts~, fe_cap_01a</blockid>
      <transform>
        <scale>0,927743</scale>
        <position>-0.868189,-0.305363,3.084246</position>
        <triangledirection>0.226377,0.0366728,0.973349</triangledirection>
        <trianglepickorigin>0,0,0</trianglepickorigin>
        <orientation>
          <row0>-0.754320,-0.656506,3.72529e-7</row0>
          <row1>0.272856,-0.313509,0.909538</row1>
          <row2>-0.597117,0.686083,0.415619</row2>
        </orientation>
        <userorientation>
          <userorientation_row0>0.978996,0.203881,0</userorientation_row0>
          <userorientation_row1>-0.194836,0.935570,0.294528</userorientation_row1>
          <userorientation_row2>0.0600489,-0.288341,0.955642</userorientation_row2>
        </userorientation>
      </transform>
      <snapped>false</snapped>
    </blockref>
    <blockref>
      <blockid>flora_parts~, fe_cap_01a</blockid>
      <transform>
        <scale>0,927743</scale>
        <position>0.370326,0.528465,2.657023</position>
        <triangledirection>-0.721272,-0.199236,0.663379</triangledirection>
        <trianglepickorigin>0,0,0</trianglepickorigin>
        <orientation>
          <row0>-0.00609354,0.999981,3.38768e-7</row0>
          <row1>-0.905672,-0.00551899,0.423941</row1>
          <row2>0.423933,0.00258299,0.905689</row2>
        </orientation>
        <userorientation>
          <userorientation_row0>0.978996,0.203881,0</userorientation_row0>
          <userorientation_row1>-0.194836,0.935570,0.294528</userorientation_row1>
          <userorientation_row2>0.0600489,-0.288341,0.955642</userorientation_row2>
        </userorientation>
      </transform>
      <snapped>false</snapped>
    </blockref>
    <blockref>
      <blockid>flora_parts~, fe_cap_01a</blockid>
      <transform>
        <scale>1</scale>
        <position>0.829373,-0.357614,2.878454</position>
        <triangledirection>-0.661223,-0.317964,0.679471</triangledirection>
        <trianglepickorigin>0,0,0</trianglepickorigin>
        <orientation>
          <row0>-0.135252,0.990811,5.02914e-7</row0>
          <row1>-0.415536,-0.0567240,0.907806</row1>
          <row2>0.899464,0.122782,0.419389</row2>
        </orientation>
        <userorientation>
          <userorientation_row0>0.969318,0.245459,0.0131529</userorientation_row0>
          <userorientation_row1>-0.225609,0.909627,-0.348823</userorientation_row1>
          <userorientation_row2>-0.0975859,0.335153,0.937096</userorientation_row2>
        </userorientation>
      </transform>
      <snapped>false</snapped>
    </blockref>
    <blockref>
      <blockid>flora_parts~, fe_cap_01a</blockid>
      <transform>
        <scale>0,927743</scale>
        <position>-0.230916,0.458746,2.657097</position>
        <triangledirection>0.729713,0.262012,0.631559</triangledirection>
        <trianglepickorigin>0,0,0</trianglepickorigin>
        <orientation>
          <row0>0.0905820,-0.995889,-3.31550e-7</row0>
          <row1>0.919357,0.0836209,0.384432</row1>
          <row2>-0.382852,-0.0348230,0.923152</row2>
        </orientation>
        <userorientation>
          <userorientation_row0>0.978996,0.203881,0</userorientation_row0>
          <userorientation_row1>-0.194836,0.935570,0.294528</userorientation_row1>
          <userorientation_row2>0.0600489,-0.288341,0.955642</userorientation_row2>
        </userorientation>
      </transform>
      <snapped>false</snapped>
    </blockref>
    <blockref>
      <blockid>flora_parts~, fe_detail_03</blockid>
      <transform>
        <scale>0,740818</scale>
        <position>0.420240,-0.0151939,1.452103</position>
        <triangledirection>-0.702537,-0.596491,-0.388123</triangledirection>
        <trianglepickorigin>0,0,0</trianglepickorigin>
        <orientation>
          <row0>-0.647229,0.762295,-2.98023e-8</row0>
          <row1>-0.702537,-0.596491,-0.388123</row1>
          <row2>-0.295864,-0.251204,0.921607</row2>
        </orientation>
        <userorientation>
          <userorientation_row0>0.853574,0,-0.520971</userorientation_row0>
          <userorientation_row1>0,1,0</userorientation_row1>
          <userorientation_row2>0.520971,0,0.853574</userorientation_row2>
        </userorientation>
      </transform>
      <snapped>false</snapped>
      <handles count="3">
        <weight channel="DeformAxisUp">0.0162679</weight>
        <weight channel="DeformAxisForward">0.235280</weight>
        <weight channel="DeformAxisLeft">0.508100</weight>
      </handles>
    </blockref>
    <blockref>
      <blockid>flora_parts~, fe_detail_03</blockid>
      <transform>
        <scale>0,637627</scale>
        <position>0.289101,-0.662273,1.829677</position>
        <triangledirection>-0.407528,0.852427,-0.327546</triangledirection>
        <trianglepickorigin>0,0,0</trianglepickorigin>
        <orientation>
          <row0>0.902197,0.431322,4.76837e-7</row0>
          <row1>-0.407528,0.852427,-0.327546</row1>
          <row2>-0.141278,0.295511,0.944834</row2>
        </orientation>
        <userorientation>
          <userorientation_row0>0.927398,0,-0.374076</userorientation_row0>
          <userorientation_row1>0,1,0</userorientation_row1>
          <userorientation_row2>0.374076,0,0.927398</userorientation_row2>
        </userorientation>
      </transform>
      <snapped>false</snapped>
      <handles count="3">
        <weight channel="DeformAxisUp">0.0162679</weight>
        <weight channel="DeformAxisForward">0.418160</weight>
        <weight channel="DeformAxisLeft">0.508100</weight>
      </handles>
    </blockref>
    <blockref>
      <blockid>flora_parts~, fe_detail_03</blockid>
      <transform>
        <scale>0,740818</scale>
        <position>-0.333415,-0.363483,1.150959</position>
        <triangledirection>0.922219,0.365562,-0.126000</triangledirection>
        <trianglepickorigin>0,0,0</trianglepickorigin>
        <orientation>
          <row0>0.368498,-0.929628,-1.93715e-7</row0>
          <row1>0.922219,0.365562,-0.126000</row1>
          <row2>0.117133,0.0464307,0.992030</row2>
        </orientation>
        <userorientation>
          <userorientation_row0>0.927398,0,-0.374076</userorientation_row0>
          <userorientation_row1>0,1,0</userorientation_row1>
          <userorientation_row2>0.374076,0,0.927398</userorientation_row2>
        </userorientation>
      </transform>
      <snapped>false</snapped>
      <handles count="3">
        <weight channel="DeformAxisUp">0.0162679</weight>
        <weight channel="DeformAxisForward">0.418160</weight>
        <weight channel="DeformAxisLeft">0.508100</weight>
      </handles>
    </blockref>
    <blockref>
      <blockid>flora_parts~, fe_detail_03</blockid>
      <transform>
        <scale>0,798516</scale>
        <position>-0.152257,0.452291,0.833190</position>
        <triangledirection>0.101886,-0.806057,-0.583001</triangledirection>
        <trianglepickorigin>0,0,0</trianglepickorigin>
        <orientation>
          <row0>-0.956640,-0.291273,-4.02331e-7</row0>
          <row1>0.238471,-0.783219,-0.574194</row1>
          <row2>0.167247,-0.549297,0.818719</row2>
        </orientation>
        <userorientation>
          <userorientation_row0>0.944965,-0.125679,0.302067</userorientation_row0>
          <userorientation_row1>0.137315,0.990372,-0.0175089</userorientation_row1>
          <userorientation_row2>-0.296959,0.0580229,0.953126</userorientation_row2>
        </userorientation>
      </transform>
      <snapped>false</snapped>
      <handles count="3">
        <weight channel="DeformAxisUp">0.0162679</weight>
        <weight channel="DeformAxisForward">0.418160</weight>
        <weight channel="DeformAxisLeft">0.508100</weight>
      </handles>
    </blockref>
    <blockref>
      <blockid>flora_parts~, fe_detail_03</blockid>
      <transform>
        <scale>0,637627</scale>
        <position>0.343854,-0.484473,0.784607</position>
        <triangledirection>-0.606314,0.749432,0.265955</triangledirection>
        <trianglepickorigin>0,0,0</trianglepickorigin>
        <orientation>
          <row0>0.777432,0.628967,-1.49011e-7</row0>
          <row1>-0.606314,0.749432,0.265955</row1>
          <row2>0.167277,-0.206762,0.963985</row2>
        </orientation>
        <userorientation>
          <userorientation_row0>0.927398,0,-0.374076</userorientation_row0>
          <userorientation_row1>0,1,0</userorientation_row1>
          <userorientation_row2>0.374076,0,0.927398</userorientation_row2>
        </userorientation>
      </transform>
      <snapped>false</snapped>
      <handles count="3">
        <weight channel="DeformAxisUp">0.0162679</weight>
        <weight channel="DeformAxisForward">0.259063</weight>
        <weight channel="DeformAxisLeft">0.508100</weight>
      </handles>
    </blockref>
    <blockref>
      <blockid>flora_parts~, fe_detail_03</blockid>
      <transform>
        <scale>0,548812</scale>
        <position>0.269744,-0.742075,2.735180</position>
        <triangledirection>-0.170509,0.960699,-0.219051</triangledirection>
        <trianglepickorigin>0,0,0</trianglepickorigin>
        <orientation>
          <row0>0.984612,0.174753,1.78813e-7</row0>
          <row1>-0.170509,0.960699,-0.219051</row1>
          <row2>-0.0382800,0.215680,0.975713</row2>
        </orientation>
        <userorientation>
          <userorientation_row0>0.927398,0,-0.374076</userorientation_row0>
          <userorientation_row1>0,1,0</userorientation_row1>
          <userorientation_row2>0.374076,0,0.927398</userorientation_row2>
        </userorientation>
      </transform>
      <snapped>false</snapped>
      <handles count="3">
        <weight channel="DeformAxisUp">0.0162679</weight>
        <weight channel="DeformAxisForward">0.418160</weight>
        <weight channel="DeformAxisLeft">0.508100</weight>
      </handles>
    </blockref>
    <blockref>
      <blockid>flora_parts~, fe_detail_03</blockid>
      <transform>
        <scale>0,509157</scale>
        <position>-0.110775,-0.131746,2.071204</position>
        <triangledirection>0.843342,-0.485766,-0.229794</triangledirection>
        <trianglepickorigin>0,0,0</trianglepickorigin>
        <orientation>
          <row0>-0.499122,-0.866531,4.47034e-8</row0>
          <row1>0.843342,-0.485766,-0.229794</row1>
          <row2>0.199123,-0.114695,0.973239</row2>
        </orientation>
        <userorientation>
          <userorientation_row0>0.927398,0,-0.374076</userorientation_row0>
          <userorientation_row1>0,1,0</userorientation_row1>
          <userorientation_row2>0.374076,0,0.927398</userorientation_row2>
        </userorientation>
      </transform>
      <snapped>false</snapped>
      <handles count="3">
        <weight channel="DeformAxisUp">0.0162679</weight>
        <weight channel="DeformAxisForward">0.418160</weight>
        <weight channel="DeformAxisLeft">0.508100</weight>
      </handles>
    </blockref>
  </blocks></sporemodel>