spore0005438f634740666200b96e83ead816b417ffffffffffffffff0000000ebfdb7ddd06KChangfffffffffffffffe08Mordleff0000000<?xml version="1.0" encoding="UTF-8"?><sporemodel>
  <properties>
    <modeltype>PlantMedium</modeltype>
    <skineffectseed1>1234</skineffectseed1>
    <skineffectseed2>1234</skineffectseed2>
    <skineffectseed3>1234</skineffectseed3>
    <skincolor1>0.576470,0.450979,0.184313</skincolor1>
    <skincolor2>0.478431,0.576470,0.341175</skincolor2>
    <skincolor3>0.803922,0.627451,0.258823</skincolor3>
    <zcorpscore>14</zcorpscore>
  </properties>
  <blocks count="45">
    <blockref>
      <blockid>flora_parts~, fe_root_dummy</blockid>
      <transform>
        <scale>1</scale>
        <position>0,0,0.600000</position>
        <triangledirection>0,1,0</triangledirection>
        <trianglepickorigin>0,0,0</trianglepickorigin>
        <orientation>
          <row0>1,0,0</row0>
          <row1>0,1,0</row1>
          <row2>0,0,1</row2>
        </orientation>
      </transform>
      <snapped>false</snapped>
      <childlist count="5">
        <childid>9</childid>
        <childid>8</childid>
        <childid>6</childid>
        <childid>2</childid>
        <childid>1</childid>
      </childlist>
    </blockref>
    <blockref>
      <blockid>flora_parts~, FE_muscle_branch_04</blockid>
      <transform>
        <limbtype>0</limbtype>
        <musclescale>0.5</musclescale>
        <basemusclescale>1.649999</basemusclescale>
        <scale>1</scale>
        <position>0,0,0.600000</position>
        <triangledirection>-0.195147,0.00614299,0.980754</triangledirection>
        <trianglepickorigin>0,0,0</trianglepickorigin>
        <orientation>
          <row0>-0.0600039,-0.998181,-0.00568726</row0>
          <row1>-0.195147,0.00614299,0.980754</row1>
          <row2>-0.978936,0.0599589,-0.195161</row2>
        </orientation>
      </transform>
      <snapped>true</snapped>
      <childlist count="1">
        <childid>32</childid>
      </childlist>
      <handles count="1">
        <weight channel="longer">0.0975009</weight>
      </handles>
    </blockref>
    <blockref>
      <blockid>flora_parts~, fe_muscle_branch_06</blockid>
      <transform>
        <limbtype>0</limbtype>
        <musclescale>0.0499999</musclescale>
        <basemusclescale>1.649999</basemusclescale>
        <scale>1</scale>
        <position>0,0,0.600000</position>
        <triangledirection>0.663561,0.189092,-0.723830</triangledirection>
        <trianglepickorigin>0,0,0</trianglepickorigin>
        <orientation>
          <row0>0.732870,-0.358663,0.578152</row0>
          <row1>0.663561,0.189092,-0.723830</row1>
          <row2>0.150287,0.914114,0.376575</row2>
        </orientation>
      </transform>
      <snapped>true</snapped>
      <childlist count="7">
        <childid>43</childid>
        <childid>40</childid>
        <childid>34</childid>
        <childid>33</childid>
        <childid>18</childid>
        <childid>4</childid>
        <childid>3</childid>
      </childlist>
      <handles count="1">
        <weight channel="longer">0.117661</weight>
      </handles>
    </blockref>
    <blockref>
      <blockid>flora_parts~, fe_muscle_branch_02</blockid>
      <transform>
        <limbtype>0</limbtype>
        <musclescale>0.100000</musclescale>
        <basemusclescale>1.049999</basemusclescale>
        <scale>1</scale>
        <position>-0.645277,-0.183882,1.303885</position>
        <triangledirection>0.818855,-0.347461,-0.456886</triangledirection>
        <trianglepickorigin>0,0,0</trianglepickorigin>
        <orientation>
          <row0>0.222892,-0.541027,0.810930</row0>
          <row1>0.818855,-0.347461,-0.456886</row1>
          <row2>0.528955,0.765871,0.365576</row2>
        </orientation>
      </transform>
      <snapped>true</snapped>
      <childlist count="3">
        <childid>27</childid>
        <childid>14</childid>
        <childid>11</childid>
      </childlist>
      <handles count="1">
        <weight channel="longer">0.252805</weight>
      </handles>
    </blockref>
    <blockref>
      <blockid>flora_parts~, fe_muscle_branch_02</blockid>
      <transform>
        <limbtype>0</limbtype>
        <musclescale>0.0249999</musclescale>
        <basemusclescale>1.049999</basemusclescale>
        <scale>1</scale>
        <position>-0.645277,-0.183882,1.303885</position>
        <triangledirection>-0.297847,-0.0320329,-0.954075</triangledirection>
        <trianglepickorigin>0,0,0</trianglepickorigin>
        <orientation>
          <row0>0.912477,-0.303206,-0.274681</row0>
          <row1>-0.297847,-0.0320329,-0.954075</row1>
          <row2>0.280483,0.952386,-0.119538</row2>
        </orientation>
      </transform>
      <snapped>true</snapped>
      <childlist count="3">
        <childid>17</childid>
        <childid>13</childid>
        <childid>5</childid>
      </childlist>
      <handles count="1">
        <weight channel="longer">0.155899</weight>
      </handles>
    </blockref>
    <blockref>
      <blockid>Creature_parts~, ce_grasper_null</blockid>
      <transform>
        <basemusclescale>0.699999</basemusclescale>
        <scale>1</scale>
        <position>-0.284161,-0.145044,2.460629</position>
        <triangledirection>-0.454597,-0.143673,-0.879032</triangledirection>
        <trianglepickorigin>0,0,0</trianglepickorigin>
        <orientation>
          <row0>0.870897,-0.278628,-0.404850</row0>
          <row1>-0.454597,-0.143673,-0.879032</row1>
          <row2>0.186756,0.949591,-0.251789</row2>
        </orientation>
      </transform>
      <snapped>true</snapped>
    </blockref>
    <blockref>
      <blockid>flora_parts~, fe_muscle_branch_02</blockid>
      <transform>
        <limbtype>0</limbtype>
        <musclescale>0.150000</musclescale>
        <basemusclescale>1.649999</basemusclescale>
        <scale>1</scale>
        <position>0,0,0.600000</position>
        <triangledirection>-0.107414,0.767723,-0.631713</triangledirection>
        <trianglepickorigin>0,0,0</trianglepickorigin>
        <orientation>
          <row0>0.895000,-0.202018,-0.397697</row0>
          <row1>-0.107414,0.767723,-0.631713</row1>
          <row2>0.432939,0.608102,0.665412</row2>
        </orientation>
      </transform>
      <snapped>true</snapped>
      <childlist count="5">
        <childid>39</childid>
        <childid>38</childid>
        <childid>35</childid>
        <childid>16</childid>
        <childid>7</childid>
      </childlist>
      <handles count="1">
        <weight channel="longer">0.324278</weight>
      </handles>
    </blockref>
    <blockref>
      <blockid>Creature_parts~, ce_grasper_null</blockid>
      <transform>
        <basemusclescale>0.699999</basemusclescale>
        <scale>1</scale>
        <position>0.243743,-1.742094,2.033465</position>
        <triangledirection>-0.815889,-0.567505,-0.110728</triangledirection>
        <trianglepickorigin>0,0,0</trianglepickorigin>
        <orientation>
          <row0>-0.377133,0.667473,-0.642066</row0>
          <row1>-0.815889,-0.567505,-0.110728</row1>
          <row2>-0.438285,0.482096,0.758610</row2>
        </orientation>
      </transform>
      <snapped>true</snapped>
    </blockref>
    <blockref>
      <blockid>flora_parts~, fe_muscle_branch_02</blockid>
      <transform>
        <limbtype>0</limbtype>
        <musclescale>0</musclescale>
        <basemusclescale>1.649999</basemusclescale>
        <scale>1</scale>
        <position>0,0,0.600000</position>
        <triangledirection>-0.622146,-0.165737,-0.765156</triangledirection>
        <trianglepickorigin>0,0,0</trianglepickorigin>
        <orientation>
          <row0>0.773539,0.0205592,-0.633414</row0>
          <row1>-0.622146,-0.165738,-0.765157</row1>
          <row2>-0.120711,0.985955,-0.115413</row2>
        </orientation>
      </transform>
      <snapped>true</snapped>
      <childlist count="5">
        <childid>44</childid>
        <childid>42</childid>
        <childid>37</childid>
        <childid>22</childid>
        <childid>15</childid>
      </childlist>
      <handles count="1">
        <weight channel="longer">0.291711</weight>
      </handles>
    </blockref>
    <blockref>
      <blockid>flora_parts~, fe_muscle_branch_02</blockid>
      <transform>
        <limbtype>0</limbtype>
        <musclescale>0</musclescale>
        <basemusclescale>1.649999</basemusclescale>
        <scale>1</scale>
        <position>0,0,0.600000</position>
        <triangledirection>0.124604,-0.736590,-0.664761</triangledirection>
        <trianglepickorigin>0,0,0</trianglepickorigin>
        <orientation>
          <row0>0.839910,-0.278377,0.465892</row0>
          <row1>0.124604,-0.736590,-0.664761</row1>
          <row2>0.528226,0.616392,-0.583983</row2>
        </orientation>
      </transform>
      <snapped>true</snapped>
      <childlist count="3">
        <childid>41</childid>
        <childid>36</childid>
        <childid>10</childid>
      </childlist>
      <handles count="1">
        <weight channel="longer">0.140357</weight>
      </handles>
    </blockref>
    <blockref>
      <blockid>flora_parts~, fe_muscle_branch_02</blockid>
      <transform>
        <limbtype>0</limbtype>
        <musclescale>0</musclescale>
        <basemusclescale>0.900000</basemusclescale>
        <scale>1</scale>
        <position>-0.138919,0.821210,1.341130</position>
        <triangledirection>0.752271,-0.528553,-0.393341</triangledirection>
        <trianglepickorigin>0,0,0</trianglepickorigin>
        <orientation>
          <row0>0.640657,0.447496,0.623942</row0>
          <row1>0.752271,-0.528553,-0.393341</row1>
          <row2>0.153768,0.721372,-0.675261</row2>
        </orientation>
      </transform>
      <snapped>true</snapped>
      <childlist count="2">
        <childid>20</childid>
        <childid>12</childid>
      </childlist>
      <handles count="1">
        <weight channel="longer">0.0452649</weight>
      </handles>
    </blockref>
    <blockref>
      <blockid>Creature_parts~, ce_grasper_null</blockid>
      <transform>
        <basemusclescale>0.800000</basemusclescale>
        <scale>1</scale>
        <position>-2.136091,0.448708,2.135696</position>
        <triangledirection>9.99999e-7,-9.99999e-7,-1</triangledirection>
        <trianglepickorigin>0,0,0</trianglepickorigin>
        <orientation>
          <row0>0.993101,-0.117255,1.11035e-6</row0>
          <row1>9.99999e-7,-9.99999e-7,-1</row1>
          <row2>0.117255,0.993101,-8.75845e-7</row2>
        </orientation>
      </transform>
      <snapped>true</snapped>
    </blockref>
    <blockref>
      <blockid>flora_parts~, fe_leaf_04</blockid>
      <transform>
        <scale>0,798516</scale>
        <position>-0.167318,0.905058,1.521197</position>
        <triangledirection>-0.271144,-0.450619,-0.850543</triangledirection>
        <trianglepickorigin>0,0,0</trianglepickorigin>
        <orientation>
          <row0>-0.113691,0.993516,-5.82635e-6</row0>
          <row1>-0.548396,-0.0627597,-0.833860</row1>
          <row2>-0.828453,-0.0947996,0.551975</row2>
        </orientation>
        <userorientation>
          <userorientation_row0>0.605180,0.104671,-0.789177</userorientation_row0>
          <userorientation_row1>-0.416866,0.886209,-0.202130</userorientation_row1>
          <userorientation_row2>0.678220,0.451306,0.579949</userorientation_row2>
        </userorientation>
      </transform>
      <snapped>false</snapped>
      <handles count="2">
        <weight channel="DeformAxisLeft">1</weight>
        <weight channel="DeformAxisForward">0.862807</weight>
      </handles>
    </blockref>
    <blockref>
      <blockid>flora_parts~, fe_leaf_04</blockid>
      <transform>
        <scale>0,927744</scale>
        <position>-0.234197,-0.166808,2.475444</position>
        <triangledirection>-0.121489,0.207711,-0.970615</triangledirection>
        <trianglepickorigin>0,0,0</trianglepickorigin>
        <orientation>
          <row0>0.361013,0.925586,0.113841</row0>
          <row1>-0.680668,0.344975,-0.646284</row1>
          <row2>-0.637463,0.155829,0.754557</row2>
        </orientation>
        <userorientation>
          <userorientation_row0>-0.188248,-0.606280,-0.772647</userorientation_row0>
          <userorientation_row1>0.0378989,0.781642,-0.622572</userorientation_row1>
          <userorientation_row2>0.981389,-0.146481,-0.124166</userorientation_row2>
        </userorientation>
      </transform>
      <snapped>false</snapped>
      <handles count="2">
        <weight channel="DeformAxisLeft">1</weight>
        <weight channel="DeformAxisForward">0.511357</weight>
      </handles>
    </blockref>
    <blockref>
      <blockid>flora_parts~, fe_leaf_04</blockid>
      <transform>
        <scale>0,740818</scale>
        <position>-1.971662,0.476184,2.104691</position>
        <triangledirection>0.408235,0.218385,-0.886370</triangledirection>
        <trianglepickorigin>0,0,0</trianglepickorigin>
        <orientation>
          <row0>-0.959519,0.281641,-8.79168e-7</row0>
          <row1>-0.254000,-0.865351,-0.432032</row1>
          <row2>-0.121678,-0.414543,0.901858</row2>
        </orientation>
        <userorientation>
          <userorientation_row0>0.384589,-0.896177,-0.221257</userorientation_row0>
          <userorientation_row1>-0.330203,0.0902680,-0.939584</userorientation_row1>
          <userorientation_row2>0.862006,0.434415,-0.261203</userorientation_row2>
        </userorientation>
      </transform>
      <snapped>false</snapped>
      <handles count="2">
        <weight channel="DeformAxisLeft">1</weight>
        <weight channel="DeformAxisForward">0.571027</weight>
      </handles>
    </blockref>
    <blockref>
      <blockid>flora_parts~, fe_leaf_04</blockid>
      <transform>
        <scale>0,740818</scale>
        <position>1.293640,0.342685,2.102058</position>
        <triangledirection>-0.300436,0.125457,-0.945515</triangledirection>
        <trianglepickorigin>0,0,0</trianglepickorigin>
        <orientation>
          <row0>-0.427125,0.904192,-1.63912e-7</row0>
          <row1>-0.898627,-0.424496,-0.110780</row1>
          <row2>-0.100166,-0.0473167,0.993844</row2>
        </orientation>
        <userorientation>
          <userorientation_row0>0.0966909,-0.946812,-0.306917</userorientation_row0>
          <userorientation_row1>0.241762,0.321467,-0.915538</userorientation_row1>
          <userorientation_row2>0.965506,0.0143229,0.259985</userorientation_row2>
        </userorientation>
      </transform>
      <snapped>false</snapped>
      <childlist count="1">
        <childid>31</childid>
      </childlist>
      <handles count="2">
        <weight channel="DeformAxisLeft">1</weight>
        <weight channel="DeformAxisForward">0.666602</weight>
      </handles>
    </blockref>
    <blockref>
      <blockid>flora_parts~, fe_leaf_04</blockid>
      <transform>
        <scale>0,740819</scale>
        <position>0.206476,-1.727322,1.989662</position>
        <triangledirection>-0.00762281,0.388565,-0.921389</triangledirection>
        <trianglepickorigin>0,0,0</trianglepickorigin>
        <orientation>
          <row0>0.870263,-0.492587,-3.42726e-7</row0>
          <row1>0.488410,0.862883,-0.129954</row1>
          <row2>0.0640140,0.113094,0.991520</row2>
        </orientation>
        <userorientation>
          <userorientation_row0>0.804939,-0.431675,-0.407095</userorientation_row0>
          <userorientation_row1>-0.198036,0.451301,-0.870120</userorientation_row1>
          <userorientation_row2>0.559332,0.781013,0.277783</userorientation_row2>
        </userorientation>
      </transform>
      <snapped>false</snapped>
      <childlist count="1">
        <childid>30</childid>
      </childlist>
      <handles count="2">
        <weight channel="DeformAxisLeft">0.999776</weight>
        <weight channel="DeformAxisForward">0.609242</weight>
      </handles>
    </blockref>
    <blockref>
      <blockid>flora_parts~, fe_leaf_04</blockid>
      <transform>
        <scale>0,927744</scale>
        <position>-0.386366,-0.0582009,2.254829</position>
        <triangledirection>0.272273,-0.479898,-0.834004</triangledirection>
        <trianglepickorigin>0,0,0</trianglepickorigin>
        <orientation>
          <row0>-0.918856,-0.394591,2.44937e-7</row0>
          <row1>0.394462,-0.918557,-0.0255219</row1>
          <row2>0.0100709,-0.0234509,0.999674</row2>
        </orientation>
        <userorientation>
          <userorientation_row0>0.683581,-0.574674,-0.449963</userorientation_row0>
          <userorientation_row1>-0.0608169,0.569502,-0.819736</userorientation_row1>
          <userorientation_row2>0.727336,0.587723,0.354351</userorientation_row2>
        </userorientation>
      </transform>
      <snapped>false</snapped>
      <childlist count="1">
        <childid>28</childid>
      </childlist>
      <handles count="2">
        <weight channel="DeformAxisLeft">1</weight>
        <weight channel="DeformAxisForward">0.557005</weight>
      </handles>
    </blockref>
    <blockref>
      <blockid>flora_parts~, fe_branch_01</blockid>
      <transform>
        <limbtype>2</limbtype>
        <musclescale>0</musclescale>
        <basemusclescale>1.049999</basemusclescale>
        <scale>1</scale>
        <position>-0.645277,-0.183882,1.303885</position>
        <triangledirection>0.398767,0.700401,-0.591963</triangledirection>
        <trianglepickorigin>0,0,0</trianglepickorigin>
        <orientation>
          <row0>0.906957,-0.205693,0.367585</row0>
          <row1>0.398767,0.700401,-0.591963</row1>
          <row2>-0.135694,0.683467,0.717258</row2>
        </orientation>
        <userorientation>
          <userorientation_row0>-0.0519569,0,-0.998649</userorientation_row0>
          <userorientation_row1>0,1,0</userorientation_row1>
          <userorientation_row2>0.998649,0,-0.0519569</userorientation_row2>
        </userorientation>
      </transform>
      <snapped>true</snapped>
      <childlist count="3">
        <childid>29</childid>
        <childid>23</childid>
        <childid>19</childid>
      </childlist>
      <handles count="3">
        <weight channel="DeformAxisForward">0.547229</weight>
        <weight channel="DeformAxisLeft">0.921172</weight>
        <weight channel="0x5e6f7e87">0.398645</weight>
      </handles>
    </blockref>
    <blockref>
      <blockid>Creature_parts~, ce_grasper_null</blockid>
      <transform>
        <basemusclescale>1</basemusclescale>
        <scale>1</scale>
        <position>-1.336404,-1.397786,2.329850</position>
        <triangledirection>0.663561,0.189090,-0.723830</triangledirection>
        <trianglepickorigin>0,0,0</trianglepickorigin>
        <orientation>
          <row0>0.732870,-0.358663,0.578153</row0>
          <row1>0.663561,0.189090,-0.723830</row1>
          <row2>0.150287,0.914114,0.376574</row2>
        </orientation>
      </transform>
      <snapped>true</snapped>
    </blockref>
    <blockref>
      <blockid>flora_parts~, fe_branch_01</blockid>
      <transform>
        <limbtype>2</limbtype>
        <musclescale>0</musclescale>
        <basemusclescale>0.75</basemusclescale>
        <scale>1</scale>
        <position>-0.528659,1.095046,1.544914</position>
        <triangledirection>0.854653,-0.257506,-0.450842</triangledirection>
        <trianglepickorigin>0,0,0</trianglepickorigin>
        <orientation>
          <row0>0.512546,0.557011,0.653478</row0>
          <row1>0.854653,-0.257506,-0.450842</row1>
          <row2>-0.0828496,0.789574,-0.608035</row2>
        </orientation>
      </transform>
      <snapped>true</snapped>
      <childlist count="1">
        <childid>21</childid>
      </childlist>
      <handles count="3">
        <weight channel="DeformAxisForward">0.295386</weight>
        <weight channel="DeformAxisLeft">0.461175</weight>
        <weight channel="0x5e6f7e87">1</weight>
      </handles>
    </blockref>
    <blockref>
      <blockid>Creature_parts~, ce_grasper_null</blockid>
      <transform>
        <basemusclescale>1</basemusclescale>
        <scale>1</scale>
        <position>-1.517012,1.392835,2.066284</position>
        <triangledirection>0.752270,-0.528555,-0.393342</triangledirection>
        <trianglepickorigin>0,0,0</trianglepickorigin>
        <orientation>
          <row0>0.640659,0.447496,0.623940</row0>
          <row1>0.752270,-0.528555,-0.393342</row1>
          <row2>0.153768,0.721370,-0.675262</row2>
        </orientation>
      </transform>
      <snapped>true</snapped>
    </blockref>
    <blockref>
      <blockid>Creature_parts~, ce_grasper_null</blockid>
      <transform>
        <basemusclescale>0.650000</basemusclescale>
        <scale>1</scale>
        <position>1.284594,0.342212,2.179880</position>
        <triangledirection>-0.455646,0.873279,0.172534</triangledirection>
        <trianglepickorigin>0,0,0</trianglepickorigin>
        <orientation>
          <row0>0.309664,0.337220,-0.889039</row0>
          <row1>-0.455646,0.873279,0.172534</row1>
          <row2>0.834562,0.351659,0.424077</row2>
        </orientation>
      </transform>
      <snapped>true</snapped>
    </blockref>
    <blockref>
      <blockid>flora_parts~, fe_leaf_04</blockid>
      <transform>
        <scale>0,860707</scale>
        <position>-1.289077,-1.369338,2.338364</position>
        <triangledirection>0.242188,0.253037,-0.936652</triangledirection>
        <trianglepickorigin>0,0,0</trianglepickorigin>
        <orientation>
          <row0>0.838600,-0.544746,9.38773e-7</row0>
          <row1>0.473877,0.729502,-0.493219</row1>
          <row2>0.268678,0.413614,0.869905</row2>
        </orientation>
        <userorientation>
          <userorientation_row0>0.548524,0.512649,0.660539</userorientation_row0>
          <userorientation_row1>0.0652570,0.761333,-0.645068</userorientation_row1>
          <userorientation_row2>-0.833585,0.396940,0.384155</userorientation_row2>
        </userorientation>
      </transform>
      <snapped>false</snapped>
      <handles count="2">
        <weight channel="DeformAxisLeft">0.999776</weight>
        <weight channel="DeformAxisForward">0.151715</weight>
      </handles>
    </blockref>
    <blockref>
      <blockid>flora_parts~, fe_root_dummy</blockid>
      <transform>
        <scale>1</scale>
        <position>0,0,0.600000</position>
        <triangledirection>0,1,0</triangledirection>
        <trianglepickorigin>0,0,0</trianglepickorigin>
        <orientation>
          <row0>1,0,0</row0>
          <row1>0,1,0</row1>
          <row2>0,0,1</row2>
        </orientation>
      </transform>
      <snapped>false</snapped>
      <childlist count="1">
        <childid>25</childid>
      </childlist>
    </blockref>
    <blockref>
      <blockid>flora_parts~, FE_muscle_branch_04</blockid>
      <transform>
        <limbtype>0</limbtype>
        <musclescale>0.425000</musclescale>
        <basemusclescale>1.849999</basemusclescale>
        <scale>1</scale>
        <position>0,0,0.600000</position>
        <triangledirection>-0.00436399,0.0160359,0.999861</triangledirection>
        <trianglepickorigin>0,0,0</trianglepickorigin>
        <orientation>
          <row0>-0.0934408,-0.995503,0.0155582</row0>
          <row1>-0.00436399,0.0160359,0.999861</row1>
          <row2>-0.995615,0.0933600,-0.00584279</row2>
        </orientation>
      </transform>
      <snapped>true</snapped>
      <childlist count="1">
        <childid>26</childid>
      </childlist>
      <handles count="1">
        <weight channel="longer">0.317331</weight>
      </handles>
    </blockref>
    <blockref>
      <blockid>Creature_parts~, ce_grasper_null</blockid>
      <transform>
        <basemusclescale>0.5</basemusclescale>
        <scale>1</scale>
        <position>0.00971199,-0.0356899,-1.625260</position>
        <triangledirection>0,0,-1</triangledirection>
        <trianglepickorigin>0,0,0</trianglepickorigin>
        <orientation>
          <row0>1,0,0</row0>
          <row1>0,0,-1</row1>
          <row2>0,1,0</row2>
        </orientation>
      </transform>
      <snapped>true</snapped>
    </blockref>
    <blockref>
      <blockid>flora_parts~, fe_cap_01a</blockid>
      <transform>
        <scale>1</scale>
        <position>-1.952435,0.244414,2.099910</position>
        <triangledirection>0.212528,0.974750,-0.0685139</triangledirection>
        <trianglepickorigin>0,0,0</trianglepickorigin>
        <orientation>
          <row0>0.992584,-0.121558,7.41332e-7</row0>
          <row1>0.105643,0.862634,-0.494673</row1>
          <row2>0.0601309,0.491005,0.869078</row2>
        </orientation>
        <userorientation>
          <userorientation_row0>0.955381,0.0422489,-0.292338</userorientation_row0>
          <userorientation_row1>0.0924639,0.897196,0.431843</userorientation_row1>
          <userorientation_row2>0.280530,-0.439605,0.853258</userorientation_row2>
        </userorientation>
      </transform>
      <snapped>false</snapped>
    </blockref>
    <blockref>
      <blockid>flora_parts~, fe_cap_01a</blockid>
      <transform>
        <scale>1</scale>
        <position>-0.390165,0.136176,2.514513</position>
        <triangledirection>-0.185500,-0.858812,0.477526</triangledirection>
        <trianglepickorigin>0,0,0</trianglepickorigin>
        <orientation>
          <row0>-0.978398,0.206549,-0.00859898</row0>
          <row1>-0.185500,-0.858812,0.477526</row1>
          <row2>0.0912480,0.468806,0.878575</row2>
        </orientation>
      </transform>
      <snapped>false</snapped>
    </blockref>
    <blockref>
      <blockid>flora_parts~, fe_cap_01a</blockid>
      <transform>
        <scale>1</scale>
        <position>-1.401080,-1.317426,2.238894</position>
        <triangledirection>0.968546,-0.190010,0.160664</triangledirection>
        <trianglepickorigin>0,0,0</trianglepickorigin>
        <orientation>
          <row0>-0.192512,-0.981294,2.15508e-6</row0>
          <row1>0.968546,-0.190010,0.160664</row1>
          <row2>-0.157659,0.0309320,0.987009</row2>
        </orientation>
      </transform>
      <snapped>false</snapped>
    </blockref>
    <blockref>
      <blockid>flora_parts~, fe_cap_01a</blockid>
      <transform>
        <scale>1</scale>
        <position>0.437373,-2.155660,2.564011</position>
        <triangledirection>-0.559934,0.337407,0.756722</triangledirection>
        <trianglepickorigin>0,0,0</trianglepickorigin>
        <orientation>
          <row0>-0.0951308,0.881102,-0.463258</row0>
          <row1>-0.559934,0.337407,0.756722</row1>
          <row2>0.823057,0.331382,0.461262</row2>
        </orientation>
      </transform>
      <snapped>false</snapped>
    </blockref>
    <blockref>
      <blockid>flora_parts~, fe_cap_01a</blockid>
      <transform>
        <scale>1</scale>
        <position>1.459560,0.185319,2.649955</position>
        <triangledirection>-0.614508,0.691903,0.379009</triangledirection>
        <trianglepickorigin>0,0,0</trianglepickorigin>
        <orientation>
          <row0>0.747686,0.664051,4.32133e-7</row0>
          <row1>-0.614508,0.691903,0.379009</row1>
          <row2>0.251681,-0.283380,0.925392</row2>
        </orientation>
      </transform>
      <snapped>false</snapped>
    </blockref>
    <blockref>
      <blockid>Creature_parts~, ce_grasper_null</blockid>
      <transform>
        <basemusclescale>1.299999</basemusclescale>
        <scale>1</scale>
        <position>0.165078,-0.00519599,-0.229636</position>
        <triangledirection>-0.995587,0.0799029,0.0492009</triangledirection>
        <trianglepickorigin>0,0,0</trianglepickorigin>
        <orientation>
          <row0>-0.0846755,-0.990956,-0.104095</row0>
          <row1>-0.995587,0.0799029,0.0492009</row1>
          <row2>-0.0404385,0.107801,-0.993349</row2>
        </orientation>
      </transform>
      <snapped>true</snapped>
    </blockref>
    <blockref>
      <blockid>flora_parts~, fe_detail_04</blockid>
      <transform>
        <scale>1</scale>
        <position>-0.824026,-0.0144649,1.192963</position>
        <triangledirection>0.548814,-0.197403,0.812301</triangledirection>
        <trianglepickorigin>0,0,0</trianglepickorigin>
        <orientation>
          <row0>-0.415411,-0.909633,2.01165e-7</row0>
          <row1>0.890959,-0.406882,0.201587</row1>
          <row2>-0.183371,0.0837420,0.979470</row2>
        </orientation>
        <userorientation>
          <userorientation_row0>0.997522,0.000779999,0.0703459</userorientation_row0>
          <userorientation_row1>-0.0484189,0.733042,0.678458</userorientation_row1>
          <userorientation_row2>-0.0510379,-0.680182,0.731262</userorientation_row2>
        </userorientation>
      </transform>
      <snapped>false</snapped>
      <handles count="4">
        <weight channel="Stretch">1</weight>
        <weight channel="Thicken">1</weight>
        <weight channel="tweak_side">0.516528</weight>
        <weight channel="tweak_top_bottom">0.115291</weight>
      </handles>
    </blockref>
    <blockref>
      <blockid>flora_parts~, fe_detail_04</blockid>
      <transform>
        <scale>0,927743</scale>
        <position>-0.415912,0.284456,0.847184</position>
        <triangledirection>0.312796,-0.560501,0.766809</triangledirection>
        <trianglepickorigin>0,0,0</trianglepickorigin>
        <orientation>
          <row0>-0.694849,-0.719155,1.37835e-7</row0>
          <row1>0.718291,-0.694014,-0.0489919</row1>
          <row2>0.0352329,-0.0340419,0.998799</row2>
        </orientation>
        <userorientation>
          <userorientation_row0>0.975496,-0.0108869,-0.219750</userorientation_row0>
          <userorientation_row1>0.185741,0.576107,0.795989</userorientation_row1>
          <userorientation_row2>0.117934,-0.817302,0.564012</userorientation_row2>
        </userorientation>
      </transform>
      <snapped>false</snapped>
      <handles count="4">
        <weight channel="Stretch">1</weight>
        <weight channel="Thicken">1</weight>
        <weight channel="tweak_side">0.516528</weight>
        <weight channel="tweak_top_bottom">0.115291</weight>
      </handles>
    </blockref>
    <blockref>
      <blockid>flora_parts~, fe_detail_04</blockid>
      <transform>
        <scale>0,927744</scale>
        <position>0.160125,-1.110527,1.214398</position>
        <triangledirection>0.0813199,0.252044,0.964293</triangledirection>
        <trianglepickorigin>0,0,0</trianglepickorigin>
        <orientation>
          <row0>0.984135,0.177419,-3.05473e-7</row0>
          <row1>-0.0911530,0.505622,0.857926</row1>
          <row2>0.152212,-0.844315,0.513772</row2>
        </orientation>
        <userorientation>
          <userorientation_row0>0.983005,-0.0776430,-0.166352</userorientation_row0>
          <userorientation_row1>0.124747,0.947319,0.295001</userorientation_row1>
          <userorientation_row2>0.134684,-0.310739,0.940905</userorientation_row2>
        </userorientation>
      </transform>
      <snapped>false</snapped>
      <handles count="4">
        <weight channel="Stretch">1</weight>
        <weight channel="Thicken">0.700176</weight>
        <weight channel="tweak_side">0.516528</weight>
        <weight channel="tweak_top_bottom">0.115291</weight>
      </handles>
    </blockref>
    <blockref>
      <blockid>flora_parts~, fe_detail_04</blockid>
      <transform>
        <scale>0,860707</scale>
        <position>-0.0986370,0.845834,1.166732</position>
        <triangledirection>0.107531,-0.532704,0.839442</triangledirection>
        <trianglepickorigin>0,0,0</trianglepickorigin>
        <orientation>
          <row0>-0.997937,0.0641993,3.91155e-8</row0>
          <row1>-0.0600620,-0.933625,0.353180</row1>
          <row2>0.0226739,0.352451,0.935555</row2>
        </orientation>
        <userorientation>
          <userorientation_row0>0.902180,0.352075,-0.249226</userorientation_row0>
          <userorientation_row1>-0.141508,0.787361,0.600031</userorientation_row1>
          <userorientation_row2>0.407487,-0.506067,0.760164</userorientation_row2>
        </userorientation>
      </transform>
      <snapped>false</snapped>
      <handles count="4">
        <weight channel="Stretch">1</weight>
        <weight channel="Thicken">1</weight>
        <weight channel="tweak_side">0.516528</weight>
        <weight channel="tweak_top_bottom">0.115291</weight>
      </handles>
    </blockref>
    <blockref>
      <blockid>flora_parts~, fe_detail_04</blockid>
      <transform>
        <scale>1</scale>
        <position>0.788370,0.170483,1.281447</position>
        <triangledirection>-0.370010,-0.242862,0.896722</triangledirection>
        <trianglepickorigin>0,0,0</trianglepickorigin>
        <orientation>
          <row0>0.00650391,0.999978,2.63098e-7</row0>
          <row1>-0.655467,0.00426299,0.755210</row1>
          <row2>0.755194,-0.00491199,0.655481</row2>
        </orientation>
        <userorientation>
          <userorientation_row0>0.967038,0.254379,0.0112410</userorientation_row0>
          <userorientation_row1>-0.245264,0.918709,0.309547</userorientation_row1>
          <userorientation_row2>0.0684159,-0.302101,0.950818</userorientation_row2>
        </userorientation>
      </transform>
      <snapped>false</snapped>
      <handles count="4">
        <weight channel="Stretch">1</weight>
        <weight channel="Thicken">1</weight>
        <weight channel="tweak_side">0.276689</weight>
        <weight channel="tweak_top_bottom">0.115291</weight>
      </handles>
    </blockref>
    <blockref>
      <blockid>flora_parts~, fe_detail_04</blockid>
      <transform>
        <scale>0,687288</scale>
        <position>0.168950,-0.481501,0.696017</position>
        <triangledirection>-0.198924,0.308195,0.930293</triangledirection>
        <trianglepickorigin>0,0,0</trianglepickorigin>
        <orientation>
          <row0>0.610867,0.791732,5.96046e-8</row0>
          <row1>-0.434502,0.335243,0.835953</row1>
          <row2>0.661852,-0.510657,0.548799</row2>
        </orientation>
        <userorientation>
          <userorientation_row0>0.768494,-0.233685,0.595657</userorientation_row0>
          <userorientation_row1>0.122492,0.967436,0.221503</userorientation_row1>
          <userorientation_row2>-0.628023,-0.0972609,0.772092</userorientation_row2>
        </userorientation>
      </transform>
      <snapped>false</snapped>
      <handles count="4">
        <weight channel="Stretch">1</weight>
        <weight channel="Thicken">1</weight>
        <weight channel="tweak_side">0.276689</weight>
        <weight channel="tweak_top_bottom">0.115291</weight>
      </handles>
    </blockref>
    <blockref>
      <blockid>flora_parts~, fe_detail_04</blockid>
      <transform>
        <scale>0,687288</scale>
        <position>-0.111237,-0.703769,0.943337</position>
        <triangledirection>0.416293,0.411754,0.810652</triangledirection>
        <trianglepickorigin>0,0,0</trianglepickorigin>
        <orientation>
          <row0>0.704791,-0.709414,-2.98023e-8</row0>
          <row1>0.675258,0.670858,0.306555</row1>
          <row2>-0.217474,-0.216057,0.951852</row2>
        </orientation>
        <userorientation>
          <userorientation_row0>0.998752,0.0285219,-0.0410019</userorientation_row0>
          <userorientation_row1>0.00129599,0.805844,0.592126</userorientation_row1>
          <userorientation_row2>0.0499299,-0.591439,0.804802</userorientation_row2>
        </userorientation>
      </transform>
      <snapped>false</snapped>
      <handles count="4">
        <weight channel="Stretch">1</weight>
        <weight channel="Thicken">1</weight>
        <weight channel="tweak_side">0.276689</weight>
        <weight channel="tweak_top_bottom">0.115291</weight>
      </handles>
    </blockref>
    <blockref>
      <blockid>flora_parts~, fe_detail_04</blockid>
      <transform>
        <scale>0,687288</scale>
        <position>-0.457335,-0.0729799,0.500099</position>
        <triangledirection>0.354901,-0.0334823,0.934303</triangledirection>
        <trianglepickorigin>0,0,0</trianglepickorigin>
        <orientation>
          <row0>0.0750071,-0.997182,-1.45286e-7</row0>
          <row1>0.790665,0.0594730,0.609353</row1>
          <row2>-0.607636,-0.0457059,0.792898</row2>
        </orientation>
        <userorientation>
          <userorientation_row0>0.997953,-0.0626209,-0.0128849</userorientation_row0>
          <userorientation_row1>0.0600079,0.847937,0.526687</userorientation_row1>
          <userorientation_row2>-0.0220560,-0.526383,0.849961</userorientation_row2>
        </userorientation>
      </transform>
      <snapped>false</snapped>
      <handles count="4">
        <weight channel="Stretch">1</weight>
        <weight channel="Thicken">1</weight>
        <weight channel="tweak_side">0.276689</weight>
        <weight channel="tweak_top_bottom">0.115291</weight>
      </handles>
    </blockref>
    <blockref>
      <blockid>flora_parts~, fe_detail_04</blockid>
      <transform>
        <scale>0,687288</scale>
        <position>0.0151819,0.525627,0.752506</position>
        <triangledirection>0.0183507,-0.254544,0.966886</triangledirection>
        <trianglepickorigin>0,0,0</trianglepickorigin>
        <orientation>
          <row0>-0.962312,0.271945,3.35276e-7</row0>
          <row1>-0.250725,-0.887222,0.387264</row1>
          <row2>0.105315,0.372669,0.921968</row2>
        </orientation>
        <userorientation>
          <userorientation_row0>0.995302,0.0175339,0.0952130</userorientation_row0>
          <userorientation_row1>-0.0868809,0.595676,0.798511</userorientation_row1>
          <userorientation_row2>-0.0427149,-0.803032,0.594402</userorientation_row2>
        </userorientation>
      </transform>
      <snapped>false</snapped>
      <handles count="4">
        <weight channel="Stretch">1</weight>
        <weight channel="Thicken">1</weight>
        <weight channel="tweak_side">0.276689</weight>
        <weight channel="tweak_top_bottom">0.115291</weight>
      </handles>
    </blockref>
    <blockref>
      <blockid>flora_parts~, fe_detail_04</blockid>
      <transform>
        <scale>0,687288</scale>
        <position>0.360982,0.219707,0.770749</position>
        <triangledirection>-0.445895,-0.174736,0.877863</triangledirection>
        <trianglepickorigin>0,0,0</trianglepickorigin>
        <orientation>
          <row0>-0.822304,0.569047,3.72529e-7</row0>
          <row1>-0.427905,-0.618347,0.659199</row1>
          <row2>0.375115,0.542062,0.751968</row2>
        </orientation>
        <userorientation>
          <userorientation_row0>0.608047,-0.474086,0.636804</userorientation_row0>
          <userorientation_row1>0.267228,0.877535,0.398144</userorientation_row1>
          <userorientation_row2>-0.747574,-0.0719180,0.660272</userorientation_row2>
        </userorientation>
      </transform>
      <snapped>false</snapped>
      <handles count="4">
        <weight channel="Stretch">1</weight>
        <weight channel="Thicken">1</weight>
        <weight channel="tweak_side">0.276689</weight>
        <weight channel="tweak_top_bottom">0.115291</weight>
      </handles>
    </blockref>
    <blockref>
      <blockid>flora_parts~, fe_detail_04</blockid>
      <transform>
        <scale>0,927744</scale>
        <position>-0.571960,-0.405966,0.984245</position>
        <triangledirection>0.347405,0.379840,0.857338</triangledirection>
        <trianglepickorigin>0,0,0</trianglepickorigin>
        <orientation>
          <row0>0.944607,-0.328201,-2.75671e-7</row0>
          <row1>0.310005,0.892239,0.328335</row1>
          <row2>-0.107759,-0.310148,0.944561</row2>
        </orientation>
        <userorientation>
          <userorientation_row0>0.889038,-0.417463,0.187970</userorientation_row0>
          <userorientation_row1>0.203498,0.728102,0.654565</userorientation_row1>
          <userorientation_row2>-0.410118,-0.543682,0.732264</userorientation_row2>
        </userorientation>
      </transform>
      <snapped>false</snapped>
      <handles count="4">
