spore0005438f6347406662005f15f5afd816b417ffffffffffffffff0000000ebfdb7dc206KChangfffffffffffffffe08Lewshirb0000000<?xml version="1.0" encoding="UTF-8"?><sporemodel>
  <properties>
    <modeltype>PlantSmall</modeltype>
    <skineffectseed1>1234</skineffectseed1>
    <skineffectseed2>1234</skineffectseed2>
    <skineffectseed3>1234</skineffectseed3>
    <skincolor1>0.443136,0.321568,0.345097</skincolor1>
    <skincolor2>0.274510,0.443136,0.262744</skincolor2>
    <skincolor3>0.674510,0.850979,0.427451</skincolor3>
    <zcorpscore>29</zcorpscore>
  </properties>
  <blocks count="22">
    <blockref>
      <blockid>flora_parts~, fe_root_dummy</blockid>
      <transform>
        <scale>1</scale>
        <position>0,0,0.600000</position>
        <triangledirection>0,1,0</triangledirection>
        <trianglepickorigin>0,0,0</trianglepickorigin>
        <orientation>
          <row0>1,0,0</row0>
          <row1>0,1,0</row1>
          <row2>0,0,1</row2>
        </orientation>
      </transform>
      <snapped>false</snapped>
      <childlist count="1">
        <childid>1</childid>
      </childlist>
    </blockref>
    <blockref>
      <blockid>flora_parts~, FE_muscle_branch_04</blockid>
      <transform>
        <limbtype>0</limbtype>
        <musclescale>0.425000</musclescale>
        <basemusclescale>1.200000</basemusclescale>
        <scale>1</scale>
        <position>0,0,0.600000</position>
        <triangledirection>0.00436399,0.0160359,0.999861</triangledirection>
        <trianglepickorigin>0,0,0</trianglepickorigin>
        <orientation>
          <row0>-0.0934408,0.995503,-0.0155582</row0>
          <row1>0.00436399,0.0160359,0.999861</row1>
          <row2>0.995615,0.0933600,-0.00584279</row2>
        </orientation>
      </transform>
      <snapped>true</snapped>
      <childlist count="12">
        <childid>13</childid>
        <childid>12</childid>
        <childid>11</childid>
        <childid>10</childid>
        <childid>9</childid>
        <childid>8</childid>
        <childid>7</childid>
        <childid>6</childid>
        <childid>5</childid>
        <childid>4</childid>
        <childid>3</childid>
        <childid>2</childid>
      </childlist>
      <handles count="1">
        <weight channel="longer">0.0672240</weight>
      </handles>
    </blockref>
    <blockref>
      <blockid>Creature_parts~, ce_grasper_null</blockid>
      <transform>
        <basemusclescale>1.849999</basemusclescale>
        <scale>1</scale>
        <position>-0.00286199,-0.0105179,-0.0558049</position>
        <triangledirection>0,0,-1</triangledirection>
        <trianglepickorigin>0,0,0</trianglepickorigin>
        <orientation>
          <row0>1,0,0</row0>
          <row1>0,0,-1</row1>
          <row2>0,1,0</row2>
        </orientation>
      </transform>
      <snapped>true</snapped>
    </blockref>
    <blockref>
      <blockid>flora_parts~, FE_leaf_16</blockid>
      <transform>
        <scale>1,252320</scale>
        <position>0.0575799,-0.0286689,0.757124</position>
        <triangledirection>0.0373106,-0.0703801,-0.996822</triangledirection>
        <trianglepickorigin>0,0,0</trianglepickorigin>
        <orientation>
          <row0>0.492223,0.870468,5.21540e-7</row0>
          <row1>-0.339361,0.191899,-0.920873</row1>
          <row2>-0.801592,0.453275,0.389860</row2>
        </orientation>
        <userorientation>
          <userorientation_row0>0.998845,0.0480500,0</userorientation_row0>
          <userorientation_row1>-0.0428989,0.891779,-0.450431</userorientation_row1>
          <userorientation_row2>-0.0216430,0.449910,0.892811</userorientation_row2>
        </userorientation>
      </transform>
      <snapped>false</snapped>
      <handles count="3">
        <weight channel="DeformAxisLeft">1</weight>
        <weight channel="DeformAxisForward">0</weight>
        <weight channel="DeformAxisUp">1</weight>
      </handles>
    </blockref>
    <blockref>
      <blockid>flora_parts~, fe_detail_04</blockid>
      <transform>
        <scale>1,454989</scale>
        <position>0.178876,0.0583229,0.572867</position>
        <triangledirection>-0.790456,-0.318910,-0.522949</triangledirection>
        <trianglepickorigin>0,0,0</trianglepickorigin>
        <orientation>
          <row0>-0.248408,0.968655,-6.18398e-7</row0>
          <row1>-0.936718,-0.240218,-0.254662</row1>
          <row2>-0.246680,-0.0632599,0.967029</row2>
        </orientation>
        <userorientation>
          <userorientation_row0>-0.993211,-0.0989399,0.0611929</userorientation_row0>
          <userorientation_row1>-0.112557,0.950219,-0.290542</userorientation_row1>
          <userorientation_row2>-0.0293999,-0.295459,-0.954903</userorientation_row2>
        </userorientation>
      </transform>
      <snapped>false</snapped>
      <childlist count="1">
        <childid>19</childid>
      </childlist>
      <handles count="4">
        <weight channel="Stretch">1</weight>
        <weight channel="Thicken">0.888049</weight>
        <weight channel="tweak_side">0.207588</weight>
        <weight channel="tweak_top_bottom">0.175899</weight>
      </handles>
    </blockref>
    <blockref>
      <blockid>flora_parts~, fe_detail_04</blockid>
      <transform>
        <scale>1,454989</scale>
        <position>0.152658,-0.220410,0.455862</position>
        <triangledirection>-0.465968,0.458762,-0.756578</triangledirection>
        <trianglepickorigin>0,0,0</trianglepickorigin>
        <orientation>
          <row0>0.816964,0.576688,2.68220e-7</row0>
          <row1>-0.465662,0.659680,-0.589897</row1>
          <row2>-0.340187,0.481925,0.807477</row2>
        </orientation>
        <userorientation>
          <userorientation_row0>-0.992561,-0.104269,0.0628480</userorientation_row0>
          <userorientation_row1>-0.116117,0.965925,-0.231314</userorientation_row1>
          <userorientation_row2>-0.0365869,-0.236891,-0.970847</userorientation_row2>
        </userorientation>
      </transform>
      <snapped>false</snapped>
      <childlist count="1">
        <childid>18</childid>
      </childlist>
      <handles count="4">
        <weight channel="Stretch">1</weight>
        <weight channel="Thicken">0.933460</weight>
        <weight channel="tweak_side">0.602877</weight>
        <weight channel="tweak_top_bottom">0.175899</weight>
      </handles>
    </blockref>
    <blockref>
      <blockid>flora_parts~, fe_detail_04</blockid>
      <transform>
        <scale>1,454989</scale>
        <position>-0.125631,-0.118083,0.618256</position>
        <triangledirection>0.474330,0.694867,-0.540528</triangledirection>
        <trianglepickorigin>0,0,0</trianglepickorigin>
        <orientation>
          <row0>0.740202,-0.672384,0</row0>
          <row1>0.633803,0.697730,-0.333862</row1>
          <row2>0.224484,0.247126,0.942621</row2>
        </orientation>
        <userorientation>
          <userorientation_row0>-0.973923,-0.0650269,0.217358</userorientation_row0>
          <userorientation_row1>-0.116117,0.965925,-0.231314</userorientation_row1>
          <userorientation_row2>-0.194909,-0.250521,-0.948288</userorientation_row2>
        </userorientation>
      </transform>
      <snapped>false</snapped>
      <childlist count="1">
        <childid>17</childid>
      </childlist>
      <handles count="4">
        <weight channel="Stretch">1</weight>
        <weight channel="Thicken">0.933460</weight>
        <weight channel="tweak_side">0.689832</weight>
        <weight channel="tweak_top_bottom">0.0776030</weight>
      </handles>
    </blockref>
    <blockref>
      <blockid>flora_parts~, fe_detail_04</blockid>
      <transform>
        <scale>1,690459</scale>
        <position>-0.163231,0.159344,0.546515</position>
        <triangledirection>0.727139,-0.280694,-0.626481</triangledirection>
        <trianglepickorigin>0,0,0</trianglepickorigin>
        <orientation>
          <row0>-0.699939,-0.714202,5.51342e-7</row0>
          <row1>0.683735,-0.670081,-0.288955</row1>
          <row2>0.206373,-0.202251,0.957342</row2>
        </orientation>
        <userorientation>
          <userorientation_row0>-0.950003,-0.301553,0.0810019</userorientation_row0>
          <userorientation_row1>-0.308481,0.866284,-0.392924</userorientation_row1>
          <userorientation_row2>0.0483170,-0.398267,-0.915996</userorientation_row2>
        </userorientation>
      </transform>
      <snapped>false</snapped>
      <childlist count="1">
        <childid>21</childid>
      </childlist>
      <handles count="4">
        <weight channel="Stretch">1</weight>
        <weight channel="Thicken">0.933460</weight>
        <weight channel="tweak_side">0.134415</weight>
        <weight channel="tweak_top_bottom">0</weight>
      </handles>
    </blockref>
    <blockref>
      <blockid>flora_parts~, fe_detail_04</blockid>
      <transform>
        <scale>1,349849</scale>
        <position>0.0964199,0.208387,0.439045</position>
        <triangledirection>0.0992075,-0.698350,-0.708848</triangledirection>
        <trianglepickorigin>0,0,0</trianglepickorigin>
        <orientation>
          <row0>-0.937104,0.349048,-9.68575e-8</row0>
          <row1>-0.319035,-0.856527,-0.405679</row1>
          <row2>-0.141602,-0.380164,0.914015</row2>
        </orientation>
        <userorientation>
          <userorientation_row0>-0.941473,-0.312382,0.126673</userorientation_row0>
          <userorientation_row1>-0.336726,0.854071,-0.396458</userorientation_row1>
          <userorientation_row2>0.0156580,-0.415908,-0.909271</userorientation_row2>
        </userorientation>
      </transform>
      <snapped>false</snapped>
      <childlist count="1">
        <childid>20</childid>
      </childlist>
      <handles count="4">
        <weight channel="Stretch">1</weight>
        <weight channel="Thicken">0.888049</weight>
        <weight channel="tweak_side">0.550487</weight>
        <weight channel="tweak_top_bottom">0.128960</weight>
      </handles>
    </blockref>
    <blockref>
      <blockid>flora_parts~, FE_leaf_23</blockid>
      <transform>
        <scale>0,740818</scale>
        <position>-0.0550099,-0.281459,0.319977</position>
        <triangledirection>0.467169,0.876571,-0.115653</triangledirection>
        <trianglepickorigin>0,0,0</trianglepickorigin>
        <orientation>
          <row0>0.882493,-0.470325,-4.13507e-7</row0>
          <row1>0.467169,0.876571,-0.115653</row1>
          <row2>0.0543949,0.102062,0.993289</row2>
        </orientation>
        <userorientation>
          <userorientation_row0>0.971132,0,-0.238538</userorientation_row0>
          <userorientation_row1>0,1,0</userorientation_row1>
          <userorientation_row2>0.238538,0,0.971132</userorientation_row2>
        </userorientation>
      </transform>
      <snapped>false</snapped>
      <handles count="4">
        <weight channel="DeformAxisForward">0.906496</weight>
        <weight channel="DeformAxisLeft">1</weight>
        <weight channel="DeformAxisRight">0.422976</weight>
        <weight channel="DeformAxisUp">0.863172</weight>
      </handles>
    </blockref>
    <blockref>
      <blockid>flora_parts~, FE_leaf_23</blockid>
      <transform>
        <scale>0,927743</scale>
        <position>-0.198346,0.0615049,0.267164</position>
        <triangledirection>0.956438,-0.291609,-0.0137590</triangledirection>
        <trianglepickorigin>0,0,0</trianglepickorigin>
        <orientation>
          <row0>-0.167154,-0.985930,-5.40167e-8</row0>
          <row1>0.977463,-0.165718,-0.130776</row1>
          <row2>0.128936,-0.0218599,0.991411</row2>
        </orientation>
        <userorientation>
          <userorientation_row0>0.988199,-0.116302,-0.0996849</userorientation_row0>
          <userorientation_row1>0.127633,0.985008,0.116053</userorientation_row1>
          <userorientation_row2>0.0846930,-0.127407,0.988228</userorientation_row2>
        </userorientation>
      </transform>
      <snapped>false</snapped>
      <handles count="4">
        <weight channel="DeformAxisForward">0.705735</weight>
        <weight channel="DeformAxisLeft">1</weight>
        <weight channel="DeformAxisRight">0.0281009</weight>
        <weight channel="DeformAxisUp">0.873373</weight>
      </handles>
    </blockref>
    <blockref>
      <blockid>flora_parts~, FE_leaf_23</blockid>
      <transform>
        <scale>0,798516</scale>
        <position>-0.105010,0.232077,0.267605</position>
        <triangledirection>0.360906,-0.931518,-0.0449325</triangledirection>
        <trianglepickorigin>0,0,0</trianglepickorigin>
        <orientation>
          <row0>-0.840908,-0.541178,1.38301e-7</row0>
          <row1>0.541103,-0.840792,-0.0165489</row1>
          <row2>0.00895607,-0.0139161,0.999863</row2>
        </orientation>
        <userorientation>
          <userorientation_row0>0.974336,-0.202506,-0.0982859</userorientation_row0>
          <userorientation_row1>0.200627,0.979246,-0.0287309</userorientation_row1>
          <userorientation_row2>0.102064,0.00827499,0.994742</userorientation_row2>
        </userorientation>
      </transform>
      <snapped>false</snapped>
      <handles count="4">
        <weight channel="DeformAxisForward">0.745962</weight>
        <weight channel="DeformAxisLeft">1</weight>
        <weight channel="DeformAxisRight">0.473913</weight>
        <weight channel="DeformAxisUp">0.891726</weight>
      </handles>
    </blockref>
    <blockref>
      <blockid>flora_parts~, FE_leaf_23</blockid>
      <transform>
        <scale>0,860707</scale>
        <position>0.234103,0.177562,0.251574</position>
        <triangledirection>-0.739913,-0.653578,-0.159254</triangledirection>
        <trianglepickorigin>0,0,0</trianglepickorigin>
        <orientation>
          <row0>-0.662028,0.749479,-1.49011e-8</row0>
          <row1>-0.739913,-0.653578,-0.159254</row1>
          <row2>-0.119358,-0.105431,0.987237</row2>
        </orientation>
        <userorientation>
          <userorientation_row0>0.994951,0,-0.100365</userorientation_row0>
          <userorientation_row1>0,1,0</userorientation_row1>
          <userorientation_row2>0.100365,0,0.994951</userorientation_row2>
        </userorientation>
      </transform>
      <snapped>false</snapped>
      <handles count="4">
        <weight channel="DeformAxisForward">0.660034</weight>
        <weight channel="DeformAxisLeft">1</weight>
        <weight channel="DeformAxisRight">0.334987</weight>
        <weight channel="DeformAxisUp">0.891726</weight>
      </handles>
    </blockref>
    <blockref>
      <blockid>flora_parts~, FE_leaf_23</blockid>
      <transform>
        <scale>0,860707</scale>
        <position>0.258719,-0.203123,0.226600</position>
        <triangledirection>-0.851753,0.421117,-0.311729</triangledirection>
        <trianglepickorigin>0,0,0</trianglepickorigin>
        <orientation>
          <row0>0.573946,0.818892,-8.94069e-8</row0>
          <row1>-0.807994,0.566308,0.162598</row1>
          <row2>0.133151,-0.0933231,0.986692</row2>
        </orientation>
        <userorientation>
          <userorientation_row0>0.986045,0.0877719,-0.141459</userorientation_row0>
          <userorientation_row1>-0.144010,0.876007,-0.460293</userorientation_row1>
          <userorientation_row2>0.0835189,0.474242,0.876424</userorientation_row2>
        </userorientation>
      </transform>
      <snapped>false</snapped>
      <handles count="4">
        <weight channel="DeformAxisForward">0.662386</weight>
        <weight channel="DeformAxisLeft">1</weight>
        <weight channel="DeformAxisRight">0.618669</weight>
        <weight channel="DeformAxisUp">0.826144</weight>
      </handles>
    </blockref>
    <blockref>
      <blockid>flora_parts~, fe_cap_02a</blockid>
      <transform>
        <scale>1</scale>
        <position>-1.003390,0.777363,0.772676</position>
        <triangledirection>0.367702,-0.705593,0.605749</triangledirection>
        <trianglepickorigin>0,0,0</trianglepickorigin>
        <orientation>
          <row0>-0.429115,-0.903249,1.19209e-7</row0>
          <row1>0.500102,-0.237588,0.832736</row1>
          <row2>-0.752168,0.357339,0.553669</row2>
        </orientation>
        <userorientation>
          <userorientation_row0>0.874873,-0.449250,0.181027</userorientation_row0>
          <userorientation_row1>0.479539,0.855958,-0.193326</userorientation_row1>
          <userorientation_row2>-0.0680999,0.255945,0.964290</userorientation_row2>
        </userorientation>
      </transform>
      <snapped>false</snapped>
    </blockref>
    <blockref>
      <blockid>flora_parts~, fe_cap_02a</blockid>
      <transform>
        <scale>1</scale>
        <position>1.207915,0.166352,0.730404</position>
        <triangledirection>-0.830324,-0.184757,0.525762</triangledirection>
        <trianglepickorigin>0,0,0</trianglepickorigin>
        <orientation>
          <row0>-0.242023,0.965820,-0.0928248</row0>
          <row1>-0.606518,-0.0759219,0.791435</row1>
          <row2>0.757337,0.247846,0.604163</row2>
        </orientation>
        <userorientation>
          <userorientation_row0>0.999603,0.0281419,0</userorientation_row0>
          <userorientation_row1>-0.0262879,0.933742,-0.356981</userorientation_row1>
          <userorientation_row2>-0.0100459,0.356840,0.934112</userorientation_row2>
        </userorientation>
      </transform>
      <snapped>false</snapped>
    </blockref>
    <blockref>
      <blockid>flora_parts~, fe_cap_02a</blockid>
      <transform>
        <scale>1</scale>
        <position>-1.102571,-0.678168,0.835457</position>
        <triangledirection>0.543777,0.556926,0.627805</triangledirection>
        <trianglepickorigin>0,0,0</trianglepickorigin>
        <orientation>
          <row0>0.219168,-0.975687,4.61935e-7</row0>
          <row1>0.510901,0.114764,0.851944</row1>
          <row2>-0.831231,-0.186719,0.523632</row2>
        </orientation>
        <userorientation>
          <userorientation_row0>0.904885,0.400599,-0.143886</userorientation_row0>
          <userorientation_row1>-0.424207,0.876586,-0.227255</userorientation_row1>
          <userorientation_row2>0.0350899,0.266677,0.963147</userorientation_row2>
        </userorientation>
      </transform>
      <snapped>false</snapped>
    </blockref>
    <blockref>
      <blockid>flora_parts~, FE_leaf_23</blockid>
      <transform>
        <scale>0,740818</scale>
        <position>-0.382398,-0.110647,0.709209</position>
        <triangledirection>0.793640,0.538389,0.283322</triangledirection>
        <trianglepickorigin>0,0,0</trianglepickorigin>
        <orientation>
          <row0>-0.212246,-0.977216,-2.16066e-7</row0>
          <row1>0.888289,-0.192931,0.416795</row1>
          <row2>-0.407299,0.0884631,0.909000</row2>
        </orientation>
        <userorientation>
          <userorientation_row0>0.685555,0.654040,-0.319759</userorientation_row0>
          <userorientation_row1>-0.694570,0.719197,-0.0180820</userorientation_row1>
          <userorientation_row2>0.218143,0.234492,0.947326</userorientation_row2>
        </userorientation>
      </transform>
      <snapped>false</snapped>
      <childlist count="1">
        <childid>16</childid>
      </childlist>
      <handles count="4">
        <weight channel="DeformAxisForward">1</weight>
        <weight channel="DeformAxisLeft">1</weight>
        <weight channel="DeformAxisRight">0.422976</weight>
        <weight channel="DeformAxisUp">0.915031</weight>
      </handles>
    </blockref>
    <blockref>
      <blockid>flora_parts~, FE_leaf_23</blockid>
      <transform>
        <scale>0,687288</scale>
        <position>0.151840,-0.464028,0.536978</position>
        <triangledirection>-0.105669,0.969389,0.221628</triangledirection>
        <trianglepickorigin>0,0,0</trianglepickorigin>
        <orientation>
          <row0>0.978708,-0.205257,-1.41561e-7</row0>
          <row1>0.192020,0.915594,0.353289</row1>
          <row2>-0.0725151,-0.345767,0.935513</row2>
        </orientation>
        <userorientation>
          <userorientation_row0>0.937142,0.271898,-0.218713</userorientation_row0>
          <userorientation_row1>-0.302394,0.945576,-0.120184</userorientation_row1>
          <userorientation_row2>0.174132,0.178767,0.968359</userorientation_row2>
        </userorientation>
      </transform>
      <snapped>false</snapped>
      <handles count="4">
        <weight channel="DeformAxisForward">1</weight>
        <weight channel="DeformAxisLeft">1</weight>
        <weight channel="DeformAxisRight">0.422976</weight>
        <weight channel="DeformAxisUp">0.915031</weight>
      </handles>
    </blockref>
    <blockref>
      <blockid>flora_parts~, FE_leaf_23</blockid>
      <transform>
        <scale>0,637627</scale>
        <position>0.753513,0.246250,0.689916</position>
        <triangledirection>-0.982395,0.0232821,0.185355</triangledirection>
        <trianglepickorigin>0,0,0</trianglepickorigin>
        <orientation>
          <row0>0.686319,0.726687,-0.0298486</row0>
          <row1>-0.572548,0.565140,0.593972</row1>
          <row2>0.448501,-0.390565,0.803931</row2>
        </orientation>
        <userorientation>
          <userorientation_row0>0.748616,0.614555,-0.248787</userorientation_row0>
          <userorientation_row1>-0.662851,0.685723,-0.300686</userorientation_row1>
          <userorientation_row2>-0.0141889,0.390007,0.920702</userorientation_row2>
        </userorientation>
      </transform>
      <snapped>false</snapped>
      <childlist count="1">
        <childid>15</childid>
      </childlist>
      <handles count="4">
        <weight channel="DeformAxisForward">1</weight>
        <weight channel="DeformAxisLeft">1</weight>
        <weight channel="DeformAxisRight">0.572025</weight>
        <weight channel="DeformAxisUp">0.988263</weight>
      </handles>
    </blockref>
    <blockref>
      <blockid>flora_parts~, FE_leaf_23</blockid>
      <transform>
        <scale>0,637627</scale>
        <position>0.126466,0.660884,0.662005</position>
        <triangledirection>-0.0993010,-0.992538,-0.0707672</triangledirection>
        <trianglepickorigin>0,0,0</trianglepickorigin>
        <orientation>
          <row0>-0.478774,0.877938,-1.93715e-7</row0>
          <row1>-0.831765,-0.453594,0.320026</row1>
          <row2>0.280963,0.153220,0.947408</row2>
        </orientation>
        <userorientation>
          <userorientation_row0>0.566235,0.760453,-0.317939</userorientation_row0>
          <userorientation_row1>-0.823844,0.510158,-0.247023</userorientation_row1>
          <userorientation_row2>-0.0256499,0.401807,0.915365</userorientation_row2>
        </userorientation>
      </transform>
      <snapped>false</snapped>
      <handles count="4">
        <weight channel="DeformAxisForward">1</weight>
        <weight channel="DeformAxisLeft">1</weight>
        <weight channel="DeformAxisRight">0.422976</weight>
        <weight channel="DeformAxisUp">0.915031</weight>
      </handles>
    </blockref>
    <blockref>
      <blockid>flora_parts~, FE_leaf_23</blockid>
      <transform>
        <scale>0,637627</scale>
        <position>-0.609777,0.409840,0.631516</position>
        <triangledirection>0.806733,-0.589732,0.0373751</triangledirection>
        <trianglepickorigin>0,0,0</trianglepickorigin>
        <orientation>
          <row0>-0.999561,0.0296131,-3.72529e-9</row0>
          <row1>-0.0257440,-0.868963,0.494206</row1>
          <row2>0.0146349,0.493989,0.869344</row2>
        </orientation>
        <userorientation>
          <userorientation_row0>0.566235,0.760453,-0.317939</userorientation_row0>
          <userorientation_row1>-0.823844,0.510158,-0.247023</userorientation_row1>
          <userorientation_row2>-0.0256499,0.401807,0.915365</userorientation_row2>
        </userorientation>
      </transform>
      <snapped>false</snapped>
      <childlist count="1">
        <childid>14</childid>
      </childlist>
      <handles count="4">
        <weight channel="DeformAxisForward">1</weight>
        <weight channel="DeformAxisLeft">1</weight>
        <weight channel="DeformAxisRight">0.422976</weight>
        <weight channel="DeformAxisUp">0.915031</weight>
      </handles>
    </blockref>
  </blocks></sporemodel>