spore0005438f6347406662009e7c4693d816b417ffffffffffffffff0000000ebfdb7e4f06KChangfffffffffffffffe06Cirruz0000000<?xml version="1.0" encoding="UTF-8"?><sporemodel>
  <properties>
    <modeltype>PlantMedium</modeltype>
    <skineffectseed1>18016</skineffectseed1>
    <skineffectseed2>18016</skineffectseed2>
    <skineffectseed3>18016</skineffectseed3>
    <skincolor1>0.250979,0.282353,0.203922</skincolor1>
    <skincolor2>0.694118,0.545098,0.223528</skincolor2>
    <skincolor3>0.286275,0.576470,0.262744</skincolor3>
    <zcorpscore>14</zcorpscore>
  </properties>
  <blocks count="28">
    <blockref>
      <blockid>flora_parts~, fe_root_dummy</blockid>
      <transform>
        <scale>1</scale>
        <position>0,0,0.600000</position>
        <triangledirection>0,1,0</triangledirection>
        <trianglepickorigin>0,0,0</trianglepickorigin>
        <orientation>
          <row0>1,0,0</row0>
          <row1>0,1,0</row1>
          <row2>0,0,1</row2>
        </orientation>
      </transform>
      <snapped>false</snapped>
      <childlist count="6">
        <childid>12</childid>
        <childid>9</childid>
        <childid>7</childid>
        <childid>5</childid>
        <childid>3</childid>
        <childid>1</childid>
      </childlist>
    </blockref>
    <blockref>
      <blockid>flora_parts~, FE_muscle_branch_04</blockid>
      <transform>
        <limbtype>0</limbtype>
        <musclescale>0.5</musclescale>
        <basemusclescale>1.349999</basemusclescale>
        <scale>1</scale>
        <position>0,0,0.600000</position>
        <triangledirection>0.0268859,0.0305509,0.999171</triangledirection>
        <trianglepickorigin>0,0,0</trianglepickorigin>
        <orientation>
          <row0>0.976802,-0.213227,-0.0197643</row0>
          <row1>0.0268859,0.0305509,0.999171</row1>
          <row2>-0.212446,-0.976524,0.0355751</row2>
        </orientation>
      </transform>
      <snapped>true</snapped>
      <childlist count="1">
        <childid>2</childid>
      </childlist>
      <handles count="1">
        <weight channel="longer">0.0574729</weight>
      </handles>
    </blockref>
    <blockref>
      <blockid>Creature_parts~, ce_grasper_null</blockid>
      <transform>
        <basemusclescale>0.5</basemusclescale>
        <scale>3</scale>
        <position>-0.0159889,-0.0181689,0.00579399</position>
        <triangledirection>0,0,-1</triangledirection>
        <trianglepickorigin>0,0,0</trianglepickorigin>
        <orientation>
          <row0>1,0,0</row0>
          <row1>0,0,-1</row1>
          <row2>0,1,0</row2>
        </orientation>
      </transform>
      <snapped>true</snapped>
    </blockref>
    <blockref>
      <blockid>flora_parts~, fe_muscle_branch_01</blockid>
      <transform>
        <limbtype>0</limbtype>
        <musclescale>0.474999</musclescale>
        <basemusclescale>1.349999</basemusclescale>
        <scale>1</scale>
        <position>0,0,0.600000</position>
        <triangledirection>-0.739933,0.448269,0.501551</triangledirection>
        <trianglepickorigin>0,0,0</trianglepickorigin>
        <orientation>
          <row0>-0.643267,-0.253460,-0.722471</row0>
          <row1>-0.739933,0.448269,0.501551</row1>
          <row2>0.196737,0.857212,-0.475901</row2>
        </orientation>
      </transform>
      <snapped>true</snapped>
      <childlist count="1">
        <childid>4</childid>
      </childlist>
      <handles count="1">
        <weight channel="longer">0.142245</weight>
      </handles>
    </blockref>
    <blockref>
      <blockid>Creature_parts~, ce_grasper_null</blockid>
      <transform>
        <basemusclescale>0.550000</basemusclescale>
        <scale>1</scale>
        <position>0.833705,-0.505077,0.0348879</position>
        <triangledirection>0,0,-1</triangledirection>
        <trianglepickorigin>0,0,0</trianglepickorigin>
        <orientation>
          <row0>1,0,0</row0>
          <row1>0,0,-1</row1>
          <row2>0,1,0</row2>
        </orientation>
      </transform>
      <snapped>true</snapped>
    </blockref>
    <blockref>
      <blockid>flora_parts~, fe_muscle_branch_01</blockid>
      <transform>
        <limbtype>0</limbtype>
        <musclescale>1</musclescale>
        <basemusclescale>1.349999</basemusclescale>
        <scale>1</scale>
        <position>0,0,0.600000</position>
        <triangledirection>0.129384,-0.852477,0.506498</triangledirection>
        <trianglepickorigin>0,0,0</trianglepickorigin>
        <orientation>
          <row0>0.898748,-0.114988,-0.423118</row0>
          <row1>0.129384,-0.852477,0.506498</row1>
          <row2>-0.418941,-0.509959,-0.751285</row2>
        </orientation>
      </transform>
      <snapped>true</snapped>
      <childlist count="1">
        <childid>6</childid>
      </childlist>
      <handles count="1">
        <weight channel="longer">0.162245</weight>
      </handles>
    </blockref>
    <blockref>
      <blockid>Creature_parts~, ce_grasper_null</blockid>
      <transform>
        <basemusclescale>0.5</basemusclescale>
        <scale>1</scale>
        <position>-0.162021,1.067515,-0.0342629</position>
        <triangledirection>0,0,-1</triangledirection>
        <trianglepickorigin>0,0,0</trianglepickorigin>
        <orientation>
          <row0>1,0,0</row0>
          <row1>0,0,-1</row1>
          <row2>0,1,0</row2>
        </orientation>
      </transform>
      <snapped>true</snapped>
    </blockref>
    <blockref>
      <blockid>flora_parts~, fe_muscle_branch_01</blockid>
      <transform>
        <limbtype>0</limbtype>
        <musclescale>0.275000</musclescale>
        <basemusclescale>1.349999</basemusclescale>
        <scale>1</scale>
        <position>0,0,0.600000</position>
        <triangledirection>0.755060,0.430366,0.494640</triangledirection>
        <trianglepickorigin>0,0,0</trianglepickorigin>
        <orientation>
          <row0>-0.528277,-0.0475088,0.847741</row0>
          <row1>0.755060,0.430366,0.494640</row1>
          <row2>-0.388339,0.901402,-0.191480</row2>
        </orientation>
      </transform>
      <snapped>true</snapped>
      <childlist count="1">
        <childid>8</childid>
      </childlist>
      <handles count="1">
        <weight channel="longer">0.162245</weight>
      </handles>
    </blockref>
    <blockref>
      <blockid>Creature_parts~, ce_grasper_null</blockid>
      <transform>
        <basemusclescale>0.5</basemusclescale>
        <scale>1</scale>
        <position>-0.945524,-0.538926,-0.0194119</position>
        <triangledirection>-1.99999e-6,9.99999e-7,-1</triangledirection>
        <trianglepickorigin>0,0,0</trianglepickorigin>
        <orientation>
          <row0>1,1.00000e-6,-1.99999e-6</row0>
          <row1>-1.99999e-6,9.99999e-7,-1</row1>
          <row2>-9.99999e-7,1,1.00000e-6</row2>
        </orientation>
      </transform>
      <snapped>true</snapped>
    </blockref>
    <blockref>
      <blockid>flora_parts~, fe_muscle_branch_01</blockid>
      <transform>
        <limbtype>0</limbtype>
        <musclescale>0.524999</musclescale>
        <basemusclescale>1.349999</basemusclescale>
        <scale>1</scale>
        <position>0,0,0.600000</position>
        <triangledirection>-0.395764,0.675435,-0.622220</triangledirection>
        <trianglepickorigin>0,0,0</trianglepickorigin>
        <orientation>
          <row0>0.863636,0.0433614,-0.502247</row0>
          <row1>-0.395764,0.675435,-0.622220</row1>
          <row2>0.312255,0.736143,0.600491</row2>
        </orientation>
      </transform>
      <snapped>true</snapped>
      <childlist count="2">
        <childid>11</childid>
        <childid>10</childid>
      </childlist>
      <handles count="1">
        <weight channel="longer">0.193008</weight>
      </handles>
    </blockref>
    <blockref>
      <blockid>Creature_parts~, ce_grasper_null</blockid>
      <transform>
        <basemusclescale>0.699999</basemusclescale>
        <scale>1</scale>
        <position>0.572004,-0.976217,1.499305</position>
        <triangledirection>0,0,-1</triangledirection>
        <trianglepickorigin>0,0,0</trianglepickorigin>
        <orientation>
          <row0>1,0,0</row0>
          <row1>0,0,-1</row1>
          <row2>0,1,0</row2>
        </orientation>
      </transform>
      <snapped>true</snapped>
    </blockref>
    <blockref>
      <blockid>flora_parts~, FE_leaf_31</blockid>
      <transform>
        <scale>0,927743</scale>
        <position>0.556285,-0.955026,1.469070</position>
        <triangledirection>-0.415085,0.153052,-0.896816</triangledirection>
        <trianglepickorigin>0,0,0</trianglepickorigin>
        <orientation>
          <row0>0.903423,0.428749,-2.23517e-7</row0>
          <row1>-0.405628,0.854704,-0.323955</row1>
          <row2>-0.138895,0.292668,0.946072</row2>
        </orientation>
        <userorientation>
          <userorientation_row0>-0.949877,-0.228712,0.213128</userorientation_row0>
          <userorientation_row1>-0.309377,0.589712,-0.746006</userorientation_row1>
          <userorientation_row2>0.0449369,-0.774550,-0.630913</userorientation_row2>
        </userorientation>
      </transform>
      <snapped>false</snapped>
      <childlist count="3">
        <childid>24</childid>
        <childid>22</childid>
        <childid>21</childid>
      </childlist>
      <handles count="3">
        <weight channel="DeformAxisLeft">1</weight>
        <weight channel="DeformAxisForward">0.669127</weight>
        <weight channel="DeformAxisUp">0.602944</weight>
      </handles>
    </blockref>
    <blockref>
      <blockid>flora_parts~, FE_muscle_branch_04</blockid>
      <transform>
        <limbtype>0</limbtype>
        <musclescale>0.375</musclescale>
        <basemusclescale>1.349999</basemusclescale>
        <scale>1</scale>
        <position>0,0,0.600000</position>
        <triangledirection>-0.239335,-0.466196,-0.851692</triangledirection>
        <trianglepickorigin>0,0,0</trianglepickorigin>
        <orientation>
          <row0>0.958027,0.0291751,-0.285186</row0>
          <row1>-0.239335,-0.466196,-0.851692</row1>
          <row2>-0.157801,0.884200,-0.439646</row2>
        </orientation>
      </transform>
      <snapped>true</snapped>
      <childlist count="1">
        <childid>14</childid>
      </childlist>
      <handles count="1">
        <weight channel="longer">0.162245</weight>
      </handles>
    </blockref>
    <blockref>
      <blockid>flora_parts~, FE_leaf_31</blockid>
      <transform>
        <scale>1</scale>
        <position>0.0717680,0.589379,2.003859</position>
        <triangledirection>-0.300773,-0.759460,-0.576850</triangledirection>
        <trianglepickorigin>0,0,0</trianglepickorigin>
        <orientation>
          <row0>-0.929742,0.368211,-4.02331e-7</row0>
          <row1>-0.300773,-0.759460,-0.576850</row1>
          <row2>-0.212402,-0.536321,0.816850</row2>
        </orientation>
        <userorientation>
          <userorientation_row0>-0.828301,0,0.560283</userorientation_row0>
          <userorientation_row1>0,1,0</userorientation_row1>
          <userorientation_row2>-0.560283,0,-0.828301</userorientation_row2>
        </userorientation>
      </transform>
      <snapped>false</snapped>
      <childlist count="3">
        <childid>26</childid>
        <childid>25</childid>
        <childid>20</childid>
      </childlist>
      <handles count="3">
        <weight channel="DeformAxisLeft">1</weight>
        <weight channel="DeformAxisForward">0.534242</weight>
        <weight channel="DeformAxisUp">0.523772</weight>
      </handles>
    </blockref>
    <blockref>
      <blockid>flora_parts~, FE_muscle_branch_04</blockid>
      <transform>
        <limbtype>0</limbtype>
        <musclescale>0.449999</musclescale>
        <basemusclescale>0.850000</basemusclescale>
        <scale>1</scale>
        <position>0.299707,0.583793,1.666532</position>
        <triangledirection>0.701856,0.250231,-0.666918</triangledirection>
        <trianglepickorigin>0,0,0</trianglepickorigin>
        <orientation>
          <row0>0.465546,0.547490,0.695356</row0>
          <row1>0.701856,0.250231,-0.666918</row1>
          <row2>-0.539131,0.798522,-0.267764</row2>
        </orientation>
      </transform>
      <snapped>true</snapped>
      <childlist count="3">
        <childid>16</childid>
        <childid>15</childid>
        <childid>13</childid>
      </childlist>
      <handles count="1">
        <weight channel="longer">0.190228</weight>
      </handles>
    </blockref>
    <blockref>
      <blockid>Creature_parts~, ce_grasper_null</blockid>
      <transform>
        <basemusclescale>0.650000</basemusclescale>
        <scale>1</scale>
        <position>-0.702452,0.226495,2.618805</position>
        <triangledirection>-0.416503,-0.236292,-0.877889</triangledirection>
        <trianglepickorigin>0,0,0</trianglepickorigin>
        <orientation>
          <row0>0.905350,-0.0197999,-0.424202</row0>
          <row1>-0.416503,-0.236292,-0.877889</row1>
          <row2>-0.0828538,0.971480,-0.222174</row2>
        </orientation>
      </transform>
      <snapped>true</snapped>
    </blockref>
    <blockref>
      <blockid>flora_parts~, FE_leaf_31</blockid>
      <transform>
        <scale>1</scale>
        <position>-0.732058,0.209298,2.643265</position>
        <triangledirection>0.741496,0.438398,-0.507926</triangledirection>
        <trianglepickorigin>0,0,0</trianglepickorigin>
        <orientation>
          <row0>0.508937,-0.860803,1.93715e-7</row0>
          <row1>0.741496,0.438398,-0.507926</row1>
          <row2>0.437224,0.258502,0.861400</row2>
        </orientation>
        <userorientation>
          <userorientation_row0>-0.256763,0,0.966475</userorientation_row0>
          <userorientation_row1>0,1,0</userorientation_row1>
          <userorientation_row2>-0.966475,0,-0.256763</userorientation_row2>
        </userorientation>
      </transform>
      <snapped>false</snapped>
      <childlist count="5">
        <childid>27</childid>
        <childid>23</childid>
        <childid>19</childid>
        <childid>18</childid>
        <childid>17</childid>
      </childlist>
      <handles count="3">
        <weight channel="DeformAxisLeft">1</weight>
        <weight channel="DeformAxisForward">0.534242</weight>
        <weight channel="DeformAxisUp">0.523772</weight>
      </handles>
    </blockref>
    <blockref>
      <blockid>flora_parts~, FE_leaf_01</blockid>
      <transform>
        <scale>0,509157</scale>
        <position>-1.141399,-0.0583250,2.921528</position>
        <triangledirection>0.452415,0.649198,-0.611442</triangledirection>
        <trianglepickorigin>0,0,0</trianglepickorigin>
        <orientation>
          <row0>0.812209,0.583365,1.86115e-5</row0>
          <row1>-0.533899,0.743352,-0.402961</row1>
          <row2>-0.235087,0.327279,0.915217</row2>
        </orientation>
        <userorientation>
          <userorientation_row0>0.546895,-0.837200,0</userorientation_row0>
          <userorientation_row1>0.746165,0.487426,-0.453491</userorientation_row1>
          <userorientation_row2>0.379663,0.248012,0.891260</userorientation_row2>
        </userorientation>
      </transform>
      <snapped>false</snapped>
      <handles count="3">
        <weight channel="DeformAxisLeft">0.832370</weight>
        <weight channel="DeformAxisUp">0</weight>
        <weight channel="DeformAxisForward">1</weight>
      </handles>
    </blockref>
    <blockref>
      <blockid>flora_parts~, FE_leaf_01</blockid>
      <transform>
        <scale>0,509157</scale>
        <position>-1.071690,0.0687989,3.050822</position>
        <triangledirection>-0.112511,0.127819,-0.985395</triangledirection>
        <trianglepickorigin>0,0,0</trianglepickorigin>
        <orientation>
          <row0>0.825349,0.564622,-4.73856e-6</row0>
          <row1>-0.481913,0.704444,-0.521072</row1>
          <row2>-0.294205,0.430069,0.853512</row2>
        </orientation>
        <userorientation>
          <userorientation_row0>0.676132,0.563997,0.474077</userorientation_row0>
          <userorientation_row1>-0.0206869,0.657725,-0.752973</userorientation_row1>
          <userorientation_row2>-0.736488,0.499303,0.456376</userorientation_row2>
        </userorientation>
      </transform>
      <snapped>false</snapped>
      <handles count="3">
        <weight channel="DeformAxisLeft">0.832370</weight>
        <weight channel="DeformAxisUp">0</weight>
        <weight channel="DeformAxisForward">1</weight>
      </handles>
    </blockref>
    <blockref>
      <blockid>flora_parts~, FE_leaf_01</blockid>
      <transform>
        <scale>0,509157</scale>
        <position>-1.144564,0.216992,3.062985</position>
        <triangledirection>0.492160,-0.564972,-0.662273</triangledirection>
        <trianglepickorigin>0,0,0</trianglepickorigin>
        <orientation>
          <row0>-0.581960,0.813217,-7.90506e-6</row0>
          <row1>-0.801902,-0.573862,0.166235</row1>
          <row2>0.135181,0.0967490,0.986086</row2>
        </orientation>
        <userorientation>
          <userorientation_row0>0.216150,0.844910,-0.489325</userorientation_row0>
          <userorientation_row1>-0.745858,-0.180541,-0.641188</userorientation_row1>
          <userorientation_row2>-0.630089,0.503558,0.591133</userorientation_row2>
        </userorientation>
      </transform>
      <snapped>false</snapped>
      <handles count="3">
        <weight channel="DeformAxisLeft">0.832370</weight>
        <weight channel="DeformAxisUp">0</weight>
        <weight channel="DeformAxisForward">1</weight>
      </handles>
    </blockref>
    <blockref>
      <blockid>flora_parts~, FE_leaf_01</blockid>
      <transform>
        <scale>0,5</scale>
        <position>0.830330,1.150707,2.612116</position>
        <triangledirection>-0.391308,0.207666,-0.896512</triangledirection>
        <trianglepickorigin>0,0,0</trianglepickorigin>
        <orientation>
          <row0>-0.0523635,0.998628,4.72031e-5</row0>
          <row1>-0.671830,-0.0351927,-0.739868</row1>
          <row2>-0.738852,-0.0387738,0.672751</row2>
        </orientation>
        <userorientation>
          <userorientation_row0>0.781089,-0.369949,-0.503001</userorientation_row0>
          <userorientation_row1>0.227829,0.918886,-0.322063</userorientation_row1>
          <userorientation_row2>0.581342,0.136954,0.802032</userorientation_row2>
        </userorientation>
      </transform>
      <snapped>false</snapped>
      <handles count="3">
        <weight channel="DeformAxisLeft">0.832370</weight>
        <weight channel="DeformAxisUp">0</weight>
        <weight channel="DeformAxisForward">1</weight>
      </handles>
    </blockref>
    <blockref>
      <blockid>flora_parts~, FE_leaf_01</blockid>
      <transform>
        <scale>0,5</scale>
        <position>1.551797,-1.355695,2.396193</position>
        <triangledirection>-0.118056,0.513283,-0.850060</triangledirection>
        <trianglepickorigin>0,0,0</trianglepickorigin>
        <orientation>
          <row0>0.128447,0.966430,0.222516</row0>
          <row1>-0.741966,0.242525,-0.625034</row1>
          <row2>-0.658017,-0.0848156,0.748210</row2>
        </orientation>
        <userorientation>
          <userorientation_row0>0.935353,-0.353305,0.0169999</userorientation_row0>
          <userorientation_row1>0.291736,0.743395,-0.601875</userorientation_row1>
          <userorientation_row2>0.200008,0.567925,0.798408</userorientation_row2>
        </userorientation>
      </transform>
      <snapped>false</snapped>
      <handles count="3">
        <weight channel="DeformAxisLeft">0.832370</weight>
        <weight channel="DeformAxisUp">0</weight>
        <weight channel="DeformAxisForward">1</weight>
      </handles>
    </blockref>
    <blockref>
      <blockid>flora_parts~, FE_leaf_01</blockid>
      <transform>
        <scale>0,5</scale>
        <position>0.385833,-1.511590,2.688382</position>
        <triangledirection>0.0499260,0.473383,-0.879440</triangledirection>
        <trianglepickorigin>0,0,0</trianglepickorigin>
        <orientation>
          <row0>0.981975,0.151065,0.113592</row0>
          <row1>-0.145932,0.987912,-0.0522691</row1>
          <row2>-0.120115,0.0347501,0.992151</row2>
        </orientation>
        <userorientation>
          <userorientation_row0>0.950540,-0.277226,-0.140070</userorientation_row0>
          <userorientation_row1>0.0206399,0.506342,-0.862084</userorientation_row1>
          <userorientation_row2>0.309916,0.816555,0.487021</userorientation_row2>
        </userorientation>
      </transform>
      <snapped>false</snapped>
      <handles count="3">
        <weight channel="DeformAxisLeft">0.832370</weight>
        <weight channel="DeformAxisUp">0</weight>
        <weight channel="DeformAxisForward">1</weight>
      </handles>
    </blockref>
    <blockref>
      <blockid>flora_parts~, fe_cap_01a</blockid>
      <transform>
        <scale>0,860707</scale>
        <position>-0.923032,0.184161,2.704629</position>
        <triangledirection>0.586812,-0.691640,0.421053</triangledirection>
        <trianglepickorigin>0,0,0</trianglepickorigin>
        <orientation>
          <row0>-0.762527,-0.646955,-2.98023e-8</row0>
          <row1>0.586812,-0.691640,0.421053</row1>
          <row2>-0.272402,0.321064,0.907036</row2>
        </orientation>
      </transform>
      <snapped>false</snapped>
    </blockref>
    <blockref>
      <blockid>flora_parts~, fe_cap_01a</blockid>
      <transform>
        <scale>0,860707</scale>
        <position>0.716531,-1.136038,2.293256</position>
        <triangledirection>0.778820,-0.0771080,0.622489</triangledirection>
        <trianglepickorigin>0,0,0</trianglepickorigin>
        <orientation>
          <row0>0.0596315,-0.978818,-0.195853</row0>
          <row1>0.778820,-0.0771080,0.622489</row1>
          <row2>-0.624406,-0.189654,0.757725</row2>
        </orientation>
      </transform>
      <snapped>false</snapped>
    </blockref>
    <blockref>
      <blockid>flora_parts~, fe_cap_01a</blockid>
      <transform>
        <scale>0,860707</scale>
        <position>0.162459,1.325489,2.331580</position>
        <triangledirection>0.634824,-0.306457,0.709282</triangledirection>
        <trianglepickorigin>0,0,0</trianglepickorigin>
        <orientation>
          <row0>-0.434737,-0.900557,-1.93715e-7</row0>
          <row1>0.634824,-0.306457,0.709282</row1>
          <row2>-0.638749,0.308351,0.704923</row2>
        </orientation>
      </transform>
      <snapped>false</snapped>
    </blockref>
    <blockref>
      <blockid>flora_parts~, fe_cap_01a</blockid>
      <transform>
        <scale>0,860707</scale>
        <position>0.878467,0.832984,2.504930</position>
        <triangledirection>-0.516744,0.492024,0.700633</triangledirection>
        <trianglepickorigin>0,0,0</trianglepickorigin>
        <orientation>
          <row0>-0.340055,0.940405,-2.68220e-7</row0>
          <row1>-0.495644,-0.179227,0.849832</row1>
          <row2>0.799186,0.288989,0.527053</row2>
        </orientation>
        <userorientation>
          <userorientation_row0>0.767086,-0.641542,0</userorientation_row0>
          <userorientation_row1>0.638424,0.763357,0.0984859</userorientation_row1>
          <userorientation_row2>-0.0631830,-0.0755480,0.995137</userorientation_row2>
        </userorientation>
      </transform>
      <snapped>false</snapped>
    </blockref>
    <blockref>
      <blockid>flora_parts~, fe_cap_01a</blockid>
      <transform>
        <scale>0,860707</scale>
        <position>-1.001882,-1.098754,2.859627</position>
        <triangledirection>0.154561,0.792758,0.589613</triangledirection>
        <trianglepickorigin>0,0,0</trianglepickorigin>
        <orientation>
          <row0>0.981519,-0.191364,1.26659e-7</row0>
          <row1>0.154561,0.792758,0.589613</row1>
          <row2>-0.112831,-0.578717,0.807685</row2>
        </orientation>
      </transform>
      <snapped>false</snapped>
    </blockref>
  </blocks></sporemodel>