spore0005438f634740666200630f26e8d816b417ffffffffffffffff0000000ebfdb7e0f06KChangfffffffffffffffe08Shambusk0000000<?xml version="1.0" encoding="UTF-8"?><sporemodel>
  <properties>
    <modeltype>PlantMedium</modeltype>
    <skineffectseed1>1234</skineffectseed1>
    <skineffectseed2>1234</skineffectseed2>
    <skineffectseed3>1234</skineffectseed3>
    <skincolor1>0.447059,0.576470,0.262744</skincolor1>
    <skincolor2>0.368627,0.443136,0.262744</skincolor2>
    <skincolor3>0.803922,0.407843,0.258823</skincolor3>
    <zcorpscore>17</zcorpscore>
  </properties>
  <blocks count="57">
    <blockref>
      <blockid>flora_parts~, fe_root_dummy</blockid>
      <transform>
        <scale>1</scale>
        <position>0,0,0.600000</position>
        <triangledirection>0,1,0</triangledirection>
        <trianglepickorigin>0,0,0</trianglepickorigin>
        <orientation>
          <row0>1,0,0</row0>
          <row1>0,1,0</row1>
          <row2>0,0,1</row2>
        </orientation>
      </transform>
      <snapped>false</snapped>
      <childlist count="7">
        <childid>20</childid>
        <childid>8</childid>
        <childid>7</childid>
        <childid>5</childid>
        <childid>4</childid>
        <childid>2</childid>
        <childid>1</childid>
      </childlist>
    </blockref>
    <blockref>
      <blockid>flora_parts~, fe_muscle_branch_01</blockid>
      <transform>
        <limbtype>0</limbtype>
        <musclescale>0.5</musclescale>
        <basemusclescale>2.049999</basemusclescale>
        <scale>1</scale>
        <position>0,0,0.600000</position>
        <triangledirection>-0.762466,0.418693,0.493294</triangledirection>
        <trianglepickorigin>0,0,0</trianglepickorigin>
        <orientation>
          <row0>0.624289,0.275720,0.730917</row0>
          <row1>-0.762466,0.418693,0.493294</row1>
          <row2>-0.170019,-0.865259,0.471613</row2>
        </orientation>
      </transform>
      <snapped>true</snapped>
      <childlist count="1">
        <childid>43</childid>
      </childlist>
      <handles count="1">
        <weight channel="longer">0.246023</weight>
      </handles>
    </blockref>
    <blockref>
      <blockid>flora_parts~, FE_muscle_branch_04</blockid>
      <transform>
        <limbtype>0</limbtype>
        <musclescale>0.850000</musclescale>
        <basemusclescale>2.049999</basemusclescale>
        <scale>1</scale>
        <position>0,0,0.600000</position>
        <triangledirection>0.183178,-0.828905,0.528545</triangledirection>
        <trianglepickorigin>0,0,0</trianglepickorigin>
        <orientation>
          <row0>0.752333,0.464276,0.467377</row0>
          <row1>0.183178,-0.828905,0.528545</row1>
          <row2>0.632802,-0.312029,-0.708659</row2>
        </orientation>
      </transform>
      <snapped>true</snapped>
      <childlist count="1">
        <childid>3</childid>
      </childlist>
      <handles count="1">
        <weight channel="longer">0.258019</weight>
      </handles>
    </blockref>
    <blockref>
      <blockid>Creature_parts~, ce_grasper_null</blockid>
      <transform>
        <basemusclescale>0.75</basemusclescale>
        <scale>1</scale>
        <position>-0.339490,1.536240,-0.379571</position>
        <triangledirection>-0.249491,-0.348942,-0.903323</triangledirection>
        <trianglepickorigin>0,0,0</trianglepickorigin>
        <orientation>
          <row0>0.967830,-0.0585125,-0.244704</row0>
          <row1>-0.249491,-0.348942,-0.903323</row1>
          <row2>-0.0325321,0.935315,-0.352315</row2>
        </orientation>
      </transform>
      <snapped>true</snapped>
    </blockref>
    <blockref>
      <blockid>flora_parts~, FE_muscle_branch_04</blockid>
      <transform>
        <limbtype>0</limbtype>
        <musclescale>0.5</musclescale>
        <basemusclescale>2.049999</basemusclescale>
        <scale>1</scale>
        <position>0,0,0.600000</position>
        <triangledirection>0.756180,0.327661,0.566416</triangledirection>
        <trianglepickorigin>0,0,0</trianglepickorigin>
        <orientation>
          <row0>0.636326,-0.166380,-0.753263</row0>
          <row1>0.756180,0.327661,0.566416</row1>
          <row2>0.152575,-0.930029,0.334313</row2>
        </orientation>
      </transform>
      <snapped>true</snapped>
      <childlist count="1">
        <childid>44</childid>
      </childlist>
      <handles count="1">
        <weight channel="longer">0.240545</weight>
      </handles>
    </blockref>
    <blockref>
      <blockid>flora_parts~, FE_muscle_branch_04</blockid>
      <transform>
        <limbtype>0</limbtype>
        <musclescale>0.474999</musclescale>
        <basemusclescale>2.049999</basemusclescale>
        <scale>1</scale>
        <position>0,0,0.600000</position>
        <triangledirection>-0.106663,0.813518,-0.571674</triangledirection>
        <trianglepickorigin>0,0,0</trianglepickorigin>
        <orientation>
          <row0>0.714442,-0.337163,-0.613100</row0>
          <row1>-0.106663,0.813518,-0.571674</row1>
          <row2>0.691516,0.473823,0.545249</row2>
        </orientation>
      </transform>
      <snapped>true</snapped>
      <childlist count="3">
        <childid>47</childid>
        <childid>45</childid>
        <childid>6</childid>
      </childlist>
      <handles count="1">
        <weight channel="longer">0.252389</weight>
      </handles>
    </blockref>
    <blockref>
      <blockid>Creature_parts~, ce_grasper_null</blockid>
      <transform>
        <basemusclescale>0.699999</basemusclescale>
        <scale>1</scale>
        <position>0.193912,-1.478975,1.639302</position>
        <triangledirection>0.315340,0.119225,-0.941459</triangledirection>
        <trianglepickorigin>0,0,0</trianglepickorigin>
        <orientation>
          <row0>0.948534,-0.0699275,0.308855</row0>
          <row1>0.315340,0.119225,-0.941459</row1>
          <row2>0.0290104,0.990401,0.135140</row2>
        </orientation>
      </transform>
      <snapped>true</snapped>
    </blockref>
    <blockref>
      <blockid>flora_parts~, FE_muscle_branch_04</blockid>
      <transform>
        <limbtype>0</limbtype>
        <musclescale>0.625</musclescale>
        <basemusclescale>2.049999</basemusclescale>
        <scale>1</scale>
        <position>0,0,0.600000</position>
        <triangledirection>0.413781,-0.718065,-0.559614</triangledirection>
        <trianglepickorigin>0,0,0</trianglepickorigin>
        <orientation>
          <row0>0.0993980,-0.575396,0.811811</row0>
          <row1>0.413781,-0.718065,-0.559614</row1>
          <row2>0.904933,0.391536,0.166713</row2>
        </orientation>
      </transform>
      <snapped>true</snapped>
      <childlist count="1">
        <childid>50</childid>
      </childlist>
      <handles count="1">
        <weight channel="longer">0.179371</weight>
      </handles>
    </blockref>
    <blockref>
      <blockid>flora_parts~, fe_muscle_branch_01</blockid>
      <transform>
        <limbtype>0</limbtype>
        <musclescale>0.774999</musclescale>
        <basemusclescale>2.049999</basemusclescale>
        <scale>1</scale>
        <position>0,0,0.600000</position>
        <triangledirection>0.260604,-0.298174,-0.918246</triangledirection>
        <trianglepickorigin>0,0,0</trianglepickorigin>
        <orientation>
          <row0>-0.698477,-0.714828,0.0338876</row0>
          <row1>0.260604,-0.298174,-0.918246</row1>
          <row2>0.666493,-0.632543,0.394556</row2>
        </orientation>
      </transform>
      <snapped>true</snapped>
      <childlist count="1">
        <childid>9</childid>
      </childlist>
      <handles count="1">
        <weight channel="longer">0.229673</weight>
      </handles>
    </blockref>
    <blockref>
      <blockid>flora_parts~, fe_muscle_branch_01</blockid>
      <transform>
        <limbtype>0</limbtype>
        <musclescale>0.524999</musclescale>
        <basemusclescale>1.399999</basemusclescale>
        <scale>1</scale>
        <position>-0.436626,0.499571,2.138459</position>
        <triangledirection>-0.0395329,0.392479,-0.918911</triangledirection>
        <trianglepickorigin>0,0,0</trianglepickorigin>
        <orientation>
          <row0>0.0231152,0.919743,0.391839</row0>
          <row1>-0.0395329,0.392479,-0.918911</row1>
          <row2>-0.998950,0.00575023,0.0454324</row2>
        </orientation>
      </transform>
      <snapped>true</snapped>
      <childlist count="1">
        <childid>10</childid>
      </childlist>
      <handles count="1">
        <weight channel="longer">0.0639770</weight>
      </handles>
    </blockref>
    <blockref>
      <blockid>flora_parts~, fe_muscle_branch_01</blockid>
      <transform>
        <limbtype>0</limbtype>
        <musclescale>0.675000</musclescale>
        <basemusclescale>1.25</basemusclescale>
        <scale>1</scale>
        <position>-0.411501,0.250143,2.722444</position>
        <triangledirection>-0.259474,-0.665782,-0.699575</triangledirection>
        <trianglepickorigin>0,0,0</trianglepickorigin>
        <orientation>
          <row0>-0.0232340,-0.719872,0.693717</row0>
          <row1>-0.259474,-0.665782,-0.699575</row1>
          <row2>0.965470,-0.196256,-0.171320</row2>
        </orientation>
      </transform>
      <snapped>true</snapped>
      <childlist count="4">
        <childid>33</childid>
        <childid>32</childid>
        <childid>26</childid>
        <childid>11</childid>
      </childlist>
      <handles count="1">
        <weight channel="longer">0.0890059</weight>
      </handles>
    </blockref>
    <blockref>
      <blockid>Creature_parts~, ce_grasper_null</blockid>
      <transform>
        <basemusclescale>1.25</basemusclescale>
        <scale>1</scale>
        <position>-0.205841,0.777843,3.276929</position>
        <triangledirection>-0.579881,0.379063,-0.721143</triangledirection>
        <trianglepickorigin>0,0,0</trianglepickorigin>
        <orientation>
          <row0>-0.158530,-0.920745,-0.356506</row0>
          <row1>-0.579881,0.379063,-0.721143</row1>
          <row2>0.799128,0.0924085,-0.594015</row2>
        </orientation>
      </transform>
      <snapped>true</snapped>
    </blockref>
    <blockref>
      <blockid>flora_parts~, fe_muscle_branch_01</blockid>
      <transform>
        <limbtype>0</limbtype>
        <musclescale>0.325000</musclescale>
        <basemusclescale>1.100000</basemusclescale>
        <scale>1</scale>
        <position>-0.0216439,0.384339,1.589952</position>
        <triangledirection>-0.730766,0.533558,-0.425789</triangledirection>
        <trianglepickorigin>0,0,0</trianglepickorigin>
        <orientation>
          <row0>-0.635894,-0.758902,0.140378</row0>
          <row1>-0.730766,0.533558,-0.425789</row1>
          <row2>0.248232,-0.373340,-0.893866</row2>
        </orientation>
      </transform>
      <snapped>true</snapped>
      <childlist count="1">
        <childid>13</childid>
      </childlist>
      <handles count="1">
        <weight channel="longer">0.176275</weight>
      </handles>
    </blockref>
    <blockref>
      <blockid>flora_parts~, fe_muscle_branch_01</blockid>
      <transform>
        <limbtype>0</limbtype>
        <musclescale>0.824999</musclescale>
        <basemusclescale>1.149999</basemusclescale>
        <scale>1</scale>
        <position>0.957802,-0.330787,2.160638</position>
        <triangledirection>0.0921019,0.439645,-0.893436</triangledirection>
        <trianglepickorigin>0,0,0</trianglepickorigin>
        <orientation>
          <row0>-0.801929,-0.499137,-0.328285</row0>
          <row1>0.0921019,0.439645,-0.893436</row1>
          <row2>0.590276,-0.746708,-0.306592</row2>
        </orientation>
      </transform>
      <snapped>true</snapped>
      <childlist count="3">
        <childid>38</childid>
        <childid>24</childid>
        <childid>14</childid>
      </childlist>
      <handles count="1">
        <weight channel="longer">0.0680829</weight>
      </handles>
    </blockref>
    <blockref>
      <blockid>Creature_parts~, ce_grasper_null</blockid>
      <transform>
        <basemusclescale>1.049999</basemusclescale>
        <scale>1</scale>
        <position>0.896896,-0.621520,2.751458</position>
        <triangledirection>-0.605096,0.302543,-0.736427</triangledirection>
        <trianglepickorigin>0,0,0</trianglepickorigin>
        <orientation>
          <row0>-0.680045,-0.677400,0.280475</row0>
          <row1>-0.605096,0.302543,-0.736427</row1>
          <row2>0.414000,-0.670519,-0.615636</row2>
        </orientation>
      </transform>
      <snapped>true</snapped>
    </blockref>
    <blockref>
      <blockid>flora_parts~, fe_muscle_branch_01</blockid>
      <transform>
        <limbtype>0</limbtype>
        <musclescale>0.774999</musclescale>
        <basemusclescale>1.100000</basemusclescale>
        <scale>1</scale>
        <position>-0.0216439,0.384339,1.589952</position>
        <triangledirection>0.863784,0.370233,-0.341766</triangledirection>
        <trianglepickorigin>0,0,0</trianglepickorigin>
        <orientation>
          <row0>0.0431791,-0.730189,-0.681878</row0>
          <row1>0.863784,0.370233,-0.341766</row1>
          <row2>0.502008,-0.574238,0.646712</row2>
        </orientation>
      </transform>
      <snapped>true</snapped>
      <childlist count="1">
        <childid>21</childid>
      </childlist>
      <handles count="1">
        <weight channel="longer">0.183311</weight>
      </handles>
    </blockref>
    <blockref>
      <blockid>Creature_parts~, ce_grasper_null</blockid>
      <transform>
        <basemusclescale>1.100000</basemusclescale>
        <scale>1</scale>
        <position>-2.662068,1.649163,3.122989</position>
        <triangledirection>0.240942,-0.239479,-0.940530</triangledirection>
        <trianglepickorigin>0,0,0</trianglepickorigin>
        <orientation>
          <row0>-0.784656,-0.618398,-0.0435534</row0>
          <row1>0.240942,-0.239479,-0.940530</row1>
          <row2>0.571192,-0.748487,0.336907</row2>
        </orientation>
      </transform>
      <snapped>false</snapped>
    </blockref>
    <blockref>
      <blockid>Creature_parts~, ce_grasper_null</blockid>
      <transform>
        <basemusclescale>1</basemusclescale>
        <scale>1</scale>
        <position>-2.303666,-0.157962,2.944825</position>
        <triangledirection>0.240960,-0.239477,-0.940525</triangledirection>
        <trianglepickorigin>0,0,0</trianglepickorigin>
        <orientation>
          <row0>-0.784640,-0.618419,-0.0435605</row0>
          <row1>0.240960,-0.239477,-0.940525</row1>
          <row2>0.571207,-0.748470,0.336918</row2>
        </orientation>
      </transform>
      <snapped>false</snapped>
    </blockref>
    <blockref>
      <blockid>Creature_parts~, ce_grasper_null</blockid>
      <transform>
        <basemusclescale>1</basemusclescale>
        <scale>1</scale>
        <position>0.181384,-1.788166,3.307370</position>
        <triangledirection>0,0,-1</triangledirection>
        <trianglepickorigin>0,0,0</trianglepickorigin>
        <orientation>
          <row0>1,0,0</row0>
          <row1>0,0,-1</row1>
          <row2>0,1,0</row2>
        </orientation>
      </transform>
      <snapped>false</snapped>
    </blockref>
    <blockref>
      <blockid>Creature_parts~, ce_grasper_null</blockid>
      <transform>
        <basemusclescale>1</basemusclescale>
        <scale>1</scale>
        <position>0,0,3.150256</position>
        <triangledirection>-0.100535,0.991115,-0.0870820</triangledirection>
        <trianglepickorigin>0,0,0</trianglepickorigin>
        <orientation>
          <row0>0.987913,0.109821,0.109388</row0>
          <row1>-0.100535,0.991115,-0.0870820</row1>
          <row2>-0.117980,0.0750321,0.990177</row2>
        </orientation>
      </transform>
      <snapped>false</snapped>
    </blockref>
    <blockref>
      <blockid>flora_parts~, fe_muscle_branch_06</blockid>
      <transform>
        <limbtype>0</limbtype>
        <musclescale>0.325000</musclescale>
        <basemusclescale>2.049999</basemusclescale>
        <scale>1</scale>
        <position>0,0,0.600000</position>
        <triangledirection>0.0203770,-0.361846,-0.932015</triangledirection>
        <trianglepickorigin>0,0,0</trianglepickorigin>
        <orientation>
          <row0>0.996629,0.0814392,-0.00982833</row0>
          <row1>0.0203770,-0.361846,-0.932015</row1>
          <row2>-0.0794589,0.928673,-0.362286</row2>
        </orientation>
      </transform>
      <snapped>true</snapped>
      <childlist count="2">
        <childid>15</childid>
        <childid>12</childid>
      </childlist>
      <handles count="1">
        <weight channel="longer">0.131956</weight>
      </handles>
    </blockref>
    <blockref>
      <blockid>flora_parts~, fe_muscle_branch_01</blockid>
      <transform>
        <limbtype>0</limbtype>
        <musclescale>0.650000</musclescale>
        <basemusclescale>1.100000</basemusclescale>
        <scale>1</scale>
        <position>-1.217518,-0.128233,2.063114</position>
        <triangledirection>0.262882,0.380122,-0.886791</triangledirection>
        <trianglepickorigin>0,0,0</trianglepickorigin>
        <orientation>
          <row0>-0.248727,-0.861353,-0.442951</row0>
          <row1>0.262882,0.380122,-0.886791</row1>
          <row2>0.932216,-0.337013,0.131887</row2>
        </orientation>
      </transform>
      <snapped>true</snapped>
      <childlist count="3">
        <childid>27</childid>
        <childid>23</childid>
        <childid>22</childid>
      </childlist>
      <handles count="1">
        <weight channel="longer">0.0890059</weight>
      </handles>
    </blockref>
    <blockref>
      <blockid>Creature_parts~, ce_grasper_null</blockid>
      <transform>
        <basemusclescale>1.100000</basemusclescale>
        <scale>1</scale>
        <position>-1.425879,-0.429518,2.765987</position>
        <triangledirection>-0.0375998,0.941483,-0.334953</triangledirection>
        <trianglepickorigin>0,0,0</trianglepickorigin>
        <orientation>
          <row0>-0.0159264,-0.335712,-0.941829</row0>
          <row1>-0.0375998,0.941483,-0.334953</row1>
          <row2>0.999165,0.0300780,-0.0276172</row2>
        </orientation>
      </transform>
      <snapped>true</snapped>
    </blockref>
    <blockref>
      <blockid>flora_parts~, FE_leaf_24</blockid>
      <transform>
        <scale>1,161830</scale>
        <position>-1.487425,-0.498827,2.873984</position>
        <triangledirection>0.289976,0.119381,-0.949558</triangledirection>
        <trianglepickorigin>0,0,0</trianglepickorigin>
        <orientation>
          <row0>0.753867,-0.657027,1.34110e-7</row0>
          <row1>0.425970,0.488754,-0.761359</row1>
          <row2>0.500234,0.573964,0.648329</row2>
        </orientation>
        <userorientation>
          <userorientation_row0>0.827166,-0.330187,-0.454721</userorientation_row0>
          <userorientation_row1>0.140167,0.904825,-0.402050</userorientation_row1>
          <userorientation_row2>0.544196,0.268824,0.794722</userorientation_row2>
        </userorientation>
      </transform>
      <snapped>false</snapped>
      <childlist count="5">
        <childid>31</childid>
        <childid>30</childid>
        <childid>29</childid>
        <childid>28</childid>
        <childid>25</childid>
      </childlist>
      <handles count="4">
        <weight channel="bend">0.306090</weight>
        <weight channel="flatten">0.500196</weight>
        <weight channel="Length">0</weight>
        <weight channel="width">0.691179</weight>
      </handles>
    </blockref>
    <blockref>
      <blockid>flora_parts~, fe_cap_01a</blockid>
      <transform>
        <scale>0,927743</scale>
        <position>1.035145,-0.716294,2.621394</position>
        <triangledirection>-0.501626,0.831306,0.239377</triangledirection>
        <trianglepickorigin>0,0,0</trianglepickorigin>
        <orientation>
          <row0>0.856198,0.516646,6.55651e-7</row0>
          <row1>-0.501626,0.831306,0.239377</row1>
          <row2>0.123672,-0.204954,0.970926</row2>
        </orientation>
      </transform>
      <snapped>false</snapped>
    </blockref>
    <blockref>
      <blockid>flora_parts~, fe_cap_01a</blockid>
      <transform>
        <scale>0,927743</scale>
        <position>-1.304340,-0.601567,2.868680</position>
        <triangledirection>-0.669147,0.555997,0.493059</triangledirection>
        <trianglepickorigin>0,0,0</trianglepickorigin>
        <orientation>
          <row0>0.687255,0.210596,0.695219</row0>
          <row1>-0.669147,0.555997,0.493059</row1>
          <row2>-0.282703,-0.804061,0.523032</row2>
        </orientation>
      </transform>
      <snapped>false</snapped>
    </blockref>
    <blockref>
      <blockid>flora_parts~, fe_cap_01a</blockid>
      <transform>
        <scale>0,927743</scale>
        <position>-0.00826499,0.765942,3.300769</position>
        <triangledirection>-0.683417,0.717339,0.135516</triangledirection>
        <trianglepickorigin>0,0,0</trianglepickorigin>
        <orientation>
          <row0>-0.00403364,0.999991,-5.33822e-7</row0>
          <row1>-0.977987,-0.00394499,-0.208625</row1>
          <row2>-0.208624,-0.000841000,0.977995</row2>
        </orientation>
        <userorientation>
          <userorientation_row0>0.662730,-0.748858,0</userorientation_row0>
          <userorientation_row1>0.720089,0.637271,0.274509</userorientation_row1>
          <userorientation_row2>-0.205568,-0.181925,0.961585</userorientation_row2>
        </userorientation>
      </transform>
      <snapped>false</snapped>
    </blockref>
    <blockref>
      <blockid>flora_parts~, fe_cap_01a</blockid>
      <transform>
        <scale>0,927743</scale>
        <position>-1.577131,-0.445586,2.747591</position>
        <triangledirection>0.981063,0.182318,-0.0653820</triangledirection>
        <trianglepickorigin>0,0,0</trianglepickorigin>
        <orientation>
          <row0>0.182709,-0.983167,1.30385e-8</row0>
          <row1>0.981063,0.182318,-0.0653820</row1>
          <row2>0.0642814,0.0119458,0.997860</row2>
        </orientation>
      </transform>
      <snapped>false</snapped>
    </blockref>
    <blockref>
      <blockid>flora_parts~, FE_flatleaf_06</blockid>
      <transform>
        <scale>0,860707</scale>
        <position>-1.502290,-0.663686,2.960136</position>
        <triangledirection>-0.00224668,0.994560,0.104137</triangledirection>
        <trianglepickorigin>0,0,0</trianglepickorigin>
        <orientation>
          <row0>0.755839,-0.0664954,0.651371</row0>
          <row1>-0.00224668,0.994560,0.104137</row1>
          <row2>-0.654753,-0.0801742,0.751578</row2>
        </orientation>
        <userorientation>
          <userorientation_row0>0.909982,0,-0.414647</userorientation_row0>
          <userorientation_row1>0,1,0</userorientation_row1>
          <userorientation_row2>0.414647,0,0.909982</userorientation_row2>
        </userorientation>
      </transform>
      <snapped>false</snapped>
      <handles count="1">
        <weight channel="Leaf_bend">0.0805609</weight>
      </handles>
    </blockref>
    <blockref>
      <blockid>flora_parts~, FE_flatleaf_06</blockid>
      <transform>
        <scale>0,860707</scale>
        <position>-1.427709,-0.527954,3.062280</position>
        <triangledirection>-0.810370,0.221109,-0.544481</triangledirection>
        <trianglepickorigin>0,0,0</trianglepickorigin>
        <orientation>
          <row0>0.357248,0.714985,0.600973</row0>
          <row1>-0.856881,0.506922,-0.0937190</row1>
          <row2>-0.371655,-0.481482,0.793754</row2>
        </orientation>
        <userorientation>
          <userorientation_row0>0.866809,0.370293,-0.336333</userorientation_row0>
          <userorientation_row1>-0.458631,0.857505,-0.237467</userorientation_row1>
          <userorientation_row2>0.200802,0.360087,0.911363</userorientation_row2>
        </userorientation>
      </transform>
      <snapped>false</snapped>
      <handles count="1">
        <weight channel="Leaf_bend">0.0805609</weight>
      </handles>
    </blockref>
    <blockref>
      <blockid>flora_parts~, FE_flatleaf_06</blockid>
      <transform>
        <scale>0,860707</scale>
        <position>-1.465906,-0.338010,2.938179</position>
        <triangledirection>0.0497629,-0.597029,-0.800674</triangledirection>
        <trianglepickorigin>0,0,0</trianglepickorigin>
        <orientation>
          <row0>-0.749897,0.0795699,-0.656751</row0>
          <row1>0.0132494,-0.990734,-0.135163</row1>
          <row2>-0.661421,-0.110060,0.741895</row2>
        </orientation>
        <userorientation>
          <userorientation_row0>0.878614,-0.209322,0.429211</userorientation_row0>
          <userorientation_row1>0.441020,0.700378,-0.561222</userorientation_row1>
          <userorientation_row2>-0.183134,0.682387,0.707677</userorientation_row2>
        </userorientation>
      </transform>
      <snapped>false</snapped>
      <handles count="1">
        <weight channel="Leaf_bend">0</weight>
      </handles>
    </blockref>
    <blockref>
      <blockid>flora_parts~, FE_flatleaf_06</blockid>
      <transform>
        <scale>0,860707</scale>
        <position>-1.598974,-0.378616,2.890129</position>
        <triangledirection>0.939035,-0.0100099,-0.343673</triangledirection>
        <trianglepickorigin>0,0,0</trianglepickorigin>
        <orientation>
          <row0>-0.344199,-0.737290,-0.581317</row0>
          <row1>0.842604,-0.515697,0.155155</row1>
          <row2>-0.414178,-0.436416,0.798746</row2>
        </orientation>
        <userorientation>
          <userorientation_row0>0.983831,0.177132,0.0264729</userorientation_row0>
          <userorientation_row1>-0.116051,0.743075,-0.659068</userorientation_row1>
          <userorientation_row2>-0.136413,0.645340,0.751616</userorientation_row2>
        </userorientation>
      </transform>
      <snapped>false</snapped>
      <handles count="1">
        <weight channel="Leaf_bend">0</weight>
      </handles>
    </blockref>
    <blockref>
      <blockid>flora_parts~, fe_cap_01a</blockid>
      <transform>
        <scale>0,927743</scale>
        <position>-0.258657,0.939332,3.197215</position>
        <triangledirection>0.265967,-0.682471,0.680804</triangledirection>
        <trianglepickorigin>0,0,0</trianglepickorigin>
        <orientation>
          <row0>-0.975889,-0.218266,1.15483e-7</row0>
          <row1>0.214011,-0.956864,0.196494</row1>
          <row2>-0.0428878,0.191756,0.980505</row2>
        </orientation>
        <userorientation>
          <userorientation_row0>0.991519,0.129967,0</userorientation_row0>
          <userorientation_row1>-0.110594,0.843726,0.525256</userorientation_row1>
          <userorientation_row2>0.0682659,-0.520802,0.850943</userorientation_row2>
        </userorientation>
      </transform>
      <snapped>false</snapped>
    </blockref>
    <blockref>
      <blockid>flora_parts~, FE_leaf_24</blockid>
      <transform>
        <scale>1,161840</scale>
        <position>-0.0988619,0.889840,3.380551</position>
        <triangledirection>-0.455239,-0.279113,-0.845489</triangledirection>
        <trianglepickorigin>0,0,0</trianglepickorigin>
        <orientation>
          <row0>-0.728141,0.685426,-2.38418e-7</row0>
          <row1>-0.563634,-0.598759,-0.569036</row1>
          <row2>-0.390033,-0.414339,0.822312</row2>
        </orientation>
        <userorientation>
          <userorientation_row0>0.989926,-0.119881,0.0753209</userorientation_row0>
          <userorientation_row1>0.140167,0.904825,-0.402050</userorientation_row1>
          <userorientation_row2>-0.0199539,0.408556,0.912514</userorientation_row2>
        </userorientation>
      </transform>
      <snapped>false</snapped>
      <childlist count="4">
        <childid>37</childid>
        <childid>36</childid>
        <childid>35</childid>
        <childid>34</childid>
      </childlist>
      <handles count="4">
        <weight channel="bend">0.306090</weight>
        <weight channel="flatten">0.500196</weight>
        <weight channel="Length">0</weight>
        <weight channel="width">0.694815</weight>
      </handles>
    </blockref>
    <blockref>
      <blockid>flora_parts~, FE_flatleaf_06</blockid>
      <transform>
        <scale>0,927743</scale>
        <position>-0.130265,0.989856,3.444159</position>
        <triangledirection>0.201919,-0.979958,0.00848428</triangledirection>
        <trianglepickorigin>0,0,0</trianglepickorigin>
        <orientation>
          <row0>-0.476441,-0.284232,0.831994</row0>
          <row1>0.502387,-0.864608,-0.00768255</row1>
          <row2>0.721533,0.414323,0.554730</row2>
        </orientation>
        <userorientation>
          <userorientation_row0>0.873682,-0.281695,-0.398106</userorientation_row0>
          <userorientation_row1>0.189392,0.948657,-0.255621</userorientation_row1>
          <userorientation_row2>0.449133,0.147808,0.881155</userorientation_row2>
        </userorientation>
      </transform>
      <snapped>false</snapped>
      <handles count="1">
        <weight channel="Leaf_bend">0.0805609</weight>
      </handles>
    </blockref>
    <blockref>
      <blockid>flora_parts~, FE_flatleaf_06</blockid>
      <transform>
        <scale>0,927743</scale>
        <position>-0.120724,0.850465,3.506903</position>
        <triangledirection>0.669450,-0.0292365,-0.742281</triangledirection>
        <trianglepickorigin>0,0,0</trianglepickorigin>
        <orientation>
          <row0>0.909809,-0.415001,-0.00462549</row0>
          <row1>0.357620,0.789570,-0.498684</row1>
          <row2>0.210606,0.452053,0.866771</row2>
        </orientation>
        <userorientation>
          <userorientation_row0>0.725778,-0.679693,0.106119</userorientation_row0>
          <userorientation_row1>0.624638,0.586488,-0.515613</userorientation_row1>
          <userorientation_row2>0.288221,0.440507,0.850224</userorientation_row2>
        </userorientation>
      </transform>
      <snapped>false</snapped>
      <handles count="1">
        <weight channel="Leaf_bend">0.0805609</weight>
      </handles>
    </blockref>
    <blockref>
      <blockid>flora_parts~, FE_flatleaf_06</blockid>
      <transform>
        <scale>0,927743</scale>
        <position>-0.0404429,0.807481,3.469687</position>
        <triangledirection>-0.551982,0.469039,-0.689433</triangledirection>
        <trianglepickorigin>0,0,0</trianglepickorigin>
        <orientation>
          <row0>0.475859,0.269815,-0.837112</row0>
          <row1>-0.518463,0.854884,-0.0191781</row1>
          <row2>0.710460,0.443138,0.546694</row2>
        </orientation>
        <userorientation>
          <userorientation_row0>0.878614,-0.209322,0.429211</userorientation_row0>
          <userorientation_row1>0.441020,0.700378,-0.561222</userorientation_row1>
          <userorientation_row2>-0.183134,0.682387,0.707677</userorientation_row2>
        </userorientation>
      </transform>
      <snapped>false</snapped>
      <handles count="1">
        <weight channel="Leaf_bend">0</weight>
      </handles>
    </blockref>
    <blockref>
      <blockid>flora_parts~, FE_flatleaf_06</blockid>
      <transform>
        <scale>0,927743</scale>
        <position>0.00371199,0.861926,3.355889</position>
        <triangledirection>-0.820869,-0.568509,-0.0647501</triangledirection>
        <trianglepickorigin>0,0,0</trianglepickorigin>
        <orientation>
          <row0>-0.228262,0.790237,-0.568701</row0>
          <row1>-0.902521,0.0473432,0.428034</row1>
          <row2>0.365173,0.610969,0.702399</row2>
        </orientation>
        <userorientation>
          <userorientation_row0>0.963831,0.263938,-0.0516889</userorientation_row0>
          <userorientation_row1>-0.225060,0.686222,-0.692582</userorientation_row1>
          <userorientation_row2>-0.147222,0.678553,0.719703</userorientation_row2>
        </userorientation>
      </transform>
      <snapped>false</snapped>
      <handles count="1">
        <weight channel="Leaf_bend">0.0749930</weight>
      </handles>
    </blockref>
    <blockref>
      <blockid>flora_parts~, FE_leaf_24</blockid>
      <transform>
        <scale>1,252320</scale>
        <position>0.970530,-0.705669,2.854083</position>
        <triangledirection>-0.108407,0.373344,-0.921336</triangledirection>
        <trianglepickorigin>0,0,0</trianglepickorigin>
        <orientation>
          <row0>0.795207,0.606337,-5.51342e-7</row0>
          <row1>-0.432033,0.566608,-0.701642</row1>
          <row2>-0.425432,0.557952,0.712528</row2>
        </orientation>
        <userorientation>
          <userorientation_row0>0.872449,-0.304868,-0.381951</userorientation_row0>
          <userorientation_row1>0.140167,0.904825,-0.402050</userorientation_row1>
          <userorientation_row2>0.468171,0.297231,0.832146</userorientation_row2>
        </userorientation>
      </transform>
      <snapped>false</snapped>
      <childlist count="4">
        <childid>42</childid>
        <childid>41</childid>
        <childid>40</childid>
        <childid>39</childid>
      </childlist>
      <handles count="4">
        <weight channel="bend">0.306090</weight>
        <weight channel="flatten">0.500196</weight>
        <weight channel="Length">0</weight>
        <weight channel="width">0.683382</weight>
      </handles>
    </blockref>
    <blockref>
      <blockid>flora_parts~, FE_flatleaf_06</blockid>
      <transform>
        <scale>0,798516</scale>
        <position>1.078103,-0.781023,2.876360</position>
        <triangledirection>-0.939387,0.342018,0.0239734</triangledirection>
        <trianglepickorigin>0,0,0</trianglepickorigin>
        <orientation>
          <row0>0.119208,0.992318,0.0330549</row0>
          <row1>-0.986336,0.114545,0.118401</row1>
          <row2>0.113706,-0.0467178,0.992415</row2>
        </orientation>
        <userorientation>
          <userorientation_row0>0.969263,-0.216400,0.117050</userorientation_row0>
          <userorientation_row1>0.228201,0.968568,-0.0990009</userorientation_row1>
          <userorientation_row2>-0.0919480,0.122670,0.988179</userorientation_row2>
        </userorientation>
      </transform>
      <snapped>false</snapped>
      <handles count="1">
        <weight channel="Leaf_bend">0.0805609</weight>
      </handles>
    </blockref>
    <blockref>
      <blockid>flora_parts~, FE_flatleaf_06</blockid>
      <transform>
        <scale>0,798516</scale>
        <position>0.878232,-0.685952,2.966656</position>
        <triangledirection>0.577130,0.0395985,-0.815691</triangledirection>
        <trianglepickorigin>0,0,0</trianglepickorigin>
        <orientation>
          <row0>-0.186727,-0.683199,-0.705954</row0>
          <row1>0.981170,-0.0935775,-0.168961</row1>
          <row2>0.0493731,-0.724211,0.687808</row2>
        </orientation>
        <userorientation>
          <userorientation_row0>0.878614,-0.209322,0.429211</userorientation_row0>
          <userorientation_row1>0.441020,0.700378,-0.561222</userorientation_row1>
          <userorientation_row2>-0.183134,0.682387,0.707677</userorientation_row2>
        </userorientation>
      </transform>
      <snapped>false</snapped>
      <handles count="1">
        <weight channel="Leaf_bend">0.212343</weight>
      </handles>
    </blockref>
    <blockref>
      <blockid>flora_parts~, FE_flatleaf_06</blockid>
      <transform>
        <scale>0,860707</scale>
        <position>0.879652,-0.780329,2.855638</position>
        <triangledirection>0.113469,0.954764,-0.274860</triangledirection>
        <trianglepickorigin>0,0,0</trianglepickorigin>
        <orientation>
          <row0>0.675626,-0.383168,-0.629849</row0>
          <row1>0.616632,0.761970,0.197904</row1>
          <row2>0.404095,-0.522095,0.751081</row2>
        </orientation>
        <userorientation>
          <userorientation_row0>0.983831,0.177132,0.0264729</userorientation_row0>
          <userorientation_row1>-0.116051,0.743075,-0.659068</userorientation_row1>
          <userorientation_row2>-0.136413,0.645340,0.751616</userorientation_row2>
        </userorientation>
      </transform>
      <snapped>false</snapped>
      <handles count="1">
        <weight channel="Leaf_bend">0</weight>
      </handles>
    </blockref>
    <blockref>
      <blockid>flora_parts~, FE_flatleaf_06</blockid>
      <transform>
        <scale>0,798516</scale>
        <position>0.971593,-0.638004,2.981848</position>
        <triangledirection>-0.786844,-0.472986,-0.396324</triangledirection>
        <trianglepickorigin>0,0,0</trianglepickorigin>
        <orientation>
          <row0>-0.848655,-0.478454,0.225531</row0>
          <row1>0.357814,-0.833304,-0.421393</row1>
          <row2>0.389554,-0.276919,0.878386</row2>
        </orientation>
        <userorientation>
          <userorientation_row0>0.384624,-0.917461,0.101178</userorientation_row0>
          <userorientation_row1>0.804678,0.279606,-0.523666</userorientation_row1>
          <userorientation_row2>0.452169,0.282818,0.845891</userorientation_row2>
        </userorientation>
      </transform>
      <snapped>false</snapped>
      <handles count="1">
        <weight channel="Leaf_bend">0.0805609</weight>
      </handles>
    </blockref>
    <blockref>
      <blockid>Creature_parts~, ce_grasper_null</blockid>
      <transform>
        <basemusclescale>0.75</basemusclescale>
        <scale>1</scale>
        <position>1.355700,-0.744456,-0.277101</position>
        <triangledirection>-0.178229,-0.636829,0.750122</triangledirection>
        <trianglepickorigin>0,0,0</trianglepickorigin>
        <orientation>
          <row0>0.911825,0.179666,0.369180</row0>
          <row1>-0.178229,-0.636829,0.750122</row1>
          <row2>0.369877,-0.749779,-0.548655</row2>
        </orientation>
      </transform>
      <snapped>true</snapped>
    </blockref>
    <blockref>
      <blockid>Creature_parts~, ce_grasper_null</blockid>
      <transform>
        <basemusclescale>0.800000</basemusclescale>
        <scale>1</scale>
        <position>-1.318520,-0.571330,-0.387638</position>
        <triangledirection>-0.190475,0.751432,0.631719</triangledirection>
        <trianglepickorigin>0,0,0</trianglepickorigin>
        <orientation>
          <row0>0.968413,0.249309,-0.00456000</row0>
          <row1>-0.190475,0.751432,0.631719</row1>
          <row2>0.160920,-0.610896,0.775184</row2>
        </orientation>
      </transform>
      <snapped>true</snapped>
    </blockref>
    <blockref>
      <blockid>flora_parts~, FE_leaf_24</blockid>
      <transform>
        <scale>0,740817</scale>
        <position>0.198773,-1.571279,1.688238</position>
        <triangledirection>0.114608,0.602162,-0.790104</triangledirection>
        <trianglepickorigin>0,0,0</trianglepickorigin>
        <orientation>
          <row0>0.999091,0.0426170,-4.11644e-7</row0>
          <row1>-0.0372810,0.873991,-0.484509</row1>
          <row2>-0.0206480,0.484069,0.874786</row2>
        </orientation>
        <userorientation>
          <userorientation_row0>0.872449,-0.304868,-0.381951</userorientation_row0>
          <userorientation_row1>0.140167,0.904825,-0.402050</userorientation_row1>
          <userorientation_row2>0.468171,0.297231,0.832146</userorientation_row2>
        </userorientation>
      </transform>
      <snapped>false</snapped>
      <childlist count="3">
        <childid>49</childid>
        <childid>48</childid>
        <childid>46</childid>
      </childlist>
      <handles count="4">
        <weight channel="bend">0.306090</weight>
        <weight channel="flatten">0.500196</weight>
        <weight channel="Length">0</weight>
        <weight channel="width">0.683382</weight>
      </handles>
    </blockref>
    <blockref>
      <blockid>flora_parts~, FE_flatleaf_06</blockid>
      <transform>
        <scale>0,548811</scale>
        <position>0.225518,-1.645050,1.681050</position>
        <triangledirection>-0.573436,0.780466,0.249084</triangledirection>
        <trianglepickorigin>0,0,0</trianglepickorigin>
