spore0005438f6347406662005506c658d816b417ffffffffffffffff0000000ebfdb7df706KChangfffffffffffffffe08Dyammant0000000<?xml version="1.0" encoding="UTF-8"?><sporemodel>
  <properties>
    <modeltype>PlantMedium</modeltype>
    <skineffectseed1>4660</skineffectseed1>
    <skineffectseed2>4660</skineffectseed2>
    <skineffectseed3>4660</skineffectseed3>
    <skincolor1>0.905882,0.788234,0.537254</skincolor1>
    <skincolor2>0.576470,0.294117,0.184313</skincolor2>
    <skincolor3>0.905882,0.458823,0.290195</skincolor3>
    <zcorpscore>16</zcorpscore>
  </properties>
  <blocks count="52">
    <blockref>
      <blockid>flora_parts~, fe_root_dummy</blockid>
      <transform>
        <scale>1</scale>
        <position>0,0,0.600000</position>
        <triangledirection>0,1,0</triangledirection>
        <trianglepickorigin>0,0,0</trianglepickorigin>
        <orientation>
          <row0>1,0,0</row0>
          <row1>0,1,0</row1>
          <row2>0,0,1</row2>
        </orientation>
      </transform>
      <snapped>false</snapped>
      <childlist count="5">
        <childid>46</childid>
        <childid>38</childid>
        <childid>30</childid>
        <childid>3</childid>
        <childid>1</childid>
      </childlist>
    </blockref>
    <blockref>
      <blockid>flora_parts~, FE_muscle_branch_04</blockid>
      <transform>
        <limbtype>0</limbtype>
        <musclescale>0.625</musclescale>
        <basemusclescale>2.049999</basemusclescale>
        <scale>1</scale>
        <position>0,0,0.600000</position>
        <triangledirection>0.00436399,0.0160359,0.999861</triangledirection>
        <trianglepickorigin>0,0,0</trianglepickorigin>
        <orientation>
          <row0>-0.0934408,0.995503,-0.0155582</row0>
          <row1>0.00436399,0.0160359,0.999861</row1>
          <row2>0.995615,0.0933600,-0.00584279</row2>
        </orientation>
      </transform>
      <snapped>true</snapped>
      <childlist count="1">
        <childid>2</childid>
      </childlist>
      <handles count="1">
        <weight channel="longer">0.110021</weight>
      </handles>
    </blockref>
    <blockref>
      <blockid>Creature_parts~, ce_grasper_null</blockid>
      <transform>
        <basemusclescale>2</basemusclescale>
        <scale>1</scale>
        <position>-0.00403499,-0.0148249,-0.324369</position>
        <triangledirection>0,0,-1</triangledirection>
        <trianglepickorigin>0,0,0</trianglepickorigin>
        <orientation>
          <row0>1,0,0</row0>
          <row1>0,0,-1</row1>
          <row2>0,1,0</row2>
        </orientation>
      </transform>
      <snapped>true</snapped>
    </blockref>
    <blockref>
      <blockid>flora_parts~, fe_muscle_branch_06</blockid>
      <transform>
        <limbtype>0</limbtype>
        <musclescale>0.975000</musclescale>
        <basemusclescale>2.049999</basemusclescale>
        <scale>1</scale>
        <position>0,0,0.600000</position>
        <triangledirection>-0.432111,0.469253,-0.770116</triangledirection>
        <trianglepickorigin>0,0,0</trianglepickorigin>
        <orientation>
          <row0>0.901357,0.252067,-0.352158</row0>
          <row1>-0.432111,0.469253,-0.770116</row1>
          <row2>-0.0288698,0.846322,0.531887</row2>
        </orientation>
      </transform>
      <snapped>true</snapped>
      <childlist count="2">
        <childid>5</childid>
        <childid>4</childid>
      </childlist>
      <handles count="1">
        <weight channel="longer">0.117661</weight>
      </handles>
    </blockref>
    <blockref>
      <blockid>flora_parts~, fe_muscle_branch_02</blockid>
      <transform>
        <limbtype>0</limbtype>
        <musclescale>0.300000</musclescale>
        <basemusclescale>1.449999</basemusclescale>
        <scale>1</scale>
        <position>0.420205,-0.456323,1.348895</position>
        <triangledirection>-0.802852,0.323559,-0.500735</triangledirection>
        <trianglepickorigin>0,0,0</trianglepickorigin>
        <orientation>
          <row0>0.594002,0.505817,-0.625547</row0>
          <row1>-0.802852,0.323559,-0.500735</row1>
          <row2>-0.0508791,0.799660,0.598292</row2>
        </orientation>
      </transform>
      <snapped>true</snapped>
      <childlist count="1">
        <childid>13</childid>
      </childlist>
      <handles count="1">
        <weight channel="longer">0.176077</weight>
      </handles>
    </blockref>
    <blockref>
      <blockid>flora_parts~, fe_muscle_branch_02</blockid>
      <transform>
        <limbtype>0</limbtype>
        <musclescale>0</musclescale>
        <basemusclescale>1.449999</basemusclescale>
        <scale>1</scale>
        <position>0.420205,-0.456323,1.348895</position>
        <triangledirection>0.151378,-0.840776,-0.519788</triangledirection>
        <trianglepickorigin>0,0,0</trianglepickorigin>
        <orientation>
          <row0>0.965405,0.0128063,0.260439</row0>
          <row1>0.151378,-0.840775,-0.519788</row1>
          <row2>0.212315,0.541231,-0.813628</row2>
        </orientation>
      </transform>
      <snapped>true</snapped>
      <childlist count="1">
        <childid>6</childid>
      </childlist>
      <handles count="1">
        <weight channel="longer">0.155899</weight>
      </handles>
    </blockref>
    <blockref>
      <blockid>flora_parts~, fe_muscle_branch_02</blockid>
      <transform>
        <limbtype>0</limbtype>
        <musclescale>0</musclescale>
        <basemusclescale>1.200000</basemusclescale>
        <scale>1</scale>
        <position>0.236671,0.563052,1.979100</position>
        <triangledirection>0.454598,-0.143675,-0.879032</triangledirection>
        <trianglepickorigin>0,0,0</trianglepickorigin>
        <orientation>
          <row0>0.870897,0.278628,0.404850</row0>
          <row1>0.454598,-0.143675,-0.879032</row1>
          <row2>-0.186756,0.949591,-0.251790</row2>
        </orientation>
      </transform>
      <snapped>true</snapped>
      <childlist count="9">
        <childid>50</childid>
        <childid>47</childid>
        <childid>28</childid>
        <childid>12</childid>
        <childid>11</childid>
        <childid>10</childid>
        <childid>9</childid>
        <childid>8</childid>
        <childid>7</childid>
      </childlist>
      <handles count="1">
        <weight channel="longer">0.105792</weight>
      </handles>
    </blockref>
    <blockref>
      <blockid>Creature_parts~, ce_grasper_null</blockid>
      <transform>
        <basemusclescale>1.049999</basemusclescale>
        <scale>1</scale>
        <position>-0.171535,0.692065,2.768428</position>
        <triangledirection>0.774835,-0.436712,-0.457068</triangledirection>
        <trianglepickorigin>0,0,0</trianglepickorigin>
        <orientation>
          <row0>0.622383,0.400306,0.672601</row0>
          <row1>0.774835,-0.436712,-0.457068</row1>
          <row2>0.110766,0.805627,-0.581974</row2>
        </orientation>
      </transform>
      <snapped>true</snapped>
    </blockref>
    <blockref>
      <blockid>flora_parts~, FE_flatleaf_06</blockid>
      <transform>
        <scale>1,077880</scale>
        <position>-0.104253,0.789328,2.765443</position>
        <triangledirection>-0.137595,-0.822567,-0.551770</triangledirection>
        <trianglepickorigin>0,0,0</trianglepickorigin>
        <orientation>
          <row0>-0.914040,0.342029,-0.218050</row0>
          <row1>-0.189303,-0.835136,-0.516440</row1>
          <row2>-0.358740,-0.430769,0.828095</row2>
        </orientation>
        <userorientation>
          <userorientation_row0>0.892988,0.00755299,-0.450015</userorientation_row0>
          <userorientation_row1>-0.0352609,0.997959,-0.0532209</userorientation_row1>
          <userorientation_row2>0.448695,0.0633940,0.891433</userorientation_row2>
        </userorientation>
      </transform>
      <snapped>false</snapped>
      <handles count="1">
        <weight channel="Leaf_bend">0.0900930</weight>
      </handles>
    </blockref>
    <blockref>
      <blockid>flora_parts~, FE_flatleaf_06</blockid>
      <transform>
        <scale>1</scale>
        <position>-0.160043,0.753432,2.595962</position>
        <triangledirection>0.775359,-0.611687,-0.157024</triangledirection>
        <trianglepickorigin>0,0,0</trianglepickorigin>
        <orientation>
          <row0>-0.683186,-0.693156,-0.229763</row0>
          <row1>0.664779,-0.720561,0.197129</row1>
          <row2>-0.302200,-0.0180660,0.953073</row2>
        </orientation>
        <userorientation>
          <userorientation_row0>0.986938,0.00946800,-0.160817</userorientation_row0>
          <userorientation_row1>-0.0696419,0.925246,-0.372919</userorientation_row1>
          <userorientation_row2>0.145266,0.379247,0.913821</userorientation_row2>
        </userorientation>
      </transform>
      <snapped>false</snapped>
      <handles count="1">
        <weight channel="Leaf_bend">0.0900930</weight>
      </handles>
    </blockref>
    <blockref>
      <blockid>flora_parts~, FE_flatleaf_06</blockid>
      <transform>
        <scale>1</scale>
        <position>-0.223723,0.635357,2.609390</position>
        <triangledirection>0.943230,0.208878,-0.257270</triangledirection>
        <trianglepickorigin>0,0,0</trianglepickorigin>
        <orientation>
          <row0>0.235244,-0.971915,-0.00633652</row0>
          <row1>0.953914,0.229627,0.193177</row1>
          <row2>-0.186297,-0.0514883,0.981143</row2>
        </orientation>
        <userorientation>
          <userorientation_row0>0.930985,0.142545,0.335269</userorientation_row0>
          <userorientation_row1>0.0205069,0.898027,-0.438895</userorientation_row1>
          <userorientation_row2>-0.363709,0.415528,0.833636</userorientation_row2>
        </userorientation>
      </transform>
      <snapped>false</snapped>
      <handles count="1">
        <weight channel="Leaf_bend">0.109973</weight>
      </handles>
    </blockref>
    <blockref>
      <blockid>flora_parts~, FE_flatleaf_06</blockid>
      <transform>
        <scale>1</scale>
        <position>-0.0976269,0.549831,2.673943</position>
        <triangledirection>0.203230,0.678306,-0.706115</triangledirection>
        <trianglepickorigin>0,0,0</trianglepickorigin>
        <orientation>
          <row0>0.966429,0.00981776,0.256743</row0>
          <row1>0.169172,0.727773,-0.664625</row1>
          <row2>-0.193376,0.685747,0.701680</row2>
        </orientation>
        <userorientation>
          <userorientation_row0>0.999400,-0.0235909,-0.0253449</userorientation_row0>
          <userorientation_row1>0.0217770,0.997335,-0.0696199</userorientation_row1>
          <userorientation_row2>0.0269199,0.0690269,0.997251</userorientation_row2>
        </userorientation>
      </transform>
      <snapped>false</snapped>
      <handles count="1">
        <weight channel="Leaf_bend">0.0186399</weight>
      </handles>
    </blockref>
    <blockref>
      <blockid>flora_parts~, FE_flatleaf_06</blockid>
      <transform>
        <scale>1</scale>
        <position>0.0371330,0.649909,2.654196</position>
        <triangledirection>-0.427890,0.0534608,-0.902248</triangledirection>
        <trianglepickorigin>0,0,0</trianglepickorigin>
        <orientation>
          <row0>-0.0478562,0.997189,0.0576458</row0>
          <row1>-0.488795,0.0269498,-0.871981</row1>
          <row2>-0.871084,-0.0699068,0.486132</row2>
        </orientation>
        <userorientation>
          <userorientation_row0>0.999400,-0.0235909,-0.0253449</userorientation_row0>
          <userorientation_row1>0.0217770,0.997335,-0.0696199</userorientation_row1>
          <userorientation_row2>0.0269199,0.0690269,0.997251</userorientation_row2>
        </userorientation>
      </transform>
      <snapped>false</snapped>
      <handles count="1">
        <weight channel="Leaf_bend">0.0186399</weight>
      </handles>
    </blockref>
    <blockref>
      <blockid>flora_parts~, fe_muscle_branch_02</blockid>
      <transform>
        <limbtype>0</limbtype>
        <musclescale>0</musclescale>
        <basemusclescale>1.200000</basemusclescale>
        <scale>1</scale>
        <position>1.495272,-0.889590,2.019411</position>
        <triangledirection>0,0,-1</triangledirection>
        <trianglepickorigin>0,0,0</trianglepickorigin>
        <orientation>
          <row0>0.993101,0.117255,0</row0>
          <row1>0,0,-1</row1>
          <row2>-0.117255,0.993101,0</row2>
        </orientation>
      </transform>
      <snapped>true</snapped>
      <childlist count="9">
        <childid>51</childid>
        <childid>48</childid>
        <childid>29</childid>
        <childid>19</childid>
        <childid>18</childid>
        <childid>17</childid>
        <childid>16</childid>
        <childid>15</childid>
        <childid>14</childid>
      </childlist>
      <handles count="1">
        <weight channel="longer">0.0904309</weight>
      </handles>
    </blockref>
    <blockref>
      <blockid>Creature_parts~, ce_grasper_null</blockid>
      <transform>
        <basemusclescale>1</basemusclescale>
        <scale>1</scale>
        <position>1.495272,-0.889590,2.820945</position>
        <triangledirection>0.475682,-0.0374342,-0.878820</triangledirection>
        <trianglepickorigin>0,0,0</trianglepickorigin>
        <orientation>
          <row0>0.864839,-0.162461,0.475035</row0>
          <row1>0.475682,-0.0374342,-0.878820</row1>
          <row2>0.160557,0.986004,0.0449055</row2>
        </orientation>
      </transform>
      <snapped>true</snapped>
    </blockref>
    <blockref>
      <blockid>flora_parts~, FE_flatleaf_06</blockid>
      <transform>
        <scale>0,798516</scale>
        <position>1.569932,-0.799638,2.804411</position>
        <triangledirection>-0.797869,-0.345487,-0.493994</triangledirection>
        <trianglepickorigin>0,0,0</trianglepickorigin>
        <orientation>
          <row0>-0.848235,0.453835,0.273001</row0>
          <row1>-0.528659,-0.694524,-0.488010</row1>
          <row2>-0.0318703,-0.558272,0.829045</row2>
        </orientation>
        <userorientation>
          <userorientation_row0>0.763213,-0.428085,-0.483976</userorientation_row0>
          <userorientation_row1>0.385124,0.902825,-0.191238</userorientation_row1>
          <userorientation_row2>0.518814,-0.0404389,0.853928</userorientation_row2>
        </userorientation>
      </transform>
      <snapped>false</snapped>
      <handles count="1">
        <weight channel="Leaf_bend">0.0900930</weight>
      </handles>
    </blockref>
    <blockref>
      <blockid>flora_parts~, FE_flatleaf_06</blockid>
      <transform>
        <scale>1</scale>
        <position>1.470130,-0.805292,2.753195</position>
        <triangledirection>-0.0179315,-0.910754,-0.412542</triangledirection>
        <trianglepickorigin>0,0,0</trianglepickorigin>
        <orientation>
          <row0>-0.913057,-0.401873,0.0694606</row0>
          <row1>0.358806,-0.872524,-0.331601</row1>
          <row2>0.193867,-0.277848,0.940859</row2>
        </orientation>
        <userorientation>
          <userorientation_row0>0.895814,-0.377650,-0.234268</userorientation_row0>
          <userorientation_row1>0.353725,0.925021,-0.138568</userorientation_row1>
          <userorientation_row2>0.269035,0.0412629,0.962244</userorientation_row2>
        </userorientation>
      </transform>
      <snapped>false</snapped>
      <handles count="1">
        <weight channel="Leaf_bend">0</weight>
      </handles>
    </blockref>
    <blockref>
      <blockid>flora_parts~, FE_flatleaf_06</blockid>
      <transform>
        <scale>0,860707</scale>
        <position>1.346267,-0.931343,2.730213</position>
        <triangledirection>0.613669,0.709215,-0.347020</triangledirection>
        <trianglepickorigin>0,0,0</trianglepickorigin>
        <orientation>
          <row0>0.267502,-0.963557,4.84287e-7</row0>
          <row1>0.908190,0.252131,-0.334097</row1>
          <row2>0.321921,0.0893721,0.942538</row2>
        </orientation>
        <userorientation>
          <userorientation_row0>0.854233,0.519807,-0.00921999</userorientation_row0>
          <userorientation_row1>-0.519212,0.852082,-0.0661430</userorientation_row1>
          <userorientation_row2>-0.0265249,0.0612889,0.997767</userorientation_row2>
        </userorientation>
      </transform>
      <snapped>false</snapped>
      <handles count="1">
        <weight channel="Leaf_bend">0.153550</weight>
      </handles>
    </blockref>
    <blockref>
      <blockid>flora_parts~, FE_flatleaf_06</blockid>
      <transform>
        <scale>0,860707</scale>
        <position>1.496675,-1.015500,2.699125</position>
        <triangledirection>0.0401586,0.867019,-0.496653</triangledirection>
        <trianglepickorigin>0,0,0</trianglepickorigin>
        <orientation>
          <row0>0.969443,-0.122954,-0.212278</row0>
          <row1>-0.0165229,0.830633,-0.556573</row1>
          <row2>0.244758,0.543074,0.803220</row2>
        </orientation>
        <userorientation>
          <userorientation_row0>0.999286,-0.0375530,-0.00402799</userorientation_row0>
          <userorientation_row1>0.0377560,0.995935,0.0817629</userorientation_row1>
          <userorientation_row2>0.000940999,-0.0818570,0.996643</userorientation_row2>
        </userorientation>
      </transform>
      <snapped>false</snapped>
      <handles count="1">
        <weight channel="Leaf_bend">0.110417</weight>
      </handles>
    </blockref>
    <blockref>
      <blockid>flora_parts~, FE_flatleaf_06</blockid>
      <transform>
        <scale>0,798516</scale>
        <position>1.587280,-0.928329,2.761920</position>
        <triangledirection>-0.722274,0.668307,-0.177978</triangledirection>
        <trianglepickorigin>0,0,0</trianglepickorigin>
        <orientation>
          <row0>0.355390,0.934471,-0.0214668</row0>
          <row1>-0.828963,0.304487,-0.469155</row1>
          <row2>-0.431875,0.184528,0.882854</row2>
        </orientation>
        <userorientation>
          <userorientation_row0>0.921759,-0.387737,0.00310599</userorientation_row0>
          <userorientation_row1>0.371645,0.885729,0.278124</userorientation_row1>
          <userorientation_row2>-0.110594,-0.255212,0.960539</userorientation_row2>
        </userorientation>
      </transform>
      <snapped>false</snapped>
      <handles count="1">
        <weight channel="Leaf_bend">0.0186399</weight>
      </handles>
    </blockref>
    <blockref>
      <blockid>flora_parts~, fe_muscle_branch_02</blockid>
      <transform>
        <limbtype>0</limbtype>
        <musclescale>0.0249999</musclescale>
        <basemusclescale>1.149999</basemusclescale>
        <scale>1</scale>
        <position>0.911698,0.520475,0.975324</position>
        <triangledirection>-0.238427,-0.861108,-0.449047</triangledirection>
        <trianglepickorigin>0,0,0</trianglepickorigin>
        <orientation>
          <row0>0.901178,-0.0238313,-0.432792</row0>
          <row1>-0.238427,-0.861108,-0.449047</row1>
          <row2>-0.361980,0.507862,-0.781694</row2>
        </orientation>
      </transform>
      <snapped>true</snapped>
      <childlist count="7">
        <childid>27</childid>
        <childid>26</childid>
        <childid>25</childid>
        <childid>24</childid>
        <childid>23</childid>
        <childid>22</childid>
        <childid>21</childid>
      </childlist>
      <handles count="1">
        <weight channel="longer">0.0452649</weight>
      </handles>
    </blockref>
    <blockref>
      <blockid>Creature_parts~, ce_grasper_null</blockid>
      <transform>
        <basemusclescale>0.950000</basemusclescale>
        <scale>1</scale>
        <position>1.035224,0.966602,1.207967</position>
        <triangledirection>0.442536,-0.0540741,-0.895118</triangledirection>
        <trianglepickorigin>0,0,0</trianglepickorigin>
        <orientation>
          <row0>-0.00937631,-0.998404,0.0556781</row0>
          <row1>0.442536,-0.0540741,-0.895118</row1>
          <row2>0.896701,0.0162466,0.442337</row2>
        </orientation>
      </transform>
      <snapped>true</snapped>
    </blockref>
    <blockref>
      <blockid>flora_parts~, FE_flatleaf_06</blockid>
      <transform>
        <scale>0,5</scale>
        <position>1.079836,0.996324,1.103552</position>
        <triangledirection>-0.204738,-0.973019,0.106749</triangledirection>
        <trianglepickorigin>0,0,0</trianglepickorigin>
        <orientation>
          <row0>-0.845247,0.533287,0.0340857</row0>
          <row1>-0.435630,-0.724596,0.534028</row1>
          <row2>0.309489,0.436537,0.844779</row2>
        </orientation>
        <userorientation>
          <userorientation_row0>0.909586,0.193773,-0.367676</userorientation_row0>
          <userorientation_row1>-0.342206,0.851243,-0.397944</userorientation_row1>
          <userorientation_row2>0.235863,0.487763,0.840513</userorientation_row2>
        </userorientation>
      </transform>
      <snapped>false</snapped>
      <handles count="1">
        <weight channel="Leaf_bend">0.0900930</weight>
      </handles>
    </blockref>
    <blockref>
      <blockid>flora_parts~, FE_flatleaf_06</blockid>
      <transform>
        <scale>0,5</scale>
        <position>0.979831,0.973284,1.127112</position>
        <triangledirection>0.410433,-0.900966,-0.141066</triangledirection>
        <trianglepickorigin>0,0,0</trianglepickorigin>
        <orientation>
          <row0>-0.737328,-0.0657576,0.672326</row0>
          <row1>0.478744,-0.753033,0.451380</row1>
          <row2>0.476602,0.654688,0.586714</row2>
        </orientation>
        <userorientation>
          <userorientation_row0>0.854269,0.0519699,-0.517323</userorientation_row0>
          <userorientation_row1>-0.338221,0.811275,-0.477003</userorientation_row1>
          <userorientation_row2>0.394870,0.582428,0.710537</userorientation_row2>
        </userorientation>
      </transform>
      <snapped>false</snapped>
      <handles count="1">
        <weight channel="Leaf_bend">0.0900930</weight>
      </handles>
    </blockref>
    <blockref>
      <blockid>flora_parts~, FE_flatleaf_06</blockid>
      <transform>
        <scale>0,5</scale>
        <position>0.950863,0.941750,1.258898</position>
        <triangledirection>0.590324,-0.504468,-0.630102</triangledirection>
        <trianglepickorigin>0,0,0</trianglepickorigin>
        <orientation>
          <row0>0.322913,0.902439,-0.285182</row0>
          <row1>0.519472,-0.420880,-0.743645</row1>
          <row2>-0.791122,0.0919888,-0.604700</row2>
        </orientation>
        <userorientation>
          <userorientation_row0>-0.345967,-0.153843,-0.925548</userorientation_row0>
          <userorientation_row1>-0.0849340,0.987551,-0.132401</userorientation_row1>
          <userorientation_row2>0.934394,0.0328039,-0.354727</userorientation_row2>
        </userorientation>
      </transform>
      <snapped>false</snapped>
      <handles count="1">
        <weight channel="Leaf_bend">0</weight>
      </handles>
    </blockref>
    <blockref>
      <blockid>flora_parts~, FE_flatleaf_06</blockid>
      <transform>
        <scale>0,5</scale>
        <position>1.049727,0.835539,1.276298</position>
        <triangledirection>-0.414693,-0.567452,-0.711351</triangledirection>
        <trianglepickorigin>0,0,0</trianglepickorigin>
        <orientation>
          <row0>0.889359,-0.325124,-0.321455</row0>
          <row1>-0.359017,-0.0612648,-0.931318</row1>
          <row2>0.283100,0.943684,-0.171211</row2>
        </orientation>
        <userorientation>
          <userorientation_row0>0.990820,-0.105209,-0.0848789</userorientation_row0>
          <userorientation_row1>0.0443479,0.846141,-0.531103</userorientation_row1>
          <userorientation_row2>0.127692,0.522466,0.843041</userorientation_row2>
        </userorientation>
      </transform>
      <snapped>false</snapped>
      <handles count="1">
        <weight channel="Leaf_bend">0.110417</weight>
      </handles>
    </blockref>
    <blockref>
      <blockid>flora_parts~, FE_flatleaf_06</blockid>
      <transform>
        <scale>0,5</scale>
        <position>1.122215,0.906678,1.191789</position>
        <triangledirection>-0.567340,-0.726234,-0.388195</triangledirection>
        <trianglepickorigin>0,0,0</trianglepickorigin>
        <orientation>
          <row0>0.0908530,0.420632,-0.902670</row0>
          <row1>-0.966218,-0.182286,-0.182192</row1>
          <row2>-0.241180,0.888729,0.389861</row2>
        </orientation>
        <userorientation>
          <userorientation_row0>0.998914,0.0352840,0.0301619</userorientation_row0>
          <userorientation_row1>-0.00660999,0.751282,-0.659936</userorientation_row1>
          <userorientation_row2>-0.0459469,0.659026,0.750714</userorientation_row2>
        </userorientation>
      </transform>
      <snapped>false</snapped>
      <handles count="1">
        <weight channel="Leaf_bend">0.0186399</weight>
      </handles>
    </blockref>
    <blockref>
      <blockid>flora_parts~, fe_detail_03</blockid>
      <transform>
        <scale>0,637627</scale>
        <position>1.019398,0.970559,1.176955</position>
        <triangledirection>-0.300926,-0.791601,-0.531799</triangledirection>
        <trianglepickorigin>0,0,0</trianglepickorigin>
        <orientation>
          <row0>-0.689038,0.180713,-0.701832</row0>
          <row1>-0.0915064,-0.982355,-0.163106</row1>
          <row2>-0.718924,-0.0481645,0.693417</row2>
        </orientation>
        <userorientation>
          <userorientation_row0>0.898025,-0.439919,0.00477199</userorientation_row0>
          <userorientation_row1>0.437531,0.891910,-0.114288</userorientation_row1>
          <userorientation_row2>0.0460209,0.104721,0.993436</userorientation_row2>
        </userorientation>
      </transform>
      <snapped>false</snapped>
      <handles count="3">
        <weight channel="DeformAxisUp">0.660196</weight>
        <weight channel="DeformAxisForward">0.500364</weight>
        <weight channel="DeformAxisLeft">0.613540</weight>
      </handles>
    </blockref>
    <blockref>
      <blockid>flora_parts~, fe_detail_03</blockid>
      <transform>
        <scale>0,509156</scale>
        <position>-0.223913,0.673240,2.774023</position>
        <triangledirection>0.543608,-0.224928,-0.808638</triangledirection>
        <trianglepickorigin>0,0,0</trianglepickorigin>
        <orientation>
          <row0>0.191946,-0.981233,-0.0183444</row0>
          <row1>0.760232,0.160484,-0.629516</row1>
          <row2>0.620646,0.106887,0.776770</row2>
        </orientation>
        <userorientation>
          <userorientation_row0>0.933043,-0.359725,-0.00530399</userorientation_row0>
          <userorientation_row1>0.339885,0.886222,-0.314779</userorientation_row1>
          <userorientation_row2>0.117934,0.291899,0.949150</userorientation_row2>
        </userorientation>
      </transform>
      <snapped>false</snapped>
      <handles count="3">
        <weight channel="DeformAxisUp">0.660196</weight>
        <weight channel="DeformAxisForward">0.666503</weight>
        <weight channel="DeformAxisLeft">0.613540</weight>
      </handles>
    </blockref>
    <blockref>
      <blockid>flora_parts~, fe_detail_03</blockid>
      <transform>
        <scale>0,548811</scale>
        <position>1.518317,-0.923034,2.789628</position>
        <triangledirection>-0.176120,0.0903730,-0.980211</triangledirection>
        <trianglepickorigin>0,0,0</trianglepickorigin>
        <orientation>
          <row0>0.627174,0.774110,0.0860535</row0>
          <row1>-0.310572,0.349870,-0.883818</row1>
          <row2>-0.714281,0.527582,0.459847</row2>
        </orientation>
        <userorientation>
          <userorientation_row0>0.984930,0.0852900,-0.150456</userorientation_row0>
          <userorientation_row1>-0.124850,0.952646,-0.277269</userorientation_row1>
          <userorientation_row2>0.119683,0.291875,0.948939</userorientation_row2>
        </userorientation>
      </transform>
      <snapped>false</snapped>
      <handles count="3">
        <weight channel="DeformAxisUp">0.634784</weight>
        <weight channel="DeformAxisForward">0.684123</weight>
        <weight channel="DeformAxisLeft">0.624199</weight>
      </handles>
    </blockref>
    <blockref>
      <blockid>flora_parts~, fe_muscle_branch_02</blockid>
      <transform>
        <limbtype>0</limbtype>
        <musclescale>0.0249999</musclescale>
        <basemusclescale>2.049999</basemusclescale>
        <scale>1</scale>
        <position>0,0,0.600000</position>
        <triangledirection>-0.125833,0.747830,-0.651856</triangledirection>
        <trianglepickorigin>0,0,0</trianglepickorigin>
        <orientation>
          <row0>0.891160,0.373916,0.256940</row0>
          <row1>-0.125833,0.747830,-0.651856</row1>
          <row2>-0.435887,0.548577,0.713487</row2>
        </orientation>
      </transform>
      <snapped>true</snapped>
      <childlist count="8">
        <childid>49</childid>
        <childid>37</childid>
        <childid>36</childid>
        <childid>35</childid>
        <childid>34</childid>
        <childid>33</childid>
        <childid>32</childid>
        <childid>31</childid>
      </childlist>
      <handles count="1">
        <weight channel="longer">0.277557</weight>
      </handles>
    </blockref>
    <blockref>
      <blockid>Creature_parts~, ce_grasper_null</blockid>
      <transform>
        <basemusclescale>1.049999</basemusclescale>
        <scale>1</scale>
        <position>0.248640,-1.477676,1.888038</position>
        <triangledirection>0.815889,-0.567506,-0.110728</triangledirection>
        <trianglepickorigin>0,0,0</trianglepickorigin>
        <orientation>
          <row0>-0.377134,-0.667472,0.642067</row0>
          <row1>0.815889,-0.567506,-0.110728</row1>
          <row2>0.438285,0.482096,0.758610</row2>
        </orientation>
      </transform>
      <snapped>true</snapped>
    </blockref>
    <blockref>
      <blockid>flora_parts~, FE_flatleaf_06</blockid>
      <transform>
        <scale>0,580916</scale>
        <position>0.284541,-1.375336,1.944194</position>
        <triangledirection>0.0963057,-0.336219,-0.936842</triangledirection>
        <trianglepickorigin>0,0,0</trianglepickorigin>
        <orientation>
          <row0>-0.908737,-0.197438,0.367716</row0>
          <row1>-0.328216,-0.206178,-0.921826</row1>
          <row2>0.257818,-0.958388,0.122559</row2>
        </orientation>
        <userorientation>
          <userorientation_row0>0.803476,0.431594,-0.410052</userorientation_row0>
          <userorientation_row1>-0.365626,0.901318,0.232239</userorientation_row1>
          <userorientation_row2>0.469822,-0.0366779,0.881995</userorientation_row2>
        </userorientation>
      </transform>
      <snapped>false</snapped>
      <handles count="1">
        <weight channel="Leaf_bend">0.0900930</weight>
      </handles>
    </blockref>
    <blockref>
      <blockid>flora_parts~, FE_flatleaf_06</blockid>
      <transform>
        <scale>0,626161</scale>
        <position>0.177039,-1.314629,1.840373</position>
        <triangledirection>0.749712,0.214323,-0.626093</triangledirection>
        <trianglepickorigin>0,0,0</trianglepickorigin>
        <orientation>
          <row0>-0.714021,-0.568824,-0.408180</row0>
          <row1>0.580688,-0.155457,-0.799145</row1>
          <row2>0.391119,-0.807633,0.441309</row2>
        </orientation>
        <userorientation>
          <userorientation_row0>0.914691,0.386979,-0.116543</userorientation_row0>
          <userorientation_row1>-0.401663,0.902370,-0.156169</userorientation_row1>
          <userorientation_row2>0.0447300,0.189653,0.980830</userorientation_row2>
        </userorientation>
      </transform>
      <snapped>false</snapped>
      <handles count="1">
        <weight channel="Leaf_bend">0.0548689</weight>
      </handles>
    </blockref>
    <blockref>
      <blockid>flora_parts~, FE_flatleaf_06</blockid>
      <transform>
        <scale>0,626161</scale>
        <position>0.163028,-1.476832,1.804390</position>
        <triangledirection>0.645397,0.749006,-0.149839</triangledirection>
        <trianglepickorigin>0,0,0</trianglepickorigin>
        <orientation>
          <row0>0.195506,-0.0864300,0.976886</row0>
          <row1>0.562657,0.825743,-0.0395480</row1>
          <row2>-0.803239,0.557384,0.210068</row2>
        </orientation>
        <userorientation>
          <userorientation_row0>-0.345967,-0.153843,-0.925548</userorientation_row0>
          <userorientation_row1>-0.0849340,0.987551,-0.132401</userorientation_row1>
          <userorientation_row2>0.934394,0.0328039,-0.354727</userorientation_row2>
        </userorientation>
      </transform>
      <snapped>false</snapped>
      <handles count="1">
        <weight channel="Leaf_bend">0</weight>
      </handles>
    </blockref>
    <blockref>
      <blockid>flora_parts~, FE_flatleaf_06</blockid>
      <transform>
        <scale>0,626162</scale>
        <position>0.254099,-1.330261,1.602522</position>
        <triangledirection>-0.299207,0.911659,-0.281696</triangledirection>
        <trianglepickorigin>0,0,0</trianglepickorigin>
        <orientation>
          <row0>0.921185,0.384001,-0.0629311</row0>
          <row1>-0.358269,0.900092,0.247944</row1>
          <row2>0.151854,-0.205856,0.966728</row2>
        </orientation>
        <userorientation>
          <userorientation_row0>0.995626,-0.0716719,0.0599239</userorientation_row0>
          <userorientation_row1>0.0921799,0.857928,-0.505430</userorientation_row1>
          <userorientation_row2>-0.0151849,0.508745,0.860782</userorientation_row2>
        </userorientation>
      </transform>
      <snapped>false</snapped>
      <handles count="1">
        <weight channel="Leaf_bend">0.0479220</weight>
      </handles>
    </blockref>
    <blockref>
      <blockid>flora_parts~, FE_flatleaf_06</blockid>
      <transform>
        <scale>0,580916</scale>
        <position>0.329824,-1.367216,1.783638</position>
        <triangledirection>-0.469154,0.654099,-0.593325</triangledirection>
        <trianglepickorigin>0,0,0</trianglepickorigin>
        <orientation>
          <row0>0.0231139,0.675224,0.737250</row0>
          <row1>-0.935039,0.275571,-0.223071</row1>
          <row2>-0.353788,-0.684202,0.637730</row2>
        </orientation>
        <userorientation>
          <userorientation_row0>0.998914,0.0352840,0.0301619</userorientation_row0>
          <userorientation_row1>-0.00660999,0.751282,-0.659936</userorientation_row1>
          <userorientation_row2>-0.0459469,0.659026,0.750714</userorientation_row2>
        </userorientation>
      </transform>
      <snapped>false</snapped>
      <handles count="1">
        <weight channel="Leaf_bend">0.0186399</weight>
      </handles>
    </blockref>
    <blockref>
      <blockid>flora_parts~, fe_detail_03</blockid>
      <transform>
        <scale>0,637627</scale>
        <position>0.227669,-1.423605,1.878468</position>
        <triangledirection>-0.198050,0.800987,-0.564973</triangledirection>
        <trianglepickorigin>0,0,0</trianglepickorigin>
        <orientation>
          <row0>-0.715111,0.610083,0.341194</row0>
          <row1>0.0393209,0.522447,-0.851764</row1>
          <row2>-0.697903,-0.595690,-0.397597</row2>
        </orientation>
        <userorientation>
          <userorientation_row0>0.898025,-0.439919,0.00477199</userorientation_row0>
          <userorientation_row1>0.437531,0.891910,-0.114288</userorientation_row1>
          <userorientation_row2>0.0460209,0.104721,0.993436</userorientation_row2>
        </userorientation>
      </transform>
      <snapped>false</snapped>
      <handles count="3">
        <weight channel="DeformAxisUp">0.660196</weight>
        <weight channel="DeformAxisForward">0.442019</weight>
        <weight channel="DeformAxisLeft">0.613540</weight>
      </handles>
    </blockref>
    <blockref>
      <blockid>flora_parts~, fe_muscle_branch_02</blockid>
      <transform>
        <limbtype>0</limbtype>
        <musclescale>0</musclescale>
        <basemusclescale>2.049999</basemusclescale>
        <scale>1</scale>
        <position>0,0,0.600000</position>
        <triangledirection>0.511362,0.0647439,-0.856922</triangledirection>
        <trianglepickorigin>0,0,0</trianglepickorigin>
        <orientation>
          <row0>0.859208,-0.0575449,0.508379</row0>
          <row1>0.511362,0.0647439,-0.856922</row1>
          <row2>0.0163970,0.996241,0.0850549</row2>
        </orientation>
      </transform>
      <snapped>true</snapped>
      <childlist count="7">
        <childid>45</childid>
        <childid>44</childid>
        <childid>43</childid>
        <childid>42</childid>
        <childid>41</childid>
        <childid>40</childid>
        <childid>39</childid>
      </childlist>
      <handles count="1">
        <weight channel="longer">0.149383</weight>
      </handles>
    </blockref>
    <blockref>
      <blockid>Creature_parts~, ce_grasper_null</blockid>
      <transform>
        <basemusclescale>1.149999</basemusclescale>
        <scale>1</scale>
        <position>-0.599075,-0.0758490,1.603910</position>
        <triangledirection>0.550592,-0.831861,0.0696695</triangledirection>
        <trianglepickorigin>0,0,0</trianglepickorigin>
        <orientation>
          <row0>-0.0755920,0.0334319,0.996578</row0>
          <row1>0.550592,-0.831861,0.0696695</row1>
          <row2>0.831344,0.553975,0.0444747</row2>
        </orientation>
      </transform>
      <snapped>true</snapped>
    </blockref>
    <blockref>
      <blockid>flora_parts~, FE_flatleaf_06</blockid>
      <transform>
        <scale>0,580916</scale>
        <position>-0.512647,0.00109699,1.633135</position>
        <triangledirection>0.159327,-0.644420,-0.747887</triangledirection>
        <trianglepickorigin>0,0,0</trianglepickorigin>
        <orientation>
          <row0>-0.808645,0.575831,-0.120463</row0>
          <row1>-0.281807,-0.558895,-0.779884</row1>
          <row2>-0.516408,-0.596702,0.614221</row2>
        </orientation>
        <userorientation>
          <userorientation_row0>0.860392,0.323581,-0.393723</userorientation_row0>
          <userorientation_row1>-0.409824,0.898530,-0.157119</userorientation_row1>
          <userorientation_row2>0.302932,0.296541,0.905701</userorientation_row2>
        </userorientation>
      </transform>
      <snapped>false</snapped>
      <handles count="1">
        <weight channel="Leaf_bend">0.0900930</weight>
      </handles>
    </blockref>
    <blockref>
      <blockid>flora_parts~, FE_flatleaf_06</blockid>
      <transform>
        <scale>0,626161</scale>
        <position>-0.559998,0.0177490,1.518780</position>
        <triangledirection>0.738663,-0.549168,-0.390878</triangledirection>
        <trianglepickorigin>0,0,0</trianglepickorigin>
        <orientation>
          <row0>-0.859889,-0.240553,-0.450249</row0>
          <row1>0.372933,-0.898309,-0.232293</row1>
          <row2>-0.348584,-0.367659,0.862157</row2>
        </orientation>
        <userorientation>
          <userorientation_row0>0.943570,0.319881,-0.0857109</userorientation_row0>
          <userorientation_row1>-0.327072,0.859594,-0.392579</userorientation_row1>
          <userorientation_row2>-0.0519029,0.398458,0.915715</userorientation_row2>
        </userorientation>
      </transform>
      <snapped>false</snapped>
      <handles count="1">
        <weight channel="Leaf_bend">0.0900930</weight>
      </handles>
    </blockref>
    <blockref>
      <blockid>flora_parts~, FE_flatleaf_06</blockid>
      <transform>
        <scale>0,626161</scale>
        <position>-0.661612,-0.0893259,1.516350</position>
        <triangledirection>0.996951,0.0129046,-0.0769613</triangledirection>
        <trianglepickorigin>0,0,0</trianglepickorigin>
        <orientation>
          <row0>-0.0244171,0.492627,0.869897</row0>
          <row1>0.983076,0.169864,-0.0686011</row1>
          <row2>-0.181559,0.853501,-0.488438</row2>
        </orientation>
        <userorientation>
