spore0005438f6347406662005fa23008d816b417ffffffffffffffff0000000ebfdb7e0106KChangfffffffffffffffe07Lefende0000000<?xml version="1.0" encoding="UTF-8"?><sporemodel>
  <properties>
    <modeltype>PlantMedium</modeltype>
    <skineffectseed1>1234</skineffectseed1>
    <skineffectseed2>1234</skineffectseed2>
    <skineffectseed3>1234</skineffectseed3>
    <skincolor1>0.168626,0.176471,0.282353</skincolor1>
    <skincolor2>0.368627,0.400000,0.803922</skincolor2>
    <skincolor3>0.411764,0.694118,0.694118</skincolor3>
    <zcorpscore>22</zcorpscore>
  </properties>
  <blocks count="23">
    <blockref>
      <blockid>flora_parts~, fe_root_dummy</blockid>
      <transform>
        <scale>1</scale>
        <position>0,0,0.600000</position>
        <triangledirection>0,1,0</triangledirection>
        <trianglepickorigin>0,0,0</trianglepickorigin>
        <orientation>
          <row0>1,0,0</row0>
          <row1>0,1,0</row1>
          <row2>0,0,1</row2>
        </orientation>
      </transform>
      <snapped>false</snapped>
      <childlist count="2">
        <childid>3</childid>
        <childid>1</childid>
      </childlist>
    </blockref>
    <blockref>
      <blockid>flora_parts~, FE_muscle_branch_04</blockid>
      <transform>
        <limbtype>0</limbtype>
        <musclescale>0.474999</musclescale>
        <basemusclescale>2.5</basemusclescale>
        <scale>1</scale>
        <position>0,0,0.600000</position>
        <triangledirection>-0.00436399,0.0160359,0.999861</triangledirection>
        <trianglepickorigin>0,0,0</trianglepickorigin>
        <orientation>
          <row0>-0.0934408,-0.995503,0.0155582</row0>
          <row1>-0.00436399,0.0160359,0.999861</row1>
          <row2>-0.995615,0.0933600,-0.00584279</row2>
        </orientation>
      </transform>
      <snapped>true</snapped>
      <childlist count="6">
        <childid>14</childid>
        <childid>13</childid>
        <childid>12</childid>
        <childid>11</childid>
        <childid>10</childid>
        <childid>2</childid>
      </childlist>
      <handles count="1">
        <weight channel="longer">0.0934479</weight>
      </handles>
    </blockref>
    <blockref>
      <blockid>Creature_parts~, ce_grasper_null</blockid>
      <transform>
        <basemusclescale>0.550000</basemusclescale>
        <scale>1</scale>
        <position>0.00358099,-0.0131569,-0.220368</position>
        <triangledirection>0,0,-1</triangledirection>
        <trianglepickorigin>0,0,0</trianglepickorigin>
        <orientation>
          <row0>1,0,0</row0>
          <row1>0,0,-1</row1>
          <row2>0,1,0</row2>
        </orientation>
      </transform>
      <snapped>true</snapped>
    </blockref>
    <blockref>
      <blockid>flora_parts~, fe_trunk_01</blockid>
      <transform>
        <limbtype>2</limbtype>
        <musclescale>0</musclescale>
        <basemusclescale>3.130809</basemusclescale>
        <scale>1,252320</scale>
        <position>0,0,0.600000</position>
        <triangledirection>0,0,-1</triangledirection>
        <trianglepickorigin>0,0,0</trianglepickorigin>
        <orientation>
          <row0>1,0,0</row0>
          <row1>0,0,-1</row1>
          <row2>0,1,0</row2>
        </orientation>
      </transform>
      <snapped>true</snapped>
      <childlist count="10">
        <childid>21</childid>
        <childid>19</childid>
        <childid>18</childid>
        <childid>17</childid>
        <childid>16</childid>
        <childid>15</childid>
        <childid>7</childid>
        <childid>6</childid>
        <childid>5</childid>
        <childid>4</childid>
      </childlist>
      <handles count="3">
        <weight channel="DeformAxisLeft">0.556970</weight>
        <weight channel="DeformAxisForward">0.556696</weight>
        <weight channel="DeformBoneLength">0</weight>
      </handles>
    </blockref>
    <blockref>
      <blockid>flora_parts~, FE_leaf_27</blockid>
      <transform>
        <scale>0,860707</scale>
        <position>0.0139359,-0.172813,2.087908</position>
        <triangledirection>-0.100477,0.918154,-0.383269</triangledirection>
        <trianglepickorigin>0,0,0</trianglepickorigin>
        <orientation>
          <row0>0.994065,0.108785,-6.33299e-8</row0>
          <row1>-0.100477,0.918154,-0.383269</row1>
          <row2>-0.0416940,0.380995,0.923636</row2>
        </orientation>
      </transform>
      <snapped>false</snapped>
      <handles count="3">
        <weight channel="DeformAxisLeft">1</weight>
        <weight channel="DeformAxisForward">1</weight>
        <weight channel="DeformAxisUp">0.867834</weight>
      </handles>
    </blockref>
    <blockref>
      <blockid>flora_parts~, FE_leaf_27</blockid>
      <transform>
        <scale>0,687288</scale>
        <position>0.174918,0.0875909,2.129173</position>
        <triangledirection>-0.856938,-0.444516,-0.260887</triangledirection>
        <trianglepickorigin>0,0,0</trianglepickorigin>
        <orientation>
          <row0>-0.582114,0.813107,4.76837e-7</row0>
          <row1>-0.746240,-0.534243,-0.397127</row1>
          <row2>-0.322906,-0.231173,0.917763</row2>
        </orientation>
        <userorientation>
          <userorientation_row0>0.990343,-0.133351,-0.0379060</userorientation_row0>
          <userorientation_row1>0.137396,0.980567,0.140038</userorientation_row1>
          <userorientation_row2>0.0184949,-0.143895,0.989420</userorientation_row2>
        </userorientation>
      </transform>
      <snapped>false</snapped>
      <handles count="3">
        <weight channel="DeformAxisLeft">1</weight>
        <weight channel="DeformAxisForward">0.884165</weight>
        <weight channel="DeformAxisUp">0.898729</weight>
      </handles>
    </blockref>
    <blockref>
      <blockid>flora_parts~, FE_leaf_35</blockid>
      <transform>
        <scale>1,161830</scale>
        <position>-0.179861,0.0805940,2.102973</position>
        <triangledirection>0.558996,-0.617379,-0.553501</triangledirection>
        <trianglepickorigin>0,0,0</trianglepickorigin>
        <orientation>
          <row0>-0.384359,-0.923183,4.91738e-7</row0>
          <row1>0.863483,-0.359503,-0.353768</row1>
          <row2>0.326593,-0.135973,0.935332</row2>
        </orientation>
        <userorientation>
          <userorientation_row0>0.934610,-0.336141,0.116250</userorientation_row0>
          <userorientation_row1>0.355099,0.900447,-0.251195</userorientation_row1>
          <userorientation_row2>-0.0202389,0.276051,0.960929</userorientation_row2>
        </userorientation>
      </transform>
      <snapped>false</snapped>
      <childlist count="4">
        <childid>22</childid>
        <childid>20</childid>
        <childid>9</childid>
        <childid>8</childid>
      </childlist>
      <handles count="3">
        <weight channel="DeformAxisLeft">0</weight>
        <weight channel="DeformAxisForward">0.241227</weight>
        <weight channel="DeformAxisUp">0.486839</weight>
      </handles>
    </blockref>
    <blockref>
      <blockid>Creature_parts~, ce_grasper_null</blockid>
      <transform>
        <basemusclescale>0.860707</basemusclescale>
        <scale>1</scale>
        <position>0,9.99999e-7,2.102788</position>
        <triangledirection>0.456999,-0.291437,-0.840366</triangledirection>
        <trianglepickorigin>0,0,0</trianglepickorigin>
        <orientation>
          <row0>0.888861,0.184481,0.419394</row0>
          <row1>0.456999,-0.291437,-0.840365</row1>
          <row2>-0.0328041,0.938632,-0.343355</row2>
        </orientation>
      </transform>
      <snapped>true</snapped>
    </blockref>
    <blockref>
      <blockid>flora_parts~, FE_leaf_27</blockid>
      <transform>
        <scale>0,591554</scale>
        <position>-0.484580,0.0708559,2.421578</position>
        <triangledirection>0.429241,0.817821,0.383300</triangledirection>
        <trianglepickorigin>0,0,0</trianglepickorigin>
        <orientation>
          <row0>0.949725,-0.313075,0.00247053</row0>
          <row1>0.311641,0.946071,0.0884747</row1>
          <row2>-0.0300366,-0.0832568,0.996075</row2>
        </orientation>
        <userorientation>
          <userorientation_row0>0.987984,-0.152884,-0.0226379</userorientation_row0>
          <userorientation_row1>0.152568,0.941400,0.300814</userorientation_row1>
          <userorientation_row2>-0.0246779,-0.300653,0.953414</userorientation_row2>
        </userorientation>
      </transform>
      <snapped>false</snapped>
      <handles count="3">
        <weight channel="DeformAxisLeft">1</weight>
        <weight channel="DeformAxisForward">0.884165</weight>
        <weight channel="DeformAxisUp">0.898729</weight>
      </handles>
    </blockref>
    <blockref>
      <blockid>flora_parts~, FE_leaf_27</blockid>
      <transform>
        <scale>0,927744</scale>
        <position>-0.413761,0.426475,2.480924</position>
        <triangledirection>0.487633,-0.759146,-0.431173</triangledirection>
        <trianglepickorigin>0,0,0</trianglepickorigin>
        <orientation>
          <row0>-0.699429,-0.703101,0.128245</row0>
          <row1>0.526234,-0.628049,-0.573263</row1>
          <row2>0.483607,-0.333470,0.809272</row2>
        </orientation>
        <userorientation>
          <userorientation_row0>0.990343,-0.133351,-0.0379060</userorientation_row0>
          <userorientation_row1>0.137396,0.980567,0.140038</userorientation_row1>
          <userorientation_row2>0.0184949,-0.143895,0.989420</userorientation_row2>
        </userorientation>
      </transform>
      <snapped>false</snapped>
      <handles count="3">
        <weight channel="DeformAxisLeft">1</weight>
        <weight channel="DeformAxisForward">0.515465</weight>
        <weight channel="DeformAxisUp">0.880278</weight>
      </handles>
    </blockref>
    <blockref>
      <blockid>flora_parts~, fe_detail_04</blockid>
      <transform>
        <scale>1,161830</scale>
        <position>-0.136765,0.347021,0.343635</position>
        <triangledirection>0.306632,-0.525590,-0.793555</triangledirection>
        <trianglepickorigin>0,0,0</trianglepickorigin>
        <orientation>
          <row0>-0.931260,-0.364352,-8.94069e-8</row0>
          <row1>0.348038,-0.889563,0.295879</row1>
          <row2>-0.107804,0.275541,0.955225</row2>
        </orientation>
        <userorientation>
          <userorientation_row0>0.417188,-0.840111,-0.346649</userorientation_row0>
          <userorientation_row1>-0.0940539,0.339469,-0.935902</userorientation_row1>
          <userorientation_row2>0.903940,0.423052,0.0626070</userorientation_row2>
        </userorientation>
      </transform>
      <snapped>false</snapped>
      <handles count="4">
        <weight channel="Stretch">0.33,2013</weight>
        <weight channel="Thicken">1</weight>
        <weight channel="tweak_side">0.17,9601</weight>
        <weight channel="tweak_top_bottom">0.22,9917</weight>
      </handles>
    </blockref>
    <blockref>
      <blockid>flora_parts~, fe_detail_04</blockid>
      <transform>
        <scale>1,077880</scale>
        <position>0.252640,0.225791,0.291134</position>
        <triangledirection>-0.519593,-0.343630,-0.782266</triangledirection>
        <trianglepickorigin>0,0,0</trianglepickorigin>
        <orientation>
          <row0>-0.610698,0.791862,8.94069e-8</row0>
          <row1>-0.724597,-0.558822,0.403329</row1>
          <row2>0.319382,0.246313,0.915054</row2>
        </orientation>
        <userorientation>
          <userorientation_row0>-0.153113,-0.954210,-0.256981</userorientation_row0>
          <userorientation_row1>0.0452069,0.253013,-0.966406</userorientation_row1>
          <userorientation_row2>0.987173,-0.159587,0.00439699</userorientation_row2>
        </userorientation>
      </transform>
      <snapped>false</snapped>
      <handles count="4">
        <weight channel="Stretch">0.42,6727</weight>
        <weight channel="Thicken">1</weight>
        <weight channel="tweak_side">0</weight>
        <weight channel="tweak_top_bottom">0.62,9476</weight>
      </handles>
    </blockref>
    <blockref>
      <blockid>flora_parts~, fe_detail_04</blockid>
      <transform>
        <scale>1,161830</scale>
        <position>-0.354688,-0.0840619,0.338027</position>
        <triangledirection>0.664526,-0.140122,-0.734010</triangledirection>
        <trianglepickorigin>0,0,0</trianglepickorigin>
        <orientation>
          <row0>0.166331,-0.986069,-3.65078e-7</row0>
          <row1>0.904328,0.152542,0.398647</row1>
          <row2>-0.393094,-0.0663079,0.917104</row2>
        </orientation>
        <userorientation>
          <userorientation_row0>0.614158,-0.785270,-0.0784809</userorientation_row0>
          <userorientation_row1>0.248702,0.286963,-0.925094</userorientation_row1>
          <userorientation_row2>0.748970,0.548636,0.371539</userorientation_row2>
        </userorientation>
      </transform>
      <snapped>false</snapped>
      <handles count="4">
        <weight channel="Stretch">0.57,6199</weight>
        <weight channel="Thicken">1</weight>
        <weight channel="tweak_side">0.07,45040</weight>
        <weight channel="tweak_top_bottom">0.75,8946</weight>
      </handles>
    </blockref>
    <blockref>
      <blockid>flora_parts~, fe_detail_04</blockid>
      <transform>
        <scale>1</scale>
        <position>0.284756,-0.216501,0.285101</position>
        <triangledirection>-0.477798,0.174699,-0.860923</triangledirection>
        <trianglepickorigin>0,0,0</trianglepickorigin>
        <orientation>
          <row0>0.569961,0.821671,2.53319e-7</row0>
          <row1>-0.719044,0.498773,0.483941</row1>
          <row2>0.397640,-0.275828,0.875100</row2>
        </orientation>
        <userorientation>
          <userorientation_row0>0.0888400,-0.995715,-0.0256549</userorientation_row0>
          <userorientation_row1>-0.128782,0.0140579,-0.991572</userorientation_row1>
          <userorientation_row2>0.987684,0.0913959,-0.126982</userorientation_row2>
        </userorientation>
      </transform>
      <snapped>false</snapped>
      <handles count="4">
        <weight channel="Stretch">0.513291</weight>
        <weight channel="Thicken">1</weight>
        <weight channel="tweak_side">0.227241</weight>
        <weight channel="tweak_top_bottom">0.629476</weight>
      </handles>
    </blockref>
    <blockref>
      <blockid>flora_parts~, fe_detail_04</blockid>
      <transform>
        <scale>1,077880</scale>
        <position>-0.0677039,-0.359194,0.279072</position>
        <triangledirection>-0.0327549,0.448436,-0.893213</triangledirection>
        <trianglepickorigin>0,0,0</trianglepickorigin>
        <orientation>
          <row0>0.976424,-0.215859,-2.30967e-7</row0>
          <row1>0.195738,0.885404,0.421599</row1>
          <row2>-0.0910061,-0.411659,0.906782</row2>
        </orientation>
        <userorientation>
          <userorientation_row0>0.0888400,-0.995715,-0.0256549</userorientation_row0>
          <userorientation_row1>-0.128782,0.0140579,-0.991572</userorientation_row1>
          <userorientation_row2>0.987684,0.0913959,-0.126982</userorientation_row2>
        </userorientation>
      </transform>
      <snapped>false</snapped>
      <handles count="4">
        <weight channel="Stretch">0.555652</weight>
        <weight channel="Thicken">1</weight>
        <weight channel="tweak_side">0.781027</weight>
        <weight channel="tweak_top_bottom">0.0848539</weight>
      </handles>
    </blockref>
    <blockref>
      <blockid>flora_parts~, FE_leaf_21</blockid>
      <transform>
        <scale>1</scale>
        <position>0.116145,-0.0359469,2.207513</position>
        <triangledirection>-0.514767,0.599067,-0.613297</triangledirection>
        <trianglepickorigin>0,0,0</trianglepickorigin>
        <orientation>
          <row0>0.509853,0.860261,2.98023e-7</row0>
          <row1>-0.579313,0.343343,-0.739263</row1>
          <row2>-0.635959,0.376916,0.673416</row2>
        </orientation>
        <userorientation>
          <userorientation_row0>0.832368,-0.289127,0.472829</userorientation_row0>
          <userorientation_row1>0.252898,0.957286,0.140165</userorientation_row1>
          <userorientation_row2>-0.493158,0.00290899,0.869934</userorientation_row2>
        </userorientation>
      </transform>
      <snapped>false</snapped>
      <handles count="4">
        <weight channel="Bend_vert">0.247474</weight>
        <weight channel="Length">0.453145</weight>
        <weight channel="tweak_sideways">0.474813</weight>
        <weight channel="WidthHeight">0.454265</weight>
      </handles>
    </blockref>
    <blockref>
      <blockid>flora_parts~, FE_leaf_21</blockid>
      <transform>
        <scale>1,161830</scale>
        <position>-0.0460040,0.000461999,2.248039</position>
        <triangledirection>-0.122528,-0.0941737,-0.987987</triangledirection>
        <trianglepickorigin>0,0,0</trianglepickorigin>
        <orientation>
          <row0>0.521599,-0.853190,1.49011e-7</row0>
          <row1>0.294180,0.179847,-0.938675</row1>
          <row2>0.800869,0.489613,0.344801</row2>
        </orientation>
        <userorientation>
          <userorientation_row0>0.504477,0.411457,0.759082</userorientation_row0>
          <userorientation_row1>0.0164369,0.874417,-0.484897</userorientation_row1>
          <userorientation_row2>-0.863268,0.257097,0.434361</userorientation_row2>
        </userorientation>
      </transform>
      <snapped>false</snapped>
      <handles count="4">
        <weight channel="Bend_vert">0.644835</weight>
        <weight channel="Length">0.453145</weight>
        <weight channel="tweak_sideways">0.474813</weight>
        <weight channel="WidthHeight">0.454265</weight>
      </handles>
    </blockref>
    <blockref>
      <blockid>flora_parts~, FE_leaf_21</blockid>
      <transform>
        <scale>0,860707</scale>
        <position>-0.151900,-0.0783739,2.118529</position>
        <triangledirection>0.787366,0.579671,-0.209845</triangledirection>
        <trianglepickorigin>0,0,0</trianglepickorigin>
        <orientation>
          <row0>0.602621,-0.798027,-4.47034e-8</row0>
          <row1>0.742193,0.560459,-0.367471</row1>
          <row2>0.293251,0.221445,0.930034</row2>
        </orientation>
        <userorientation>
          <userorientation_row0>0.966772,-0.0532509,0.250033</userorientation_row0>
          <userorientation_row1>0.0118899,0.986371,0.164098</userorientation_row1>
          <userorientation_row2>-0.255363,-0.155673,0.954230</userorientation_row2>
        </userorientation>
      </transform>
      <snapped>false</snapped>
      <handles count="4">
        <weight channel="Bend_vert">0.277039</weight>
        <weight channel="Length">0.351013</weight>
        <weight channel="tweak_sideways">0.474813</weight>
        <weight channel="WidthHeight">0.771886</weight>
      </handles>
    </blockref>
    <blockref>
      <blockid>flora_parts~, fe_cap_02a</blockid>
      <transform>
        <scale>0,637627</scale>
        <position>0.131529,-0.119678,2.131312</position>
        <triangledirection>-0.872357,0.329039,0.361559</triangledirection>
        <trianglepickorigin>0,0,0</trianglepickorigin>
        <orientation>
          <row0>0.419715,0.907655,-3.87430e-7</row0>
          <row1>-0.828071,0.382914,-0.409481</row1>
          <row2>-0.371667,0.171865,0.912318</row2>
        </orientation>
        <userorientation>
          <userorientation_row0>0.992869,-0.0230100,0.116965</userorientation_row0>
          <userorientation_row1>-0.0674870,0.700316,0.710634</userorientation_row1>
          <userorientation_row2>-0.0982649,-0.713462,0.693769</userorientation_row2>
        </userorientation>
      </transform>
      <snapped>false</snapped>
    </blockref>
    <blockref>
      <blockid>flora_parts~, fe_cap_02a</blockid>
      <transform>
        <scale>0,637627</scale>
        <position>0.0315209,0.206942,2.127480</position>
        <triangledirection>-0.0455369,-0.918155,0.393594</triangledirection>
        <trianglepickorigin>0,0,0</trianglepickorigin>
        <orientation>
          <row0>-0.994370,-0.105960,7.07805e-8</row0>
          <row1>0.0978199,-0.917974,-0.384386</row1>
          <row2>0.0407299,-0.382222,0.923172</row2>
        </orientation>
        <userorientation>
          <userorientation_row0>0.966305,0.0592289,-0.250493</userorientation_row0>
          <userorientation_row1>0.142569,0.687096,0.712440</userorientation_row1>
          <userorientation_row2>0.214310,-0.724147,0.655500</userorientation_row2>
        </userorientation>
      </transform>
      <snapped>false</snapped>
    </blockref>
    <blockref>
      <blockid>flora_parts~, fe_cap_02a</blockid>
      <transform>
        <scale>0,591554</scale>
        <position>-0.380035,0.586726,2.359272</position>
        <triangledirection>0.555451,-0.831161,0.0254004</triangledirection>
        <trianglepickorigin>0,0,0</trianglepickorigin>
        <orientation>
          <row0>-0.889232,-0.457455,3.87430e-7</row0>
          <row1>0.428897,-0.833721,-0.347786</row1>
          <row2>0.159097,-0.309263,0.937573</row2>
        </orientation>
        <userorientation>
          <userorientation_row0>0.957144,0.201333,-0.208181</userorientation_row0>
          <userorientation_row1>-0.113706,0.922354,0.369233</userorientation_row1>
          <userorientation_row2>0.266355,-0.329737,0.905720</userorientation_row2>
        </userorientation>
      </transform>
      <snapped>false</snapped>
    </blockref>
    <blockref>
      <blockid>flora_parts~, fe_cap_02a</blockid>
      <transform>
        <scale>0,687288</scale>
        <position>-0.0727309,-0.0903879,2.203950</position>
        <triangledirection>0.400737,0.781721,-0.477831</triangledirection>
        <trianglepickorigin>0,0,0</trianglepickorigin>
        <orientation>
          <row0>0.593702,-0.804684,1.49011e-7</row0>
          <row1>0.567009,0.418343,-0.709570</row1>
          <row2>0.570980,0.421273,0.704634</row2>
        </orientation>
        <userorientation>
          <userorientation_row0>0.914669,0.403955,-0.0140410</userorientation_row0>
          <userorientation_row1>-0.391121,0.893303,0.221435</userorientation_row1>
          <userorientation_row2>0.101993,-0.197047,0.975073</userorientation_row2>
        </userorientation>
      </transform>
      <snapped>false</snapped>
    </blockref>
    <blockref>
      <blockid>flora_parts~, fe_cap_02a</blockid>
      <transform>
        <scale>0,591554</scale>
        <position>-0.659080,0.167648,2.350709</position>
        <triangledirection>0.725122,0.289933,0.624609</triangledirection>
        <trianglepickorigin>0,0,0</trianglepickorigin>
        <orientation>
          <row0>0.268652,-0.963237,-6.70552e-8</row0>
          <row1>0.885602,0.246999,-0.393317</row1>
          <row2>0.378858,0.105665,0.919402</row2>
        </orientation>
        <userorientation>
          <userorientation_row0>0.935627,0.340903,-0.0915739</userorientation_row0>
          <userorientation_row1>-0.0844689,0.468113,0.879622</userorientation_row1>
          <userorientation_row2>0.342733,-0.815262,0.466776</userorientation_row2>
        </userorientation>
      </transform>
      <snapped>false</snapped>
    </blockref>
  </blocks></sporemodel>