spore0005438f634740666200f3cdfda6d816b417ffffffffffffffff0000000ebfdb7e2306KChangfffffffffffffffe05Xevez0000000<?xml version="1.0" encoding="UTF-8"?><sporemodel>
  <properties>
    <modeltype>PlantLarge</modeltype>
    <skineffectseed1>2124035</skineffectseed1>
    <skineffectseed2>4660</skineffectseed2>
    <skineffectseed3>4660</skineffectseed3>
    <skincolor1>0.262743,0.443135,0.443135</skincolor1>
    <skincolor2>0.905882,0.788233,0.537253</skincolor2>
    <skincolor3>0.658824,0.784312,0.905882</skincolor3>
    <zcorpscore>8</zcorpscore>
  </properties>
  <blocks count="31">
    <blockref>
      <blockid>flora_parts~, fe_root_dummy</blockid>
      <transform>
        <scale>1</scale>
        <position>0.000914850,0.00203674,0.600000</position>
        <triangledirection>0,1,0</triangledirection>
        <trianglepickorigin>0,0,0</trianglepickorigin>
        <orientation>
          <row0>1,0,0</row0>
          <row1>0,1,0</row1>
          <row2>0,0,1</row2>
        </orientation>
      </transform>
      <snapped>false</snapped>
      <childlist count="6">
        <childid>19</childid>
        <childid>16</childid>
        <childid>7</childid>
        <childid>5</childid>
        <childid>3</childid>
        <childid>1</childid>
      </childlist>
    </blockref>
    <blockref>
      <blockid>flora_parts~, fe_muscle_branch_01</blockid>
      <transform>
        <limbtype>0</limbtype>
        <musclescale>0.625</musclescale>
        <basemusclescale>2.400000</basemusclescale>
        <scale>1</scale>
        <position>0.000914850,0.00203674,0.600000</position>
        <triangledirection>0.649839,0.287067,0.703775</triangledirection>
        <trianglepickorigin>0,0,0</trianglepickorigin>
        <orientation>
          <row0>-0.0833831,0.947270,-0.309395</row0>
          <row1>0.649839,0.287067,0.703775</row1>
          <row2>0.755483,-0.142374,-0.639510</row2>
        </orientation>
      </transform>
      <snapped>true</snapped>
      <childlist count="1">
        <childid>2</childid>
      </childlist>
      <handles count="1">
        <weight channel="longer">0.151929</weight>
      </handles>
    </blockref>
    <blockref>
      <blockid>Creature_parts~, ce_grasper_null</blockid>
      <transform>
        <basemusclescale>0.600000</basemusclescale>
        <scale>1</scale>
        <position>-0.770773,-0.338858,-0.235736</position>
        <triangledirection>0,0,-1</triangledirection>
        <trianglepickorigin>0,0,0</trianglepickorigin>
        <orientation>
          <row0>1,0,0</row0>
          <row1>0,0,-1</row1>
          <row2>0,1,0</row2>
        </orientation>
      </transform>
      <snapped>true</snapped>
    </blockref>
    <blockref>
      <blockid>flora_parts~, fe_muscle_branch_01</blockid>
      <transform>
        <limbtype>0</limbtype>
        <musclescale>0.625</musclescale>
        <basemusclescale>2.400000</basemusclescale>
        <scale>1</scale>
        <position>0.000914850,0.00203674,0.600000</position>
        <triangledirection>-0.822229,0.235193,0.518289</triangledirection>
        <trianglepickorigin>0,0,0</trianglepickorigin>
        <orientation>
          <row0>-0.470108,0.232685,-0.851384</row0>
          <row1>-0.822229,0.235193,0.518289</row1>
          <row2>0.320838,0.943685,0.0807547</row2>
        </orientation>
      </transform>
      <snapped>true</snapped>
      <childlist count="1">
        <childid>4</childid>
      </childlist>
      <handles count="1">
        <weight channel="longer">0.159581</weight>
      </handles>
    </blockref>
    <blockref>
      <blockid>Creature_parts~, ce_grasper_null</blockid>
      <transform>
        <basemusclescale>0.650000</basemusclescale>
        <scale>1</scale>
        <position>1.016803,-0.288551,-0.0403620</position>
        <triangledirection>0,0,-1</triangledirection>
        <trianglepickorigin>0,0,0</trianglepickorigin>
        <orientation>
          <row0>1,0,0</row0>
          <row1>0,0,-1</row1>
          <row2>0,1,0</row2>
        </orientation>
      </transform>
      <snapped>true</snapped>
    </blockref>
    <blockref>
      <blockid>flora_parts~, fe_muscle_branch_01</blockid>
      <transform>
        <limbtype>0</limbtype>
        <musclescale>0.650000</musclescale>
        <basemusclescale>2.400000</basemusclescale>
        <scale>1</scale>
        <position>0.000914850,0.00203674,0.600000</position>
        <triangledirection>0.0233470,-0.648729,0.760661</triangledirection>
        <trianglepickorigin>0,0,0</trianglepickorigin>
        <orientation>
          <row0>0.928191,-0.268575,-0.257543</row0>
          <row1>0.0233470,-0.648729,0.760661</row1>
          <row2>-0.371370,-0.712051,-0.595874</row2>
        </orientation>
      </transform>
      <snapped>true</snapped>
      <childlist count="1">
        <childid>6</childid>
      </childlist>
      <handles count="1">
        <weight channel="longer">0.162245</weight>
      </handles>
    </blockref>
    <blockref>
      <blockid>Creature_parts~, ce_grasper_null</blockid>
      <transform>
        <basemusclescale>0.650000</basemusclescale>
        <scale>1</scale>
        <position>-0.0283220,0.814406,-0.352538</position>
        <triangledirection>0,0,-1</triangledirection>
        <trianglepickorigin>0,0,0</trianglepickorigin>
        <orientation>
          <row0>1,0,0</row0>
          <row1>0,0,-1</row1>
          <row2>0,1,0</row2>
        </orientation>
      </transform>
      <snapped>true</snapped>
    </blockref>
    <blockref>
      <blockid>flora_parts~, fe_trunk_03</blockid>
      <transform>
        <limbtype>2</limbtype>
        <musclescale>0.5</musclescale>
        <basemusclescale>2.400000</basemusclescale>
        <scale>1,568310</scale>
        <position>0.000914850,0.00203674,0.600000</position>
        <triangledirection>0,1.19209e-6,-1</triangledirection>
        <trianglepickorigin>0,0,0</trianglepickorigin>
        <orientation>
          <row0>1,0,0</row0>
          <row1>0,1.19209e-6,-1</row1>
          <row2>0,1,1.19209e-6</row2>
        </orientation>
      </transform>
      <snapped>true</snapped>
      <childlist count="8">
        <childid>15</childid>
        <childid>14</childid>
        <childid>13</childid>
        <childid>12</childid>
        <childid>11</childid>
        <childid>10</childid>
        <childid>9</childid>
        <childid>8</childid>
      </childlist>
      <handles count="3">
        <weight channel="DeformAxisLeft">0.853744</weight>
        <weight channel="DeformAxisForward">0.268813</weight>
        <weight channel="DeformBoneLength">1</weight>
      </handles>
    </blockref>
    <blockref>
      <blockid>Creature_parts~, ce_grasper_null</blockid>
      <transform>
        <basemusclescale>1</basemusclescale>
        <scale>1</scale>
        <position>0.000914850,0.00202926,6.873239</position>
        <triangledirection>0,2.19208e-6,-1</triangledirection>
        <trianglepickorigin>0,0,0</trianglepickorigin>
        <orientation>
          <row0>1,0,0</row0>
          <row1>0,2.19208e-6,-1</row1>
          <row2>0,1,2.19208e-6</row2>
        </orientation>
      </transform>
      <snapped>true</snapped>
    </blockref>
    <blockref>
      <blockid>flora_parts~, FE_leaf_18</blockid>
      <transform>
        <scale>3,320104</scale>
        <position>1.131479,-0.360516,6.901271</position>
        <triangledirection>-0.543756,0.156115,-0.824595</triangledirection>
        <trianglepickorigin>0,0,0</trianglepickorigin>
        <orientation>
          <row0>0.275956,0.961170,2.30967e-7</row0>
          <row1>-0.543756,0.156115,-0.824595</row1>
          <row2>-0.792576,0.227552,0.565723</row2>
        </orientation>
      </transform>
      <snapped>false</snapped>
      <childlist count="2">
        <childid>29</childid>
        <childid>28</childid>
      </childlist>
      <handles count="3">
        <weight channel="DeformAxisLeft">0.751656</weight>
        <weight channel="DeformAxisForward">0.340178</weight>
        <weight channel="DeformAxisUp">0.504149</weight>
      </handles>
    </blockref>
    <blockref>
      <blockid>flora_parts~, FE_leaf_18</blockid>
      <transform>
        <scale>3,320117</scale>
        <position>-0.386052,-1.064377,6.862898</position>
        <triangledirection>0.256554,0.595067,-0.761624</triangledirection>
        <trianglepickorigin>0,0,0</trianglepickorigin>
        <orientation>
          <row0>0.967064,-0.254531,-7.45058e-8</row0>
          <row1>0.151851,0.576941,-0.802545</row1>
          <row2>0.204273,0.776113,0.596590</row2>
        </orientation>
        <userorientation>
          <userorientation_row0>0.844580,-0.113683,0.523220</userorientation_row0>
          <userorientation_row1>0.0966416,0.993516,0.0598696</userorientation_row1>
          <userorientation_row2>-0.526633,3.72528e-9,0.850091</userorientation_row2>
        </userorientation>
      </transform>
      <snapped>false</snapped>
      <childlist count="1">
        <childid>26</childid>
      </childlist>
      <handles count="3">
        <weight channel="DeformAxisLeft">0.751656</weight>
        <weight channel="DeformAxisForward">0.340178</weight>
        <weight channel="DeformAxisUp">0.504149</weight>
      </handles>
    </blockref>
    <blockref>
      <blockid>flora_parts~, FE_leaf_18</blockid>
      <transform>
        <scale>3,320110</scale>
        <position>0.292493,-0.511285,7.223616</position>
        <triangledirection>-0.0771394,0.180213,-0.980598</triangledirection>
        <trianglepickorigin>0,0,0</trianglepickorigin>
        <orientation>
          <row0>0.919320,0.393510,-1.71363e-7</row0>
          <row1>-0.0771394,0.180213,-0.980598</row1>
          <row2>-0.385875,0.901483,0.196028</row2>
        </orientation>
        <userorientation>
          <userorientation_row0>0.944541,0,0.328390</userorientation_row0>
          <userorientation_row1>0,1,0</userorientation_row1>
          <userorientation_row2>-0.328390,0,0.944541</userorientation_row2>
        </userorientation>
      </transform>
      <snapped>false</snapped>
      <childlist count="2">
        <childid>30</childid>
        <childid>27</childid>
      </childlist>
      <handles count="3">
        <weight channel="DeformAxisLeft">0.751656</weight>
        <weight channel="DeformAxisForward">0.440379</weight>
        <weight channel="DeformAxisUp">0.504149</weight>
      </handles>
    </blockref>
    <blockref>
      <blockid>flora_parts~, FE_leaf_18</blockid>
      <transform>
        <scale>3,080210</scale>
        <position>0.708861,0.767170,6.965409</position>
        <triangledirection>-0.390698,-0.467776,-0.792805</triangledirection>
        <trianglepickorigin>0,0,0</trianglepickorigin>
        <orientation>
          <row0>-0.767507,0.641040,0</row0>
          <row1>-0.390698,-0.467776,-0.792805</row1>
          <row2>-0.508220,-0.608483,0.609474</row2>
        </orientation>
        <userorientation>
          <userorientation_row0>0.682395,0,-0.730980</userorientation_row0>
          <userorientation_row1>0,1,0</userorientation_row1>
          <userorientation_row2>0.730980,0,0.682395</userorientation_row2>
        </userorientation>
      </transform>
      <snapped>false</snapped>
      <childlist count="1">
        <childid>23</childid>
      </childlist>
      <handles count="3">
        <weight channel="DeformAxisLeft">0.751656</weight>
        <weight channel="DeformAxisForward">0.440379</weight>
        <weight channel="DeformAxisUp">0.504149</weight>
      </handles>
    </blockref>
    <blockref>
      <blockid>flora_parts~, FE_leaf_18</blockid>
      <transform>
        <scale>2,857641</scale>
        <position>-0.297775,0.949291,6.966525</position>
        <triangledirection>0.148517,-0.577237,-0.802956</triangledirection>
        <trianglepickorigin>0,0,0</trianglepickorigin>
        <orientation>
          <row0>-0.968458,-0.249174,7.45058e-9</row0>
          <row1>0.148517,-0.577237,-0.802956</row1>
          <row2>0.200076,-0.777630,0.596037</row2>
        </orientation>
        <userorientation>
          <userorientation_row0>0.335319,0,-0.942104</userorientation_row0>
          <userorientation_row1>0,1,0</userorientation_row1>
          <userorientation_row2>0.942104,0,0.335319</userorientation_row2>
        </userorientation>
      </transform>
      <snapped>false</snapped>
      <childlist count="1">
        <childid>25</childid>
      </childlist>
      <handles count="3">
        <weight channel="DeformAxisLeft">0.751656</weight>
        <weight channel="DeformAxisForward">0.440379</weight>
        <weight channel="DeformAxisUp">0.504149</weight>
      </handles>
    </blockref>
    <blockref>
      <blockid>flora_parts~, FE_leaf_18</blockid>
      <transform>
        <scale>3,320118</scale>
        <position>-1.211539,0.0662535,6.903776</position>
        <triangledirection>0.543729,-0.156118,-0.824612</triangledirection>
        <trianglepickorigin>0,0,0</trianglepickorigin>
        <orientation>
          <row0>-0.275973,-0.961165,2.83122e-7</row0>
          <row1>0.543729,-0.156118,-0.824612</row1>
          <row2>0.792588,-0.227571,0.565698</row2>
        </orientation>
      </transform>
      <snapped>false</snapped>
      <childlist count="1">
        <childid>24</childid>
      </childlist>
      <handles count="3">
        <weight channel="DeformAxisLeft">0.751656</weight>
        <weight channel="DeformAxisForward">0.440379</weight>
        <weight channel="DeformAxisUp">0.504149</weight>
      </handles>
    </blockref>
    <blockref>
      <blockid>flora_parts~, FE_leaf_18</blockid>
      <transform>
        <scale>2,459599</scale>
        <position>-0.363433,0.143820,7.268262</position>
        <triangledirection>0.161481,-0.0885125,-0.982898</triangledirection>
        <trianglepickorigin>0,0,0</trianglepickorigin>
        <orientation>
          <row0>-0.480657,-0.876908,3.72529e-7</row0>
          <row1>0.161481,-0.0885125,-0.982898</row1>
          <row2>0.861912,-0.472437,0.184148</row2>
        </orientation>
      </transform>
      <snapped>false</snapped>
      <handles count="3">
        <weight channel="DeformAxisLeft">0.751656</weight>
        <weight channel="DeformAxisForward">0.725487</weight>
        <weight channel="DeformAxisUp">0.504149</weight>
      </handles>
    </blockref>
    <blockref>
      <blockid>flora_parts~, fe_muscle_branch_01</blockid>
      <transform>
        <limbtype>1</limbtype>
        <musclescale>1</musclescale>
        <basemusclescale>2.400000</basemusclescale>
        <scale>1</scale>
        <position>0.000914850,0.00203674,0.600000</position>
        <triangledirection>0.299488,-0.482041,-0.823372</triangledirection>
        <trianglepickorigin>0,0,0</trianglepickorigin>
        <orientation>
          <row0>0.943430,0.0209188,0.330910</row0>
          <row1>0.299488,-0.482041,-0.823372</row1>
          <row2>0.142288,0.875898,-0.461037</row2>
        </orientation>
      </transform>
      <snapped>true</snapped>
      <childlist count="1">
        <childid>17</childid>
      </childlist>
      <handles count="1">
        <weight channel="longer">0.116575</weight>
      </handles>
    </blockref>
    <blockref>
      <blockid>flora_parts~, fe_muscle_branch_01</blockid>
      <transform>
        <limbtype>1</limbtype>
        <musclescale>1</musclescale>
        <basemusclescale>2.900000</basemusclescale>
        <scale>1</scale>
        <position>-0.288282,0.467513,1.395077</position>
        <triangledirection>-0.915157,0.256199,-0.311206</triangledirection>
        <trianglepickorigin>0,0,0</trianglepickorigin>
        <orientation>
          <row0>0.161537,-0.474242,-0.865447</row0>
          <row1>-0.915157,0.256199,-0.311206</row1>
          <row2>0.369314,0.842292,-0.392620</row2>
        </orientation>
      </transform>
      <snapped>true</snapped>
      <childlist count="1">
        <childid>18</childid>
      </childlist>
      <handles count="1">
        <weight channel="longer">0.106351</weight>
      </handles>
    </blockref>
    <blockref>
      <blockid>flora_parts~, fe_muscle_branch_01</blockid>
      <transform>
        <limbtype>1</limbtype>
        <musclescale>1</musclescale>
        <basemusclescale>3</basemusclescale>
        <scale>1</scale>
        <position>0.536703,0.236556,1.675623</position>
        <triangledirection>0.224717,0.935427,-0.272907</triangledirection>
        <trianglepickorigin>0,0,0</trianglepickorigin>
        <orientation>
          <row0>0.578976,-0.353448,-0.734752</row0>
          <row1>0.224717,0.935427,-0.272907</row1>
          <row2>0.783765,-0.00710457,0.621016</row2>
        </orientation>
      </transform>
      <snapped>true</snapped>
      <childlist count="1">
        <childid>22</childid>
      </childlist>
      <handles count="1">
        <weight channel="longer">0.0757158</weight>
      </handles>
    </blockref>
    <blockref>
      <blockid>flora_parts~, fe_muscle_branch_01</blockid>
      <transform>
        <limbtype>1</limbtype>
        <musclescale>1</musclescale>
        <basemusclescale>2.400000</basemusclescale>
        <scale>1</scale>
        <position>0.000914850,0.00203674,0.600000</position>
        <triangledirection>-0.107622,0.359647,-0.926861</triangledirection>
        <trianglepickorigin>0,0,0</trianglepickorigin>
        <orientation>
          <row0>0.698299,0.690942,0.187021</row0>
          <row1>-0.107622,0.359647,-0.926861</row1>
          <row2>-0.707669,0.627098,0.325502</row2>
        </orientation>
      </transform>
      <snapped>true</snapped>
      <childlist count="1">
        <childid>20</childid>
      </childlist>
      <handles count="1">
        <weight channel="longer">0.116575</weight>
      </handles>
    </blockref>
    <blockref>
      <blockid>flora_parts~, fe_muscle_branch_01</blockid>
      <transform>
        <limbtype>1</limbtype>
        <musclescale>0.824998</musclescale>
        <basemusclescale>2.75</basemusclescale>
        <scale>1</scale>
        <position>0.104839,-0.345252,1.495012</position>
        <triangledirection>0.894015,-0.202441,-0.399692</triangledirection>
        <trianglepickorigin>0,0,0</trianglepickorigin>
        <orientation>
          <row0>-0.424642,-0.667358,-0.611809</row0>
          <row1>0.894015,-0.202441,-0.399692</row1>
          <row2>0.142882,-0.716693,0.682594</row2>
        </orientation>
      </transform>
      <snapped>true</snapped>
      <childlist count="1">
        <childid>21</childid>
      </childlist>
      <handles count="1">
        <weight channel="longer">0.106351</weight>
      </handles>
    </blockref>
    <blockref>
      <blockid>Creature_parts~, ce_grasper_null</blockid>
      <transform>
        <basemusclescale>1.900000</basemusclescale>
        <scale>1</scale>
        <position>-0.701088,-0.162755,1.855322</position>
        <triangledirection>-0.119774,0.900085,-0.418928</triangledirection>
        <trianglepickorigin>0,0,0</trianglepickorigin>
        <orientation>
          <row0>0.497524,-0.310740,-0.809882</row0>
          <row1>-0.119774,0.900085,-0.418928</row1>
          <row2>0.859141,0.305429,0.410595</row2>
        </orientation>
      </transform>
      <snapped>true</snapped>
    </blockref>
    <blockref>
      <blockid>Creature_parts~, ce_grasper_null</blockid>
      <transform>
        <basemusclescale>2.149998</basemusclescale>
        <scale>1</scale>
        <position>0.377335,-0.426841,1.869165</position>
        <triangledirection>0.889824,-0.280645,-0.359793</triangledirection>
        <trianglepickorigin>0,0,0</trianglepickorigin>
        <orientation>
          <row0>-0.453846,-0.626052,-0.634099</row0>
          <row1>0.889824,-0.280645,-0.359793</row1>
          <row2>0.0472927,-0.727527,0.684446</row2>
        </orientation>
      </transform>
      <snapped>true</snapped>
    </blockref>
    <blockref>
      <blockid>flora_parts~, fe_cap_01a</blockid>
      <transform>
        <scale>1</scale>
        <position>1.439615,3.641156,9.408853</position>
        <triangledirection>-0.486402,-0.570022,0.662182</triangledirection>
        <trianglepickorigin>0,0,0</trianglepickorigin>
        <orientation>
          <row0>-0.323921,0.946084,3.87430e-7</row0>
          <row1>-0.890937,-0.305040,0.336423</row1>
          <row2>0.318284,0.108974,0.941710</row2>
        </orientation>
        <userorientation>
          <userorientation_row0>0.880262,0.460626,-0.113850</userorientation_row0>
          <userorientation_row1>-0.381733,0.830007,0.406652</userorientation_row1>
          <userorientation_row2>0.281812,-0.314499,0.906460</userorientation_row2>
        </userorientation>
      </transform>
      <snapped>false</snapped>
    </blockref>
    <blockref>
      <blockid>flora_parts~, fe_cap_01a</blockid>
      <transform>
        <scale>1</scale>
        <position>-4.043807,1.191801,10.893642</position>
        <triangledirection>-0.488788,-0.841044,-0.231794</triangledirection>
        <trianglepickorigin>0,0,0</trianglepickorigin>
        <orientation>
          <row0>-0.997959,-0.0638456,5.58793e-9</row0>
          <row1>0.0582753,-0.910891,0.408510</row1>
          <row2>-0.0260815,0.407676,0.912753</row2>
        </orientation>
        <userorientation>
          <userorientation_row0>0.828785,-0.300099,0.472285</userorientation_row0>
          <userorientation_row1>0.541487,0.642926,-0.541696</userorientation_row1>
          <userorientation_row2>-0.141082,0.704687,0.695347</userorientation_row2>
        </userorientation>
      </transform>
      <snapped>false</snapped>
    </blockref>
    <blockref>
      <blockid>flora_parts~, fe_cap_01a</blockid>
      <transform>
        <scale>1</scale>
        <position>-1.812179,3.423577,9.023290</position>
        <triangledirection>-0.609511,-0.775294,0.165570</triangledirection>
        <trianglepickorigin>0,0,0</trianglepickorigin>
        <orientation>
          <row0>-0.786145,0.618041,-1.26659e-7</row0>
          <row1>-0.609511,-0.775294,0.165570</row1>
          <row2>0.102329,0.130162,0.986198</row2>
        </orientation>
      </transform>
      <snapped>false</snapped>
    </blockref>
    <blockref>
      <blockid>flora_parts~, fe_cap_01a</blockid>
      <transform>
        <scale>1</scale>
        <position>-2.758646,-2.922906,9.238066</position>
        <triangledirection>0.550276,-0.0911619,0.829991</triangledirection>
        <trianglepickorigin>0,0,0</trianglepickorigin>
        <orientation>
          <row0>-0.163437,-0.986553,-1.71363e-7</row0>
          <row1>0.550276,-0.0911619,0.829991</row1>
          <row2>-0.818831,0.135651,0.557776</row2>
        </orientation>
      </transform>
      <snapped>false</snapped>
    </blockref>
    <blockref>
      <blockid>flora_parts~, fe_cap_01a</blockid>
      <transform>
        <scale>1</scale>
        <position>-1.152266,-2.069821,11.384177</position>
        <triangledirection>0.480902,0.682847,0.549956</triangledirection>
        <trianglepickorigin>0,0,0</trianglepickorigin>
        <orientation>
          <row0>0.817591,-0.575798,-2.98023e-8</row0>
          <row1>0.480902,0.682847,0.549956</row1>
          <row2>-0.316664,-0.449640,0.835193</row2>
        </orientation>
      </transform>
      <snapped>false</snapped>
    </blockref>
    <blockref>
      <blockid>flora_parts~, fe_cap_01a</blockid>
      <transform>
        <scale>1</scale>
        <position>2.251249,-2.205116,10.154191</position>
        <triangledirection>0.393448,0.742375,0.542289</triangledirection>
        <trianglepickorigin>0,0,0</trianglepickorigin>
        <orientation>
          <row0>0.883578,-0.468283,2.38418e-7</row0>
          <row1>0.393448,0.742375,0.542289</row1>
          <row2>-0.253945,-0.479154,0.840191</row2>
        </orientation>
      </transform>
      <snapped>false</snapped>
    </blockref>
    <blockref>
      <blockid>flora_parts~, fe_cap_01a</blockid>
      <transform>
        <scale>1</scale>
        <position>3.283289,-0.0750211,7.748653</position>
        <triangledirection>-0.250857,0.239119,0.938025</triangledirection>
        <trianglepickorigin>0,0,0</trianglepickorigin>
        <orientation>
          <row0>0.689967,0.723839,-5.81145e-7</row0>
          <row1>-0.250857,0.239119,0.938025</row1>
          <row2>0.678980,-0.647207,0.346565</row2>
        </orientation>
      </transform>
      <snapped>false</snapped>
    </blockref>
    <blockref>
      <blockid>flora_parts~, fe_cap_01a</blockid>
      <transform>
        <scale>1</scale>
        <position>0.802065,-1.912039,13.500125</position>
        <triangledirection>-0.806276,0.573516,0.144906</triangledirection>
        <trianglepickorigin>0,0,0</trianglepickorigin>
        <orientation>
          <row0>0.579634,0.814876,3.57627e-7</row0>
          <row1>-0.806276,0.573516,0.144906</row1>
          <row2>0.118080,-0.0839927,0.989445</row2>
        </orientation>
      </transform>
      <snapped>false</snapped>
    </blockref>
  </blocks></sporemodel>