spore0005438f6347406662009923dd89d816b417ffffffffffffffff0000000ebfdb7e1a06KChangfffffffffffffffe05Ifopp0000000<?xml version="1.0" encoding="UTF-8"?><sporemodel>
  <properties>
    <modeltype>PlantLarge</modeltype>
    <skineffectseed1>4660</skineffectseed1>
    <skineffectseed2>4660</skineffectseed2>
    <skineffectseed3>4660</skineffectseed3>
    <skincolor1>0.694118,0.431373,0.411762</skincolor1>
    <skincolor2>0.129412,0.282353,0.282353</skincolor2>
    <skincolor3>0.905882,0.788232,0.537252</skincolor3>
    <zcorpscore>7</zcorpscore>
  </properties>
  <blocks count="28">
    <blockref>
      <blockid>flora_parts~, fe_root_dummy</blockid>
      <transform>
        <scale>1</scale>
        <position>0.00755928,-0.00107240,0.600000</position>
        <triangledirection>0,1,0</triangledirection>
        <trianglepickorigin>0,0,0</trianglepickorigin>
        <orientation>
          <row0>1,0,0</row0>
          <row1>0,1,0</row1>
          <row2>0,0,1</row2>
        </orientation>
      </transform>
      <snapped>false</snapped>
      <childlist count="2">
        <childid>6</childid>
        <childid>1</childid>
      </childlist>
    </blockref>
    <blockref>
      <blockid>flora_parts~, FE_muscle_branch_04</blockid>
      <transform>
        <limbtype>0</limbtype>
        <musclescale>0.5</musclescale>
        <basemusclescale>2.25</basemusclescale>
        <scale>1</scale>
        <position>0.00755928,-0.00107240,0.600000</position>
        <triangledirection>-0.0268859,0.0305509,0.999171</triangledirection>
        <trianglepickorigin>0,0,0</trianglepickorigin>
        <orientation>
          <row0>0.976802,0.213226,0.0197643</row0>
          <row1>-0.0268859,0.0305509,0.999171</row1>
          <row2>0.212446,-0.976525,0.0355750</row2>
        </orientation>
      </transform>
      <snapped>true</snapped>
      <childlist count="2">
        <childid>15</childid>
        <childid>2</childid>
      </childlist>
      <handles count="1">
        <weight channel="longer">0.162245</weight>
      </handles>
    </blockref>
    <blockref>
      <blockid>Creature_parts~, ce_grasper_null</blockid>
      <transform>
        <basemusclescale>1.25</basemusclescale>
        <scale>1</scale>
        <position>0.0412271,-0.0393293,-0.651212</position>
        <triangledirection>0,0,-1</triangledirection>
        <trianglepickorigin>0,0,0</trianglepickorigin>
        <orientation>
          <row0>1,0,0</row0>
          <row1>0,0,-1</row1>
          <row2>0,1,0</row2>
        </orientation>
      </transform>
      <snapped>true</snapped>
    </blockref>
    <blockref>
      <blockid>flora_parts~, fe_muscle_branch_01</blockid>
      <transform>
        <limbtype>0</limbtype>
        <musclescale>0.5</musclescale>
        <basemusclescale>1.799998</basemusclescale>
        <scale>1</scale>
        <position>-1.101997,-0.373255,5.913743</position>
        <triangledirection>0.476518,-0.252276,-0.842191</triangledirection>
        <trianglepickorigin>0,0,0</trianglepickorigin>
        <orientation>
          <row0>0.761834,-0.359622,0.538775</row0>
          <row1>0.476518,-0.252276,-0.842191</row1>
          <row2>0.438791,0.898347,-0.0208261</row2>
        </orientation>
      </transform>
      <snapped>true</snapped>
      <childlist count="2">
        <childid>8</childid>
        <childid>4</childid>
      </childlist>
      <handles count="1">
        <weight channel="longer">0.429140</weight>
      </handles>
    </blockref>
    <blockref>
      <blockid>Creature_parts~, ce_grasper_null</blockid>
      <transform>
        <basemusclescale>1.349997</basemusclescale>
        <scale>1</scale>
        <position>-2.496901,0.365226,8.379075</position>
        <triangledirection>0.409955,0.349117,-0.842646</triangledirection>
        <trianglepickorigin>0,0,0</trianglepickorigin>
        <orientation>
          <row0>-0.911548,0.124544,-0.391876</row0>
          <row1>0.409955,0.349117,-0.842646</row1>
          <row2>0.0318638,-0.928765,-0.369295</row2>
        </orientation>
      </transform>
      <snapped>true</snapped>
    </blockref>
    <blockref>
      <blockid>flora_parts~, fe_muscle_branch_01</blockid>
      <transform>
        <limbtype>0</limbtype>
        <musclescale>0.5</musclescale>
        <basemusclescale>1.749997</basemusclescale>
        <scale>1</scale>
        <position>-1.101997,-0.373255,2.947355</position>
        <triangledirection>0,0,-1</triangledirection>
        <trianglepickorigin>0,0,0</trianglepickorigin>
        <orientation>
          <row0>0.897998,-0.439999,0</row0>
          <row1>0,0,-1</row1>
          <row2>0.439999,0.897998,0</row2>
        </orientation>
      </transform>
      <snapped>true</snapped>
      <childlist count="3">
        <childid>18</childid>
        <childid>9</childid>
        <childid>3</childid>
      </childlist>
      <handles count="1">
        <weight channel="longer">0.435371</weight>
      </handles>
    </blockref>
    <blockref>
      <blockid>flora_parts~, fe_muscle_branch_01</blockid>
      <transform>
        <limbtype>0</limbtype>
        <musclescale>0.5</musclescale>
        <basemusclescale>2.25</basemusclescale>
        <scale>1</scale>
        <position>0.00755928,-0.00107240,0.600000</position>
        <triangledirection>0.423023,0.141896,-0.894939</triangledirection>
        <trianglepickorigin>0,0,0</trianglepickorigin>
        <orientation>
          <row0>0.869586,-0.341191,0.356942</row0>
          <row1>0.423023,0.141896,-0.894939</row1>
          <row2>0.254697,0.929222,0.267722</row2>
        </orientation>
      </transform>
      <snapped>true</snapped>
      <childlist count="7">
        <childid>17</childid>
        <childid>16</childid>
        <childid>14</childid>
        <childid>12</childid>
        <childid>11</childid>
        <childid>10</childid>
        <childid>5</childid>
      </childlist>
      <handles count="1">
        <weight channel="longer">0.380643</weight>
      </handles>
    </blockref>
    <blockref>
      <blockid>flora_parts~, FE_leaf_25</blockid>
      <transform>
        <scale>5,000905</scale>
        <position>-2.693054,0.455035,8.441445</position>
        <triangledirection>0.588161,-0.642741,-0.490866</triangledirection>
        <trianglepickorigin>0,0,0</trianglepickorigin>
        <orientation>
          <row0>-0.737735,-0.675089,4.47034e-8</row0>
          <row1>0.588161,-0.642741,-0.490866</row1>
          <row2>0.331378,-0.362129,0.871234</row2>
        </orientation>
        <userorientation>
          <userorientation_row0>0.984749,0,0.173980</userorientation_row0>
          <userorientation_row1>0,1,0</userorientation_row1>
          <userorientation_row2>-0.173980,0,0.984749</userorientation_row2>
        </userorientation>
      </transform>
      <snapped>false</snapped>
      <childlist count="1">
        <childid>27</childid>
      </childlist>
      <handles count="3">
        <weight channel="DeformAxisForward">0.654743</weight>
        <weight channel="DeformAxisLeft">0.460632</weight>
        <weight channel="DeformAxisUp">0.730336</weight>
      </handles>
    </blockref>
    <blockref>
      <blockid>flora_parts~, FE_leaf_25</blockid>
      <transform>
        <scale>5,810207</scale>
        <position>-2.609472,0.0917091,8.488044</position>
        <triangledirection>0.396036,0.804097,-0.443375</triangledirection>
        <trianglepickorigin>0,0,0</trianglepickorigin>
        <orientation>
          <row0>0.891743,-0.451951,-0.0231181</row0>
          <row1>0.396036,0.804097,-0.443375</row1>
          <row2>0.218973,0.386221,0.896037</row2>
        </orientation>
        <userorientation>
          <userorientation_row0>0.984749,0,0.173980</userorientation_row0>
          <userorientation_row1>0,1,0</userorientation_row1>
          <userorientation_row2>-0.173980,0,0.984749</userorientation_row2>
        </userorientation>
      </transform>
      <snapped>false</snapped>
      <childlist count="3">
        <childid>21</childid>
        <childid>20</childid>
        <childid>7</childid>
      </childlist>
      <handles count="3">
        <weight channel="DeformAxisForward">0.565450</weight>
        <weight channel="DeformAxisLeft">0.460632</weight>
        <weight channel="DeformAxisUp">0.730336</weight>
      </handles>
    </blockref>
    <blockref>
      <blockid>flora_parts~, FE_leaf_25</blockid>
      <transform>
        <scale>5,810207</scale>
        <position>-0.840482,-0.552793,5.733920</position>
        <triangledirection>-0.348495,0.904044,-0.247491</triangledirection>
        <trianglepickorigin>0,0,0</trianglepickorigin>
        <orientation>
          <row0>0.534922,0.844901,-3.84170e-9</row0>
          <row1>-0.844897,0.534920,0.00301697</row1>
          <row2>0.00254904,-0.00161384,0.999995</row2>
        </orientation>
        <userorientation>
          <userorientation_row0>-0.748024,0.626269,0.219645</userorientation_row0>
          <userorientation_row1>0.577410,0.777287,-0.249838</userorientation_row1>
          <userorientation_row2>-0.327194,-0.0600597,-0.943046</userorientation_row2>
        </userorientation>
      </transform>
      <snapped>false</snapped>
      <childlist count="3">
        <childid>23</childid>
        <childid>22</childid>
        <childid>13</childid>
      </childlist>
      <handles count="3">
        <weight channel="DeformAxisForward">0.466410</weight>
        <weight channel="DeformAxisLeft">0.460632</weight>
        <weight channel="DeformAxisUp">0.188599</weight>
      </handles>
    </blockref>
    <blockref>
      <blockid>flora_parts~, fe_detail_02</blockid>
      <transform>
        <scale>1,161834</scale>
        <position>-0.363994,0.461003,0.877058</position>
        <triangledirection>0.414109,-0.892124,0.180631</triangledirection>
        <trianglepickorigin>0,0,0</trianglepickorigin>
        <orientation>
          <row0>-0.907044,-0.421034,-2.75671e-7</row0>
          <row1>0.414109,-0.892124,0.180631</row1>
          <row2>-0.0760522,0.163840,0.983550</row2>
        </orientation>
      </transform>
      <snapped>false</snapped>
      <handles count="3">
        <weight channel="DeformAxisUp">0</weight>
        <weight channel="DeformAxisForward">0.707956</weight>
        <weight channel="DeformAxisLeft">0.530466</weight>
      </handles>
    </blockref>
    <blockref>
      <blockid>flora_parts~, fe_detail_02</blockid>
      <transform>
        <scale>0,927744</scale>
        <position>-0.260141,0.180852,1.867829</position>
        <triangledirection>-0.517671,-0.559664,-0.647141</triangledirection>
        <trianglepickorigin>0,0,0</trianglepickorigin>
        <orientation>
          <row0>-0.734111,0.679029,-5.66244e-7</row0>
          <row1>-0.517671,-0.559664,-0.647141</row1>
          <row2>-0.439428,-0.475073,0.762369</row2>
        </orientation>
      </transform>
      <snapped>false</snapped>
      <handles count="3">
        <weight channel="DeformAxisUp">0</weight>
        <weight channel="DeformAxisForward">0.707956</weight>
        <weight channel="DeformAxisLeft">0.530466</weight>
      </handles>
    </blockref>
    <blockref>
      <blockid>flora_parts~, fe_detail_02</blockid>
      <transform>
        <scale>0,798516</scale>
        <position>-0.522417,-0.484393,2.362579</position>
        <triangledirection>-0.450311,0.260991,-0.853875</triangledirection>
        <trianglepickorigin>0,0,0</trianglepickorigin>
        <orientation>
          <row0>-0.355669,0.824743,0.439657</row0>
          <row1>-0.450311,0.260991,-0.853875</row1>
          <row2>-0.818974,-0.501679,0.278564</row2>
        </orientation>
      </transform>
      <snapped>false</snapped>
      <handles count="3">
        <weight channel="DeformAxisUp">0</weight>
        <weight channel="DeformAxisForward">0.815294</weight>
        <weight channel="DeformAxisLeft">0.530466</weight>
      </handles>
    </blockref>
    <blockref>
      <blockid>flora_parts~, FE_leaf_25</blockid>
      <transform>
        <scale>6,520816</scale>
        <position>0.743859,-2.927905,7.705179</position>
        <triangledirection>-0.319084,-0.914361,-0.249255</triangledirection>
        <trianglepickorigin>0,0,0</trianglepickorigin>
        <orientation>
          <row0>-0.982689,0.185257,-2.42143e-7</row0>
          <row1>-0.174532,-0.925795,-0.335322</row1>
          <row2>-0.0621213,-0.329517,0.942103</row2>
        </orientation>
        <userorientation>
          <userorientation_row0>-0.989333,0.141752,0.0335172</userorientation_row0>
          <userorientation_row1>0.144168,0.985782,0.0862959</userorientation_row1>
          <userorientation_row2>-0.0208080,0.0902077,-0.995705</userorientation_row2>
        </userorientation>
      </transform>
      <snapped>false</snapped>
      <childlist count="3">
        <childid>25</childid>
        <childid>24</childid>
        <childid>19</childid>
      </childlist>
      <handles count="3">
        <weight channel="DeformAxisForward">0.520446</weight>
        <weight channel="DeformAxisLeft">0.460632</weight>
        <weight channel="DeformAxisUp">0.188599</weight>
      </handles>
    </blockref>
    <blockref>
      <blockid>flora_parts~, fe_detail_02</blockid>
      <transform>
        <scale>0,740818</scale>
        <position>-1.254935,-0.235128,2.859276</position>
        <triangledirection>0.785691,-0.597866,0.158884</triangledirection>
        <trianglepickorigin>0,0,0</trianglepickorigin>
        <orientation>
          <row0>-0.564270,-0.797893,-0.212050</row0>
          <row1>0.785691,-0.597866,0.158884</row1>
          <row2>-0.253550,-0.0769527,0.964256</row2>
        </orientation>
      </transform>
      <snapped>false</snapped>
      <handles count="3">
        <weight channel="DeformAxisUp">0</weight>
        <weight channel="DeformAxisForward">0.707956</weight>
        <weight channel="DeformAxisLeft">0.530466</weight>
      </handles>
    </blockref>
    <blockref>
      <blockid>flora_parts~, fe_detail_02</blockid>
      <transform>
        <scale>1,161834</scale>
        <position>0.375559,0.0231456,0.740486</position>
        <triangledirection>-0.936948,-0.0485332,-0.346081</triangledirection>
        <trianglepickorigin>0,0,0</trianglepickorigin>
        <orientation>
          <row0>-0.0517299,0.998661,-3.72529e-9</row0>
          <row1>-0.936948,-0.0485332,-0.346081</row1>
          <row2>-0.345617,-0.0179027,0.938204</row2>
        </orientation>
      </transform>
      <snapped>false</snapped>
      <handles count="3">
        <weight channel="DeformAxisUp">0</weight>
        <weight channel="DeformAxisForward">0.707956</weight>
        <weight channel="DeformAxisLeft">0.530466</weight>
      </handles>
    </blockref>
    <blockref>
      <blockid>flora_parts~, fe_detail_02</blockid>
      <transform>
        <scale>0,798516</scale>
        <position>-0.543672,-0.415077,1.573157</position>
        <triangledirection>0.114426,0.818000,0.563721</triangledirection>
        <trianglepickorigin>0,0,0</trianglepickorigin>
        <orientation>
          <row0>0.990357,-0.138536,1.41561e-7</row0>
          <row1>0.114426,0.818000,0.563721</row1>
          <row2>-0.0780960,-0.558285,0.825964</row2>
        </orientation>
      </transform>
      <snapped>false</snapped>
      <handles count="3">
        <weight channel="DeformAxisUp">0</weight>
        <weight channel="DeformAxisForward">0.815294</weight>
        <weight channel="DeformAxisLeft">0.530466</weight>
      </handles>
    </blockref>
    <blockref>
      <blockid>flora_parts~, fe_detail_02</blockid>
      <transform>
        <scale>1,077884</scale>
        <position>-0.278235,-0.249947,0.459991</position>
        <triangledirection>0.675132,0.644192,0.359459</triangledirection>
        <trianglepickorigin>0,0,0</trianglepickorigin>
        <orientation>
          <row0>0.690334,-0.723490,-2.08616e-7</row0>
          <row1>0.675132,0.644192,0.359459</row1>
          <row2>-0.260065,-0.248147,0.933160</row2>
        </orientation>
      </transform>
      <snapped>false</snapped>
      <handles count="3">
        <weight channel="DeformAxisUp">0</weight>
        <weight channel="DeformAxisForward">0.707956</weight>
        <weight channel="DeformAxisLeft">0.530466</weight>
      </handles>
    </blockref>
    <blockref>
      <blockid>flora_parts~, fe_detail_02</blockid>
      <transform>
        <scale>0,740818</scale>
        <position>-0.931379,0.0577387,3.701688</position>
        <triangledirection>-0.406316,-0.912587,0.0457354</triangledirection>
        <trianglepickorigin>0,0,0</trianglepickorigin>
        <orientation>
          <row0>-0.913543,0.406741,-6.14672e-8</row0>
          <row1>-0.406316,-0.912587,0.0457354</row1>
          <row2>0.0186024,0.0417812,0.998953</row2>
        </orientation>
      </transform>
      <snapped>false</snapped>
      <handles count="3">
        <weight channel="DeformAxisUp">0</weight>
        <weight channel="DeformAxisForward">0.707956</weight>
        <weight channel="DeformAxisLeft">0.530466</weight>
      </handles>
    </blockref>
    <blockref>
      <blockid>flora_parts~, FE_leaf_25</blockid>
      <transform>
        <scale>4,304321</scale>
        <position>1.467915,0.507291,9.130672</position>
        <triangledirection>0.627282,-0.694344,0.352704</triangledirection>
        <trianglepickorigin>0,0,0</trianglepickorigin>
        <orientation>
          <row0>-0.990466,-0.137755,6.70552e-8</row0>
          <row1>0.0918821,-0.660636,0.745061</row1>
          <row2>-0.102636,0.737958,0.666995</row2>
        </orientation>
        <userorientation>
          <userorientation_row0>0.848946,0.506186,-0.151862</userorientation_row0>
          <userorientation_row1>-0.525652,0.779132,-0.341526</userorientation_row1>
          <userorientation_row2>-0.0545561,0.369765,0.927522</userorientation_row2>
        </userorientation>
      </transform>
      <snapped>false</snapped>
      <childlist count="1">
        <childid>26</childid>
      </childlist>
      <handles count="3">
        <weight channel="DeformAxisForward">0.654743</weight>
        <weight channel="DeformAxisLeft">0.460632</weight>
        <weight channel="DeformAxisUp">0.730336</weight>
      </handles>
    </blockref>
    <blockref>
      <blockid>flora_parts~, fe_cap_01a</blockid>
      <transform>
        <scale>1</scale>
        <position>-5.271926,-2.527642,12.093834</position>
        <triangledirection>0.608338,-0.793186,0.0279195</triangledirection>
        <trianglepickorigin>0,0,0</trianglepickorigin>
        <orientation>
          <row0>-0.793495,-0.608575,1.58324e-8</row0>
          <row1>0.608338,-0.793186,0.0279195</row1>
          <row2>-0.0169911,0.0221540,0.999610</row2>
        </orientation>
      </transform>
      <snapped>false</snapped>
    </blockref>
    <blockref>
      <blockid>flora_parts~, fe_cap_01a</blockid>
      <transform>
        <scale>1</scale>
        <position>-4.195845,-4.176117,14.296442</position>
        <triangledirection>-0.566793,0.812795,-0.134569</triangledirection>
        <trianglepickorigin>0,0,0</trianglepickorigin>
        <orientation>
          <row0>0.820256,0.571996,8.19563e-8</row0>
          <row1>-0.566793,0.812795,-0.134569</row1>
          <row2>-0.0769730,0.110381,0.990904</row2>
        </orientation>
      </transform>
      <snapped>false</snapped>
    </blockref>
    <blockref>
      <blockid>flora_parts~, fe_cap_01a</blockid>
      <transform>
        <scale>1</scale>
        <position>0.551092,-4.347442,10.813259</position>
        <triangledirection>0.891087,-0.186775,-0.413615</triangledirection>
        <trianglepickorigin>0,0,0</trianglepickorigin>
        <orientation>
          <row0>-0.205145,-0.978731,-3.42726e-7</row0>
          <row1>0.891087,-0.186775,-0.413615</row1>
          <row2>0.404818,-0.0848517,0.910451</row2>
        </orientation>
      </transform>
      <snapped>false</snapped>
    </blockref>
    <blockref>
      <blockid>flora_parts~, fe_cap_01a</blockid>
      <transform>
        <scale>1</scale>
        <position>1.764222,-4.141619,8.145994</position>
        <triangledirection>-0.878637,0.220781,0.423380</triangledirection>
        <trianglepickorigin>0,0,0</trianglepickorigin>
        <orientation>
          <row0>0.243700,0.969850,-2.01165e-7</row0>
          <row1>-0.878637,0.220781,0.423380</row1>
          <row2>0.410615,-0.103177,0.905952</row2>
        </orientation>
      </transform>
      <snapped>false</snapped>
    </blockref>
    <blockref>
      <blockid>flora_parts~, fe_cap_01a</blockid>
      <transform>
        <scale>1</scale>
        <position>3.123796,0.434634,10.306932</position>
        <triangledirection>-0.649886,0.747606,-0.136862</triangledirection>
        <trianglepickorigin>0,0,0</trianglepickorigin>
        <orientation>
          <row0>0.754708,0.656060,1.56462e-7</row0>
          <row1>-0.649886,0.747606,-0.136862</row1>
          <row2>-0.0897899,0.103290,0.990590</row2>
        </orientation>
      </transform>
      <snapped>false</snapped>
    </blockref>
    <blockref>
      <blockid>flora_parts~, fe_cap_01a</blockid>
      <transform>
        <scale>1</scale>
        <position>2.456146,2.648354,14.248044</position>
        <triangledirection>0.0339275,-0.981389,-0.189005</triangledirection>
        <trianglepickorigin>0,0,0</trianglepickorigin>
        <orientation>
          <row0>-0.999403,-0.0345502,2.28174e-8</row0>
          <row1>0.0339275,-0.981389,-0.189005</row1>
          <row2>0.00653020,-0.188892,0.981976</row2>
        </orientation>
      </transform>
      <snapped>false</snapped>
    </blockref>
    <blockref>
      <blockid>flora_parts~, fe_cap_01a</blockid>
      <transform>
        <scale>1</scale>
        <position>-0.990979,5.023042,9.033600</position>
        <triangledirection>-0.360389,-0.720112,0.592923</triangledirection>
        <trianglepickorigin>0,0,0</trianglepickorigin>
        <orientation>
          <row0>-0.894261,0.447544,-1.19209e-7</row0>
          <row1>-0.360389,-0.720112,0.592923</row1>
          <row2>0.265359,0.530228,0.805259</row2>
        </orientation>
      </transform>
      <snapped>false</snapped>
    </blockref>
    <blockref>
      <blockid>flora_parts~, fe_cap_01a</blockid>
      <transform>
        <scale>1</scale>
        <position>-5.448400,3.270694,13.200917</position>
        <triangledirection>0.941564,-0.336117,-0.0219211</triangledirection>
        <trianglepickorigin>0,0,0</trianglepickorigin>
        <orientation>
          <row0>-0.336198,-0.941791,-6.05359e-9</row0>
          <row1>0.941564,-0.336117,-0.0219211</row1>
          <row2>0.0206451,-0.00736984,0.999759</row2>
        </orientation>
      </transform>
      <snapped>false</snapped>
    </blockref>
  </blocks></sporemodel>