spore0005438f634740666200af23e6b5d816b417ffffffffffffffff0000000ebfdb7e0706KChangfffffffffffffffe0aCreshcends0000000<?xml version="1.0" encoding="UTF-8"?><sporemodel>
  <properties>
    <modeltype>PlantMedium</modeltype>
    <skineffectseed1>1234</skineffectseed1>
    <skineffectseed2>1234</skineffectseed2>
    <skineffectseed3>1234</skineffectseed3>
    <skincolor1>0.392157,0.443136,0.321568</skincolor1>
    <skincolor2>0.694118,0.556863,0.505882</skincolor2>
    <skincolor3>0.803922,0.662744,0.368627</skincolor3>
    <zcorpscore>26</zcorpscore>
  </properties>
  <blocks count="37">
    <blockref>
      <blockid>flora_parts~, fe_root_dummy</blockid>
      <transform>
        <scale>1</scale>
        <position>0,0,0.600000</position>
        <triangledirection>0,1,0</triangledirection>
        <trianglepickorigin>0,0,0</trianglepickorigin>
        <orientation>
          <row0>1,0,0</row0>
          <row1>0,1,0</row1>
          <row2>0,0,1</row2>
        </orientation>
      </transform>
      <snapped>false</snapped>
      <childlist count="2">
        <childid>3</childid>
        <childid>1</childid>
      </childlist>
    </blockref>
    <blockref>
      <blockid>flora_parts~, FE_muscle_branch_04</blockid>
      <transform>
        <limbtype>0</limbtype>
        <musclescale>0.474999</musclescale>
        <basemusclescale>2.5</basemusclescale>
        <scale>1</scale>
        <position>0,0,0.600000</position>
        <triangledirection>-0.00436399,0.0160359,0.999861</triangledirection>
        <trianglepickorigin>0,0,0</trianglepickorigin>
        <orientation>
          <row0>-0.0934408,-0.995503,0.0155582</row0>
          <row1>-0.00436399,0.0160359,0.999861</row1>
          <row2>-0.995615,0.0933600,-0.00584279</row2>
        </orientation>
      </transform>
      <snapped>true</snapped>
      <childlist count="6">
        <childid>10</childid>
        <childid>9</childid>
        <childid>8</childid>
        <childid>7</childid>
        <childid>6</childid>
        <childid>2</childid>
      </childlist>
      <handles count="1">
        <weight channel="longer">0.0934479</weight>
      </handles>
    </blockref>
    <blockref>
      <blockid>Creature_parts~, ce_grasper_null</blockid>
      <transform>
        <basemusclescale>0.550000</basemusclescale>
        <scale>1</scale>
        <position>0.00358099,-0.0131569,-0.220368</position>
        <triangledirection>0,0,-1</triangledirection>
        <trianglepickorigin>0,0,0</trianglepickorigin>
        <orientation>
          <row0>1,0,0</row0>
          <row1>0,0,-1</row1>
          <row2>0,1,0</row2>
        </orientation>
      </transform>
      <snapped>true</snapped>
    </blockref>
    <blockref>
      <blockid>flora_parts~, fe_trunk_01</blockid>
      <transform>
        <limbtype>2</limbtype>
        <musclescale>0</musclescale>
        <basemusclescale>3.130809</basemusclescale>
        <scale>1,252320</scale>
        <position>0,0,0.600000</position>
        <triangledirection>0,0,-1</triangledirection>
        <trianglepickorigin>0,0,0</trianglepickorigin>
        <orientation>
          <row0>1,0,0</row0>
          <row1>0,0,-1</row1>
          <row2>0,1,0</row2>
        </orientation>
        <userorientation>
          <userorientation_row0>0.762788,0,-0.646646</userorientation_row0>
          <userorientation_row1>0,1,0</userorientation_row1>
          <userorientation_row2>0.646646,0,0.762788</userorientation_row2>
        </userorientation>
      </transform>
      <snapped>true</snapped>
      <childlist count="10">
        <childid>36</childid>
        <childid>35</childid>
        <childid>29</childid>
        <childid>23</childid>
        <childid>17</childid>
        <childid>15</childid>
        <childid>12</childid>
        <childid>11</childid>
        <childid>5</childid>
        <childid>4</childid>
      </childlist>
      <handles count="3">
        <weight channel="DeformAxisLeft">0.755982</weight>
        <weight channel="DeformAxisForward">0.548476</weight>
        <weight channel="DeformBoneLength">0.147384</weight>
      </handles>
    </blockref>
    <blockref>
      <blockid>flora_parts~, FE_leaf_27</blockid>
      <transform>
        <scale>0,860707</scale>
        <position>-0.0799109,-0.108894,2.572570</position>
        <triangledirection>0.644674,0.757414,-0.103529</triangledirection>
        <trianglepickorigin>0,0,0</trianglepickorigin>
        <orientation>
          <row0>0.832111,-0.554609,8.34465e-7</row0>
          <row1>0.531030,0.796734,-0.288481</row1>
          <row2>0.159993,0.240048,0.957485</row2>
        </orientation>
        <userorientation>
          <userorientation_row0>0.992962,-0.118435,0</userorientation_row0>
          <userorientation_row1>0.116371,0.975666,0.185831</userorientation_row1>
          <userorientation_row2>-0.0220090,-0.184523,0.982582</userorientation_row2>
        </userorientation>
      </transform>
      <snapped>false</snapped>
      <childlist count="6">
        <childid>22</childid>
        <childid>21</childid>
        <childid>20</childid>
        <childid>19</childid>
        <childid>18</childid>
        <childid>16</childid>
      </childlist>
      <handles count="3">
        <weight channel="DeformAxisLeft">0</weight>
        <weight channel="DeformAxisForward">0.681978</weight>
        <weight channel="DeformAxisUp">1</weight>
      </handles>
    </blockref>
    <blockref>
      <blockid>Creature_parts~, ce_grasper_null</blockid>
      <transform>
        <basemusclescale>0.860707</basemusclescale>
        <scale>1</scale>
        <position>0,0,2.619585</position>
        <triangledirection>0.456999,-0.291437,-0.840366</triangledirection>
        <trianglepickorigin>0,0,0</trianglepickorigin>
        <orientation>
          <row0>0.888861,0.184481,0.419394</row0>
          <row1>0.456999,-0.291437,-0.840365</row1>
          <row2>-0.0328041,0.938632,-0.343355</row2>
        </orientation>
      </transform>
      <snapped>true</snapped>
    </blockref>
    <blockref>
      <blockid>flora_parts~, fe_detail_04</blockid>
      <transform>
        <scale>1,161830</scale>
        <position>-0.207225,0.291976,0.330779</position>
        <triangledirection>0.449668,-0.437544,-0.778686</triangledirection>
        <trianglepickorigin>0,0,0</trianglepickorigin>
        <orientation>
          <row0>-0.796937,-0.604062,2.08616e-7</row0>
          <row1>0.572493,-0.755288,0.319044</row1>
          <row2>-0.192722,0.254258,0.947739</row2>
        </orientation>
        <userorientation>
          <userorientation_row0>0.417188,-0.840111,-0.346649</userorientation_row0>
          <userorientation_row1>-0.0940539,0.339469,-0.935902</userorientation_row1>
          <userorientation_row2>0.903940,0.423052,0.0626070</userorientation_row2>
        </userorientation>
      </transform>
      <snapped>false</snapped>
      <handles count="4">
        <weight channel="Stretch">0.33,2013</weight>
        <weight channel="Thicken">1</weight>
        <weight channel="tweak_side">0.17,9601</weight>
        <weight channel="tweak_top_bottom">0.22,9917</weight>
      </handles>
    </blockref>
    <blockref>
      <blockid>flora_parts~, fe_detail_04</blockid>
      <transform>
        <scale>1,077880</scale>
        <position>0.153045,0.337759,0.327249</position>
        <triangledirection>-0.306195,-0.571069,-0.761658</triangledirection>
        <trianglepickorigin>0,0,0</trianglepickorigin>
        <orientation>
          <row0>-0.912129,0.409903,-2.08616e-7</row0>
          <row1>-0.369512,-0.822249,0.432859</row1>
          <row2>0.177430,0.394823,0.901461</row2>
        </orientation>
        <userorientation>
          <userorientation_row0>-0.153113,-0.954210,-0.256981</userorientation_row0>
          <userorientation_row1>0.0452069,0.253013,-0.966406</userorientation_row1>
          <userorientation_row2>0.987173,-0.159587,0.00439699</userorientation_row2>
        </userorientation>
      </transform>
      <snapped>false</snapped>
      <handles count="4">
        <weight channel="Stretch">0.42,6727</weight>
        <weight channel="Thicken">1</weight>
        <weight channel="tweak_side">0</weight>
        <weight channel="tweak_top_bottom">0.24,1580</weight>
      </handles>
    </blockref>
    <blockref>
      <blockid>flora_parts~, fe_detail_04</blockid>
      <transform>
        <scale>1,161830</scale>
        <position>-0.352113,-0.138476,0.353575</position>
        <triangledirection>0.668995,-0.0473355,-0.741757</triangledirection>
        <trianglepickorigin>0,0,0</trianglepickorigin>
        <orientation>
          <row0>0.304355,-0.952558,4.39584e-7</row0>
          <row1>0.878218,0.280603,0.387292</row1>
          <row2>-0.368918,-0.117874,0.921957</row2>
        </orientation>
        <userorientation>
          <userorientation_row0>0.614158,-0.785270,-0.0784809</userorientation_row0>
          <userorientation_row1>0.248702,0.286963,-0.925094</userorientation_row1>
          <userorientation_row2>0.748970,0.548636,0.371539</userorientation_row2>
        </userorientation>
      </transform>
      <snapped>false</snapped>
      <handles count="4">
        <weight channel="Stretch">0.57,6199</weight>
        <weight channel="Thicken">1</weight>
        <weight channel="tweak_side">0.0745040</weight>
        <weight channel="tweak_top_bottom">0.75,8946</weight>
      </handles>
    </blockref>
    <blockref>
      <blockid>flora_parts~, fe_detail_04</blockid>
      <transform>
        <scale>1</scale>
        <position>0.333621,-0.120607,0.284925</position>
        <triangledirection>-0.529851,0.0181640,-0.847895</triangledirection>
        <trianglepickorigin>0,0,0</trianglepickorigin>
        <orientation>
          <row0>0.276002,0.961156,1.78813e-7</row0>
          <row1>-0.828787,0.237992,0.506429</row1>
          <row2>0.486757,-0.139775,0.862281</row2>
        </orientation>
        <userorientation>
          <userorientation_row0>0.0888400,-0.995715,-0.0256549</userorientation_row0>
          <userorientation_row1>-0.128782,0.0140579,-0.991572</userorientation_row1>
          <userorientation_row2>0.987684,0.0913959,-0.126982</userorientation_row2>
        </userorientation>
      </transform>
      <snapped>false</snapped>
      <handles count="4">
        <weight channel="Stretch">0.51,3291</weight>
        <weight channel="Thicken">1</weight>
        <weight channel="tweak_side">0.22,7241</weight>
        <weight channel="tweak_top_bottom">0.60,0721</weight>
      </handles>
    </blockref>
    <blockref>
      <blockid>flora_parts~, fe_detail_04</blockid>
      <transform>
        <scale>1,077880</scale>
        <position>0.0279369,-0.392704,0.325902</position>
        <triangledirection>-0.147191,0.329644,-0.932560</triangledirection>
        <trianglepickorigin>0,0,0</trianglepickorigin>
        <orientation>
          <row0>0.998477,0.0551677,-7.45058e-8</row0>
          <row1>-0.0521399,0.943678,0.326729</row1>
          <row2>0.0180250,-0.326232,0.945117</row2>
        </orientation>
        <userorientation>
          <userorientation_row0>0.0888400,-0.995715,-0.0256549</userorientation_row0>
          <userorientation_row1>-0.128782,0.0140579,-0.991572</userorientation_row1>
          <userorientation_row2>0.987684,0.0913959,-0.126982</userorientation_row2>
        </userorientation>
      </transform>
      <snapped>false</snapped>
      <handles count="4">
        <weight channel="Stretch">0.55,5652</weight>
        <weight channel="Thicken">1</weight>
        <weight channel="tweak_side">0.78,1027</weight>
        <weight channel="tweak_top_bottom">0.800409</weight>
      </handles>
    </blockref>
    <blockref>
      <blockid>flora_parts~, FE_leaf_21</blockid>
      <transform>
        <scale>1</scale>
        <position>0.0523249,-0.0804749,2.687436</position>
        <triangledirection>-0.135722,0.749955,-0.647401</triangledirection>
        <trianglepickorigin>0,0,0</trianglepickorigin>
        <orientation>
          <row0>0.944602,0.327937,-0.0135485</row0>
          <row1>-0.245505,0.678559,-0.692303</row1>
          <row2>-0.217838,0.657277,0.721479</row2>
        </orientation>
        <userorientation>
          <userorientation_row0>0.861486,-0.137383,0.488829</userorientation_row0>
          <userorientation_row1>0.126506,0.990408,0.0554079</userorientation_row1>
          <userorientation_row2>-0.491765,0.0141049,0.870608</userorientation_row2>
        </userorientation>
      </transform>
      <snapped>false</snapped>
      <handles count="4">
        <weight channel="Bend_vert">0.327831</weight>
        <weight channel="Length">0.453145</weight>
        <weight channel="tweak_sideways">0.474813</weight>
        <weight channel="WidthHeight">0.454265</weight>
      </handles>
    </blockref>
    <blockref>
      <blockid>flora_parts~, FE_leaf_21</blockid>
      <transform>
        <scale>1,161830</scale>
        <position>0.00259499,0.442601,0.631138</position>
        <triangledirection>-0.0452956,-0.584027,-0.810469</triangledirection>
        <trianglepickorigin>0,0,0</trianglepickorigin>
        <orientation>
          <row0>-0.961292,0.275530,2.98023e-8</row0>
          <row1>-0.262683,-0.916471,0.301788</row1>
          <row2>0.0831521,0.290107,0.953374</row2>
        </orientation>
        <userorientation>
          <userorientation_row0>0.411495,0.881664,0.230949</userorientation_row0>
          <userorientation_row1>-0.117374,0.302552,-0.945878</userorientation_row1>
          <userorientation_row2>-0.903822,0.362117,0.227983</userorientation_row2>
        </userorientation>
      </transform>
      <snapped>false</snapped>
      <handles count="4">
        <weight channel="Bend_vert">0.644835</weight>
        <weight channel="Length">0.534316</weight>
        <weight channel="tweak_sideways">0.368293</weight>
        <weight channel="WidthHeight">0</weight>
      </handles>
    </blockref>
    <blockref>
      <blockid>flora_parts~, fe_cap_01a</blockid>
      <transform>
        <scale>1</scale>
        <position>0.794468,-0.145456,3.051416</position>
        <triangledirection>-0.397766,0.268144,0.877428</triangledirection>
        <trianglepickorigin>0,0,0</trianglepickorigin>
        <orientation>
          <row0>0.967315,0.253574,-2.29850e-5</row0>
          <row1>-0.246485,0.940296,0.234705</row1>
          <row2>0.0595370,-0.227029,0.972066</row2>
        </orientation>
        <userorientation>
          <userorientation_row0>0.947385,0.146342,0.284683</userorientation_row0>
          <userorientation_row1>-0.316791,0.556116,0.768360</userorientation_row1>
          <userorientation_row2>-0.0458729,-0.818118,0.573216</userorientation_row2>
        </userorientation>
      </transform>
      <snapped>false</snapped>
    </blockref>
    <blockref>
      <blockid>flora_parts~, fe_cap_01a</blockid>
      <transform>
        <scale>1</scale>
        <position>0.158928,-0.110747,2.573470</position>
        <triangledirection>0.492459,0.645986,0.583253</triangledirection>
        <trianglepickorigin>0,0,0</trianglepickorigin>
        <orientation>
          <row0>0.982560,0.185942,-7.27176e-6</row0>
          <row1>-0.176745,0.933973,0.310569</row1>
          <row2>0.0577550,-0.305152,0.950550</row2>
        </orientation>
        <userorientation>
          <userorientation_row0>0.742107,-0.315633,-0.591313</userorientation_row0>
          <userorientation_row1>0.603983,0.697435,0.385729</userorientation_row1>
          <userorientation_row2>0.290654,-0.643397,0.708208</userorientation_row2>
        </userorientation>
      </transform>
      <snapped>false</snapped>
    </blockref>
    <blockref>
      <blockid>flora_parts~, fe_cap_01a</blockid>
      <transform>
        <scale>1</scale>
        <position>-0.110027,0.0526109,2.660235</position>
        <triangledirection>0.871582,-0.106257,-0.478595</triangledirection>
        <trianglepickorigin>0,0,0</trianglepickorigin>
        <orientation>
          <row0>-0.0744546,-0.997224,-9.68575e-8</row0>
          <row1>0.744035,-0.0555510,-0.665827</row1>
          <row2>0.663979,-0.0495740,0.746106</row2>
        </orientation>
        <userorientation>
          <userorientation_row0>0.961383,0.0233659,-0.274219</userorientation_row0>
          <userorientation_row1>0.0410689,0.973053,0.226897</userorientation_row1>
          <userorientation_row2>0.272131,-0.229396,0.934517</userorientation_row2>
        </userorientation>
      </transform>
      <snapped>false</snapped>
    </blockref>
    <blockref>
      <blockid>flora_parts~, fe_cap_01a</blockid>
      <transform>
        <scale>1</scale>
        <position>-0.494312,-0.579962,2.912546</position>
        <triangledirection>-0.204182,0.855880,0.475159</triangledirection>
        <trianglepickorigin>0,0,0</trianglepickorigin>
        <orientation>
          <row0>0.966832,-0.255409,3.20374e-7</row0>
          <row1>0.231161,0.875046,0.425272</row1>
          <row2>-0.108618,-0.411167,0.905065</row2>
        </orientation>
        <userorientation>
          <userorientation_row0>0.907910,0.419039,-0.0102859</userorientation_row0>
          <userorientation_row1>-0.416010,0.903809,0.100317</userorientation_row1>
          <userorientation_row2>0.0513339,-0.0868009,0.994902</userorientation_row2>
        </userorientation>
      </transform>
      <snapped>false</snapped>
    </blockref>
    <blockref>
      <blockid>flora_parts~, fe_cap_01a</blockid>
      <transform>
        <scale>1</scale>
        <position>0.112026,0.123827,2.593748</position>
        <triangledirection>-0.651081,-0.706092,0.278438</triangledirection>
        <trianglepickorigin>0,0,0</trianglepickorigin>
        <orientation>
          <row0>-0.834306,0.551301,-4.61935e-7</row0>
          <row1>-0.531058,-0.803671,-0.268492</row1>
          <row2>-0.148020,-0.224004,0.963281</row2>
        </orientation>
        <userorientation>
          <userorientation_row0>0.886572,0.116372,-0.447715</userorientation_row0>
          <userorientation_row1>0.153931,0.838469,0.522756</userorientation_row1>
          <userorientation_row2>0.436230,-0.532377,0.725448</userorientation_row2>
        </userorientation>
      </transform>
      <snapped>false</snapped>
    </blockref>
    <blockref>
      <blockid>flora_parts~, FE_leaf_21</blockid>
      <transform>
        <scale>0,798516</scale>
        <position>-0.747627,-0.770318,3.470756</position>
        <triangledirection>0.821189,0.570637,-0.00455039</triangledirection>
        <trianglepickorigin>0,0,0</trianglepickorigin>
        <orientation>
          <row0>0.410487,-0.911866,-1.08033e-7</row0>
          <row1>0.904257,0.407062,0.128915</row1>
          <row2>-0.117553,-0.0529181,0.991655</row2>
        </orientation>
        <userorientation>
          <userorientation_row0>0.982886,0.184126,-0.00558600</userorientation_row0>
          <userorientation_row1>-0.183257,0.974265,-0.131242</userorientation_row1>
          <userorientation_row2>-0.0187229,0.130020,0.991333</userorientation_row2>
        </userorientation>
      </transform>
      <snapped>false</snapped>
      <handles count="4">
        <weight channel="Bend_vert">0.206993</weight>
        <weight channel="Length">0.453145</weight>
        <weight channel="tweak_sideways">0.474813</weight>
        <weight channel="WidthHeight">0.399175</weight>
      </handles>
    </blockref>
    <blockref>
      <blockid>flora_parts~, FE_leaf_21</blockid>
      <transform>
        <scale>0,798516</scale>
        <position>-0.766386,-0.505598,3.572983</position>
        <triangledirection>0.864943,-0.453092,-0.215826</triangledirection>
        <trianglepickorigin>0,0,0</trianglepickorigin>
        <orientation>
          <row0>-0.191772,-0.981439,-3.94880e-7</row0>
          <row1>0.828991,-0.161983,-0.535288</row1>
          <row2>0.525353,-0.102653,0.844669</row2>
        </orientation>
        <userorientation>
          <userorientation_row0>0.949512,-0.210360,-0.232755</userorientation_row0>
          <userorientation_row1>0.278811,0.905954,0.318611</userorientation_row1>
          <userorientation_row2>0.143841,-0.367419,0.918865</userorientation_row2>
        </userorientation>
      </transform>
      <snapped>false</snapped>
      <handles count="4">
        <weight channel="Bend_vert">0.149275</weight>
        <weight channel="Length">0.453145</weight>
        <weight channel="tweak_sideways">0.474813</weight>
        <weight channel="WidthHeight">0.359504</weight>
      </handles>
    </blockref>
    <blockref>
      <blockid>flora_parts~, FE_leaf_21</blockid>
      <transform>
        <scale>0,798516</scale>
        <position>-0.466679,-0.833424,3.580873</position>
        <triangledirection>-0.339523,0.869035,-0.359861</triangledirection>
        <trianglepickorigin>0,0,0</trianglepickorigin>
        <orientation>
          <row0>0.944335,0.328985,-1.49011e-8</row0>
          <row1>-0.267154,0.766851,-0.583582</row1>
          <row2>-0.191990,0.551097,0.812054</row2>
        </orientation>
        <userorientation>
          <userorientation_row0>0.972908,-0.0249279,0.229838</userorientation_row0>
          <userorientation_row1>-0.0347240,0.967135,0.251881</userorientation_row1>
          <userorientation_row2>-0.228565,-0.253037,0.940069</userorientation_row2>
        </userorientation>
      </transform>
      <snapped>false</snapped>
      <handles count="4">
        <weight channel="Bend_vert">0.186389</weight>
        <weight channel="Length">0.453145</weight>
        <weight channel="tweak_sideways">0.474813</weight>
        <weight channel="WidthHeight">0.374114</weight>
      </handles>
    </blockref>
    <blockref>
      <blockid>flora_parts~, FE_leaf_21</blockid>
      <transform>
        <scale>0,740818</scale>
        <position>-0.374574,-0.543236,3.669798</position>
        <triangledirection>-0.658434,-0.313764,-0.684116</triangledirection>
        <trianglepickorigin>0,0,0</trianglepickorigin>
        <orientation>
          <row0>-0.171759,0.972881,-0.154922</row0>
          <row1>-0.595804,-0.227825,-0.770138</row1>
          <row2>-0.784548,-0.0399747,0.618777</row2>
        </orientation>
        <userorientation>
          <userorientation_row0>0.994089,0.0784649,0.0750300</userorientation_row0>
          <userorientation_row1>-0.0861779,0.990646,0.105800</userorientation_row1>
          <userorientation_row2>-0.0660270,-0.111641,0.991553</userorientation_row2>
        </userorientation>
      </transform>
      <snapped>false</snapped>
      <handles count="4">
        <weight channel="Bend_vert">0.156480</weight>
        <weight channel="Length">0.453145</weight>
        <weight channel="tweak_sideways">0.474813</weight>
        <weight channel="WidthHeight">0.386019</weight>
      </handles>
    </blockref>
    <blockref>
      <blockid>flora_parts~, FE_leaf_21</blockid>
      <transform>
        <scale>0,740818</scale>
        <position>-0.566646,-0.379164,3.630496</position>
        <triangledirection>-0.0834523,-0.865152,-0.494518</triangledirection>
        <trianglepickorigin>0,0,0</trianglepickorigin>
        <orientation>
          <row0>-0.991330,0.131390,-1.49011e-8</row0>
          <row1>-0.0872202,-0.658068,-0.747889</row1>
          <row2>-0.0982656,-0.741405,0.663823</row2>
        </orientation>
        <userorientation>
          <userorientation_row0>0.997670,0.00969099,0.0675249</userorientation_row0>
          <userorientation_row1>-0.0309439,0.946453,0.321355</userorientation_row1>
          <userorientation_row2>-0.0607949,-0.322697,0.944548</userorientation_row2>
        </userorientation>
      </transform>
      <snapped>false</snapped>
      <handles count="4">
        <weight channel="Bend_vert">0.156480</weight>
        <weight channel="Length">0.453145</weight>
        <weight channel="tweak_sideways">0.474813</weight>
        <weight channel="WidthHeight">0.386019</weight>
      </handles>
    </blockref>
    <blockref>
      <blockid>flora_parts~, FE_leaf_27</blockid>
      <transform>
        <scale>0,860707</scale>
        <position>0.00577899,0.174025,2.597348</position>
        <triangledirection>0.414776,-0.862567,-0.289721</triangledirection>
        <trianglepickorigin>0,0,0</trianglepickorigin>
        <orientation>
          <row0>-0.901220,-0.433361,-2.80141e-6</row0>
          <row1>0.414776,-0.862567,-0.289721</row1>
          <row2>0.125551,-0.261104,0.957111</row2>
        </orientation>
      </transform>
      <snapped>false</snapped>
      <childlist count="5">
        <childid>28</childid>
        <childid>27</childid>
        <childid>26</childid>
        <childid>25</childid>
        <childid>24</childid>
      </childlist>
      <handles count="3">
        <weight channel="DeformAxisLeft">0</weight>
        <weight channel="DeformAxisForward">0.424484</weight>
        <weight channel="DeformAxisUp">0.863050</weight>
      </handles>
    </blockref>
    <blockref>
      <blockid>flora_parts~, FE_leaf_21</blockid>
      <transform>
        <scale>0,798516</scale>
        <position>-0.290725,0.863820,3.326768</position>
        <triangledirection>0.165435,-0.953233,-0.252937</triangledirection>
        <trianglepickorigin>0,0,0</trianglepickorigin>
        <orientation>
          <row0>-0.996586,-0.0825536,-5.64381e-7</row0>
          <row1>0.0771717,-0.931613,-0.355162</row1>
          <row2>0.0293193,-0.353949,0.934804</row2>
        </orientation>
        <userorientation>
          <userorientation_row0>0.994089,0.0784649,0.0750300</userorientation_row0>
          <userorientation_row1>-0.0861779,0.990646,0.105800</userorientation_row1>
          <userorientation_row2>-0.0660270,-0.111641,0.991553</userorientation_row2>
        </userorientation>
      </transform>
      <snapped>false</snapped>
      <handles count="4">
        <weight channel="Bend_vert">0.178613</weight>
        <weight channel="Length">0.453145</weight>
        <weight channel="tweak_sideways">0.474813</weight>
        <weight channel="WidthHeight">0.399175</weight>
      </handles>
    </blockref>
    <blockref>
      <blockid>flora_parts~, FE_leaf_21</blockid>
      <transform>
        <scale>0,798516</scale>
        <position>-0.0805970,0.783861,3.357493</position>
        <triangledirection>-0.610139,-0.629916,-0.480556</triangledirection>
        <trianglepickorigin>0,0,0</trianglepickorigin>
        <orientation>
          <row0>-0.342812,0.939273,-0.0156246</row0>
          <row1>-0.673537,-0.257351,-0.692905</row1>
          <row2>-0.654849,-0.227012,0.720859</row2>
        </orientation>
        <userorientation>
          <userorientation_row0>0.917074,0.331647,0.221326</userorientation_row0>
          <userorientation_row1>-0.374992,0.906042,0.196134</userorientation_row1>
          <userorientation_row2>-0.135482,-0.262865,0.955272</userorientation_row2>
        </userorientation>
      </transform>
      <snapped>false</snapped>
      <handles count="4">
        <weight channel="Bend_vert">0.149275</weight>
        <weight channel="Length">0.453145</weight>
        <weight channel="tweak_sideways">0.474813</weight>
        <weight channel="WidthHeight">0.359504</weight>
      </handles>
    </blockref>
    <blockref>
      <blockid>flora_parts~, FE_leaf_21</blockid>
      <transform>
        <scale>0,798516</scale>
        <position>-0.427527,0.682016,3.380934</position>
        <triangledirection>0.917800,-0.0530703,-0.393479</triangledirection>
        <trianglepickorigin>0,0,0</trianglepickorigin>
        <orientation>
          <row0>-0.136295,-0.990062,0.0346371</row0>
          <row1>0.862574,-0.135795,-0.487364</row1>
          <row2>0.487225,-0.0365484,0.872511</row2>
        </orientation>
        <userorientation>
          <userorientation_row0>0.994089,0.0784649,0.0750300</userorientation_row0>
          <userorientation_row1>-0.0861779,0.990646,0.105800</userorientation_row1>
          <userorientation_row2>-0.0660270,-0.111641,0.991553</userorientation_row2>
        </userorientation>
      </transform>
      <snapped>false</snapped>
      <handles count="4">
        <weight channel="Bend_vert">0.186389</weight>
        <weight channel="Length">0.453145</weight>
        <weight channel="tweak_sideways">0.474813</weight>
        <weight channel="WidthHeight">0.374114</weight>
      </handles>
    </blockref>
    <blockref>
      <blockid>flora_parts~, FE_leaf_21</blockid>
      <transform>
        <scale>0,740818</scale>
        <position>-0.254568,0.501459,3.386492</position>
        <triangledirection>0.0531136,0.636329,-0.769586</triangledirection>
        <trianglepickorigin>0,0,0</trianglepickorigin>
        <orientation>
          <row0>0.967870,-0.249902,-0.0278531</row0>
          <row1>0.113868,0.534361,-0.837551</row1>
          <row2>0.224190,0.807469,0.545648</row2>
        </orientation>
        <userorientation>
          <userorientation_row0>0.994089,0.0784649,0.0750300</userorientation_row0>
          <userorientation_row1>-0.0861779,0.990646,0.105800</userorientation_row1>
          <userorientation_row2>-0.0660270,-0.111641,0.991553</userorientation_row2>
        </userorientation>
      </transform>
      <snapped>false</snapped>
      <handles count="4">
        <weight channel="Bend_vert">0.113180</weight>
        <weight channel="Length">0.453145</weight>
        <weight channel="tweak_sideways">0.474813</weight>
        <weight channel="WidthHeight">0.386019</weight>
      </handles>
    </blockref>
    <blockref>
      <blockid>flora_parts~, FE_leaf_21</blockid>
      <transform>
        <scale>0,740818</scale>
        <position>-0.0418889,0.548754,3.350568</position>
        <triangledirection>-0.715281,0.326318,-0.617971</triangledirection>
        <trianglepickorigin>0,0,0</trianglepickorigin>
        <orientation>
          <row0>0.450542,0.892755,3.79979e-6</row0>
          <row1>-0.486959,0.245754,-0.838137</row1>
          <row2>-0.748252,0.377614,0.545458</row2>
        </orientation>
        <userorientation>
          <userorientation_row0>0.997670,0.00969099,0.0675249</userorientation_row0>
          <userorientation_row1>-0.0309439,0.946453,0.321355</userorientation_row1>
          <userorientation_row2>-0.0607949,-0.322697,0.944548</userorientation_row2>
        </userorientation>
      </transform>
      <snapped>false</snapped>
      <handles count="4">
        <weight channel="Bend_vert">0.156480</weight>
        <weight channel="Length">0.453145</weight>
        <weight channel="tweak_sideways">0.474813</weight>
        <weight channel="WidthHeight">0.386019</weight>
      </handles>
    </blockref>
    <blockref>
      <blockid>flora_parts~, FE_leaf_27</blockid>
      <transform>
        <scale>0,860707</scale>
        <position>0.145191,-0.0550629,2.620585</position>
        <triangledirection>-0.947663,0.0753859,-0.310242</triangledirection>
        <trianglepickorigin>0,0,0</trianglepickorigin>
        <orientation>
          <row0>0.0792940,0.996851,1.45286e-5</row0>
          <row1>-0.947663,0.0753859,-0.310242</row1>
          <row2>-0.309266,0.0245865,0.950657</row2>
        </orientation>
      </transform>
      <snapped>false</snapped>
      <childlist count="7">
        <childid>34</childid>
        <childid>33</childid>
        <childid>32</childid>
        <childid>31</childid>
        <childid>30</childid>
        <childid>14</childid>
        <childid>13</childid>
      </childlist>
      <handles count="3">
        <weight channel="DeformAxisLeft">0</weight>
        <weight channel="DeformAxisForward">0.821877</weight>
        <weight channel="DeformAxisUp">0.863050</weight>
      </handles>
    </blockref>
    <blockref>
      <blockid>flora_parts~, FE_leaf_21</blockid>
      <transform>
        <scale>0,798516</scale>
        <position>1.218120,-0.241068,3.729804</position>
        <triangledirection>-0.848932,0.408383,0.335464</triangledirection>
        <trianglepickorigin>0,0,0</trianglepickorigin>
        <orientation>
          <row0>0.514121,0.857717,-1.73598e-6</row0>
          <row1>-0.833734,0.499746,0.234818</row1>
          <row2>0.201409,-0.120724,0.972039</row2>
        </orientation>
        <userorientation>
          <userorientation_row0>0.994089,0.0784649,0.0750300</userorientation_row0>
          <userorientation_row1>-0.0861779,0.990646,0.105800</userorientation_row1>
          <userorientation_row2>-0.0660270,-0.111641,0.991553</userorientation_row2>
        </userorientation>
      </transform>
      <snapped>false</snapped>
      <handles count="4">
        <weight channel="Bend_vert">0.186389</weight>
        <weight channel="Length">0.453145</weight>
        <weight channel="tweak_sideways">0.474813</weight>
        <weight channel="WidthHeight">0.399175</weight>
      </handles>
    </blockref>
    <blockref>
      <blockid>flora_parts~, FE_leaf_21</blockid>
      <transform>
        <scale>0,798516</scale>
        <position>0.947018,-0.374181,3.822175</position>
        <triangledirection>0.0477129,0.998471,0.0279060</triangledirection>
        <trianglepickorigin>0,0,0</trianglepickorigin>
        <orientation>
          <row0>0.908006,-0.418955,-2.83569e-5</row0>
          <row1>0.411948,0.892832,-0.182068</row1>
          <row2>0.0763037,0.165307,0.983285</row2>
        </orientation>
        <userorientation>
          <userorientation_row0>0.898570,0.407273,-0.163404</userorientation_row0>
          <userorientation_row1>-0.374992,0.906042,0.196134</userorientation_row1>
          <userorientation_row2>0.227931,-0.114964,0.966866</userorientation_row2>
        </userorientation>
      </transform>
      <snapped>false</snapped>
      <handles count="4">
        <weight channel="Bend_vert">0.149275</weight>
        <weight channel="Length">0.453145</weight>
        <weight channel="tweak_sideways">0.474813</weight>
        <weight channel="WidthHeight">0.359504</weight>
      </handles>
    </blockref>
    <blockref>
      <blockid>flora_parts~, FE_leaf_21</blockid>
      <transform>
        <scale>0,798516</scale>
        <position>1.126835,0.0946519,3.788804</position>
        <triangledirection>-0.367494,-0.914101,0.171367</triangledirection>
        <trianglepickorigin>0,0,0</trianglepickorigin>
        <orientation>
          <row0>-0.891641,0.452741,-1.71363e-7</row0>
          <row1>-0.451741,-0.889672,0.0664219</row1>
          <row2>0.0300718,0.0592246,0.997791</row2>
        </orientation>
        <userorientation>
          <userorientation_row0>0.994089,0.0784649,0.0750300</userorientation_row0>
          <userorientation_row1>-0.0861779,0.990646,0.105800</userorientation_row1>
          <userorientation_row2>-0.0660270,-0.111641,0.991553</userorientation_row2>
        </userorientation>
      </transform>
      <snapped>false</snapped>
      <handles count="4">
        <weight channel="Bend_vert">0.186389</weight>
        <weight channel="Length">0.453145</weight>
        <weight channel="tweak_sideways">0.474813</weight>
        <weight channel="WidthHeight">0.374114</weight>
      </handles>
    </blockref>
    <blockref>
      <blockid>flora_parts~, FE_leaf_21</blockid>
      <transform>
        <scale>0,740818</scale>
        <position>0.856461,0.00249299,3.938632</position>
        <triangledirection>0.491801,-0.623481,-0.607784</triangledirection>
        <trianglepickorigin>0,0,0</trianglepickorigin>
        <orientation>
          <row0>-0.657837,-0.753160,-1.46031e-6</row0>
          <row1>0.422236,-0.368794,-0.828074</row1>
          <row2>0.623672,-0.544738,0.560618</row2>
        </orientation>
        <userorientation>
          <userorientation_row0>0.984681,-0.168009,0.0466529</userorientation_row0>
          <userorientation_row1>0.146056,0.940884,0.305622</userorientation_row1>
          <userorientation_row2>-0.0952420,-0.294125,0.951009</userorientation_row2>
        </userorientation>
      </transform>
      <snapped>false</snapped>
      <handles count="4">
        <weight channel="Bend_vert">0.156480</weight>
        <weight channel="Length">0.453145</weight>
        <weight channel="tweak_sideways">0.474813</weight>
        <weight channel="WidthHeight">0.386019</weight>
      </handles>
    </blockref>
    <blockref>
      <blockid>flora_parts~, FE_leaf_21</blockid>
      <transform>
        <scale>0,740818</scale>
        <position>0.802433,-0.227173,3.917270</position>
        <triangledirection>0.731240,0.0472307,-0.680445</triangledirection>
        <trianglepickorigin>0,0,0</trianglepickorigin>
        <orientation>
          <row0>0.544423,-0.838708,0.0130798</row0>
          <row1>0.475371,0.295651,-0.828620</row1>
          <row2>0.691103,0.457338,0.559657</row2>
        </orientation>
        <userorientation>
          <userorientation_row0>0.936882,-0.344845,-0.0575119</userorientation_row0>
          <userorientation_row1>0.349592,0.925406,0.146146</userorientation_row1>
          <userorientation_row2>0.00284700,-0.157040,0.987576</userorientation_row2>
        </userorientation>
      </transform>
      <snapped>false</snapped>
      <handles count="4">
        <weight channel="Bend_vert">0.156480</weight>
        <weight channel="Length">0.453145</weight>
        <weight channel="tweak_sideways">0.474813</weight>
        <weight channel="WidthHeight">0.386019</weight>
      </handles>
    </blockref>
    <blockref>
      <blockid>flora_parts~, FE_leaf_21</blockid>
      <transform>
        <scale>1,454989</scale>
        <position>0.213427,-0.444581,0.737815</position>
        <triangledirection>-0.441933,0.389313,-0.808164</triangledirection>
        <trianglepickorigin>0,0,0</trianglepickorigin>
        <orientation>
          <row0>0.593053,0.805163,-7.45058e-8</row0>
          <row1>-0.804392,0.592485,0.0437550</row1>
          <row2>0.0352299,-0.0259489,0.999042</row2>
        </orientation>
        <userorientation>
          <userorientation_row0>0.967395,0.179709,0.178472</userorientation_row0>
          <userorientation_row1>0.0513709,0.550788,-0.833062</userorientation_row1>
          <userorientation_row2>-0.248010,0.815068,0.523599</userorientation_row2>
        </userorientation>
      </transform>
      <snapped>false</snapped>
      <handles count="4">
        <weight channel="Bend_vert">0.644835</weight>
        <weight channel="Length">0.534316</weight>
        <weight channel="tweak_sideways">0.332803</weight>
        <weight channel="WidthHeight">0</weight>
      </handles>
    </blockref>
    <blockref>
      <blockid>flora_parts~, FE_leaf_21</blockid>
      <transform>
        <scale>1,349849</scale>
        <position>-0.462512,0.181224,0.633836</position>
        <triangledirection>0.703816,0.119942,-0.700182</triangledirection>
        <trianglepickorigin>0,0,0</trianglepickorigin>
        <orientation>
          <row0>0.121495,-0.992592,1.56462e-7</row0>
          <row1>0.956490,0.117077,0.267244</row1>
          <row2>-0.265265,-0.0324690,0.963628</row2>
        </orientation>
        <userorientation>
          <userorientation_row0>0.968709,0.229306,0.0949789</userorientation_row0>
          <userorientation_row1>-0.0335429,0.500116,-0.865307</userorientation_row1>
          <userorientation_row2>-0.245921,0.835045,0.492159</userorientation_row2>
        </userorientation>
      </transform>
      <snapped>false</snapped>
      <handles count="4">
        <weight channel="Bend_vert">0.644835</weight>
        <weight channel="Length">0.534316</weight>
        <weight channel="tweak_sideways">0.332803</weight>
        <weight channel="WidthHeight">0</weight>
      </handles>
    </blockref>
  </blocks></sporemodel>