spore0005438f634740666200f17430f3d816b417ffffffffffffffff0000000ebfdb7e1506KChangfffffffffffffffe09Mesqweets0000000<?xml version="1.0" encoding="UTF-8"?><sporemodel>
  <properties>
    <modeltype>PlantMedium</modeltype>
    <skineffectseed1>1234</skineffectseed1>
    <skineffectseed2>1234</skineffectseed2>
    <skineffectseed3>1234</skineffectseed3>
    <skincolor1>0.443136,0.384314,0.262744</skincolor1>
    <skincolor2>0.356863,0.576470,0.341175</skincolor2>
    <skincolor3>0.694118,0.658824,0.223528</skincolor3>
    <zcorpscore>13</zcorpscore>
  </properties>
  <blocks count="35">
    <blockref>
      <blockid>flora_parts~, fe_root_dummy</blockid>
      <transform>
        <scale>1</scale>
        <position>0,0,0.600000</position>
        <triangledirection>0,1,0</triangledirection>
        <trianglepickorigin>0,0,0</trianglepickorigin>
        <orientation>
          <row0>1,0,0</row0>
          <row1>0,1,0</row1>
          <row2>0,0,1</row2>
        </orientation>
      </transform>
      <snapped>false</snapped>
      <childlist count="6">
        <childid>12</childid>
        <childid>9</childid>
        <childid>7</childid>
        <childid>5</childid>
        <childid>3</childid>
        <childid>1</childid>
      </childlist>
    </blockref>
    <blockref>
      <blockid>flora_parts~, FE_muscle_branch_04</blockid>
      <transform>
        <limbtype>0</limbtype>
        <musclescale>0.5</musclescale>
        <basemusclescale>1.349999</basemusclescale>
        <scale>1</scale>
        <position>0,0,0.600000</position>
        <triangledirection>-0.191247,0.529443,0.826506</triangledirection>
        <trianglepickorigin>0,0,0</trianglepickorigin>
        <orientation>
          <row0>0.951733,-0.105913,0.288071</row0>
          <row1>-0.191247,0.529443,0.826506</row1>
          <row2>-0.240056,-0.841707,0.483633</row2>
        </orientation>
      </transform>
      <snapped>true</snapped>
      <childlist count="1">
        <childid>2</childid>
      </childlist>
      <handles count="1">
        <weight channel="longer">0.114295</weight>
      </handles>
    </blockref>
    <blockref>
      <blockid>Creature_parts~, ce_grasper_null</blockid>
      <transform>
        <basemusclescale>0.5</basemusclescale>
        <scale>3</scale>
        <position>0.181937,-0.503666,-0.186266</position>
        <triangledirection>0,0,-1</triangledirection>
        <trianglepickorigin>0,0,0</trianglepickorigin>
        <orientation>
          <row0>1,0,0</row0>
          <row1>0,0,-1</row1>
          <row2>0,1,0</row2>
        </orientation>
      </transform>
      <snapped>true</snapped>
    </blockref>
    <blockref>
      <blockid>flora_parts~, fe_muscle_branch_01</blockid>
      <transform>
        <limbtype>0</limbtype>
        <musclescale>0.600000</musclescale>
        <basemusclescale>1.349999</basemusclescale>
        <scale>1</scale>
        <position>0,0,0.600000</position>
        <triangledirection>-0.386676,-0.444858,0.807826</triangledirection>
        <trianglepickorigin>0,0,0</trianglepickorigin>
        <orientation>
          <row0>-0.874991,-0.0997435,-0.473752</row0>
          <row1>-0.386676,-0.444858,0.807826</row1>
          <row2>-0.291328,0.890029,0.350678</row2>
        </orientation>
      </transform>
      <snapped>true</snapped>
      <childlist count="1">
        <childid>4</childid>
      </childlist>
      <handles count="1">
        <weight channel="longer">0.121492</weight>
      </handles>
    </blockref>
    <blockref>
      <blockid>Creature_parts~, ce_grasper_null</blockid>
      <transform>
        <basemusclescale>0.550000</basemusclescale>
        <scale>1</scale>
        <position>0.385315,0.443293,-0.204983</position>
        <triangledirection>0,0,-1</triangledirection>
        <trianglepickorigin>0,0,0</trianglepickorigin>
        <orientation>
          <row0>1,0,0</row0>
          <row1>0,0,-1</row1>
          <row2>0,1,0</row2>
        </orientation>
      </transform>
      <snapped>true</snapped>
    </blockref>
    <blockref>
      <blockid>flora_parts~, fe_muscle_branch_01</blockid>
      <transform>
        <limbtype>0</limbtype>
        <musclescale>1</musclescale>
        <basemusclescale>1.349999</basemusclescale>
        <scale>1</scale>
        <position>0,0,0.600000</position>
        <triangledirection>0.214629,-0.720470,0.659435</triangledirection>
        <trianglepickorigin>0,0,0</trianglepickorigin>
        <orientation>
          <row0>0.792692,-0.265940,-0.548556</row0>
          <row1>0.214629,-0.720470,0.659435</row1>
          <row2>-0.570590,-0.640466,-0.514032</row2>
        </orientation>
      </transform>
      <snapped>true</snapped>
      <childlist count="1">
        <childid>6</childid>
      </childlist>
      <handles count="1">
        <weight channel="longer">0.162245</weight>
      </handles>
    </blockref>
    <blockref>
      <blockid>Creature_parts~, ce_grasper_null</blockid>
      <transform>
        <basemusclescale>0.5</basemusclescale>
        <scale>1</scale>
        <position>-0.268769,0.902209,-0.225777</position>
        <triangledirection>0,0,-1</triangledirection>
        <trianglepickorigin>0,0,0</trianglepickorigin>
        <orientation>
          <row0>1,0,0</row0>
          <row1>0,0,-1</row1>
          <row2>0,1,0</row2>
        </orientation>
      </transform>
      <snapped>true</snapped>
    </blockref>
    <blockref>
      <blockid>flora_parts~, fe_muscle_branch_01</blockid>
      <transform>
        <limbtype>0</limbtype>
        <musclescale>0.650000</musclescale>
        <basemusclescale>1.349999</basemusclescale>
        <scale>1</scale>
        <position>0,0,0.600000</position>
        <triangledirection>0.685355,0.130487,0.716421</triangledirection>
        <trianglepickorigin>0,0,0</trianglepickorigin>
        <orientation>
          <row0>-0.720386,-0.0223151,0.693213</row0>
          <row1>0.685355,0.130487,0.716421</row1>
          <row2>-0.106443,0.991198,-0.0787080</row2>
        </orientation>
      </transform>
      <snapped>true</snapped>
      <childlist count="1">
        <childid>8</childid>
      </childlist>
      <handles count="1">
        <weight channel="longer">0.128129</weight>
      </handles>
    </blockref>
    <blockref>
      <blockid>Creature_parts~, ce_grasper_null</blockid>
      <transform>
        <basemusclescale>0.650000</basemusclescale>
        <scale>1</scale>
        <position>-0.711490,-0.135463,-0.143742</position>
        <triangledirection>-1.99999e-6,9.99999e-7,-1</triangledirection>
        <trianglepickorigin>0,0,0</trianglepickorigin>
        <orientation>
          <row0>1,1.00000e-6,-1.99999e-6</row0>
          <row1>-1.99999e-6,9.99999e-7,-1</row1>
          <row2>-9.99999e-7,1,1.00000e-6</row2>
        </orientation>
      </transform>
      <snapped>true</snapped>
    </blockref>
    <blockref>
      <blockid>flora_parts~, fe_muscle_branch_01</blockid>
      <transform>
        <limbtype>0</limbtype>
        <musclescale>0.524999</musclescale>
        <basemusclescale>1.349999</basemusclescale>
        <scale>1</scale>
        <position>0,0,0.600000</position>
        <triangledirection>-0.395764,0.675435,-0.622220</triangledirection>
        <trianglepickorigin>0,0,0</trianglepickorigin>
        <orientation>
          <row0>0.863636,0.0433614,-0.502247</row0>
          <row1>-0.395764,0.675435,-0.622220</row1>
          <row2>0.312255,0.736143,0.600491</row2>
        </orientation>
      </transform>
      <snapped>true</snapped>
      <childlist count="2">
        <childid>11</childid>
        <childid>10</childid>
      </childlist>
      <handles count="1">
        <weight channel="longer">0.193008</weight>
      </handles>
    </blockref>
    <blockref>
      <blockid>Creature_parts~, ce_grasper_null</blockid>
      <transform>
        <basemusclescale>0.699999</basemusclescale>
        <scale>1</scale>
        <position>0.572004,-0.976217,1.499305</position>
        <triangledirection>0,0,-1</triangledirection>
        <trianglepickorigin>0,0,0</trianglepickorigin>
        <orientation>
          <row0>1,0,0</row0>
          <row1>0,0,-1</row1>
          <row2>0,1,0</row2>
        </orientation>
      </transform>
      <snapped>true</snapped>
    </blockref>
    <blockref>
      <blockid>flora_parts~, FE_leaf_25</blockid>
      <transform>
        <scale>1,161830</scale>
        <position>0.540531,-0.992093,1.502759</position>
        <triangledirection>-0.341362,0.732881,-0.588520</triangledirection>
        <trianglepickorigin>0,0,0</trianglepickorigin>
        <orientation>
          <row0>0.951692,-0.307052,2.98023e-8</row0>
          <row1>0.256868,0.796150,-0.547870</row1>
          <row2>0.168225,0.521404,0.836562</row2>
        </orientation>
        <userorientation>
          <userorientation_row0>0.768400,0.574276,0.282432</userorientation_row0>
          <userorientation_row1>-0.549905,0.818231,-0.167631</userorientation_row1>
          <userorientation_row2>-0.327362,-0.0265029,0.944527</userorientation_row2>
        </userorientation>
      </transform>
      <snapped>false</snapped>
      <childlist count="5">
        <childid>33</childid>
        <childid>29</childid>
        <childid>24</childid>
        <childid>22</childid>
        <childid>21</childid>
      </childlist>
      <handles count="3">
        <weight channel="DeformAxisForward">0.883759</weight>
        <weight channel="DeformAxisLeft">0.669127</weight>
        <weight channel="DeformAxisUp">0.652311</weight>
      </handles>
    </blockref>
    <blockref>
      <blockid>flora_parts~, FE_muscle_branch_04</blockid>
      <transform>
        <limbtype>0</limbtype>
        <musclescale>0.375</musclescale>
        <basemusclescale>1.349999</basemusclescale>
        <scale>1</scale>
        <position>0,0,0.600000</position>
        <triangledirection>0.425323,-0.352422,-0.833606</triangledirection>
        <trianglepickorigin>0,0,0</trianglepickorigin>
        <orientation>
          <row0>0.873917,0.399398,0.277037</row0>
          <row1>0.425323,-0.352422,-0.833606</row1>
          <row2>-0.235306,0.846332,-0.477861</row2>
        </orientation>
      </transform>
      <snapped>true</snapped>
      <childlist count="1">
        <childid>14</childid>
      </childlist>
      <handles count="1">
        <weight channel="longer">0.162245</weight>
      </handles>
    </blockref>
    <blockref>
      <blockid>flora_parts~, FE_leaf_25</blockid>
      <transform>
        <scale>1</scale>
        <position>-0.705336,0.466592,1.928746</position>
        <triangledirection>-0.300773,-0.759460,-0.576850</triangledirection>
        <trianglepickorigin>0,0,0</trianglepickorigin>
        <orientation>
          <row0>-0.929742,0.368211,-4.02331e-7</row0>
          <row1>-0.300773,-0.759460,-0.576850</row1>
          <row2>-0.212402,-0.536321,0.816850</row2>
        </orientation>
        <userorientation>
          <userorientation_row0>0.354134,0,-0.935195</userorientation_row0>
          <userorientation_row1>0,1,0</userorientation_row1>
          <userorientation_row2>0.935195,0,0.354134</userorientation_row2>
        </userorientation>
      </transform>
      <snapped>false</snapped>
      <childlist count="4">
        <childid>34</childid>
        <childid>32</childid>
        <childid>25</childid>
        <childid>20</childid>
      </childlist>
      <handles count="3">
        <weight channel="DeformAxisForward">1</weight>
        <weight channel="DeformAxisLeft">0.534242</weight>
        <weight channel="DeformAxisUp">0.727827</weight>
      </handles>
    </blockref>
    <blockref>
      <blockid>flora_parts~, FE_muscle_branch_04</blockid>
      <transform>
        <limbtype>0</limbtype>
        <musclescale>0.449999</musclescale>
        <basemusclescale>0.850000</basemusclescale>
        <scale>1</scale>
        <position>-0.532609,0.441319,1.643882</position>
        <triangledirection>0.701856,0.250231,-0.666918</triangledirection>
        <trianglepickorigin>0,0,0</trianglepickorigin>
        <orientation>
          <row0>0.465546,0.547490,0.695356</row0>
          <row1>0.701856,0.250231,-0.666918</row1>
          <row2>-0.539131,0.798522,-0.267764</row2>
        </orientation>
      </transform>
      <snapped>true</snapped>
      <childlist count="4">
        <childid>26</childid>
        <childid>16</childid>
        <childid>15</childid>
        <childid>13</childid>
      </childlist>
      <handles count="1">
        <weight channel="longer">0.143565</weight>
      </handles>
    </blockref>
    <blockref>
      <blockid>Creature_parts~, ce_grasper_null</blockid>
      <transform>
        <basemusclescale>0.650000</basemusclescale>
        <scale>1</scale>
        <position>-1.329226,0.157304,2.400845</position>
        <triangledirection>-0.416503,-0.236292,-0.877889</triangledirection>
        <trianglepickorigin>0,0,0</trianglepickorigin>
        <orientation>
          <row0>0.905350,-0.0197999,-0.424202</row0>
          <row1>-0.416503,-0.236292,-0.877889</row1>
          <row2>-0.0828538,0.971480,-0.222174</row2>
        </orientation>
      </transform>
      <snapped>true</snapped>
    </blockref>
    <blockref>
      <blockid>flora_parts~, FE_leaf_25</blockid>
      <transform>
        <scale>1,252320</scale>
        <position>-1.352872,0.142232,2.419641</position>
        <triangledirection>0.741496,0.438397,-0.507926</triangledirection>
        <trianglepickorigin>0,0,0</trianglepickorigin>
        <orientation>
          <row0>0.508936,-0.860804,6.55651e-7</row0>
          <row1>0.741496,0.438397,-0.507926</row1>
          <row2>0.437225,0.258503,0.861400</row2>
        </orientation>
        <userorientation>
          <userorientation_row0>0.970436,0,0.241356</userorientation_row0>
          <userorientation_row1>0,1,0</userorientation_row1>
          <userorientation_row2>-0.241356,0,0.970436</userorientation_row2>
        </userorientation>
      </transform>
      <snapped>false</snapped>
      <childlist count="4">
        <childid>27</childid>
        <childid>19</childid>
        <childid>18</childid>
        <childid>17</childid>
      </childlist>
      <handles count="3">
        <weight channel="DeformAxisForward">0.670868</weight>
        <weight channel="DeformAxisLeft">0.536826</weight>
        <weight channel="DeformAxisUp">0.782569</weight>
      </handles>
    </blockref>
    <blockref>
      <blockid>flora_parts~, FE_leaf_01</blockid>
      <transform>
        <scale>0,5</scale>
        <position>-2.158007,0.102431,3.380830</position>
        <triangledirection>0.749158,-0.361964,-0.554747</triangledirection>
        <trianglepickorigin>0,0,0</trianglepickorigin>
        <orientation>
          <row0>-0.993682,-0.112232,-1.28522e-7</row0>
          <row1>0.109482,-0.969343,0.219972</row1>
          <row2>-0.0246880,0.218582,0.975506</row2>
        </orientation>
        <userorientation>
          <userorientation_row0>0.581137,0.769101,-0.266015</userorientation_row0>
          <userorientation_row1>-0.703801,0.310859,-0.638773</userorientation_row1>
          <userorientation_row2>-0.408588,0.558436,0.721944</userorientation_row2>
        </userorientation>
      </transform>
      <snapped>false</snapped>
      <handles count="3">
        <weight channel="DeformAxisLeft">0.832370</weight>
        <weight channel="DeformAxisUp">0.0248060</weight>
        <weight channel="DeformAxisForward">0.830417</weight>
      </handles>
    </blockref>
    <blockref>
      <blockid>flora_parts~, FE_leaf_01</blockid>
      <transform>
        <scale>0,5</scale>
        <position>-1.884160,-0.308293,3.103224</position>
        <triangledirection>0.234341,0.459385,-0.856766</triangledirection>
        <trianglepickorigin>0,0,0</trianglepickorigin>
        <orientation>
          <row0>0.980194,0.198038,-9.31322e-8</row0>
          <row1>-0.193692,0.958687,0.208327</row1>
          <row2>0.0412569,-0.204201,0.978059</row2>
        </orientation>
        <userorientation>
          <userorientation_row0>0.747879,-0.655282,0.106211</userorientation_row0>
          <userorientation_row1>0.320676,0.216528,-0.922106</userorientation_row1>
          <userorientation_row2>0.581241,0.723685,0.372071</userorientation_row2>
        </userorientation>
      </transform>
      <snapped>false</snapped>
      <handles count="3">
        <weight channel="DeformAxisLeft">0.832370</weight>
        <weight channel="DeformAxisUp">0</weight>
        <weight channel="DeformAxisForward">1</weight>
      </handles>
    </blockref>
    <blockref>
      <blockid>flora_parts~, FE_leaf_01</blockid>
      <transform>
        <scale>0,5</scale>
        <position>-1.840081,-0.263109,3.537928</position>
        <triangledirection>-0.428109,0.203487,-0.880520</triangledirection>
        <trianglepickorigin>0,0,0</trianglepickorigin>
        <orientation>
          <row0>0.382939,0.923773,-4.13507e-7</row0>
          <row1>-0.917668,0.380409,-0.114779</row1>
          <row2>-0.106030,0.0439542,0.993390</row2>
        </orientation>
        <userorientation>
          <userorientation_row0>0.997891,-0.0632090,-0.0147839</userorientation_row0>
          <userorientation_row1>0.0240359,0.571336,-0.820363</userorientation_row1>
          <userorientation_row2>0.0603009,0.818277,0.571650</userorientation_row2>
        </userorientation>
      </transform>
      <snapped>false</snapped>
      <handles count="3">
        <weight channel="DeformAxisLeft">0.832370</weight>
        <weight channel="DeformAxisUp">0</weight>
        <weight channel="DeformAxisForward">1</weight>
      </handles>
    </blockref>
    <blockref>
      <blockid>flora_parts~, FE_leaf_01</blockid>
      <transform>
        <scale>0,5</scale>
        <position>-0.870836,1.931986,3.283283</position>
        <triangledirection>-0.770787,-0.0661740,-0.633646</triangledirection>
        <trianglepickorigin>0,0,0</trianglepickorigin>
        <orientation>
          <row0>-0.291915,0.956444,-1.63912e-7</row0>
          <row1>-0.794118,-0.242372,-0.557344</row1>
          <row2>-0.533068,-0.162697,0.830281</row2>
        </orientation>
        <userorientation>
          <userorientation_row0>0.885133,-0.191032,-0.424316</userorientation_row0>
          <userorientation_row1>0.161712,0.981293,-0.104456</userorientation_row1>
          <userorientation_row2>0.436334,0.0238400,0.899469</userorientation_row2>
        </userorientation>
      </transform>
      <snapped>false</snapped>
      <handles count="3">
        <weight channel="DeformAxisLeft">0.832370</weight>
        <weight channel="DeformAxisUp">0</weight>
        <weight channel="DeformAxisForward">1</weight>
      </handles>
    </blockref>
    <blockref>
      <blockid>flora_parts~, FE_leaf_01</blockid>
      <transform>
        <scale>0,5</scale>
        <position>0.893540,-2.115088,2.948614</position>
        <triangledirection>0.374569,0.551898,-0.745054</triangledirection>
        <trianglepickorigin>0,0,0</trianglepickorigin>
        <orientation>
          <row0>0.196658,-0.132714,-0.971448</row0>
          <row1>0.613556,0.789481,0.0163519</row1>
          <row2>0.764770,-0.599253,0.236685</row2>
        </orientation>
        <userorientation>
          <userorientation_row0>0.537503,-0.334399,0.774124</userorientation_row0>
          <userorientation_row1>0.724199,0.653350,-0.220610</userorientation_row1>
          <userorientation_row2>-0.432002,0.679199,0.593349</userorientation_row2>
        </userorientation>
      </transform>
      <snapped>false</snapped>
      <handles count="3">
        <weight channel="DeformAxisLeft">0.832370</weight>
        <weight channel="DeformAxisUp">0</weight>
        <weight channel="DeformAxisForward">1</weight>
      </handles>
    </blockref>
    <blockref>
      <blockid>flora_parts~, FE_leaf_01</blockid>
      <transform>
        <scale>0,5</scale>
        <position>1.104194,-1.959222,2.537770</position>
        <triangledirection>-0.487202,0.348130,-0.800899</triangledirection>
        <trianglepickorigin>0,0,0</trianglepickorigin>
        <orientation>
          <row0>0.695163,0.718852,1.19209e-7</row0>
          <row1>-0.635643,0.614696,0.467016</row1>
          <row2>0.335715,-0.324653,0.884248</row2>
        </orientation>
        <userorientation>
          <userorientation_row0>0.959882,0.276912,-0.0441149</userorientation_row0>
          <userorientation_row1>-0.0884310,0.149647,-0.984776</userorientation_row1>
          <userorientation_row2>-0.266093,0.949171,0.168131</userorientation_row2>
        </userorientation>
      </transform>
      <snapped>false</snapped>
      <handles count="3">
        <weight channel="DeformAxisLeft">0.832370</weight>
        <weight channel="DeformAxisUp">0</weight>
        <weight channel="DeformAxisForward">1</weight>
      </handles>
    </blockref>
    <blockref>
      <blockid>flora_parts~, fe_cap_01a</blockid>
      <transform>
        <scale>0,860707</scale>
        <position>1.803990,-0.600224,2.459412</position>
        <triangledirection>-0.925866,0.184235,0.329890</triangledirection>
        <trianglepickorigin>0,0,0</trianglepickorigin>
        <orientation>
          <row0>0.195161,0.980771,1.45286e-7</row0>
          <row1>-0.925866,0.184235,0.329890</row1>
          <row2>0.323547,-0.0643820,0.944019</row2>
        </orientation>
      </transform>
      <snapped>false</snapped>
    </blockref>
    <blockref>
      <blockid>flora_parts~, fe_cap_01a</blockid>
      <transform>
        <scale>0,860707</scale>
        <position>0.980282,-1.583960,2.101209</position>
        <triangledirection>-0.777311,0.553470,0.299091</triangledirection>
        <trianglepickorigin>0,0,0</trianglepickorigin>
        <orientation>
          <row0>0.0317145,0.999497,3.31550e-7</row0>
          <row1>-0.883161,0.0280229,0.468230</row1>
          <row2>0.467995,-0.0148500,0.883606</row2>
        </orientation>
        <userorientation>
          <userorientation_row0>0.846974,-0.531633,0</userorientation_row0>
          <userorientation_row1>0.528540,0.842046,-0.107717</userorientation_row1>
          <userorientation_row2>0.0572659,0.0912340,0.994182</userorientation_row2>
        </userorientation>
      </transform>
      <snapped>false</snapped>
    </blockref>
    <blockref>
      <blockid>flora_parts~, fe_cap_01a</blockid>
      <transform>
        <scale>0,860707</scale>
        <position>-0.586941,1.325055,2.452728</position>
        <triangledirection>-0.427816,-0.569912,0.701551</triangledirection>
        <trianglepickorigin>0,0,0</trianglepickorigin>
        <orientation>
          <row0>-0.799742,0.600343,5.21540e-7</row0>
          <row1>-0.427816,-0.569912,0.701551</row1>
          <row2>0.421171,0.561059,0.712619</row2>
        </orientation>
      </transform>
      <snapped>false</snapped>
    </blockref>
    <blockref>
      <blockid>flora_parts~, fe_cap_01a</blockid>
      <transform>
        <scale>0,860707</scale>
        <position>-0.882120,0.351979,2.090834</position>
        <triangledirection>-0.704750,0.476310,-0.525788</triangledirection>
        <trianglepickorigin>0,0,0</trianglepickorigin>
        <orientation>
          <row0>-0.455140,0.890419,-1.49011e-8</row0>
          <row1>-0.737749,-0.377102,-0.559927</row1>
          <row2>-0.498570,-0.254845,0.828541</row2>
        </orientation>
        <userorientation>
          <userorientation_row0>0.645770,-0.763342,-0.0169500</userorientation_row0>
          <userorientation_row1>0.744876,0.634715,-0.205654</userorientation_row1>
          <userorientation_row2>0.167743,0.120181,0.978478</userorientation_row2>
        </userorientation>
      </transform>
      <snapped>false</snapped>
    </blockref>
    <blockref>
      <blockid>flora_parts~, fe_cap_01a</blockid>
      <transform>
        <scale>0,860707</scale>
        <position>-1.595587,0.110749,2.555498</position>
        <triangledirection>0.164778,-0.502872,0.848509</triangledirection>
        <trianglepickorigin>0,0,0</trianglepickorigin>
        <orientation>
          <row0>-0.950284,-0.311382,2.98023e-7</row0>
          <row1>0.164778,-0.502872,0.848509</row1>
          <row2>-0.264211,0.806325,0.529180</row2>
        </orientation>
      </transform>
      <snapped>false</snapped>
    </blockref>
    <blockref>
      <blockid>flora_parts~, FE_leaf_01</blockid>
      <transform>
        <scale>0,5</scale>
        <position>1.811349,-0.00599999,3.197867</position>
        <triangledirection>0.338363,-0.149937,-0.928993</triangledirection>
        <trianglepickorigin>0,0,0</trianglepickorigin>
        <orientation>
          <row0>-0.626414,-0.779490,1.82539e-7</row0>
          <row1>0.776577,-0.624073,0.0863770</row1>
          <row2>-0.0673299,0.0541079,0.996262</row2>
        </orientation>
        <userorientation>
          <userorientation_row0>0.904967,0.424241,0.0325019</userorientation_row0>
          <userorientation_row1>-0.0950809,0.276094,-0.956416</userorientation_row1>
          <userorientation_row2>-0.414723,0.862433,0.290192</userorientation_row2>
        </userorientation>
      </transform>
      <snapped>false</snapped>
      <handles count="3">
        <weight channel="DeformAxisLeft">0.832370</weight>
        <weight channel="DeformAxisUp">0</weight>
        <weight channel="DeformAxisForward">1</weight>
      </handles>
    </blockref>
    <blockref>
      <blockid>flora_parts~, FE_leaf_25</blockid>
      <transform>
        <scale>1</scale>
        <position>0.796747,-1.359096,1.961590</position>
        <triangledirection>-0.826047,-0.524123,-0.207222</triangledirection>
        <trianglepickorigin>0,0,0</trianglepickorigin>
        <orientation>
          <row0>-0.707565,0.706647,-2.16066e-7</row0>
          <row1>-0.688038,-0.688932,-0.227979</row1>
          <row2>-0.161101,-0.161310,0.973665</row2>
        </orientation>
        <userorientation>
          <userorientation_row0>0.848145,-0.177830,-0.499027</userorientation_row0>
          <userorientation_row1>0.214111,0.976680,0.0158590</userorientation_row1>
          <userorientation_row2>0.484569,-0.120298,0.866442</userorientation_row2>
        </userorientation>
      </transform>
      <snapped>false</snapped>
      <childlist count="4">
        <childid>31</childid>
        <childid>30</childid>
        <childid>28</childid>
        <childid>23</childid>
      </childlist>
      <handles count="3">
        <weight channel="DeformAxisForward">1</weight>
        <weight channel="DeformAxisLeft">0.534242</weight>
        <weight channel="DeformAxisUp">0.727827</weight>
      </handles>
    </blockref>
    <blockref>
      <blockid>flora_parts~, FE_leaf_01</blockid>
      <transform>
        <scale>0,5</scale>
        <position>2.036550,-0.256166,3.164880</position>
        <triangledirection>-0.300451,0.599477,-0.741860</triangledirection>
        <trianglepickorigin>0,0,0</trianglepickorigin>
        <orientation>
          <row0>0.552897,0.833249,-1.49011e-7</row0>
          <row1>-0.809094,0.536870,-0.239033</row1>
          <row2>-0.199174,0.132161,0.971011</row2>
        </orientation>
        <userorientation>
          <userorientation_row0>0.903044,-0.428547,-0.0292889</userorientation_row0>
          <userorientation_row1>0.333395,0.742263,-0.581284</userorientation_row1>
          <userorientation_row2>0.270849,0.515162,0.813172</userorientation_row2>
        </userorientation>
      </transform>
      <snapped>false</snapped>
      <handles count="3">
        <weight channel="DeformAxisLeft">0.832370</weight>
        <weight channel="DeformAxisUp">0</weight>
        <weight channel="DeformAxisForward">0.896494</weight>
      </handles>
    </blockref>
    <blockref>
      <blockid>flora_parts~, FE_leaf_01</blockid>
      <transform>
        <scale>0,5</scale>
        <position>1.978691,-0.182093,2.882131</position>
        <triangledirection>-0.527345,-0.713194,-0.461800</triangledirection>
        <trianglepickorigin>0,0,0</trianglepickorigin>
        <orientation>
          <row0>-0.629532,0.776974,-5.96046e-8</row0>
          <row1>-0.673433,-0.545639,0.498764</row1>
          <row2>0.387527,0.313988,0.866737</row2>
        </orientation>
        <userorientation>
          <userorientation_row0>0.918580,0.395234,-0.00112899</userorientation_row0>
          <userorientation_row1>-0.222152,0.513948,-0.828555</userorientation_row1>
          <userorientation_row2>-0.326893,0.761344,0.559906</userorientation_row2>
        </userorientation>
      </transform>
      <snapped>false</snapped>
      <handles count="3">
        <weight channel="DeformAxisLeft">0.832370</weight>
        <weight channel="DeformAxisUp">0</weight>
        <weight channel="DeformAxisForward">0.849765</weight>
      </handles>
    </blockref>
    <blockref>
      <blockid>flora_parts~, FE_leaf_01</blockid>
      <transform>
        <scale>0,5</scale>
        <position>-0.966484,2.019979,2.992925</position>
        <triangledirection>-0.166027,-0.977082,-0.133210</triangledirection>
        <trianglepickorigin>0,0,0</trianglepickorigin>
        <orientation>
          <row0>-0.952142,0.305655,-1.49011e-8</row0>
          <row1>-0.265547,-0.827203,0.495194</row1>
          <row2>0.151359,0.471495,0.868781</row2>
        </orientation>
        <userorientation>
          <userorientation_row0>0.967743,0.237435,0.0842440</userorientation_row0>
          <userorientation_row1>-0.140569,0.786369,-0.601551</userorientation_row1>
          <userorientation_row2>-0.209076,0.570304,0.794379</userorientation_row2>
        </userorientation>
      </transform>
      <snapped>false</snapped>
      <handles count="3">
        <weight channel="DeformAxisLeft">0.832370</weight>
        <weight channel="DeformAxisUp">0</weight>
        <weight channel="DeformAxisForward">0.856006</weight>
      </handles>
    </blockref>
    <blockref>
      <blockid>flora_parts~, FE_leaf_01</blockid>
      <transform>
        <scale>0,5</scale>
        <position>0.960022,-1.832984,2.998905</position>
        <triangledirection>-0.246977,-0.323887,-0.913289</triangledirection>
        <trianglepickorigin>0,0,0</trianglepickorigin>
        <orientation>
          <row0>-0.715781,-0.698324,-1.04308e-7</row0>
          <row1>0.622338,-0.637896,-0.453633</row1>
          <row2>0.316783,-0.324702,0.891188</row2>
        </orientation>
        <userorientation>
          <userorientation_row0>0.892703,-0.390195,0.225448</userorientation_row0>
          <userorientation_row1>0.402961,0.467201,-0.786984</userorientation_row1>
          <userorientation_row2>0.201747,0.793392,0.574306</userorientation_row2>
        </userorientation>
      </transform>
      <snapped>false</snapped>
      <handles count="3">
        <weight channel="DeformAxisLeft">0.832370</weight>
        <weight channel="DeformAxisUp">0</weight>
        <weight channel="DeformAxisForward">1</weight>
      </handles>
    </blockref>
    <blockref>
      <blockid>flora_parts~, FE_leaf_01</blockid>
      <transform>
        <scale>0,5</scale>
        <position>-0.982342,1.655395,2.990773</position>
        <triangledirection>0.957816,0.0950335,-0.271214</triangledirection>
        <trianglepickorigin>0,0,0</trianglepickorigin>
        <orientation>
          <row0>0.653563,-0.756871,6.03497e-7</row0>
          <row1>0.754171,0.651230,-0.0844059</row1>
          <row2>0.0638841,0.0551651,0.996431</row2>
        </orientation>
        <userorientation>
          <userorientation_row0>0.762786,-0.394175,0.512622</userorientation_row0>
          <userorientation_row1>0.554065,0.807138,-0.203815</userorientation_row1>
          <userorientation_row2>-0.333418,0.439494,0.834072</userorientation_row2>
        </userorientation>
      </transform>
      <snapped>false</snapped>
      <handles count="3">
        <weight channel="DeformAxisLeft">0.832370</weight>
        <weight channel="DeformAxisUp">0.0905719</weight>
        <weight channel="DeformAxisForward">0.797984</weight>
      </handles>
    </blockref>
  </blocks></sporemodel>