spore0005438f6347406662003f521c30d816b417ffffffffffffffff0000000ebfdb7df006KChangfffffffffffffffe0aCressynthe0000000<?xml version="1.0" encoding="UTF-8"?><sporemodel>
  <properties>
    <modeltype>PlantSmall</modeltype>
    <skineffectseed1>18016</skineffectseed1>
    <skineffectseed2>18016</skineffectseed2>
    <skineffectseed3>18016</skineffectseed3>
    <skincolor1>0.282353,0.200000,0.168626</skincolor1>
    <skincolor2>0.694118,0.545098,0.223528</skincolor2>
    <skincolor3>0.211765,0.282353,0.203922</skincolor3>
    <zcorpscore>32</zcorpscore>
  </properties>
  <blocks count="12">
    <blockref>
      <blockid>flora_parts~, fe_root_dummy</blockid>
      <transform>
        <scale>1</scale>
        <position>0,0,0.600000</position>
        <triangledirection>0,1,0</triangledirection>
        <trianglepickorigin>0,0,0</trianglepickorigin>
        <orientation>
          <row0>1,0,0</row0>
          <row1>0,1,0</row1>
          <row2>0,0,1</row2>
        </orientation>
      </transform>
      <snapped>false</snapped>
      <childlist count="1">
        <childid>1</childid>
      </childlist>
    </blockref>
    <blockref>
      <blockid>flora_parts~, FE_muscle_branch_04</blockid>
      <transform>
        <limbtype>0</limbtype>
        <musclescale>0.425000</musclescale>
        <basemusclescale>1.849999</basemusclescale>
        <scale>1</scale>
        <position>0,0,0.600000</position>
        <triangledirection>0.00436399,0.0160359,0.999861</triangledirection>
        <trianglepickorigin>0,0,0</trianglepickorigin>
        <orientation>
          <row0>-0.0934408,0.995503,-0.0155582</row0>
          <row1>0.00436399,0.0160359,0.999861</row1>
          <row2>0.995615,0.0933600,-0.00584279</row2>
        </orientation>
      </transform>
      <snapped>true</snapped>
      <childlist count="10">
        <childid>11</childid>
        <childid>10</childid>
        <childid>9</childid>
        <childid>8</childid>
        <childid>7</childid>
        <childid>6</childid>
        <childid>5</childid>
        <childid>4</childid>
        <childid>3</childid>
        <childid>2</childid>
      </childlist>
      <handles count="1">
        <weight channel="longer">0.0941019</weight>
      </handles>
    </blockref>
    <blockref>
      <blockid>Creature_parts~, ce_grasper_null</blockid>
      <transform>
        <basemusclescale>0.75</basemusclescale>
        <scale>1</scale>
        <position>-0.00359799,-0.0132229,-0.224472</position>
        <triangledirection>0,0,-1</triangledirection>
        <trianglepickorigin>0,0,0</trianglepickorigin>
        <orientation>
          <row0>1,0,0</row0>
          <row1>0,0,-1</row1>
          <row2>0,1,0</row2>
        </orientation>
      </transform>
      <snapped>true</snapped>
    </blockref>
    <blockref>
      <blockid>flora_parts~, FE_leaf_12</blockid>
      <transform>
        <scale>1,349859</scale>
        <position>-0.226293,-0.0166989,0.796898</position>
        <triangledirection>0.733212,0.0783869,-0.675466</triangledirection>
        <trianglepickorigin>0,0,0</trianglepickorigin>
        <orientation>
          <row0>0.106303,-0.994333,-1.34110e-7</row0>
          <row1>0.733212,0.0783869,-0.675466</row1>
          <row2>0.671638,0.0718039,0.737391</row2>
        </orientation>
      </transform>
      <snapped>false</snapped>
      <handles count="3">
        <weight channel="DeformAxisForwardb">0.827576</weight>
        <weight channel="DeformAxisForward">0</weight>
        <weight channel="DeformAxisLeft">0.356499</weight>
      </handles>
    </blockref>
    <blockref>
      <blockid>flora_parts~, FE_leaf_12</blockid>
      <transform>
        <scale>1,349859</scale>
        <position>0.0496379,-0.204312,0.799050</position>
        <triangledirection>-0.171666,0.711718,-0.681165</triangledirection>
        <trianglepickorigin>0,0,0</trianglepickorigin>
        <orientation>
          <row0>0.972121,0.234476,-1.41561e-7</row0>
          <row1>-0.171666,0.711718,-0.681165</row1>
          <row2>-0.159717,0.662176,0.732129</row2>
        </orientation>
        <userorientation>
          <userorientation_row0>0.516816,0,0.856096</userorientation_row0>
          <userorientation_row1>0,1,0</userorientation_row1>
          <userorientation_row2>-0.856096,0,0.516816</userorientation_row2>
        </userorientation>
      </transform>
      <snapped>false</snapped>
      <handles count="3">
        <weight channel="DeformAxisForwardb">0.827576</weight>
        <weight channel="DeformAxisForward">0</weight>
        <weight channel="DeformAxisLeft">0.356499</weight>
      </handles>
    </blockref>
    <blockref>
      <blockid>flora_parts~, FE_leaf_12</blockid>
      <transform>
        <scale>1,349859</scale>
        <position>0.135622,0.149877,0.836738</position>
        <triangledirection>-0.438271,-0.457982,-0.773414</triangledirection>
        <trianglepickorigin>0,0,0</trianglepickorigin>
        <orientation>
          <row0>-0.722482,0.691388,-4.76837e-7</row0>
          <row1>-0.438271,-0.457982,-0.773414</row1>
          <row2>-0.534730,-0.558778,0.633901</row2>
        </orientation>
        <userorientation>
          <userorientation_row0>0.516816,0,0.856096</userorientation_row0>
          <userorientation_row1>0,1,0</userorientation_row1>
          <userorientation_row2>-0.856096,0,0.516816</userorientation_row2>
        </userorientation>
      </transform>
      <snapped>false</snapped>
      <handles count="3">
        <weight channel="DeformAxisForwardb">0.827576</weight>
        <weight channel="DeformAxisForward">0</weight>
        <weight channel="DeformAxisLeft">0.356499</weight>
      </handles>
    </blockref>
    <blockref>
      <blockid>flora_parts~, fe_cap_01a</blockid>
      <transform>
        <scale>0,860707</scale>
        <position>0.273117,-0.0867029,0.615962</position>
        <triangledirection>-0.931212,0.308917,0.193424</triangledirection>
        <trianglepickorigin>0,0,0</trianglepickorigin>
        <orientation>
          <row0>0.325871,0.945414,5.36441e-7</row0>
          <row1>-0.942826,0.324979,-0.0739319</row1>
          <row2>-0.0698964,0.0240918,0.997263</row2>
        </orientation>
        <userorientation>
          <userorientation_row0>0.999929,0.0118249,0</userorientation_row0>
          <userorientation_row1>-0.0114010,0.964064,0.265425</userorientation_row1>
          <userorientation_row2>0.00313899,-0.265406,0.964131</userorientation_row2>
        </userorientation>
      </transform>
      <snapped>false</snapped>
    </blockref>
    <blockref>
      <blockid>flora_parts~, fe_cap_01a</blockid>
      <transform>
        <scale>0,860707</scale>
        <position>-0.0994179,0.293071,0.617226</position>
        <triangledirection>0.293476,-0.937713,0.185915</triangledirection>
        <trianglepickorigin>0,0,0</trianglepickorigin>
        <orientation>
          <row0>-0.949387,-0.314108,-3.78116e-7</row0>
          <row1>0.312700,-0.945133,-0.0945539</row1>
          <row2>0.0296998,-0.0897684,0.995519</row2>
        </orientation>
        <userorientation>
          <userorientation_row0>0.999863,-0.0165749,0</userorientation_row0>
          <userorientation_row1>0.0159209,0.960456,0.277976</userorientation_row1>
          <userorientation_row2>-0.00460699,-0.277938,0.960588</userorientation_row2>
        </userorientation>
      </transform>
      <snapped>false</snapped>
    </blockref>
    <blockref>
      <blockid>flora_parts~, fe_cap_01a</blockid>
      <transform>
        <scale>0,860707</scale>
        <position>-0.188750,-0.248038,0.595825</position>
        <triangledirection>0.561707,0.768087,0.307453</triangledirection>
        <trianglepickorigin>0,0,0</trianglepickorigin>
        <orientation>
          <row0>0.819369,-0.573266,2.77534e-7</row0>
          <row1>0.572146,0.817768,-0.0624840</row1>
          <row2>0.0358197,0.0511976,0.998046</row2>
        </orientation>
        <userorientation>
          <userorientation_row0>0.999770,-0.0214149,0</userorientation_row0>
          <userorientation_row1>0.0199269,0.930284,0.366297</userorientation_row1>
          <userorientation_row2>-0.00784399,-0.366213,0.930498</userorientation_row2>
        </userorientation>
      </transform>
      <snapped>false</snapped>
    </blockref>
    <blockref>
      <blockid>flora_parts~, fe_detail_03</blockid>
      <transform>
        <scale>0,740818</scale>
        <position>0.234518,0.205709,0.635264</position>
        <triangledirection>-0.459195,-0.358944,0.812588</triangledirection>
        <trianglepickorigin>0,0,0</trianglepickorigin>
        <orientation>
          <row0>-0.644098,0.764942,-3.72529e-8</row0>
          <row1>-0.758695,-0.638838,-0.127544</row1>
          <row2>-0.0975638,-0.0821508,0.991832</row2>
        </orientation>
        <userorientation>
          <userorientation_row0>0.993638,-0.107385,0.0339079</userorientation_row0>
          <userorientation_row1>0.0211949,0.474056,0.880239</userorientation_row1>
          <userorientation_row2>-0.110599,-0.873922,0.473315</userorientation_row2>
        </userorientation>
      </transform>
      <snapped>false</snapped>
      <handles count="3">
        <weight channel="DeformAxisUp">1</weight>
        <weight channel="DeformAxisForward">1</weight>
        <weight channel="DeformAxisLeft">0.406085</weight>
      </handles>
    </blockref>
    <blockref>
      <blockid>flora_parts~, fe_detail_03</blockid>
      <transform>
        <scale>0,687288</scale>
        <position>-0.316207,0.0320179,0.607602</position>
        <triangledirection>0.466673,0.0448052,0.883293</triangledirection>
        <trianglepickorigin>0,0,0</trianglepickorigin>
        <orientation>
          <row0>-0.0831333,-0.996538,3.40864e-7</row0>
          <row1>0.987950,-0.0824169,-0.130997</row1>
          <row2>0.130544,-0.0108899,0.991382</row2>
        </orientation>
        <userorientation>
          <userorientation_row0>0.985702,0.166290,0.0271759</userorientation_row0>
          <userorientation_row1>-0.0834459,0.341647,0.936116</userorientation_row1>
          <userorientation_row2>0.146384,-0.924998,0.350639</userorientation_row2>
        </userorientation>
      </transform>
      <snapped>false</snapped>
      <handles count="3">
        <weight channel="DeformAxisUp">1</weight>
        <weight channel="DeformAxisForward">1</weight>
        <weight channel="DeformAxisLeft">0.406085</weight>
      </handles>
    </blockref>
    <blockref>
      <blockid>flora_parts~, fe_detail_03</blockid>
      <transform>
        <scale>0,637627</scale>
        <position>0.0859320,-0.270132,0.601143</position>
        <triangledirection>-0.148942,0.544896,0.825169</triangledirection>
        <trianglepickorigin>0,0,0</trianglepickorigin>
        <orientation>
          <row0>0.950911,0.309462,3.33413e-7</row0>
          <row1>-0.309283,0.950360,-0.0340550</row1>
          <row2>-0.0105390,0.0323831,0.999419</row2>
        </orientation>
        <userorientation>
          <userorientation_row0>0.928246,-0.326742,0.177762</userorientation_row0>
          <userorientation_row1>0.0269939,0.535812,0.843906</userorientation_row1>
          <userorientation_row2>-0.370985,-0.778553,0.506186</userorientation_row2>
        </userorientation>
      </transform>
      <snapped>false</snapped>
      <handles count="3">
        <weight channel="DeformAxisUp">1</weight>
        <weight channel="DeformAxisForward">1</weight>
        <weight channel="DeformAxisLeft">0.406085</weight>
      </handles>
    </blockref>
  </blocks></sporemodel>