spore0005438f634740666200f48ff54cd816b417ffffffffffffffff0000000ebfdb7dea06KChangfffffffffffffffe05Kalla0000000<?xml version="1.0" encoding="UTF-8"?><sporemodel>
  <properties>
    <modeltype>PlantLarge</modeltype>
    <skineffectseed1>18016</skineffectseed1>
    <skineffectseed2>18016</skineffectseed2>
    <skineffectseed3>18016</skineffectseed3>
    <skincolor1>0.694118,0.603922,0.411762</skincolor1>
    <skincolor2>0.317647,0.443134,0.141176</skincolor2>
    <skincolor3>0.623529,0.803922,0.368627</skincolor3>
    <zcorpscore>10</zcorpscore>
  </properties>
  <blocks count="42">
    <blockref>
      <blockid>flora_parts~, fe_root_dummy</blockid>
      <transform>
        <scale>1</scale>
        <position>-0.0120411,-0.00129111,0.600000</position>
        <triangledirection>0,1,0</triangledirection>
        <trianglepickorigin>0,0,0</trianglepickorigin>
        <orientation>
          <row0>1,0,0</row0>
          <row1>0,1,0</row1>
          <row2>0,0,1</row2>
        </orientation>
      </transform>
      <snapped>false</snapped>
      <childlist count="4">
        <childid>7</childid>
        <childid>5</childid>
        <childid>3</childid>
        <childid>1</childid>
      </childlist>
    </blockref>
    <blockref>
      <blockid>flora_parts~, FE_muscle_branch_04</blockid>
      <transform>
        <limbtype>0</limbtype>
        <musclescale>0.774997</musclescale>
        <basemusclescale>2.099997</basemusclescale>
        <scale>1</scale>
        <position>-0.0120411,-0.00129111,0.600000</position>
        <triangledirection>-0.530472,-0.0416009,0.846680</triangledirection>
        <trianglepickorigin>0,0,0</trianglepickorigin>
        <orientation>
          <row0>-0.595589,-0.692444,-0.407178</row0>
          <row1>-0.530472,-0.0416009,0.846680</row1>
          <row2>-0.603218,0.720270,-0.342545</row2>
        </orientation>
      </transform>
      <snapped>true</snapped>
      <childlist count="1">
        <childid>2</childid>
      </childlist>
      <handles count="1">
        <weight channel="longer">0.151155</weight>
      </handles>
    </blockref>
    <blockref>
      <blockid>Creature_parts~, ce_grasper_null</blockid>
      <transform>
        <basemusclescale>0.75</basemusclescale>
        <scale>1</scale>
        <position>0.615320,0.0479076,-0.401323</position>
        <triangledirection>0,0,-1</triangledirection>
        <trianglepickorigin>0,0,0</trianglepickorigin>
        <orientation>
          <row0>1,0,0</row0>
          <row1>0,0,-1</row1>
          <row2>0,1,0</row2>
        </orientation>
      </transform>
      <snapped>true</snapped>
    </blockref>
    <blockref>
      <blockid>flora_parts~, FE_muscle_branch_04</blockid>
      <transform>
        <limbtype>0</limbtype>
        <musclescale>0.550000</musclescale>
        <basemusclescale>2.099997</basemusclescale>
        <scale>1</scale>
        <position>-0.0120411,-0.00129111,0.600000</position>
        <triangledirection>0.209428,0.303171,0.929638</triangledirection>
        <trianglepickorigin>0,0,0</trianglepickorigin>
        <orientation>
          <row0>0.910658,0.285804,-0.298358</row0>
          <row1>0.209428,0.303171,0.929638</row1>
          <row2>0.356148,-0.909067,0.216229</row2>
        </orientation>
      </transform>
      <snapped>true</snapped>
      <childlist count="1">
        <childid>4</childid>
      </childlist>
      <handles count="1">
        <weight channel="longer">0.141697</weight>
      </handles>
    </blockref>
    <blockref>
      <blockid>Creature_parts~, ce_grasper_null</blockid>
      <transform>
        <basemusclescale>0.850000</basemusclescale>
        <scale>1</scale>
        <position>-0.247290,-0.341841,-0.444256</position>
        <triangledirection>0,0,-1</triangledirection>
        <trianglepickorigin>0,0,0</trianglepickorigin>
        <orientation>
          <row0>1,0,0</row0>
          <row1>0,0,-1</row1>
          <row2>0,1,0</row2>
        </orientation>
      </transform>
      <snapped>true</snapped>
    </blockref>
    <blockref>
      <blockid>flora_parts~, fe_muscle_branch_01</blockid>
      <transform>
        <limbtype>0</limbtype>
        <musclescale>0.699997</musclescale>
        <basemusclescale>2.099997</basemusclescale>
        <scale>1</scale>
        <position>-0.0120411,-0.00129111,0.600000</position>
        <triangledirection>0.312124,-0.362347,0.878227</triangledirection>
        <trianglepickorigin>0,0,0</trianglepickorigin>
        <orientation>
          <row0>-0.890178,0.211406,0.403595</row0>
          <row1>0.312124,-0.362347,0.878227</row1>
          <row2>0.331904,0.907751,0.256568</row2>
        </orientation>
      </transform>
      <snapped>true</snapped>
      <childlist count="1">
        <childid>6</childid>
      </childlist>
      <handles count="1">
        <weight channel="longer">0.141019</weight>
      </handles>
    </blockref>
    <blockref>
      <blockid>Creature_parts~, ce_grasper_null</blockid>
      <transform>
        <basemusclescale>0.850000</basemusclescale>
        <scale>1</scale>
        <position>-0.361325,0.404195,-0.382781</position>
        <triangledirection>0,1.99997e-6,-1</triangledirection>
        <trianglepickorigin>0,0,0</trianglepickorigin>
        <orientation>
          <row0>1,0,0</row0>
          <row1>0,1.99997e-6,-1</row1>
          <row2>0,1,1.99997e-6</row2>
        </orientation>
      </transform>
      <snapped>true</snapped>
    </blockref>
    <blockref>
      <blockid>flora_parts~, fe_muscle_branch_01</blockid>
      <transform>
        <limbtype>0</limbtype>
        <musclescale>1</musclescale>
        <basemusclescale>2.099997</basemusclescale>
        <scale>1</scale>
        <position>-0.0120411,-0.00129111,0.600000</position>
        <triangledirection>0,0,-1</triangledirection>
        <trianglepickorigin>0,0,0</trianglepickorigin>
        <orientation>
          <row0>0.997901,-0.0647540,0</row0>
          <row1>0,0,-1</row1>
          <row2>0.0647540,0.997901,0</row2>
        </orientation>
      </transform>
      <snapped>true</snapped>
      <childlist count="1">
        <childid>8</childid>
      </childlist>
      <handles count="1">
        <weight channel="longer">0.00555498</weight>
      </handles>
    </blockref>
    <blockref>
      <blockid>flora_parts~, fe_muscle_branch_01</blockid>
      <transform>
        <limbtype>0</limbtype>
        <musclescale>1</musclescale>
        <basemusclescale>1.649997</basemusclescale>
        <scale>1</scale>
        <position>-0.0120411,-0.00129111,0.868863</position>
        <triangledirection>0.375392,-0.0296112,-0.926392</triangledirection>
        <trianglepickorigin>0,0,0</trianglepickorigin>
        <orientation>
          <row0>0.915302,-0.145543,0.375550</row0>
          <row1>0.375392,-0.0296112,-0.926392</row1>
          <row2>0.145951,0.988908,0.0275327</row2>
        </orientation>
      </transform>
      <snapped>true</snapped>
      <childlist count="1">
        <childid>10</childid>
      </childlist>
      <handles count="1">
        <weight channel="longer">0.428735</weight>
      </handles>
    </blockref>
    <blockref>
      <blockid>flora_parts~, fe_muscle_branch_01</blockid>
      <transform>
        <limbtype>0</limbtype>
        <musclescale>0.574997</musclescale>
        <basemusclescale>1.699998</basemusclescale>
        <scale>1</scale>
        <position>-0.371313,0.0250491,6.401554</position>
        <triangledirection>-0.509426,0.563671,-0.650199</triangledirection>
        <trianglepickorigin>0,0,0</trianglepickorigin>
        <orientation>
          <row0>0.837790,0.152387,-0.524295</row0>
          <row1>-0.509426,0.563671,-0.650199</row1>
          <row2>0.196448,0.811820,0.549868</row2>
        </orientation>
      </transform>
      <snapped>true</snapped>
      <childlist count="1">
        <childid>25</childid>
      </childlist>
      <handles count="1">
        <weight channel="longer">0.321461</weight>
      </handles>
    </blockref>
    <blockref>
      <blockid>flora_parts~, fe_muscle_branch_06</blockid>
      <transform>
        <limbtype>0</limbtype>
        <musclescale>0.124999</musclescale>
        <basemusclescale>1.349997</basemusclescale>
        <scale>1</scale>
        <position>-1.109967,0.0853141,3.578325</position>
        <triangledirection>-0.253061,0.0206466,-0.967229</triangledirection>
        <trianglepickorigin>0,0,0</trianglepickorigin>
        <orientation>
          <row0>0.711461,-0.673509,-0.200520</row0>
          <row1>-0.253061,0.0206466,-0.967229</row1>
          <row2>0.655578,0.738890,-0.155749</row2>
        </orientation>
      </transform>
      <snapped>true</snapped>
      <childlist count="3">
        <childid>12</childid>
        <childid>11</childid>
        <childid>9</childid>
      </childlist>
      <handles count="1">
        <weight channel="longer">0.427800</weight>
      </handles>
    </blockref>
    <blockref>
      <blockid>flora_parts~, fe_muscle_branch_01</blockid>
      <transform>
        <limbtype>0</limbtype>
        <musclescale>1</musclescale>
        <basemusclescale>1.699998</basemusclescale>
        <scale>1</scale>
        <position>-0.371313,0.0250491,6.401554</position>
        <triangledirection>0.568755,-0.0988029,-0.816550</triangledirection>
        <trianglepickorigin>0,0,0</trianglepickorigin>
        <orientation>
          <row0>0.736643,-0.380433,0.559130</row0>
          <row1>0.568755,-0.0988029,-0.816550</row1>
          <row2>0.365887,0.919515,0.143591</row2>
        </orientation>
      </transform>
      <snapped>true</snapped>
      <childlist count="2">
        <childid>34</childid>
        <childid>13</childid>
      </childlist>
      <handles count="1">
        <weight channel="longer">0.304100</weight>
      </handles>
    </blockref>
    <blockref>
      <blockid>flora_parts~, fe_muscle_branch_01</blockid>
      <transform>
        <limbtype>0</limbtype>
        <musclescale>1</musclescale>
        <basemusclescale>1.699998</basemusclescale>
        <scale>1</scale>
        <position>-0.371313,0.0250491,6.401554</position>
        <triangledirection>-0.448726,-0.398384,-0.799959</triangledirection>
        <trianglepickorigin>0,0,0</trianglepickorigin>
        <orientation>
          <row0>0.645547,-0.763504,0.0181184</row0>
          <row1>-0.448726,-0.398384,-0.799959</row1>
          <row2>0.617990,0.508281,-0.599780</row2>
        </orientation>
      </transform>
      <snapped>true</snapped>
      <childlist count="1">
        <childid>19</childid>
      </childlist>
      <handles count="1">
        <weight channel="longer">0.465011</weight>
      </handles>
    </blockref>
    <blockref>
      <blockid>flora_parts~, FE_muscle_branch_04</blockid>
      <transform>
        <limbtype>0</limbtype>
        <musclescale>0.800000</musclescale>
        <basemusclescale>1.099997</basemusclescale>
        <scale>1</scale>
        <position>-1.589890,0.236735,8.151041</position>
        <triangledirection>0,0,-1</triangledirection>
        <trianglepickorigin>0,0,0</trianglepickorigin>
        <orientation>
          <row0>0.899218,-0.437500,0</row0>
          <row1>0,0,-1</row1>
          <row2>0.437500,0.899218,0</row2>
        </orientation>
      </transform>
      <snapped>true</snapped>
      <childlist count="6">
        <childid>37</childid>
        <childid>18</childid>
        <childid>17</childid>
        <childid>16</childid>
        <childid>15</childid>
        <childid>14</childid>
      </childlist>
      <handles count="1">
        <weight channel="longer">0.419805</weight>
      </handles>
    </blockref>
    <blockref>
      <blockid>Creature_parts~, ce_grasper_null</blockid>
      <transform>
        <basemusclescale>2</basemusclescale>
        <scale>1</scale>
        <position>-1.589890,0.236735,11.019735</position>
        <triangledirection>0.907016,-0.0650546,-0.416040</triangledirection>
        <trianglepickorigin>0,0,0</trianglepickorigin>
        <orientation>
          <row0>0.396582,-0.200207,0.895901</row0>
          <row1>0.907016,-0.0650546,-0.416040</row1>
          <row2>0.141576,0.977591,0.155792</row2>
        </orientation>
      </transform>
      <snapped>true</snapped>
    </blockref>
    <blockref>
      <blockid>flora_parts~, FE_leaf_21</blockid>
      <transform>
        <scale>5,206981</scale>
        <position>-1.151510,0.238548,10.957687</position>
        <triangledirection>-0.862389,0.0996533,-0.496339</triangledirection>
        <trianglepickorigin>0,0,0</trianglepickorigin>
        <orientation>
          <row0>-0.0932654,0.995641,0</row0>
          <row1>-0.955803,-0.0895336,-0.280042</row1>
          <row2>-0.278821,-0.0261182,0.959987</row2>
        </orientation>
        <userorientation>
          <userorientation_row0>0.981599,-0.189865,-0.0203381</userorientation_row0>
          <userorientation_row1>0.179649,0.954348,-0.238629</userorientation_row1>
          <userorientation_row2>0.0647172,0.230585,0.970897</userorientation_row2>
        </userorientation>
      </transform>
      <snapped>false</snapped>
      <handles count="4">
        <weight channel="Bend_vert">0.184005</weight>
        <weight channel="Length">0.325556</weight>
        <weight channel="tweak_sideways">0.5</weight>
        <weight channel="WidthHeight">0.333447</weight>
      </handles>
    </blockref>
    <blockref>
      <blockid>flora_parts~, FE_leaf_21</blockid>
      <transform>
        <scale>4,157860</scale>
        <position>-1.672301,0.608732,10.972566</position>
        <triangledirection>-0.0753427,-0.982464,-0.170544</triangledirection>
        <trianglepickorigin>0,0,0</trianglepickorigin>
        <orientation>
          <row0>-0.971405,-0.237427,1.95577e-8</row0>
          <row1>0.236959,-0.969490,0.0627566</row1>
          <row2>-0.0149001,0.0609621,0.998028</row2>
        </orientation>
        <userorientation>
          <userorientation_row0>0.951116,-0.306884,0.0346354</userorientation_row0>
          <userorientation_row1>0.306452,0.923933,-0.228979</userorientation_row1>
          <userorientation_row2>0.0382690,0.228400,0.972815</userorientation_row2>
        </userorientation>
      </transform>
      <snapped>false</snapped>
      <handles count="4">
        <weight channel="Bend_vert">0.177396</weight>
        <weight channel="Length">0.5</weight>
        <weight channel="tweak_sideways">0.707518</weight>
        <weight channel="WidthHeight">0.470601</weight>
      </handles>
    </blockref>
    <blockref>
      <blockid>flora_parts~, FE_leaf_21</blockid>
      <transform>
        <scale>4,830744</scale>
        <position>-1.944921,0.255641,10.882314</position>
        <triangledirection>0.970403,-0.232720,-0.0644721</triangledirection>
        <trianglepickorigin>0,0,0</trianglepickorigin>
        <orientation>
          <row0>-0.0689339,-0.997621,-5.58793e-8</row0>
          <row1>0.961310,-0.0664249,0.267338</row1>
          <row2>-0.266702,0.0184286,0.963602</row2>
        </orientation>
        <userorientation>
          <userorientation_row0>0.986190,-0.152452,0.0647077</userorientation_row0>
          <userorientation_row1>0.165272,0.931082,-0.325223</userorientation_row1>
          <userorientation_row2>-0.0106670,0.331425,0.943420</userorientation_row2>
        </userorientation>
      </transform>
      <snapped>false</snapped>
      <handles count="4">
        <weight channel="Bend_vert">0.124857</weight>
        <weight channel="Length">0.5</weight>
        <weight channel="tweak_sideways">0.5</weight>
        <weight channel="WidthHeight">0.300000</weight>
      </handles>
    </blockref>
    <blockref>
      <blockid>flora_parts~, FE_leaf_21</blockid>
      <transform>
        <scale>5,206978</scale>
        <position>-1.539373,-0.182706,10.819181</position>
        <triangledirection>0.323455,0.860624,-0.393320</triangledirection>
        <trianglepickorigin>0,0,0</trianglepickorigin>
        <orientation>
          <row0>0.996796,-0.0799831,-1.86264e-9</row0>
          <row1>0.0799196,0.996004,-0.0398469</row1>
          <row2>0.00318708,0.0397192,0.999205</row2>
        </orientation>
        <userorientation>
          <userorientation_row0>0.954179,-0.293145,-0.0600594</userorientation_row0>
          <userorientation_row1>0.253583,0.898708,-0.357794</userorientation_row1>
          <userorientation_row2>0.158862,0.326169,0.931867</userorientation_row2>
        </userorientation>
      </transform>
      <snapped>false</snapped>
      <childlist count="1">
        <childid>38</childid>
      </childlist>
      <handles count="4">
        <weight channel="Bend_vert">0.0818649</weight>
        <weight channel="Length">0.442377</weight>
        <weight channel="tweak_sideways">0.5</weight>
        <weight channel="WidthHeight">0.300000</weight>
      </handles>
    </blockref>
    <blockref>
      <blockid>flora_parts~, FE_muscle_branch_04</blockid>
      <transform>
        <limbtype>0</limbtype>
        <musclescale>0.800000</musclescale>
        <basemusclescale>1.949998</basemusclescale>
        <scale>1</scale>
        <position>1.043256,1.280920,8.923356</position>
        <triangledirection>-0.480728,-0.0181034,-0.876682</triangledirection>
        <trianglepickorigin>0,0,0</trianglepickorigin>
        <orientation>
          <row0>0.665174,-0.658972,-0.351140</row0>
          <row1>-0.480728,-0.0181034,-0.876682</row1>
          <row2>0.571352,0.751949,-0.328828</row2>
        </orientation>
      </transform>
      <snapped>true</snapped>
      <childlist count="5">
        <childid>40</childid>
        <childid>39</childid>
        <childid>32</childid>
        <childid>23</childid>
        <childid>20</childid>
      </childlist>
      <handles count="1">
        <weight channel="longer">0.745135</weight>
      </handles>
    </blockref>
    <blockref>
      <blockid>Creature_parts~, ce_grasper_null</blockid>
      <transform>
        <basemusclescale>2</basemusclescale>
        <scale>1</scale>
        <position>3.403856,1.369815,13.228279</position>
        <triangledirection>0.263594,-0.486658,-0.832875</triangledirection>
        <trianglepickorigin>0,0,0</trianglepickorigin>
        <orientation>
          <row0>0.727464,-0.466730,0.502948</row0>
          <row1>0.263594,-0.486658,-0.832875</row1>
          <row2>0.633492,0.738462,-0.230999</row2>
        </orientation>
      </transform>
      <snapped>true</snapped>
    </blockref>
    <blockref>
      <blockid>flora_parts~, FE_leaf_21</blockid>
      <transform>
        <scale>4,830745</scale>
        <position>3.396690,1.106464,13.054750</position>
        <triangledirection>-0.563995,0.799661,-0.206030</triangledirection>
        <trianglepickorigin>0,0,0</trianglepickorigin>
        <orientation>
          <row0>0.871032,0.491226,-1.63912e-7</row0>
          <row1>-0.460932,0.817315,-0.345740</row1>
          <row2>-0.169836,0.301150,0.938330</row2>
        </orientation>
        <userorientation>
          <userorientation_row0>0.963906,0.130149,-0.232260</userorientation_row0>
          <userorientation_row1>-0.0984437,0.984772,0.143281</userorientation_row1>
          <userorientation_row2>0.247372,-0.115244,0.962042</userorientation_row2>
        </userorientation>
      </transform>
      <snapped>false</snapped>
      <handles count="4">
        <weight channel="Bend_vert">0.133708</weight>
        <weight channel="Length">0.5</weight>
        <weight channel="tweak_sideways">0.5</weight>
        <weight channel="WidthHeight">0.428299</weight>
      </handles>
    </blockref>
    <blockref>
      <blockid>flora_parts~, FE_leaf_21</blockid>
      <transform>
        <scale>5,612524</scale>
        <position>3.456908,1.763990,13.210087</position>
        <triangledirection>-0.777484,-0.628309,-0.0272739</triangledirection>
        <trianglepickorigin>0,0,0</trianglepickorigin>
        <orientation>
          <row0>-0.125025,0.992153,3.46451e-7</row0>
          <row1>-0.922387,-0.116234,-0.368363</row1>
          <row2>-0.365472,-0.0460551,0.929682</row2>
        </orientation>
        <userorientation>
          <userorientation_row0>0.814782,0.377546,0.439983</userorientation_row0>
          <userorientation_row1>-0.526173,0.800218,0.287730</userorientation_row1>
          <userorientation_row2>-0.243452,-0.465945,0.850661</userorientation_row2>
        </userorientation>
      </transform>
      <snapped>false</snapped>
      <handles count="4">
        <weight channel="Bend_vert">0.103655</weight>
        <weight channel="Length">0.395566</weight>
        <weight channel="tweak_sideways">0.493615</weight>
        <weight channel="WidthHeight">0.432053</weight>
      </handles>
    </blockref>
    <blockref>
      <blockid>flora_parts~, FE_leaf_21</blockid>
      <transform>
        <scale>5,612524</scale>
        <position>3.078058,1.582494,13.186490</position>
        <triangledirection>0.384017,-0.852433,-0.354807</triangledirection>
        <trianglepickorigin>0,0,0</trianglepickorigin>
        <orientation>
          <row0>-0.619723,-0.784820,-1.78813e-7</row0>
          <row1>0.775944,-0.612715,-0.149966</row1>
          <row2>0.117696,-0.0929377,0.988691</row2>
        </orientation>
        <userorientation>
          <userorientation_row0>0.900113,-0.433825,0.0398869</userorientation_row0>
          <userorientation_row1>0.431021,0.873484,-0.226374</userorientation_row1>
          <userorientation_row2>0.0633659,0.220953,0.973223</userorientation_row2>
        </userorientation>
      </transform>
      <snapped>false</snapped>
      <childlist count="3">
        <childid>24</childid>
        <childid>22</childid>
        <childid>21</childid>
      </childlist>
      <handles count="4">
        <weight channel="Bend_vert">0.133708</weight>
        <weight channel="Length">0.5</weight>
        <weight channel="tweak_sideways">0.590451</weight>
        <weight channel="WidthHeight">0.364693</weight>
      </handles>
    </blockref>
    <blockref>
      <blockid>flora_parts~, FE_leaf_21</blockid>
      <transform>
        <scale>5,206978</scale>
        <position>2.878882,1.266188,13.297801</position>
        <triangledirection>0.496448,0.697329,-0.516980</triangledirection>
        <trianglepickorigin>0,0,0</trianglepickorigin>
        <orientation>
          <row0>0.877635,-0.479328,5.81145e-7</row0>
          <row1>0.424280,0.776844,-0.465294</row1>
          <row2>0.223028,0.408359,0.885156</row2>
        </orientation>
        <userorientation>
          <userorientation_row0>0.910899,-0.117815,-0.395451</userorientation_row0>
          <userorientation_row1>0.101451,0.992897,-0.0621257</userorientation_row1>
          <userorientation_row2>0.399963,0.0164711,0.916382</userorientation_row2>
        </userorientation>
      </transform>
      <snapped>false</snapped>
      <handles count="4">
        <weight channel="Bend_vert">0.0799399</weight>
        <weight channel="Length">0.5</weight>
        <weight channel="tweak_sideways">0.5</weight>
        <weight channel="WidthHeight">0.417003</weight>
      </handles>
    </blockref>
    <blockref>
      <blockid>flora_parts~, FE_muscle_branch_04</blockid>
      <transform>
        <limbtype>0</limbtype>
        <musclescale>0.899997</musclescale>
        <basemusclescale>1.149997</basemusclescale>
        <scale>1</scale>
        <position>0.775654,-1.244050,7.865472</position>
        <triangledirection>0.140416,0.364091,-0.920717</triangledirection>
        <trianglepickorigin>0,0,0</trianglepickorigin>
        <orientation>
          <row0>0.985532,-0.140549,0.0947216</row0>
          <row1>0.140416,0.364091,-0.920717</row1>
          <row2>0.0949186,0.920697,0.378559</row2>
        </orientation>
      </transform>
      <snapped>true</snapped>
      <childlist count="7">
        <childid>36</childid>
        <childid>33</childid>
        <childid>30</childid>
        <childid>29</childid>
        <childid>28</childid>
        <childid>27</childid>
        <childid>26</childid>
      </childlist>
      <handles count="1">
        <weight channel="longer">0.227328</weight>
      </handles>
    </blockref>
    <blockref>
      <blockid>Creature_parts~, ce_grasper_null</blockid>
      <transform>
        <basemusclescale>2</basemusclescale>
        <scale>1</scale>
        <position>0.542463,-1.848702,9.394517</position>
        <triangledirection>-0.249747,0.463303,-0.850280</triangledirection>
        <trianglepickorigin>0,0,0</trianglepickorigin>
        <orientation>
          <row0>0.967370,0.158071,-0.198008</row0>
          <row1>-0.249747,0.463303,-0.850280</row1>
          <row2>-0.0426668,0.871988,0.487663</row2>
        </orientation>
      </transform>
      <snapped>true</snapped>
    </blockref>
    <blockref>
      <blockid>flora_parts~, FE_leaf_21</blockid>
      <transform>
        <scale>3,320116</scale>
        <position>0.640263,-1.808558,9.458073</position>
        <triangledirection>-0.462227,-0.435811,-0.772278</triangledirection>
        <trianglepickorigin>0,0,0</trianglepickorigin>
        <orientation>
          <row0>0.0177430,0.939948,-0.340855</row0>
          <row1>-0.661109,-0.244720,-0.709257</row1>
          <row2>-0.750079,0.237927,0.617066</row2>
        </orientation>
        <userorientation>
          <userorientation_row0>0.903628,0.232965,0.359420</userorientation_row0>
          <userorientation_row1>-0.154605,0.959978,-0.233530</userorientation_row1>
          <userorientation_row2>-0.399441,0.155456,0.903482</userorientation_row2>
        </userorientation>
      </transform>
      <snapped>false</snapped>
      <handles count="4">
        <weight channel="Bend_vert">0.184578</weight>
        <weight channel="Length">0.5</weight>
        <weight channel="tweak_sideways">0.5</weight>
        <weight channel="WidthHeight">0.300000</weight>
      </handles>
    </blockref>
    <blockref>
      <blockid>flora_parts~, FE_leaf_21</blockid>
      <transform>
        <scale>3,080209</scale>
        <position>0.540699,-1.761260,9.402017</position>
        <triangledirection>0.631119,-0.626295,-0.457647</triangledirection>
        <trianglepickorigin>0,0,0</trianglepickorigin>
        <orientation>
          <row0>-0.974391,-0.165428,-0.152296</row0>
          <row1>0.222353,-0.809688,-0.543105</row1>
          <row2>-0.0334676,-0.563061,0.825737</row2>
        </orientation>
        <userorientation>
          <userorientation_row0>0.895366,0.443457,0.0407838</userorientation_row0>
          <userorientation_row1>-0.441651,0.895985,-0.0463759</userorientation_row1>
          <userorientation_row2>-0.0571074,0.0235111,0.998091</userorientation_row2>
        </userorientation>
      </transform>
      <snapped>false</snapped>
      <handles count="4">
        <weight channel="Bend_vert">0.133708</weight>
        <weight channel="Length">0.5</weight>
        <weight channel="tweak_sideways">0.5</weight>
        <weight channel="WidthHeight">0.300000</weight>
      </handles>
    </blockref>
    <blockref>
      <blockid>flora_parts~, FE_leaf_21</blockid>
      <transform>
        <scale>3,320116</scale>
        <position>0.490375,-1.952440,9.385567</position>
        <triangledirection>0.753360,0.580634,-0.308722</triangledirection>
        <trianglepickorigin>0,0,0</trianglepickorigin>
        <orientation>
          <row0>0.833297,-0.545664,-0.0886927</row0>
          <row1>0.539663,0.837720,-0.0835979</row1>
          <row2>0.119916,0.0217976,0.992544</row2>
        </orientation>
        <userorientation>
          <userorientation_row0>0.931311,-0.357899,-0.0675773</userorientation_row0>
          <userorientation_row1>0.338322,0.918779,-0.203424</userorientation_row1>
          <userorientation_row2>0.134893,0.166587,0.976755</userorientation_row2>
        </userorientation>
      </transform>
      <snapped>false</snapped>
      <childlist count="1">
        <childid>35</childid>
      </childlist>
      <handles count="4">
        <weight channel="Bend_vert">0.100327</weight>
        <weight channel="Length">0.5</weight>
        <weight channel="tweak_sideways">0.5</weight>
        <weight channel="WidthHeight">0.300000</weight>
      </handles>
    </blockref>
    <blockref>
      <blockid>flora_parts~, FE_leaf_21</blockid>
      <transform>
        <scale>3,320116</scale>
        <position>0.625331,-1.913698,9.406050</position>
        <triangledirection>-0.252534,0.718673,-0.647868</triangledirection>
        <trianglepickorigin>0,0,0</trianglepickorigin>
        <orientation>
          <row0>0.779059,0.624200,-0.0586557</row0>
          <row1>-0.590406,0.698957,-0.403583</row1>
          <row2>-0.210918,0.349046,0.913060</row2>
        </orientation>
        <userorientation>
          <userorientation_row0>0.952206,-0.244837,0.182633</userorientation_row0>
          <userorientation_row1>0.289858,0.912889,-0.287429</userorientation_row1>
          <userorientation_row2>-0.0963509,0.326630,0.940228</userorientation_row2>
        </userorientation>
      </transform>
      <snapped>false</snapped>
      <handles count="4">
        <weight channel="Bend_vert">0.195445</weight>
        <weight channel="Length">0.5</weight>
        <weight channel="tweak_sideways">0.5</weight>
        <weight channel="WidthHeight">0.300000</weight>
      </handles>
    </blockref>
    <blockref>
      <blockid>flora_parts~, fe_cap_01a</blockid>
      <transform>
        <scale>1</scale>
        <position>3.828628,-2.182980,8.682830</position>
        <triangledirection>0.369763,-0.594668,0.713891</triangledirection>
        <trianglepickorigin>0,0,0</trianglepickorigin>
        <orientation>
          <row0>-0.998446,-0.0557153,5.77419e-8</row0>
          <row1>0.0390813,-0.700356,0.712722</row1>
          <row2>-0.0397095,0.711615,0.701446</row2>
        </orientation>
        <userorientation>
          <userorientation_row0>0.941603,0.336724,3.03609e-7</userorientation_row0>
          <userorientation_row1>-0.336057,0.939736,0.0628979</userorientation_row1>
          <userorientation_row2>0.0211788,-0.0592248,0.998020</userorientation_row2>
        </userorientation>
      </transform>
      <snapped>false</snapped>
    </blockref>
    <blockref>
      <blockid>flora_parts~, fe_canopy_11</blockid>
      <transform>
        <scale>2,116999</scale>
        <position>1.247968,1.599840,9.238194</position>
        <triangledirection>0.0525891,-0.998164,0.0299973</triangledirection>
        <trianglepickorigin>0,0,0</trianglepickorigin>
        <orientation>
          <row0>-0.989381,0.145344,3.12866e-10</row0>
          <row1>-0.145343,-0.989381,0.000603448</row1>
          <row2>8.77080e-5,0.000597040,0.999999</row2>
        </orientation>
        <userorientation>
          <userorientation_row0>0.974476,0.192545,0.115410</userorientation_row0>
          <userorientation_row1>-0.197108,0.979939,0.0294059</userorientation_row1>
          <userorientation_row2>-0.107434,-0.0514038,0.992882</userorientation_row2>
        </userorientation>
      </transform>
      <snapped>false</snapped>
      <childlist count="1">
        <childid>41</childid>
      </childlist>
      <handles count="3">
        <weight channel="DeformAxisForward">0.497305</weight>
        <weight channel="DeformAxisLeft">1</weight>
        <weight channel="DeformAxisUp">0.497757</weight>
      </handles>
    </blockref>
    <blockref>
      <blockid>flora_parts~, fe_canopy_11</blockid>
      <transform>
        <scale>2,281880</scale>
        <position>0.911806,-1.339683,7.875481</position>
        <triangledirection>-0.984026,0.147149,-0.100186</triangledirection>
        <trianglepickorigin>0,0,0</trianglepickorigin>
        <orientation>
          <row0>0.431363,0.902178,-3.12924e-7</row0>
          <row1>-0.864382,0.413292,0.286414</row1>
          <row2>0.258396,-0.123548,0.958105</row2>
        </orientation>
        <userorientation>
          <userorientation_row0>0.942838,0.330242,0.0446784</userorientation_row0>
          <userorientation_row1>-0.291717,0.882695,-0.368439</userorientation_row1>
          <userorientation_row2>-0.161110,0.334343,0.928577</userorientation_row2>
        </userorientation>
      </transform>
      <snapped>false</snapped>
      <childlist count="1">
        <childid>31</childid>
      </childlist>
      <handles count="3">
        <weight channel="DeformAxisForward">0.497305</weight>
        <weight channel="DeformAxisLeft">1</weight>
        <weight channel="DeformAxisUp">0.555266</weight>
      </handles>
    </blockref>
    <blockref>
      <blockid>flora_parts~, fe_canopy_11</blockid>
      <transform>
        <scale>1,822117</scale>
        <position>-1.568712,0.146765,7.682900</position>
        <triangledirection>0.932444,0.337037,0.130196</triangledirection>
        <trianglepickorigin>0,0,0</trianglepickorigin>
        <orientation>
          <row0>0.362830,-0.931855,6.18398e-7</row0>
          <row1>0.882049,0.343438,0.322549</row1>
          <row2>-0.300569,-0.117030,0.946552</row2>
        </orientation>
        <userorientation>
          <userorientation_row0>0.996845,-0.00885164,0.0788756</userorientation_row0>
          <userorientation_row1>0.0242497,0.980208,-0.196470</userorientation_row1>
          <userorientation_row2>-0.0755757,0.197762,0.977331</userorientation_row2>
        </userorientation>
      </transform>
      <snapped>false</snapped>
      <handles count="3">
        <weight channel="DeformAxisForward">0.497305</weight>
        <weight channel="DeformAxisLeft">1</weight>
        <weight channel="DeformAxisUp">0.555266</weight>
      </handles>
    </blockref>
    <blockref>
      <blockid>flora_parts~, fe_cap_01a</blockid>
      <transform>
        <scale>1</scale>
        <position>0.475867,-2.237075,9.331612</position>
        <triangledirection>-0.542317,0.358285,0.759946</triangledirection>
        <trianglepickorigin>0,0,0</trianglepickorigin>
        <orientation>
          <row0>0.903214,0.429189,-1.49011e-8</row0>
          <row1>-0.276092,0.581027,0.765623</row1>
          <row2>0.328597,-0.691522,0.643288</row2>
        </orientation>
        <userorientation>
          <userorientation_row0>0.941603,0.336724,3.03609e-7</userorientation_row0>
          <userorientation_row1>-0.336057,0.939736,0.0628979</userorientation_row1>
          <userorientation_row2>0.0211788,-0.0592248,0.998020</userorientation_row2>
        </userorientation>
      </transform>
      <snapped>false</snapped>
    </blockref>
    <blockref>
      <blockid>flora_parts~, fe_cap_01a</blockid>
      <transform>
        <scale>1</scale>
        <position>0.414181,-1.471001,9.402231</position>
        <triangledirection>0.672455,-0.740123,-0.00423877</triangledirection>
        <trianglepickorigin>0,0,0</trianglepickorigin>
        <orientation>
          <row0>-0.923073,-0.384623,-6.51925e-8</row0>
          <row1>0.383645,-0.920726,-0.0712718</row1>
          <row2>0.0274127,-0.0657891,0.997456</row2>
        </orientation>
        <userorientation>
          <userorientation_row0>0.941603,0.336724,3.03609e-7</userorientation_row0>
          <userorientation_row1>-0.336057,0.939736,0.0628979</userorientation_row1>
          <userorientation_row2>0.0211788,-0.0592248,0.998019</userorientation_row2>
        </userorientation>
      </transform>
      <snapped>false</snapped>
    </blockref>
    <blockref>
      <blockid>flora_parts~, fe_cap_01a</blockid>
      <transform>
        <scale>1</scale>
        <position>-1.730280,0.0680426,10.436080</position>
        <triangledirection>0.713483,0.594830,0.370289</triangledirection>
        <trianglepickorigin>0,0,0</trianglepickorigin>
        <orientation>
          <row0>0.319103,-0.947719,-1.49011e-7</row0>
          <row1>0.894339,0.301130,0.330873</row1>
          <row2>-0.313575,-0.105583,0.943675</row2>
        </orientation>
        <userorientation>
          <userorientation_row0>0.941603,0.336724,3.03609e-7</userorientation_row0>
          <userorientation_row1>-0.336057,0.939736,0.0628979</userorientation_row1>
          <userorientation_row2>0.0211788,-0.0592248,0.998020</userorientation_row2>
        </userorientation>
      </transform>
      <snapped>false</snapped>
    </blockref>
    <blockref>
      <blockid>flora_parts~, fe_cap_01a</blockid>
      <transform>
        <scale>1</scale>
        <position>-1.172223,-0.186367,10.719235</position>
        <triangledirection>-0.763973,-0.162373,0.624479</triangledirection>
        <trianglepickorigin>0,0,0</trianglepickorigin>
        <orientation>
          <row0>0.233201,0.972428,-2.98023e-7</row0>
          <row1>-0.769375,0.184507,0.611570</row1>
          <row2>0.594708,-0.142619,0.791190</row2>
        </orientation>
        <userorientation>
          <userorientation_row0>0.941603,0.336724,3.03609e-7</userorientation_row0>
          <userorientation_row1>-0.336057,0.939736,0.0628979</userorientation_row1>
          <userorientation_row2>0.0211788,-0.0592248,0.998019</userorientation_row2>
        </userorientation>
      </transform>
      <snapped>false</snapped>
    </blockref>
    <blockref>
      <blockid>flora_parts~, fe_cap_01a</blockid>
      <transform>
        <scale>1</scale>
        <position>3.428626,1.685936,12.855821</position>
        <triangledirection>-0.239308,-0.951205,0.194776</triangledirection>
        <trianglepickorigin>0,0,0</trianglepickorigin>
        <orientation>
          <row0>-0.961349,0.275332,3.72529e-7</row0>
          <row1>-0.265398,-0.926662,0.266196</row1>
          <row2>0.0732927,0.255907,0.963918</row2>
        </orientation>
        <userorientation>
          <userorientation_row0>0.999346,0.0304951,-0.0193973</userorientation_row0>
          <userorientation_row1>-0.0318386,0.996806,-0.0732112</userorientation_row1>
          <userorientation_row2>0.0171027,0.0737808,0.997126</userorientation_row2>
        </userorientation>
      </transform>
      <snapped>false</snapped>
    </blockref>
    <blockref>
      <blockid>flora_parts~, fe_cap_01a</blockid>
      <transform>
        <scale>1</scale>
        <position>3.161132,0.898993,12.844760</position>
        <triangledirection>-0.104184,0.985955,-0.130513</triangledirection>
        <trianglepickorigin>0,0,0</trianglepickorigin>
        <orientation>
          <row0>0.971211,-0.238217,-3.20374e-7</row0>
          <row1>0.233188,0.950706,-0.204401</row1>
          <row2>0.0486922,0.198516,0.978887</row2>
        </orientation>
        <userorientation>
          <userorientation_row0>0.941603,0.336724,3.03609e-7</userorientation_row0>
          <userorientation_row1>-0.336057,0.939736,0.0628979</userorientation_row1>
          <userorientation_row2>0.0211788,-0.0592248,0.998020</userorientation_row2>
        </userorientation>
      </transform>
      <snapped>false</snapped>
    </blockref>
    <blockref>
      <blockid>flora_parts~, fe_cap_01a</blockid>
      <transform>
        <scale>1</scale>
        <position>1.287372,4.341498,9.649185</position>
        <triangledirection>0.807534,-0.0283150,0.589138</triangledirection>
        <trianglepickorigin>0,0,0</trianglepickorigin>
        <orientation>
          <row0>0.966609,-0.256254,3.35276e-7</row0>
          <row1>0.204766,0.772391,0.601233</row1>
          <row2>-0.154069,-0.581157,0.799073</row2>
        </orientation>
        <userorientation>
          <userorientation_row0>0.553031,-0.830919,-0.0610446</userorientation_row0>
          <userorientation_row1>0.787826,0.497695,0.362804</userorientation_row1>
          <userorientation_row2>-0.271079,-0.248732,0.929863</userorientation_row2>
        </userorientation>
      </transform>
      <snapped>false</snapped>
    </blockref>
  </blocks></sporemodel>