spore0005438f6347406662005304849ad816b417ffffffffffffffff0000000ebfdb7df406KChangfffffffffffffffe09Shrubbits0000000<?xml version="1.0" encoding="UTF-8"?><sporemodel>
  <properties>
    <modeltype>PlantLarge</modeltype>
    <skineffectseed1>1234</skineffectseed1>
    <skineffectseed2>1234</skineffectseed2>
    <skineffectseed3>6435736</skineffectseed3>
    <skincolor1>0.443134,0.364706,0.203922</skincolor1>
    <skincolor2>0.368627,0.443134,0.262742</skincolor2>
    <skincolor3>0.905882,0.709802,0.290193</skincolor3>
    <zcorpscore>10</zcorpscore>
  </properties>
  <blocks count="44">
    <blockref>
      <blockid>flora_parts~, fe_root_dummy</blockid>
      <transform>
        <scale>1</scale>
        <position>-0.0154120,0.00496720,0.600000</position>
        <triangledirection>0,1,0</triangledirection>
        <trianglepickorigin>0,0,0</trianglepickorigin>
        <orientation>
          <row0>1,0,0</row0>
          <row1>0,1,0</row1>
          <row2>0,0,1</row2>
        </orientation>
      </transform>
      <snapped>false</snapped>
      <childlist count="3">
        <childid>8</childid>
        <childid>3</childid>
        <childid>1</childid>
      </childlist>
    </blockref>
    <blockref>
      <blockid>flora_parts~, FE_muscle_branch_04</blockid>
      <transform>
        <limbtype>0</limbtype>
        <musclescale>0.800000</musclescale>
        <basemusclescale>3</basemusclescale>
        <scale>1</scale>
        <position>-0.0154120,0.00496720,0.600000</position>
        <triangledirection>0.00436399,0.0160369,0.999861</triangledirection>
        <trianglepickorigin>0,0,0</trianglepickorigin>
        <orientation>
          <row0>-0.0934408,0.995503,-0.0155591</row0>
          <row1>0.00436399,0.0160369,0.999861</row1>
          <row2>0.995615,0.0933600,-0.00584287</row2>
        </orientation>
      </transform>
      <snapped>true</snapped>
      <childlist count="1">
        <childid>2</childid>
      </childlist>
      <handles count="1">
        <weight channel="longer">0.0902779</weight>
      </handles>
    </blockref>
    <blockref>
      <blockid>Creature_parts~, ce_grasper_null</blockid>
      <transform>
        <basemusclescale>1.75</basemusclescale>
        <scale>1</scale>
        <position>-0.0189050,-0.00787076,-0.200474</position>
        <triangledirection>0,0,-1</triangledirection>
        <trianglepickorigin>0,0,0</trianglepickorigin>
        <orientation>
          <row0>1,0,0</row0>
          <row1>0,0,-1</row1>
          <row2>0,1,0</row2>
        </orientation>
      </transform>
      <snapped>true</snapped>
    </blockref>
    <blockref>
      <blockid>flora_parts~, fe_muscle_branch_01</blockid>
      <transform>
        <limbtype>0</limbtype>
        <musclescale>1</musclescale>
        <basemusclescale>3</basemusclescale>
        <scale>1</scale>
        <position>-0.0154120,0.00496720,0.600000</position>
        <triangledirection>0,0,-1</triangledirection>
        <trianglepickorigin>0,0,0</trianglepickorigin>
        <orientation>
          <row0>-0.788060,-0.615598,0</row0>
          <row1>0,0,-1</row1>
          <row2>0.615598,-0.788060,0</row2>
        </orientation>
      </transform>
      <snapped>true</snapped>
      <childlist count="1">
        <childid>4</childid>
      </childlist>
      <handles count="1">
        <weight channel="longer">0.00555498</weight>
      </handles>
    </blockref>
    <blockref>
      <blockid>Creature_parts~, ce_grasper_null</blockid>
      <transform>
        <basemusclescale>1</basemusclescale>
        <scale>1</scale>
        <position>-0.0154120,0.00496720,0.868863</position>
        <triangledirection>-0.156026,-0.741802,-0.652215</triangledirection>
        <trianglepickorigin>0,0,0</trianglepickorigin>
        <orientation>
          <row0>0.980054,-0.0339831,-0.195802</row0>
          <row1>-0.156026,-0.741802,-0.652215</row1>
          <row2>-0.123082,0.669756,-0.732309</row2>
        </orientation>
      </transform>
      <snapped>true</snapped>
    </blockref>
    <blockref>
      <blockid>flora_parts~, fe_muscle_branch_01</blockid>
      <transform>
        <limbtype>0</limbtype>
        <musclescale>0.824998</musclescale>
        <basemusclescale>2.249999</basemusclescale>
        <scale>1</scale>
        <position>-0.0154120,0.00496720,6.345546</position>
        <triangledirection>-0.210440,0.374843,-0.902888</triangledirection>
        <trianglepickorigin>0,0,0</trianglepickorigin>
        <orientation>
          <row0>0.969379,-0.0395556,-0.242359</row0>
          <row1>-0.210440,0.374843,-0.902888</row1>
          <row2>0.126561,0.926244,0.355041</row2>
        </orientation>
      </transform>
      <snapped>true</snapped>
      <childlist count="2">
        <childid>33</childid>
        <childid>10</childid>
      </childlist>
      <handles count="1">
        <weight channel="longer">0.498021</weight>
      </handles>
    </blockref>
    <blockref>
      <blockid>flora_parts~, fe_muscle_branch_01</blockid>
      <transform>
        <limbtype>0</limbtype>
        <musclescale>0.624997</musclescale>
        <basemusclescale>2.249999</basemusclescale>
        <scale>1</scale>
        <position>-0.0154120,0.00496720,6.345546</position>
        <triangledirection>-0.696011,-0.0268503,-0.717528</triangledirection>
        <trianglepickorigin>0,0,0</trianglepickorigin>
        <orientation>
          <row0>0.673140,0.323393,-0.665055</row0>
          <row1>-0.696011,-0.0268503,-0.717528</row1>
          <row2>-0.249900,0.945883,0.207011</row2>
        </orientation>
      </transform>
      <snapped>true</snapped>
      <childlist count="3">
        <childid>35</childid>
        <childid>14</childid>
        <childid>7</childid>
      </childlist>
      <handles count="1">
        <weight channel="longer">0.724162</weight>
      </handles>
    </blockref>
    <blockref>
      <blockid>Creature_parts~, ce_grasper_null</blockid>
      <transform>
        <basemusclescale>1.549997</basemusclescale>
        <scale>1</scale>
        <position>3.310724,0.133281,9.774503</position>
        <triangledirection>-0.883336,0.235979,-0.405007</triangledirection>
        <trianglepickorigin>0,0,0</trianglepickorigin>
        <orientation>
          <row0>0.452066,0.657279,-0.603008</row0>
          <row1>-0.883336,0.235979,-0.405007</row1>
          <row2>-0.123905,0.715749,0.687277</row2>
        </orientation>
      </transform>
      <snapped>true</snapped>
    </blockref>
    <blockref>
      <blockid>flora_parts~, fe_muscle_branch_01</blockid>
      <transform>
        <limbtype>0</limbtype>
        <musclescale>1</musclescale>
        <basemusclescale>3</basemusclescale>
        <scale>1</scale>
        <position>-0.0154120,0.00496720,0.600000</position>
        <triangledirection>0,0,-1</triangledirection>
        <trianglepickorigin>0,0,0</trianglepickorigin>
        <orientation>
          <row0>0.893169,0.449720,0</row0>
          <row1>0,0,-1</row1>
          <row2>-0.449720,0.893169,0</row2>
        </orientation>
      </transform>
      <snapped>true</snapped>
      <childlist count="1">
        <childid>9</childid>
      </childlist>
      <handles count="1">
        <weight channel="longer">0.0967067</weight>
      </handles>
    </blockref>
    <blockref>
      <blockid>flora_parts~, fe_muscle_branch_01</blockid>
      <transform>
        <limbtype>0</limbtype>
        <musclescale>1</musclescale>
        <basemusclescale>2.599997</basemusclescale>
        <scale>1</scale>
        <position>-0.0154120,0.00496720,1.440932</position>
        <triangledirection>0,0,-1</triangledirection>
        <trianglepickorigin>0,0,0</trianglepickorigin>
        <orientation>
          <row0>0.960366,0.278741,0</row0>
          <row1>0,0,-1</row1>
          <row2>-0.278741,0.960366,0</row2>
        </orientation>
      </transform>
      <snapped>true</snapped>
      <childlist count="3">
        <childid>23</childid>
        <childid>6</childid>
        <childid>5</childid>
      </childlist>
      <handles count="1">
        <weight channel="longer">0.744202</weight>
      </handles>
    </blockref>
    <blockref>
      <blockid>flora_parts~, fe_muscle_branch_01</blockid>
      <transform>
        <limbtype>0</limbtype>
        <musclescale>0.649999</musclescale>
        <basemusclescale>1.649997</basemusclescale>
        <scale>1</scale>
        <position>0.691578,-1.254351,9.378875</position>
        <triangledirection>-0.210440,0.374843,-0.902888</triangledirection>
        <trianglepickorigin>0,0,0</trianglepickorigin>
        <orientation>
          <row0>0.969379,-0.0395556,-0.242359</row0>
          <row1>-0.210440,0.374843,-0.902888</row1>
          <row2>0.126561,0.926244,0.355041</row2>
        </orientation>
      </transform>
      <snapped>true</snapped>
      <childlist count="3">
        <childid>16</childid>
        <childid>15</childid>
        <childid>11</childid>
      </childlist>
      <handles count="1">
        <weight channel="longer">0.443253</weight>
      </handles>
    </blockref>
    <blockref>
      <blockid>Creature_parts~, ce_grasper_null</blockid>
      <transform>
        <basemusclescale>2</basemusclescale>
        <scale>1</scale>
        <position>1.326238,-2.384829,12.101863</position>
        <triangledirection>-0.821104,0.535446,0.197699</triangledirection>
        <trianglepickorigin>0,0,0</trianglepickorigin>
        <orientation>
          <row0>0.339710,0.736787,-0.584586</row0>
          <row1>-0.821104,0.535446,0.197699</row1>
          <row2>0.458676,0.412846,0.786876</row2>
        </orientation>
      </transform>
      <snapped>true</snapped>
    </blockref>
    <blockref>
      <blockid>flora_parts~, FE_flatleaf_06</blockid>
      <transform>
        <scale>1,822118</scale>
        <position>5.033647,0.957400,10.832412</position>
        <triangledirection>-0.842004,-0.351457,0.409273</triangledirection>
        <trianglepickorigin>0,0,0</trianglepickorigin>
        <orientation>
          <row0>-0.808680,0.587445,-0.0307095</row0>
          <row1>-0.303705,-0.372233,0.877043</row1>
          <row2>0.503784,0.718574,0.479428</row2>
        </orientation>
        <userorientation>
          <userorientation_row0>0.812432,-0.138257,0.566422</userorientation_row0>
          <userorientation_row1>0.461881,0.745496,-0.480520</userorientation_row1>
          <userorientation_row2>-0.355830,0.652012,0.669525</userorientation_row2>
        </userorientation>
      </transform>
      <snapped>false</snapped>
      <handles count="1">
        <weight channel="Leaf_bend">0</weight>
      </handles>
    </blockref>
    <blockref>
      <blockid>flora_parts~, FE_flatleaf_06</blockid>
      <transform>
        <scale>1,690458</scale>
        <position>5.086813,-0.384713,11.082433</position>
        <triangledirection>-0.505720,0.801514,0.319091</triangledirection>
        <trianglepickorigin>0,0,0</trianglepickorigin>
        <orientation>
          <row0>0.977584,0.199046,-0.0686169</row0>
          <row1>-0.122811,0.803819,0.582058</row1>
          <row2>0.171012,-0.560584,0.810246</row2>
        </orientation>
        <userorientation>
          <userorientation_row0>0.813857,0.151070,-0.561082</userorientation_row0>
          <userorientation_row1>-0.356741,0.892111,-0.277258</userorientation_row1>
          <userorientation_row2>0.458662,0.425810,0.779943</userorientation_row2>
        </userorientation>
      </transform>
      <snapped>false</snapped>
      <handles count="1">
        <weight channel="Leaf_bend">0</weight>
      </handles>
    </blockref>
    <blockref>
      <blockid>flora_parts~, FE_leaf_24</blockid>
      <transform>
        <scale>3,857419</scale>
        <position>3.353575,0.198660,9.938387</position>
        <triangledirection>-0.564291,-0.114954,-0.817532</triangledirection>
        <trianglepickorigin>0,0,0</trianglepickorigin>
        <orientation>
          <row0>-0.395574,0.914215,-0.0879258</row0>
          <row1>-0.411043,-0.261837,-0.873203</row1>
          <row2>-0.821318,-0.309276,0.479358</row2>
        </orientation>
        <userorientation>
          <userorientation_row0>0.981535,-0.186382,-0.0429989</userorientation_row0>
          <userorientation_row1>0.190008,0.975920,0.107124</userorientation_row1>
          <userorientation_row2>0.0219973,-0.113316,0.993315</userorientation_row2>
        </userorientation>
      </transform>
      <snapped>false</snapped>
      <childlist count="5">
        <childid>43</childid>
        <childid>32</childid>
        <childid>31</childid>
        <childid>13</childid>
        <childid>12</childid>
      </childlist>
      <handles count="4">
        <weight channel="bend">0.331771</weight>
        <weight channel="flatten">0.500786</weight>
        <weight channel="Length">0</weight>
        <weight channel="width">0.718827</weight>
      </handles>
    </blockref>
    <blockref>
      <blockid>flora_parts~, FE_leaf_24</blockid>
      <transform>
        <scale>4,481687</scale>
        <position>1.247550,-2.497069,12.426615</position>
        <triangledirection>-0.124388,0.234560,-0.964110</triangledirection>
        <trianglepickorigin>0,0,0</trianglepickorigin>
        <orientation>
          <row0>0.751864,-0.659317,7.45058e-8</row0>
          <row1>0.271757,0.309903,-0.911102</row1>
          <row2>0.600705,0.685025,0.412179</row2>
        </orientation>
        <userorientation>
          <userorientation_row0>0.968629,0.230687,-0.0924127</userorientation_row0>
          <userorientation_row1>-0.248173,0.917291,-0.311426</userorientation_row1>
          <userorientation_row2>0.0129270,0.324591,0.945765</userorientation_row2>
        </userorientation>
      </transform>
      <snapped>false</snapped>
      <childlist count="7">
        <childid>38</childid>
        <childid>22</childid>
        <childid>21</childid>
        <childid>20</childid>
        <childid>19</childid>
        <childid>18</childid>
        <childid>17</childid>
      </childlist>
      <handles count="4">
        <weight channel="bend">0.331771</weight>
        <weight channel="flatten">0.517830</weight>
        <weight channel="Length">0</weight>
        <weight channel="width">0.766762</weight>
      </handles>
    </blockref>
    <blockref>
      <blockid>flora_parts~, FE_flatleaf_06</blockid>
      <transform>
        <scale>1,161830</scale>
        <position>1.236640,-2.325193,12.080701</position>
        <triangledirection>0.483054,-0.0859365,-0.871362</triangledirection>
        <trianglepickorigin>0,0,0</trianglepickorigin>
        <orientation>
          <row0>-0.517679,-0.826181,-0.222331</row0>
          <row1>0.801249,-0.377032,-0.464591</row1>
          <row2>0.300010,-0.418652,0.857160</row2>
        </orientation>
        <userorientation>
          <userorientation_row0>0.978927,-0.127141,-0.159800</userorientation_row0>
          <userorientation_row1>0.0146629,0.824275,-0.565997</userorientation_row1>
          <userorientation_row2>0.203682,0.551726,0.808770</userorientation_row2>
        </userorientation>
      </transform>
      <snapped>false</snapped>
      <handles count="1">
        <weight channel="Leaf_bend">0</weight>
      </handles>
    </blockref>
    <blockref>
      <blockid>flora_parts~, FE_flatleaf_06</blockid>
      <transform>
        <scale>2,116991</scale>
        <position>1.034360,-4.244369,14.158427</position>
        <triangledirection>0.335992,0.880892,0.333371</triangledirection>
        <trianglepickorigin>0,0,0</trianglepickorigin>
        <orientation>
          <row0>0.823984,-0.566612,9.98377e-7</row0>
          <row1>0.451001,0.655860,0.605346</row1>
          <row2>-0.342997,-0.498795,0.795962</row2>
        </orientation>
        <userorientation>
          <userorientation_row0>0.945949,0.134072,-0.295300</userorientation_row0>
          <userorientation_row1>-0.222272,0.931080,-0.289279</userorientation_row1>
          <userorientation_row2>0.236165,0.339280,0.910557</userorientation_row2>
        </userorientation>
      </transform>
      <snapped>false</snapped>
      <handles count="1">
        <weight channel="Leaf_bend">0</weight>
      </handles>
    </blockref>
    <blockref>
      <blockid>flora_parts~, FE_flatleaf_06</blockid>
      <transform>
        <scale>2,281870</scale>
        <position>2.363865,-4.035664,14.133955</position>
        <triangledirection>-0.520144,0.797834,0.304808</triangledirection>
        <trianglepickorigin>0,0,0</trianglepickorigin>
        <orientation>
          <row0>0.813995,0.580871,5.96046e-7</row0>
          <row1>-0.421297,0.590377,0.688449</row1>
          <row2>0.399900,-0.560394,0.725284</row2>
        </orientation>
        <userorientation>
          <userorientation_row0>0.998590,-0.0209075,0.0487781</userorientation_row0>
          <userorientation_row1>0.0400449,0.900004,-0.434036</userorientation_row1>
          <userorientation_row2>-0.0348259,0.435377,0.899572</userorientation_row2>
        </userorientation>
      </transform>
      <snapped>false</snapped>
      <handles count="1">
        <weight channel="Leaf_bend">0</weight>
      </handles>
    </blockref>
    <blockref>
      <blockid>flora_parts~, FE_flatleaf_06</blockid>
      <transform>
        <scale>2,281870</scale>
        <position>2.802629,-2.589276,14.297081</position>
        <triangledirection>-0.977406,-0.161895,0.135887</triangledirection>
        <trianglepickorigin>0,0,0</trianglepickorigin>
        <orientation>
          <row0>-0.203154,0.979146,-2.53319e-7</row0>
          <row1>-0.815907,-0.169285,0.552845</row1>
          <row2>0.541316,0.112313,0.833283</row2>
        </orientation>
        <userorientation>
          <userorientation_row0>0.998590,-0.0209075,0.0487781</userorientation_row0>
          <userorientation_row1>0.0400449,0.900004,-0.434036</userorientation_row1>
          <userorientation_row2>-0.0348259,0.435377,0.899572</userorientation_row2>
        </userorientation>
      </transform>
      <snapped>false</snapped>
      <handles count="1">
        <weight channel="Leaf_bend">0</weight>
      </handles>
    </blockref>
    <blockref>
      <blockid>flora_parts~, FE_flatleaf_06</blockid>
      <transform>
        <scale>2,116991</scale>
        <position>0.200692,-3.338844,14.428643</position>
        <triangledirection>0.998129,0.0438626,0.0425765</triangledirection>
        <trianglepickorigin>0,0,0</trianglepickorigin>
        <orientation>
          <row0>-0.0612202,-0.998124,3.01748e-7</row0>
          <row1>0.929177,-0.0569912,0.365213</row1>
          <row2>-0.364528,0.0223587,0.930923</row2>
        </orientation>
        <userorientation>
          <userorientation_row0>0.966035,0.0191689,-0.257696</userorientation_row0>
          <userorientation_row1>-0.104885,0.940489,-0.323230</userorientation_row1>
          <userorientation_row2>0.236165,0.339280,0.910557</userorientation_row2>
        </userorientation>
      </transform>
      <snapped>false</snapped>
      <handles count="1">
        <weight channel="Leaf_bend">0</weight>
      </handles>
    </blockref>
    <blockref>
      <blockid>flora_parts~, FE_flatleaf_06</blockid>
      <transform>
        <scale>2,116991</scale>
        <position>0.731728,-1.948148,14.761637</position>
        <triangledirection>0.631861,-0.767419,-0.108701</triangledirection>
        <trianglepickorigin>0,0,0</trianglepickorigin>
        <orientation>
          <row0>-0.834751,-0.550626,2.08616e-7</row0>
          <row1>0.537172,-0.814355,0.219705</row1>
          <row2>-0.120975,0.183399,0.975566</row2>
        </orientation>
        <userorientation>
          <userorientation_row0>0.966035,0.0191689,-0.257696</userorientation_row0>
          <userorientation_row1>-0.104885,0.940489,-0.323230</userorientation_row1>
          <userorientation_row2>0.236165,0.339280,0.910557</userorientation_row2>
        </userorientation>
      </transform>
      <snapped>false</snapped>
      <handles count="1">
        <weight channel="Leaf_bend">0</weight>
      </handles>
    </blockref>
    <blockref>
      <blockid>flora_parts~, FE_flatleaf_06</blockid>
      <transform>
        <scale>2,116991</scale>
        <position>1.869475,-1.677226,14.654355</position>
        <triangledirection>-0.253709,-0.967264,-0.00542166</triangledirection>
        <trianglepickorigin>0,0,0</trianglepickorigin>
        <orientation>
          <row0>-0.935332,0.353769,-1.28895e-6</row0>
          <row1>-0.335184,-0.886193,0.319862</row1>
          <row2>0.113156,0.299178,0.947464</row2>
        </orientation>
        <userorientation>
          <userorientation_row0>0.971583,0.166255,0.168476</userorientation_row0>
          <userorientation_row1>-0.104885,0.940489,-0.323230</userorientation_row1>
          <userorientation_row2>-0.212189,0.296373,0.931201</userorientation_row2>
        </userorientation>
      </transform>
      <snapped>false</snapped>
      <handles count="1">
        <weight channel="Leaf_bend">0</weight>
      </handles>
    </blockref>
    <blockref>
      <blockid>flora_parts~, fe_muscle_branch_01</blockid>
      <transform>
        <limbtype>0</limbtype>
        <musclescale>0.425000</musclescale>
        <basemusclescale>2.249999</basemusclescale>
        <scale>1</scale>
        <position>-0.0154120,0.00496720,6.345546</position>
        <triangledirection>0.267613,-0.376706,-0.886834</triangledirection>
        <trianglepickorigin>0,0,0</trianglepickorigin>
        <orientation>
          <row0>0.930143,0.341179,0.135757</row0>
          <row1>0.267613,-0.376706,-0.886834</row1>
          <row2>-0.251429,0.861213,-0.441694</row2>
        </orientation>
      </transform>
      <snapped>true</snapped>
      <childlist count="4">
        <childid>41</childid>
        <childid>34</childid>
        <childid>25</childid>
        <childid>24</childid>
      </childlist>
      <handles count="1">
        <weight channel="longer">0.589939</weight>
      </handles>
    </blockref>
    <blockref>
      <blockid>Creature_parts~, ce_grasper_null</blockid>
      <transform>
        <basemusclescale>2</basemusclescale>
        <scale>1</scale>
        <position>-1.068861,1.487858,9.836543</position>
        <triangledirection>-0.959612,0.202778,-0.195001</triangledirection>
        <trianglepickorigin>0,0,0</trianglepickorigin>
        <orientation>
          <row0>0.279975,0.620521,-0.732507</row0>
          <row1>-0.959612,0.202778,-0.195001</row1>
          <row2>0.0275341,0.757518,0.652232</row2>
        </orientation>
      </transform>
      <snapped>true</snapped>
    </blockref>
    <blockref>
      <blockid>flora_parts~, FE_leaf_24</blockid>
      <transform>
        <scale>3,857423</scale>
        <position>-1.040870,1.814361,10.113309</position>
        <triangledirection>0.107177,-0.670089,-0.734502</triangledirection>
        <trianglepickorigin>0,0,0</trianglepickorigin>
        <orientation>
          <row0>-0.976830,0.214014,-1.49011e-7</row0>
          <row1>-0.183724,-0.838575,-0.512871</row1>
          <row2>-0.109762,-0.500988,0.858465</row2>
        </orientation>
        <userorientation>
          <userorientation_row0>0.968629,0.230687,-0.0924126</userorientation_row0>
          <userorientation_row1>-0.248103,0.918933,-0.306602</userorientation_row1>
          <userorientation_row2>0.0141918,0.319912,0.947340</userorientation_row2>
        </userorientation>
      </transform>
      <snapped>false</snapped>
      <childlist count="5">
        <childid>30</childid>
        <childid>29</childid>
        <childid>28</childid>
        <childid>27</childid>
        <childid>26</childid>
      </childlist>
      <handles count="4">
        <weight channel="bend">0.331771</weight>
        <weight channel="flatten">0.517830</weight>
        <weight channel="Length">0.102347</weight>
        <weight channel="width">0.716841</weight>
      </handles>
    </blockref>
    <blockref>
      <blockid>flora_parts~, FE_flatleaf_06</blockid>
      <transform>
        <scale>2,116991</scale>
        <position>-2.018244,4.057864,11.354688</position>
        <triangledirection>0.547069,-0.584977,0.598760</triangledirection>
        <trianglepickorigin>0,0,0</trianglepickorigin>
        <orientation>
          <row0>-0.456947,-0.889493,1.49011e-8</row0>
          <row1>0.489971,-0.251706,0.834608</row1>
          <row2>-0.742379,0.381372,0.550843</row2>
        </orientation>
        <userorientation>
          <userorientation_row0>0.841160,-0.0732075,0.535806</userorientation_row0>
          <userorientation_row1>0.270352,0.915022,-0.299403</userorientation_row1>
          <userorientation_row2>-0.468356,0.396703,0.789471</userorientation_row2>
        </userorientation>
      </transform>
      <snapped>false</snapped>
      <handles count="1">
        <weight channel="Leaf_bend">0.223379</weight>
      </handles>
    </blockref>
    <blockref>
      <blockid>flora_parts~, FE_flatleaf_06</blockid>
      <transform>
        <scale>2,281870</scale>
        <position>-2.303318,3.252701,11.883786</position>
        <triangledirection>0.924584,0.355565,-0.136799</triangledirection>
        <trianglepickorigin>0,0,0</trianglepickorigin>
        <orientation>
          <row0>0.396378,-0.918087,2.90572e-7</row0>
          <row1>0.873759,0.377240,0.306976</row1>
          <row2>-0.281830,-0.121678,0.951717</row2>
        </orientation>
        <userorientation>
          <userorientation_row0>0.734337,0.268066,0.623607</userorientation_row0>
          <userorientation_row1>0.0400449,0.900004,-0.434036</userorientation_row1>
          <userorientation_row2>-0.677601,0.343701,0.650173</userorientation_row2>
        </userorientation>
      </transform>
      <snapped>false</snapped>
      <handles count="1">
        <weight channel="Leaf_bend">0</weight>
      </handles>
    </blockref>
    <blockref>
      <blockid>flora_parts~, FE_flatleaf_06</blockid>
      <transform>
        <scale>2,116990</scale>
        <position>-1.770421,2.761223,12.830646</position>
        <triangledirection>0.286633,0.846091,-0.449410</triangledirection>
        <trianglepickorigin>0,0,0</trianglepickorigin>
        <orientation>
          <row0>0.960557,-0.278082,-1.86264e-8</row0>
          <row1>0.278041,0.960415,-0.0171531</row1>
          <row2>0.00476999,0.0164765,0.999852</row2>
        </orientation>
        <userorientation>
          <userorientation_row0>0.963986,0.0795007,0.253788</userorientation_row0>
          <userorientation_row1>0.0400449,0.900004,-0.434036</userorientation_row1>
          <userorientation_row2>-0.262917,0.428567,0.864409</userorientation_row2>
        </userorientation>
      </transform>
      <snapped>false</snapped>
      <handles count="1">
        <weight channel="Leaf_bend">0</weight>
      </handles>
    </blockref>
    <blockref>
      <blockid>flora_parts~, FE_flatleaf_06</blockid>
      <transform>
        <scale>2,116991</scale>
        <position>-0.702039,4.207777,11.384480</position>
        <triangledirection>-0.543687,-0.603404,0.583357</triangledirection>
        <trianglepickorigin>0,0,0</trianglepickorigin>
        <orientation>
          <row0>-0.650249,0.759721,1.49011e-8</row0>
          <row1>-0.437032,-0.374058,0.817974</row1>
          <row2>0.621432,0.531887,0.575253</row2>
        </orientation>
        <userorientation>
          <userorientation_row0>0.859702,-0.0776354,-0.504860</userorientation_row0>
          <userorientation_row1>-0.104885,0.940489,-0.323230</userorientation_row1>
          <userorientation_row2>0.499910,0.330834,0.800397</userorientation_row2>
        </userorientation>
      </transform>
      <snapped>false</snapped>
      <handles count="1">
        <weight channel="Leaf_bend">0.181648</weight>
      </handles>
    </blockref>
    <blockref>
      <blockid>flora_parts~, FE_flatleaf_06</blockid>
      <transform>
        <scale>2,116991</scale>
        <position>-0.247643,3.410466,12.236928</position>
        <triangledirection>-0.947489,0.199611,-0.249833</triangledirection>
        <trianglepickorigin>0,0,0</trianglepickorigin>
        <orientation>
          <row0>0.485593,0.874184,7.63684e-8</row0>
          <row1>-0.873243,0.485070,-0.0463948</row1>
          <row2>-0.0405577,0.0225289,0.998923</row2>
        </orientation>
        <userorientation>
          <userorientation_row0>0.814094,0.123133,-0.567528</userorientation_row0>
          <userorientation_row1>-0.285596,0.935806,-0.206638</userorientation_row1>
          <userorientation_row2>0.505652,0.330307,0.797000</userorientation_row2>
        </userorientation>
      </transform>
      <snapped>false</snapped>
      <handles count="1">
        <weight channel="Leaf_bend">0</weight>
      </handles>
    </blockref>
    <blockref>
      <blockid>flora_parts~, FE_flatleaf_06</blockid>
      <transform>
        <scale>1,964034</scale>
        <position>4.163667,1.508118,11.495561</position>
        <triangledirection>0.0522161,-0.991615,-0.118195</triangledirection>
        <trianglepickorigin>0,0,0</trianglepickorigin>
        <orientation>
          <row0>-0.935286,-0.343899,0.0834969</row0>
          <row1>0.339343,-0.804567,0.487358</row1>
          <row2>-0.100423,0.484153,0.869201</row2>
        </orientation>
        <userorientation>
          <userorientation_row0>0.890890,0.0202406,0.453766</userorientation_row0>
          <userorientation_row1>0.282310,0.757936,-0.588073</userorientation_row1>
          <userorientation_row2>-0.355830,0.652013,0.669525</userorientation_row2>
        </userorientation>
      </transform>
      <snapped>false</snapped>
      <handles count="1">
        <weight channel="Leaf_bend">0</weight>
      </handles>
    </blockref>
    <blockref>
      <blockid>flora_parts~, FE_flatleaf_06</blockid>
      <transform>
        <scale>1,690458</scale>
        <position>4.181294,-0.673809,11.895912</position>
        <triangledirection>0.249274,0.951691,-0.179285</triangledirection>
        <trianglepickorigin>0,0,0</trianglepickorigin>
        <orientation>
          <row0>0.714037,-0.698458,0.0480213</row0>
          <row1>0.651726,0.688184,0.318832</row1>
          <row2>-0.255738,-0.196361,0.946593</row2>
        </orientation>
        <userorientation>
          <userorientation_row0>0.788966,0.191200,-0.583927</userorientation_row0>
          <userorientation_row1>-0.495335,0.760236,-0.420335</userorientation_row1>
          <userorientation_row2>0.363555,0.620871,0.694510</userorientation_row2>
        </userorientation>
      </transform>
      <snapped>false</snapped>
      <handles count="1">
        <weight channel="Leaf_bend">0</weight>
      </handles>
    </blockref>
    <blockref>
      <blockid>flora_parts~, fe_canopy_12</blockid>
      <transform>
        <scale>3,080218</scale>
        <position>0.689875,-1.460719,9.092383</position>
        <triangledirection>-0.211751,0.964217,0.159515</triangledirection>
        <trianglepickorigin>0,0,0</trianglepickorigin>
        <orientation>
          <row0>0.987597,0.157009,-1.19209e-7</row0>
          <row1>-0.145711,0.916528,0.372482</row1>
          <row2>0.0584834,-0.367862,0.928039</row2>
        </orientation>
        <userorientation>
          <userorientation_row0>0.988011,0.0242767,-0.152461</userorientation_row0>
          <userorientation_row1>-0.0577340,0.974004,-0.219047</userorientation_row1>
          <userorientation_row2>0.143180,0.225222,0.963729</userorientation_row2>
        </userorientation>
      </transform>
      <snapped>false</snapped>
      <childlist count="2">
        <childid>37</childid>
        <childid>36</childid>
      </childlist>
      <handles count="2">
        <weight channel="DeformAxisLeft">0.911661</weight>
        <weight channel="DeformAxisForward">0.431095</weight>
      </handles>
    </blockref>
    <blockref>
      <blockid>flora_parts~, fe_canopy_12</blockid>
      <transform>
        <scale>2,857650</scale>
        <position>-0.876648,0.654282,7.736165</position>
        <triangledirection>0.924072,0.364040,-0.116461</triangledirection>
        <trianglepickorigin>0,0,0</trianglepickorigin>
        <orientation>
          <row0>0.347179,-0.937798,-3.72529e-8</row0>
          <row1>0.933726,0.345672,0.0930909</row1>
          <row2>-0.0873005,-0.0323193,0.995657</row2>
        </orientation>
        <userorientation>
          <userorientation_row0>0.985553,0.0548863,0.160221</userorientation_row0>
          <userorientation_row1>-0.0205773,0.977828,-0.208393</userorientation_row1>
          <userorientation_row2>-0.168108,0.202085,0.964832</userorientation_row2>
        </userorientation>
      </transform>
      <snapped>false</snapped>
      <childlist count="2">
        <childid>40</childid>
        <childid>39</childid>
      </childlist>
      <handles count="2">
        <weight channel="DeformAxisLeft">0.911661</weight>
        <weight channel="DeformAxisForward">0.431095</weight>
      </handles>
    </blockref>
    <blockref>
      <blockid>flora_parts~, fe_canopy_12</blockid>
      <transform>
        <scale>2,281880</scale>
        <position>2.191063,0.308531,8.275731</position>
        <triangledirection>-0.236900,-0.971504,0.00753778</triangledirection>
        <trianglepickorigin>0,0,0</trianglepickorigin>
        <orientation>
          <row0>-0.873562,0.456803,-0.167984</row0>
          <row1>-0.484999,-0.788076,0.379091</row1>
          <row2>0.0407858,0.412632,0.909984</row2>
        </orientation>
        <userorientation>
          <userorientation_row0>0.874626,0.375737,0.306344</userorientation_row0>
          <userorientation_row1>-0.238105,0.883373,-0.403677</userorientation_row1>
          <userorientation_row2>-0.422294,0.280123,0.862087</userorientation_row2>
        </userorientation>
      </transform>
      <snapped>false</snapped>
      <childlist count="1">
        <childid>42</childid>
      </childlist>
      <handles count="2">
        <weight channel="DeformAxisLeft">0.911661</weight>
        <weight channel="DeformAxisForward">0.431095</weight>
      </handles>
    </blockref>
    <blockref>
      <blockid>flora_parts~, fe_cap_01a</blockid>
      <transform>
        <scale>1</scale>
        <position>3.411993,-4.253919,8.662569</position>
        <triangledirection>-0.373714,-0.689983,0.619887</triangledirection>
        <trianglepickorigin>0,0,0</trianglepickorigin>
        <orientation>
          <row0>-0.879306,0.476257,6.10947e-7</row0>
          <row1>-0.373714,-0.689983,0.619887</row1>
          <row2>0.295226,0.545070,0.784690</row2>
        </orientation>
      </transform>
      <snapped>false</snapped>
    </blockref>
    <blockref>
      <blockid>flora_parts~, fe_cap_01a</blockid>
      <transform>
        <scale>1</scale>
        <position>-1.039656,-4.692169,9.250432</position>
        <triangledirection>0.646418,0.0636320,0.760325</triangledirection>
        <trianglepickorigin>0,0,0</trianglepickorigin>
        <orientation>
          <row0>0.0979645,-0.995189,-1.45286e-7</row0>
          <row1>0.646418,0.0636320,0.760325</row1>
          <row2>-0.756667,-0.0744849,0.649542</row2>
        </orientation>
      </transform>
      <snapped>false</snapped>
    </blockref>
    <blockref>
      <blockid>flora_parts~, fe_cap_01a</blockid>
      <transform>
        <scale>1</scale>
        <position>0.814413,-2.343745,12.343070</position>
        <triangledirection>0.984536,0.0870432,-0.152024</triangledirection>
        <trianglepickorigin>0,0,0</trianglepickorigin>
        <orientation>
          <row0>0.0880668,-0.996114,-4.84287e-8</row0>
          <row1>0.984536,0.0870432,-0.152024</row1>
          <row2>0.151433,0.0133882,0.988376</row2>
        </orientation>
      </transform>
      <snapped>false</snapped>
    </blockref>
    <blockref>
      <blockid>flora_parts~, fe_cap_01a</blockid>
      <transform>
        <scale>1</scale>
        <position>-3.461796,-2.772764,9.177133</position>
        <triangledirection>0.0253380,0.00250810,0.999675</triangledirection>
        <trianglepickorigin>0,0,0</trianglepickorigin>
        <orientation>
          <row0>-0.992702,-0.117868,0.0254570</row0>
          <row1>0.0253380,0.00250810,0.999675</row1>
          <row2>-0.117894,0.993026,0.000496750</row2>
        </orientation>
      </transform>
      <snapped>false</snapped>
    </blockref>
    <blockref>
      <blockid>flora_parts~, fe_cap_01a</blockid>
      <transform>
        <scale>1</scale>
        <position>-3.755187,1.662444,7.750010</position>
        <triangledirection>0.284814,-0.306732,0.908182</triangledirection>
        <trianglepickorigin>0,0,0</trianglepickorigin>
        <orientation>
          <row0>-0.849637,-0.519455,0.0910113</row0>
          <row1>0.284814,-0.306732,0.908182</row1>
          <row2>-0.443844,0.797547,0.408559</row2>
        </orientation>
      </transform>
      <snapped>false</snapped>
    </blockref>
    <blockref>
      <blockid>flora_parts~, fe_cap_01a</blockid>
      <transform>
        <scale>1</scale>
        <position>-0.839079,1.726258,9.726981</position>
        <triangledirection>-0.571322,-0.820120,0.0315306</triangledirection>
        <trianglepickorigin>0,0,0</trianglepickorigin>
        <orientation>
          <row0>-0.820528,0.571606,-4.84287e-8</row0>
          <row1>-0.571322,-0.820120,0.0315306</row1>
          <row2>0.0180230,0.0258717,0.999502</row2>
        </orientation>
      </transform>
      <snapped>false</snapped>
    </blockref>
    <blockref>
      <blockid>flora_parts~, fe_cap_01a</blockid>
      <transform>
        <scale>1</scale>
        <position>4.263365,3.490678,7.538949</position>
        <triangledirection>0.240058,-0.276093,0.930668</triangledirection>
        <trianglepickorigin>0,0,0</trianglepickorigin>
        <orientation>
          <row0>-0.754636,-0.656142,8.94069e-8</row0>
          <row1>0.240058,-0.276093,0.930668</row1>
          <row2>-0.610651,0.702316,0.365862</row2>
        </orientation>
      </transform>
      <snapped>false</snapped>
    </blockref>
    <blockref>
      <blockid>flora_parts~, fe_cap_01a</blockid>
      <transform>
        <scale>1</scale>
        <position>3.704040,0.0991854,9.874065</position>
        <triangledirection>-0.769063,0.491193,0.408986</triangledirection>
        <trianglepickorigin>0,0,0</trianglepickorigin>
        <orientation>
          <row0>0.538270,0.842772,0</row0>
          <row1>-0.769063,0.491193,0.408986</row1>
          <row2>0.344682,-0.220145,0.912540</row2>
        </orientation>
      </transform>
      <snapped>false</snapped>
    </blockref>
  </blocks></sporemodel>