spore0005438f63474066620020e31de6d816b417ffffffffffffffff0000000ebfdb7e1706KChangfffffffffffffffe07Unquist0000000<?xml version="1.0" encoding="UTF-8"?><sporemodel>
  <properties>
    <modeltype>PlantSmall</modeltype>
    <skineffectseed1>70411378</skineffectseed1>
    <skineffectseed2>70411378</skineffectseed2>
    <skineffectseed3>70411378</skineffectseed3>
    <skincolor1>0.219608,0.282353,0.129412</skincolor1>
    <skincolor2>0.368627,0.443136,0.262744</skincolor2>
    <skincolor3>0.623529,0.803922,0.368627</skincolor3>
    <zcorpscore>19</zcorpscore>
  </properties>
  <blocks count="15">
    <blockref>0
      <blockid>flora_parts~, fe_root_dummy</blockid>
      <transform>
        <scale>1</scale>
        <position>0,0,0.600000</position>
        <triangledirection>0,1,0</triangledirection>
        <trianglepickorigin>0,0,0</trianglepickorigin>
        <orientation>
          <row0>1,0,0</row0>
          <row1>0,1,0</row1>
          <row2>0,0,1</row2>
        </orientation>
      </transform>
      <snapped>false</snapped>
      <childlist count="2">
        <childid>13</childid>
        <childid>1</childid>
      </childlist>
    </blockref>
    <blockref>1
      <blockid>flora_parts~, FE_muscle_branch_04</blockid>
      <transform>
        <limbtype>0</limbtype>
        <musclescale>0.850000</musclescale>
        <basemusclescale>2.099999</basemusclescale>
        <scale>1</scale>
        <position>0,0,0.600000</position>
        <triangledirection>0.00436399,0.0160359,0.999861</triangledirection>
        <trianglepickorigin>0,0,0</trianglepickorigin>
        <orientation>
          <row0>-0.0934408,0.995503,-0.0155582</row0>
          <row1>0.00436399,0.0160359,0.999861</row1>
          <row2>0.995615,0.0933600,-0.00584279</row2>
        </orientation>
      </transform>
      <snapped>true</snapped>
      <childlist count="11">
        <childid>14</childid>
        <childid>11</childid>
        <childid>10</childid>
        <childid>9</childid>
        <childid>8</childid>
        <childid>7</childid>
        <childid>6</childid>
        <childid>5</childid>
        <childid>4</childid>
        <childid>3</childid>
        <childid>2</childid>
      </childlist>
      <handles count="1">
        <weight channel="longer">0.0753070</weight>
      </handles>
    </blockref>
    <blockref>2
      <blockid>Creature_parts~, ce_grasper_null</blockid>
      <transform>
        <basemusclescale>0.600000</basemusclescale>
        <scale>1</scale>
        <position>-0.00308399,-0.0113309,-0.106525</position>
        <triangledirection>0,0,-1</triangledirection>
        <trianglepickorigin>0,0,0</trianglepickorigin>
        <orientation>
          <row0>1,0,0</row0>
          <row1>0,0,-1</row1>
          <row2>0,1,0</row2>
        </orientation>
      </transform>
      <snapped>true</snapped>
    </blockref>
    <blockref>3
      <blockid>flora_parts~, FE_leaf_25</blockid>
      <transform>
        <scale>1,349859</scale>
        <position>-0.284024,0.0550849,0.844092</position>
        <triangledirection>0.460483,0.00192676,-0.887666</triangledirection>
        <trianglepickorigin>0,0,0</trianglepickorigin>
        <orientation>
          <row0>-0.163751,-0.986501,6.40749e-7</row0>
          <row1>0.747306,-0.124047,-0.652798</row1>
          <row2>0.643986,-0.106895,0.757531</row2>
        </orientation>
        <userorientation>
          <userorientation_row0>-0.995190,-0.0486960,0.0850080</userorientation_row0>
          <userorientation_row1>-0.0773059,0.923350,-0.376096</userorientation_row1>
          <userorientation_row2>-0.0601779,-0.380858,-0.922672</userorientation_row2>
        </userorientation>
      </transform>
      <snapped>false</snapped>
      <handles count="3">
        <weight channel="DeformAxisForward">0.692488</weight>
        <weight channel="DeformAxisLeft">0.468563</weight>
        <weight channel="DeformAxisUp">0.801887</weight>
      </handles>
    </blockref>
    <blockref>4
      <blockid>flora_parts~, FE_leaf_25</blockid>
      <transform>
        <scale>1,506240</scale>
        <position>0.0726279,-0.323821,0.760702</position>
        <triangledirection>-0.186009,0.908365,-0.374528</triangledirection>
        <trianglepickorigin>0,0,0</trianglepickorigin>
        <orientation>
          <row0>0.976184,0.216942,1.49011e-7</row0>
          <row1>-0.195202,0.878359,-0.436327</row1>
          <row2>-0.0946579,0.425935,0.899788</row2>
        </orientation>
        <userorientation>
          <userorientation_row0>0.999880,-0.0155189,0</userorientation_row0>
          <userorientation_row1>0.0154829,0.997597,0.0675159</userorientation_row1>
          <userorientation_row2>-0.00104799,-0.0675080,0.997717</userorientation_row2>
        </userorientation>
      </transform>
      <snapped>false</snapped>
      <handles count="3">
        <weight channel="DeformAxisForward">0.704182</weight>
        <weight channel="DeformAxisLeft">0.529473</weight>
        <weight channel="DeformAxisUp">0.673889</weight>
      </handles>
    </blockref>
    <blockref>5
      <blockid>flora_parts~, FE_leaf_25</blockid>
      <transform>
        <scale>1,690459</scale>
        <position>0.129200,0.258906,0.838996</position>
        <triangledirection>-0.573576,-0.611142,-0.545449</triangledirection>
        <trianglepickorigin>0,0,0</trianglepickorigin>
        <orientation>
          <row0>-0.887802,0.460225,1.63912e-7</row0>
          <row1>-0.349136,-0.673504,-0.651532</row1>
          <row2>-0.299852,-0.578432,0.758620</row2>
        </orientation>
        <userorientation>
          <userorientation_row0>0.973339,-0.229372,-0.000201999</userorientation_row0>
          <userorientation_row1>0.227958,0.967242,0.111703</userorientation_row1>
          <userorientation_row2>-0.0254259,-0.108770,0.993742</userorientation_row2>
        </userorientation>
      </transform>
      <snapped>false</snapped>
      <handles count="3">
        <weight channel="DeformAxisForward">0.710295</weight>
        <weight channel="DeformAxisLeft">0.488252</weight>
        <weight channel="DeformAxisUp">0.740289</weight>
      </handles>
    </blockref>
    <blockref>6
      <blockid>flora_parts~, FE_flatleaf_04</blockid>
      <transform>
        <scale>0,927744</scale>
        <position>0.278535,-0.0505849,0.845220</position>
        <triangledirection>-0.770406,0.184689,-0.610215</triangledirection>
        <trianglepickorigin>0,0,0</trianglepickorigin>
        <orientation>
          <row0>0.206702,0.978403,-2.08616e-7</row0>
          <row1>-0.737807,0.155873,-0.656768</row1>
          <row2>-0.642584,0.135756,0.754092</row2>
        </orientation>
        <userorientation>
          <userorientation_row0>0.998311,-0.0246259,0.0526289</userorientation_row0>
          <userorientation_row1>0.0214559,0.997969,0.0599649</userorientation_row1>
          <userorientation_row2>-0.0539979,-0.0587339,0.996812</userorientation_row2>
        </userorientation>
      </transform>
      <snapped>false</snapped>
      <handles count="1">
        <weight channel="Leaf_bend">0</weight>
      </handles>
    </blockref>
    <blockref>7
      <blockid>flora_parts~, FE_flatleaf_04</blockid>
      <transform>
        <scale>0,860707</scale>
        <position>-0.236917,-0.188850,0.807827</position>
        <triangledirection>0.661056,0.514523,-0.546142</triangledirection>
        <trianglepickorigin>0,0,0</trianglepickorigin>
        <orientation>
          <row0>0.640387,-0.768051,-1.63912e-7</row0>
          <row1>0.632461,0.527334,-0.567372</row1>
          <row2>0.435771,0.363338,0.823461</row2>
        </orientation>
        <userorientation>
          <userorientation_row0>0.989598,-0.0242909,-0.141792</userorientation_row0>
          <userorientation_row1>0.0281520,0.999283,0.0252879</userorientation_row1>
          <userorientation_row2>0.141077,-0.0290159,0.989573</userorientation_row2>
        </userorientation>
      </transform>
      <snapped>false</snapped>
      <handles count="1">
        <weight channel="Leaf_bend">0</weight>
      </handles>
    </blockref>
    <blockref>8
      <blockid>flora_parts~, FE_flatleaf_04</blockid>
      <transform>
        <scale>0,860707</scale>
        <position>-0.0259839,0.312197,0.831297</position>
        <triangledirection>0.223754,-0.773524,-0.592955</triangledirection>
        <trianglepickorigin>0,0,0</trianglepickorigin>
        <orientation>
          <row0>-0.996594,-0.0824626,3.65078e-7</row0>
          <row1>0.0653489,-0.789771,-0.609909</row1>
          <row2>0.0502950,-0.607832,0.792470</row2>
        </orientation>
        <userorientation>
          <userorientation_row0>0.977302,0.155937,0.143405</userorientation_row0>
          <userorientation_row1>-0.159206,0.987178,0.0115269</userorientation_row1>
          <userorientation_row2>-0.139769,-0.0340959,0.989597</userorientation_row2>
        </userorientation>
      </transform>
      <snapped>false</snapped>
      <handles count="1">
        <weight channel="Leaf_bend">0</weight>
      </handles>
    </blockref>
    <blockref>9
      <blockid>flora_parts~, fe_cap_01a</blockid>
      <transform>
        <scale>1</scale>
        <position>0.105118,0.346170,0.732782</position>
        <triangledirection>-0.803897,-0.451230,0.387477</triangledirection>
        <trianglepickorigin>0,0,0</trianglepickorigin>
        <orientation>
          <row0>-0.954218,0.299111,9.68575e-8</row0>
          <row1>-0.279181,-0.890640,-0.358910</row1>
          <row2>-0.107354,-0.342479,0.933371</row2>
        </orientation>
        <userorientation>
          <userorientation_row0>0.536232,-0.836365,0.113777</userorientation_row0>
          <userorientation_row1>0.632126,0.487248,0.602499</userorientation_row1>
          <userorientation_row2>-0.559347,-0.251158,0.789967</userorientation_row2>
        </userorientation>
      </transform>
      <snapped>false</snapped>
    </blockref>
    <blockref>10
      <blockid>flora_parts~, fe_cap_01a</blockid>
      <transform>
        <scale>1</scale>
        <position>0.165111,-0.331317,0.659271</position>
        <triangledirection>-0.0760203,0.949305,0.305025</triangledirection>
        <trianglepickorigin>0,0,0</trianglepickorigin>
        <orientation>
          <row0>0.897735,0.440535,-4.47034e-8</row0>
          <row1>-0.434181,0.884786,-0.169228</row1>
          <row2>-0.0745509,0.151921,0.985576</row2>
        </orientation>
        <userorientation>
          <userorientation_row0>0.919969,-0.391990,0</userorientation_row0>
          <userorientation_row1>0.349957,0.821321,0.450513</userorientation_row1>
          <userorientation_row2>-0.176596,-0.414459,0.892768</userorientation_row2>
        </userorientation>
      </transform>
      <snapped>false</snapped>
    </blockref>
    <blockref>11
      <blockid>flora_parts~, fe_cap_01a</blockid>
      <transform>
        <scale>1</scale>
        <position>-0.369535,0.0444899,0.650836</position>
        <triangledirection>0.969835,-0.102989,0.220937</triangledirection>
        <trianglepickorigin>0,0,0</trianglepickorigin>
        <orientation>
          <row0>-0.0989124,-0.995096,1.11758e-7</row0>
          <row1>0.984084,-0.0978179,-0.148354</row1>
          <row2>0.147627,-0.0146740,0.988934</row2>
        </orientation>
        <userorientation>
          <userorientation_row0>0.980111,0.0660490,-0.187135</userorientation_row0>
          <userorientation_row1>0.00655599,0.931696,0.363177</userorientation_row1>
          <userorientation_row2>0.198340,-0.357181,0.912732</userorientation_row2>
        </userorientation>
      </transform>
      <snapped>false</snapped>
    </blockref>
    <blockref>12
      <blockid>Creature_parts~, ce_grasper_null</blockid>
      <transform>
        <basemusclescale>1</basemusclescale>
        <scale>1</scale>
        <position>-1.251472,0.788475,2.810250</position>
        <triangledirection>0,0,-1</triangledirection>
        <trianglepickorigin>0,0,0</trianglepickorigin>
        <orientation>
          <row0>1,0,0</row0>
          <row1>0,0,-1</row1>
          <row2>0,1,0</row2>
        </orientation>
      </transform>
      <snapped>false</snapped>
    </blockref>
    <blockref>13
      <blockid>Creature_parts~, ce_grasper_null</blockid>
      <transform>
        <basemusclescale>2.099999</basemusclescale>
        <scale>1</scale>
        <position>0,0,0.600000</position>
        <triangledirection>0.470562,-0.296472,-0.831069</triangledirection>
        <trianglepickorigin>0,0,0</trianglepickorigin>
        <orientation>
          <row0>0.876264,0.0464314,0.479588</row0>
          <row1>0.470562,-0.296472,-0.831069</row1>
          <row2>0.103596,0.953912,-0.281636</row2>
        </orientation>
      </transform>
      <snapped>true</snapped>
    </blockref>
    <blockref>14
      <blockid>flora_parts~, FE_leaf_08</blockid>
      <transform>
        <scale>0,687288</scale>
        <position>0.0871099,0.0374489,0.958765</position>
        <triangledirection>-0.234728,-0.0780099,-0.968925</triangledirection>
        <trianglepickorigin>0,0,0</trianglepickorigin>
        <orientation>
          <row0>-0.315378,0.948966,-3.87430e-7</row0>
          <row1>-0.234728,-0.0780099,-0.968925</row1>
          <row2>-0.919477,-0.305578,0.247352</row2>
        </orientation>
        <userorientation>
          <userorientation_row0>0.994665,0,0.103160</userorientation_row0>
          <userorientation_row1>0,1,0</userorientation_row1>
          <userorientation_row2>-0.103160,0,0.994665</userorientation_row2>
        </userorientation>
      </transform>
      <snapped>false</snapped>
      <handles count="4">
        <weight channel="DeformAxisLeft">1</weight>
        <weight channel="DeformAxisRight">1</weight>
        <weight channel="DeformAxisForward">0.240056</weight>
        <weight channel="DeformAxisUp">0.596705</weight>
      </handles>
    </blockref>
  </blocks></sporemodel>