spore0005438f634740666200380aa723d816b417ffffffffffffffff0000000ebfdb7e3c06KChangfffffffffffffffe03Ohm0000000<?xml version="1.0" encoding="UTF-8"?><sporemodel>
  <properties>
    <modeltype>PlantSmall</modeltype>
    <skineffectseed1>98326</skineffectseed1>
    <skineffectseed2>2201038870</skineffectseed2>
    <skineffectseed3>2201038870</skineffectseed3>
    <skincolor1>0.282353,0.145098,0.0901959</skincolor1>
    <skincolor2>0.294117,0.443136,0.0823529</skincolor2>
    <skincolor3>0.443136,0.180392,0.0823529</skincolor3>
    <zcorpscore>32</zcorpscore>
  </properties>
  <blocks count="10">
    <blockref>
      <blockid>flora_parts~, fe_root_dummy</blockid>
      <transform>
        <scale>1</scale>
        <position>0,0,0.600000</position>
        <triangledirection>0,1,0</triangledirection>
        <trianglepickorigin>0,0,0</trianglepickorigin>
        <orientation>
          <row0>1,0,0</row0>
          <row1>0,1,0</row1>
          <row2>0,0,1</row2>
        </orientation>
      </transform>
      <snapped>false</snapped>
      <childlist count="1">
        <childid>1</childid>
      </childlist>
    </blockref>
    <blockref>
      <blockid>flora_parts~, FE_muscle_branch_04</blockid>
      <transform>
        <limbtype>0</limbtype>
        <musclescale>0.75</musclescale>
        <basemusclescale>2.25</basemusclescale>
        <scale>1</scale>
        <position>0,0,0.600000</position>
        <triangledirection>0.00436399,0.0160359,0.999861</triangledirection>
        <trianglepickorigin>0,0,0</trianglepickorigin>
        <orientation>
          <row0>-0.0934408,0.995503,-0.0155582</row0>
          <row1>0.00436399,0.0160359,0.999861</row1>
          <row2>0.995615,0.0933600,-0.00584279</row2>
        </orientation>
      </transform>
      <snapped>true</snapped>
      <childlist count="8">
        <childid>9</childid>
        <childid>8</childid>
        <childid>7</childid>
        <childid>6</childid>
        <childid>5</childid>
        <childid>4</childid>
        <childid>3</childid>
        <childid>2</childid>
      </childlist>
      <handles count="1">
        <weight channel="longer">0.0601279</weight>
      </handles>
    </blockref>
    <blockref>
      <blockid>Creature_parts~, ce_grasper_null</blockid>
      <transform>
        <basemusclescale>1.299999</basemusclescale>
        <scale>1</scale>
        <position>-0.00266799,-0.00980399,-0.0112759</position>
        <triangledirection>0,0,-1</triangledirection>
        <trianglepickorigin>0,0,0</trianglepickorigin>
        <orientation>
          <row0>1,0,0</row0>
          <row1>0,0,-1</row1>
          <row2>0,1,0</row2>
        </orientation>
      </transform>
      <snapped>true</snapped>
    </blockref>
    <blockref>
      <blockid>flora_parts~, FE_leaf_16</blockid>
      <transform>
        <scale>0,727496</scale>
        <position>-0.0303219,-0.0722640,0.893169</position>
        <triangledirection>-0.265385,0.493988,-0.827976</triangledirection>
        <trianglepickorigin>0,0,0</trianglepickorigin>
        <orientation>
          <row0>0.936242,-0.351354,6.70552e-8</row0>
          <row1>0.0964320,0.256959,-0.961599</row1>
          <row2>0.337862,0.900290,0.274457</row2>
        </orientation>
        <userorientation>
          <userorientation_row0>0.899535,0.432112,-0.0641580</userorientation_row0>
          <userorientation_row1>-0.422030,0.897525,0.127825</userorientation_row1>
          <userorientation_row2>0.112818,-0.0879059,0.989719</userorientation_row2>
        </userorientation>
      </transform>
      <snapped>false</snapped>
      <handles count="3">
        <weight channel="DeformAxisLeft">0.249892</weight>
        <weight channel="DeformAxisForward">1</weight>
        <weight channel="DeformAxisUp">0.323848</weight>
      </handles>
    </blockref>
    <blockref>
      <blockid>flora_parts~, FE_leaf_22</blockid>
      <transform>
        <scale>1,077880</scale>
        <position>0.174890,0.0161819,0.863967</position>
        <triangledirection>-0.403063,0.185315,-0.896210</triangledirection>
        <trianglepickorigin>0,0,0</trianglepickorigin>
        <orientation>
          <row0>-0.0519808,0.998648,8.96677e-6</row0>
          <row1>-0.549354,-0.0285871,-0.835099</row1>
          <row2>-0.833970,-0.0434141,0.550098</row2>
        </orientation>
        <userorientation>
          <userorientation_row0>0.858867,-0.0974709,0.502829</userorientation_row0>
          <userorientation_row1>0.206009,0.964552,-0.164905</userorientation_row1>
          <userorientation_row2>-0.468933,0.245216,0.848508</userorientation_row2>
        </userorientation>
      </transform>
      <snapped>false</snapped>
      <handles count="4">
        <weight channel="DeformAxisLeft">1</weight>
        <weight channel="DeformAxisForward">0.359791</weight>
        <weight channel="DeformAxisRight">0</weight>
        <weight channel="DeformAxisUp">0</weight>
      </handles>
    </blockref>
    <blockref>
      <blockid>flora_parts~, FE_leaf_22</blockid>
      <transform>
        <scale>1,161830</scale>
        <position>0.130531,-0.288859,0.817906</position>
        <triangledirection>0.460392,0.318067,-0.828777</triangledirection>
        <trianglepickorigin>0,0,0</trianglepickorigin>
        <orientation>
          <row0>0.913896,0.405948,-4.47034e-8</row0>
          <row1>-0.335142,0.754492,-0.564288</row1>
          <row2>-0.229071,0.515700,0.825577</row2>
        </orientation>
        <userorientation>
          <userorientation_row0>0.730477,-0.681824,0.0389660</userorientation_row0>
          <userorientation_row1>0.549870,0.553352,-0.625656</userorientation_row1>
          <userorientation_row2>0.405025,0.478453,0.779125</userorientation_row2>
        </userorientation>
      </transform>
      <snapped>false</snapped>
      <handles count="4">
        <weight channel="DeformAxisLeft">1</weight>
        <weight channel="DeformAxisForward">0.309262</weight>
        <weight channel="DeformAxisRight">0</weight>
        <weight channel="DeformAxisUp">0.0203949</weight>
      </handles>
    </blockref>
    <blockref>
      <blockid>flora_parts~, FE_leaf_22</blockid>
      <transform>
        <scale>1,161830</scale>
        <position>-0.134006,-0.0347249,0.874226</position>
        <triangledirection>0.224641,-0.326597,-0.918080</triangledirection>
        <trianglepickorigin>0,0,0</trianglepickorigin>
        <orientation>
          <row0>0.297090,-0.954849,3.50177e-7</row0>
          <row1>0.429419,0.133608,-0.893166</row1>
          <row2>0.852839,0.265351,0.449725</row2>
        </orientation>
        <userorientation>
          <userorientation_row0>0.671282,-0.488007,-0.557877</userorientation_row0>
          <userorientation_row1>0.378589,0.872828,-0.307963</userorientation_row1>
          <userorientation_row2>0.637218,-0.00447599,0.770669</userorientation_row2>
        </userorientation>
      </transform>
      <snapped>false</snapped>
      <handles count="4">
        <weight channel="DeformAxisLeft">1</weight>
        <weight channel="DeformAxisForward">0.188414</weight>
        <weight channel="DeformAxisRight">0</weight>
        <weight channel="DeformAxisUp">0</weight>
      </handles>
    </blockref>
    <blockref>
      <blockid>flora_parts~, fe_cap_02a</blockid>
      <transform>
        <scale>1</scale>
        <position>0.313915,-0.204405,0.733455</position>
        <triangledirection>-0.443355,0.635691,0.631927</triangledirection>
        <trianglepickorigin>0,0,0</trianglepickorigin>
        <orientation>
          <row0>0.560502,0.828153,1.49011e-7</row0>
          <row1>-0.778990,0.527228,-0.339415</row1>
          <row2>-0.281088,0.190243,0.940636</row2>
        </orientation>
        <userorientation>
          <userorientation_row0>-0.883644,0.466971,0.0333120</userorientation_row0>
          <userorientation_row1>0.277947,0.466039,0.839971</userorientation_row1>
          <userorientation_row2>0.376718,0.751496,-0.541606</userorientation_row2>
        </userorientation>
      </transform>
      <snapped>false</snapped>
    </blockref>
    <blockref>
      <blockid>flora_parts~, fe_cap_02a</blockid>
      <transform>
        <scale>1,077880</scale>
        <position>-0.346696,-0.168236,0.732691</position>
        <triangledirection>0.844314,0.264755,0.465872</triangledirection>
        <trianglepickorigin>0,0,0</trianglepickorigin>
        <orientation>
          <row0>0.454074,-0.890963,-2.98023e-8</row0>
          <row1>0.837831,0.426996,-0.340166</row1>
          <row2>0.303076,0.154461,0.940365</row2>
        </orientation>
        <userorientation>
          <userorientation_row0>-0.911789,0.378913,-0.158319</userorientation_row0>
          <userorientation_row1>0.147494,0.661967,0.734876</userorientation_row1>
          <userorientation_row2>0.383257,0.646702,-0.659463</userorientation_row2>
        </userorientation>
      </transform>
      <snapped>false</snapped>
    </blockref>
    <blockref>
      <blockid>flora_parts~, fe_cap_02a</blockid>
      <transform>
        <scale>1,077880</scale>
        <position>0.0723759,0.367852,0.759356</position>
        <triangledirection>-0.222270,-0.630917,0.743329</triangledirection>
        <trianglepickorigin>0,0,0</trianglepickorigin>
        <orientation>
          <row0>-0.979620,0.200858,2.53319e-7</row0>
          <row1>-0.183658,-0.895731,-0.404889</row1>
          <row2>-0.0813251,-0.396637,0.914365</row2>
        </orientation>
        <userorientation>
          <userorientation_row0>-0.926853,0.374112,-0.0313719</userorientation_row0>
          <userorientation_row1>0.0910159,0.304987,0.947996</userorientation_row1>
          <userorientation_row2>0.364225,0.875797,-0.316729</userorientation_row2>
        </userorientation>
      </transform>
      <snapped>false</snapped>
    </blockref>
  </blocks></sporemodel>