spore0005438f6347406662001044d695d816b417ffffffffffffffff0000000ebfdb7e3206KChangfffffffffffffffe09Dillespie0000000<?xml version="1.0" encoding="UTF-8"?><sporemodel>
  <properties>
    <modeltype>PlantSmall</modeltype>
    <skineffectseed1>2124035</skineffectseed1>
    <skineffectseed2>1234</skineffectseed2>
    <skineffectseed3>480050</skineffectseed3>
    <skincolor1>0.443136,0.403921,0.321568</skincolor1>
    <skincolor2>0.168626,0.282353,0.282353</skincolor2>
    <skincolor3>0.862744,1,1</skincolor3>
    <zcorpscore>34</zcorpscore>
  </properties>
  <blocks count="15">
    <blockref>
      <blockid>flora_parts~, fe_root_dummy</blockid>
      <transform>
        <scale>1</scale>
        <position>0,0,0.600000</position>
        <triangledirection>0,1,0</triangledirection>
        <trianglepickorigin>0,0,0</trianglepickorigin>
        <orientation>
          <row0>1,0,0</row0>
          <row1>0,1,0</row1>
          <row2>0,0,1</row2>
        </orientation>
      </transform>
      <snapped>false</snapped>
      <childlist count="3">
        <childid>9</childid>
        <childid>3</childid>
        <childid>1</childid>
      </childlist>
    </blockref>
    <blockref>
      <blockid>flora_parts~, FE_muscle_branch_04</blockid>
      <transform>
        <limbtype>0</limbtype>
        <musclescale>0.5</musclescale>
        <basemusclescale>1.349999</basemusclescale>
        <scale>1</scale>
        <position>0,0,0.600000</position>
        <triangledirection>0.617445,0.328300,0.714829</triangledirection>
        <trianglepickorigin>0,0,0</trianglepickorigin>
        <orientation>
          <row0>0.719921,-0.602037,-0.345345</row0>
          <row1>0.617445,0.328300,0.714829</row1>
          <row2>-0.316976,-0.727853,0.608075</row2>
        </orientation>
      </transform>
      <snapped>true</snapped>
      <childlist count="2">
        <childid>5</childid>
        <childid>2</childid>
      </childlist>
      <handles count="1">
        <weight channel="longer">0.256971</weight>
      </handles>
    </blockref>
    <blockref>
      <blockid>Creature_parts~, ce_grasper_null</blockid>
      <transform>
        <basemusclescale>0.600000</basemusclescale>
        <scale>1</scale>
        <position>-1.140267,-0.606287,-0.720111</position>
        <triangledirection>0,0,-1</triangledirection>
        <trianglepickorigin>0,0,0</trianglepickorigin>
        <orientation>
          <row0>1,0,0</row0>
          <row1>0,0,-1</row1>
          <row2>0,1,0</row2>
        </orientation>
      </transform>
      <snapped>true</snapped>
    </blockref>
    <blockref>
      <blockid>flora_parts~, FE_muscle_branch_04</blockid>
      <transform>
        <limbtype>0</limbtype>
        <musclescale>0.5</musclescale>
        <basemusclescale>1.349999</basemusclescale>
        <scale>1</scale>
        <position>0,0,0.600000</position>
        <triangledirection>0.133902,-0.559206,0.818142</triangledirection>
        <trianglepickorigin>0,0,0</trianglepickorigin>
        <orientation>
          <row0>0.923544,-0.228953,-0.307645</row0>
          <row1>0.133902,-0.559206,0.818142</row1>
          <row2>-0.359354,-0.796786,-0.485794</row2>
        </orientation>
      </transform>
      <snapped>true</snapped>
      <childlist count="1">
        <childid>4</childid>
      </childlist>
      <handles count="1">
        <weight channel="longer">0.246660</weight>
      </handles>
    </blockref>
    <blockref>
      <blockid>Creature_parts~, ce_grasper_null</blockid>
      <transform>
        <basemusclescale>0.75</basemusclescale>
        <scale>1</scale>
        <position>-0.238619,0.996529,-0.857960</position>
        <triangledirection>0,0,-1</triangledirection>
        <trianglepickorigin>0,0,0</trianglepickorigin>
        <orientation>
          <row0>1,0,0</row0>
          <row1>0,0,-1</row1>
          <row2>0,1,0</row2>
        </orientation>
      </transform>
      <snapped>true</snapped>
    </blockref>
    <blockref>
      <blockid>flora_parts~, FE_leaf_12</blockid>
      <transform>
        <scale>1,75</scale>
        <position>-0.00920299,-0.0289089,0.817160</position>
        <triangledirection>0.0498479,0.117089,-0.991869</triangledirection>
        <trianglepickorigin>0,0,0</trianglepickorigin>
        <orientation>
          <row0>0.322896,-0.941660,-0.0949351</row0>
          <row1>0.0498479,0.117089,-0.991869</row1>
          <row2>0.945120,0.315538,0.0847478</row2>
        </orientation>
      </transform>
      <snapped>false</snapped>
      <childlist count="6">
        <childid>14</childid>
        <childid>13</childid>
        <childid>12</childid>
        <childid>11</childid>
        <childid>7</childid>
        <childid>6</childid>
      </childlist>
      <handles count="3">
        <weight channel="DeformAxisForwardb">0.0308669</weight>
        <weight channel="DeformAxisForward">0</weight>
        <weight channel="DeformAxisLeft">0.439054</weight>
      </handles>
    </blockref>
    <blockref>
      <blockid>flora_parts~, fe_cap_06a</blockid>
      <transform>
        <scale>1</scale>
        <position>0.115564,-0.0771930,0.901569</position>
        <triangledirection>-0.837939,-0.0127899,0.545612</triangledirection>
        <trianglepickorigin>0,0,0</trianglepickorigin>
        <orientation>
          <row0>0.000621143,0.999702,0.0243884</row0>
          <row1>-0.837939,-0.0127899,0.545612</row1>
          <row2>0.545762,-0.0207749,0.837682</row2>
        </orientation>
      </transform>
      <snapped>false</snapped>
    </blockref>
    <blockref>
      <blockid>flora_parts~, fe_cap_06a</blockid>
      <transform>
        <scale>1</scale>
        <position>-0.150497,0.0698980,0.956946</position>
        <triangledirection>0.459175,-0.607397,0.648249</triangledirection>
        <trianglepickorigin>0,0,0</trianglepickorigin>
        <orientation>
          <row0>-0.867504,-0.463728,0.179975</row0>
          <row1>0.459175,-0.607397,0.648249</row1>
          <row2>-0.191294,0.644999,0.739852</row2>
        </orientation>
      </transform>
      <snapped>false</snapped>
      <childlist count="1">
        <childid>8</childid>
      </childlist>
    </blockref>
    <blockref>
      <blockid>flora_parts~, fe_cap_06a</blockid>
      <transform>
        <scale>1</scale>
        <position>-0.207991,-0.110941,0.766222</position>
        <triangledirection>-0.170258,0.938153,0.301463</triangledirection>
        <trianglepickorigin>0,0,0</trianglepickorigin>
        <orientation>
          <row0>0.950330,0.237215,-0.201495</row0>
          <row1>-0.170258,0.938153,0.301463</row1>
          <row2>0.260545,-0.252184,0.931943</row2>
        </orientation>
      </transform>
      <snapped>false</snapped>
    </blockref>
    <blockref>
      <blockid>flora_parts~, FE_muscle_branch_04</blockid>
      <transform>
        <limbtype>0</limbtype>
        <musclescale>0.5</musclescale>
        <basemusclescale>1.349999</basemusclescale>
        <scale>1</scale>
        <position>0,0,0.600000</position>
        <triangledirection>-0.783898,0.175160,0.595668</triangledirection>
        <trianglepickorigin>0,0,0</trianglepickorigin>
        <orientation>
          <row0>-0.550886,0.246327,-0.797399</row0>
          <row1>-0.783898,0.175160,0.595668</row1>
          <row2>0.286402,0.953226,0.0966020</row2>
        </orientation>
      </transform>
      <snapped>true</snapped>
      <childlist count="1">
        <childid>10</childid>
      </childlist>
      <handles count="1">
        <weight channel="longer">0.246660</weight>
      </handles>
    </blockref>
    <blockref>
      <blockid>Creature_parts~, ce_grasper_null</blockid>
      <transform>
        <basemusclescale>0.75</basemusclescale>
        <scale>1</scale>
        <position>1.396938,-0.312143,-0.461504</position>
        <triangledirection>0.0825104,0.528219,0.845089</triangledirection>
        <trianglepickorigin>0,0,0</trianglepickorigin>
        <orientation>
          <row0>0.925395,-0.355360,0.131764</row0>
          <row1>0.0825104,0.528218,0.845089</row1>
          <row2>-0.369911,-0.771170,0.518132</row2>
        </orientation>
      </transform>
      <snapped>true</snapped>
    </blockref>
    <blockref>
      <blockid>flora_parts~, FE_leaf_08</blockid>
      <transform>
        <scale>1,161830</scale>
        <position>-0.0516069,-0.0686680,1.384018</position>
        <triangledirection>0.0498440,0.117078,-0.991871</triangledirection>
        <trianglepickorigin>0,0,0</trianglepickorigin>
        <orientation>
          <row0>0.920088,-0.391711,1.19209e-7</row0>
          <row1>0.0498440,0.117078,-0.991871</row1>
          <row2>0.388527,0.912609,0.127246</row2>
        </orientation>
      </transform>
      <snapped>false</snapped>
      <handles count="4">
        <weight channel="DeformAxisLeft">0.839963</weight>
        <weight channel="DeformAxisRight">0</weight>
        <weight channel="DeformAxisForward">0.146070</weight>
        <weight channel="DeformAxisUp">0.5</weight>
      </handles>
    </blockref>
    <blockref>
      <blockid>flora_parts~, FE_leaf_03</blockid>
      <transform>
        <scale>0,798516</scale>
        <position>0.0641849,-0.0902319,1.327211</position>
        <triangledirection>-0.796227,0.122550,-0.592456</triangledirection>
        <trianglepickorigin>0,0,0</trianglepickorigin>
        <orientation>
          <row0>0.152122,0.988361,-2.38418e-7</row0>
          <row1>-0.796227,0.122550,-0.592456</row1>
          <row2>-0.585560,0.0901259,0.805602</row2>
        </orientation>
        <userorientation>
          <userorientation_row0>0.974674,0,0.223627</userorientation_row0>
          <userorientation_row1>0,1,0</userorientation_row1>
          <userorientation_row2>-0.223627,0,0.974674</userorientation_row2>
        </userorientation>
      </transform>
      <snapped>false</snapped>
      <handles count="3">
        <weight channel="DeformAxisForward">0.319793</weight>
        <weight channel="DeformAxisLeft">0.232783</weight>
        <weight channel="DeformAxisUp">0.247252</weight>
      </handles>
    </blockref>
    <blockref>
      <blockid>flora_parts~, FE_leaf_03</blockid>
      <transform>
        <scale>0,798516</scale>
        <position>-0.108943,0.0371890,1.287787</position>
        <triangledirection>0.552063,-0.478288,-0.682982</triangledirection>
        <trianglepickorigin>0,0,0</trianglepickorigin>
        <orientation>
          <row0>-0.654800,-0.755802,3.27825e-7</row0>
          <row1>0.552063,-0.478288,-0.682982</row1>
          <row2>0.516199,-0.447216,0.730434</row2>
        </orientation>
        <userorientation>
          <userorientation_row0>0.974674,0,0.223627</userorientation_row0>
          <userorientation_row1>0,1,0</userorientation_row1>
          <userorientation_row2>-0.223627,0,0.974674</userorientation_row2>
        </userorientation>
      </transform>
      <snapped>false</snapped>
      <handles count="3">
        <weight channel="DeformAxisForward">0.331373</weight>
        <weight channel="DeformAxisLeft">0.232783</weight>
        <weight channel="DeformAxisUp">0.705401</weight>
      </handles>
    </blockref>
    <blockref>
      <blockid>flora_parts~, FE_leaf_03</blockid>
      <transform>
        <scale>0,798516</scale>
        <position>-0.110504,-0.185644,1.273657</position>
        <triangledirection>0.610974,0.563049,-0.556492</triangledirection>
        <trianglepickorigin>0,0,0</trianglepickorigin>
        <orientation>
          <row0>0.677677,-0.735359,-3.57627e-7</row0>
          <row1>0.610974,0.563049,-0.556492</row1>
          <row2>0.409222,0.377122,0.830852</row2>
        </orientation>
        <userorientation>
          <userorientation_row0>0.974674,0,0.223627</userorientation_row0>
          <userorientation_row1>0,1,0</userorientation_row1>
          <userorientation_row2>-0.223627,0,0.974674</userorientation_row2>
        </userorientation>
      </transform>
      <snapped>false</snapped>
      <handles count="3">
        <weight channel="DeformAxisForward">0.328131</weight>
        <weight channel="DeformAxisLeft">0.232783</weight>
        <weight channel="DeformAxisUp">0.616450</weight>
      </handles>
    </blockref>
  </blocks></sporemodel>