spore0005438f634740666200318c3ed7d816b417ffffffffffffffff0000000ebfdb7e3606KChangfffffffffffffffe06Oakwat0000000<?xml version="1.0" encoding="UTF-8"?><sporemodel>
  <properties>
    <modeltype>PlantLarge</modeltype>
    <skineffectseed1>1234</skineffectseed1>
    <skineffectseed2>1234</skineffectseed2>
    <skineffectseed3>1234</skineffectseed3>
    <skincolor1>0.694118,0.603922,0.411763</skincolor1>
    <skincolor2>0.235293,0.282353,0.168625</skincolor2>
    <skincolor3>0.580392,0.803922,0.258823</skincolor3>
    <zcorpscore>10</zcorpscore>
  </properties>
  <blocks count="27">
    <blockref>
      <blockid>flora_parts~, fe_root_dummy</blockid>
      <transform>
        <scale>1</scale>
        <position>-0.0104310,0.00141274,0.600000</position>
        <triangledirection>0,1,0</triangledirection>
        <trianglepickorigin>0,0,0</trianglepickorigin>
        <orientation>
          <row0>1,0,0</row0>
          <row1>0,1,0</row1>
          <row2>0,0,1</row2>
        </orientation>
      </transform>
      <snapped>false</snapped>
      <childlist count="2">
        <childid>3</childid>
        <childid>1</childid>
      </childlist>
    </blockref>
    <blockref>
      <blockid>flora_parts~, FE_muscle_branch_04</blockid>
      <transform>
        <limbtype>0</limbtype>
        <musclescale>0.650000</musclescale>
        <basemusclescale>2.599998</basemusclescale>
        <scale>1</scale>
        <position>-0.0104310,0.00141274,0.600000</position>
        <triangledirection>0.00436399,0.0160369,0.999861</triangledirection>
        <trianglepickorigin>0,0,0</trianglepickorigin>
        <orientation>
          <row0>-0.0934408,0.995503,-0.0155591</row0>
          <row1>0.00436399,0.0160369,0.999861</row1>
          <row2>0.995615,0.0933600,-0.00584287</row2>
        </orientation>
      </transform>
      <snapped>true</snapped>
      <childlist count="1">
        <childid>2</childid>
      </childlist>
      <handles count="1">
        <weight channel="longer">0.0612378</weight>
      </handles>
    </blockref>
    <blockref>
      <blockid>Creature_parts~, ce_grasper_null</blockid>
      <transform>
        <basemusclescale>2</basemusclescale>
        <scale>1</scale>
        <position>-0.0131289,-0.00850323,-0.0182448</position>
        <triangledirection>0,0,-1</triangledirection>
        <trianglepickorigin>0,0,0</trianglepickorigin>
        <orientation>
          <row0>1,0,0</row0>
          <row1>0,0,-1</row1>
          <row2>0,1,0</row2>
        </orientation>
      </transform>
      <snapped>true</snapped>
    </blockref>
    <blockref>
      <blockid>flora_parts~, fe_muscle_branch_06</blockid>
      <transform>
        <limbtype>0</limbtype>
        <musclescale>0.325000</musclescale>
        <basemusclescale>2.599998</basemusclescale>
        <scale>1</scale>
        <position>-0.0104310,0.00141274,0.600000</position>
        <triangledirection>-0.227399,0.146163,-0.962769</triangledirection>
        <trianglepickorigin>0,0,0</trianglepickorigin>
        <orientation>
          <row0>0.972942,-0.00742318,-0.230928</row0>
          <row1>-0.227399,0.146163,-0.962770</row1>
          <row2>0.0409000,0.989232,0.140520</row2>
        </orientation>
      </transform>
      <snapped>true</snapped>
      <childlist count="2">
        <childid>5</childid>
        <childid>4</childid>
      </childlist>
      <handles count="1">
        <weight channel="longer">0.370723</weight>
      </handles>
    </blockref>
    <blockref>
      <blockid>flora_parts~, fe_muscle_branch_06</blockid>
      <transform>
        <limbtype>0</limbtype>
        <musclescale>0.449999</musclescale>
        <basemusclescale>1.600000</basemusclescale>
        <scale>1</scale>
        <position>0.571860,-0.372861,3.065328</position>
        <triangledirection>0.142478,-0.308290,-0.940562</triangledirection>
        <trianglepickorigin>0,0,0</trianglepickorigin>
        <orientation>
          <row0>0.983163,0.153919,0.0984808</row0>
          <row1>0.142478,-0.308290,-0.940562</row1>
          <row2>-0.114410,0.938757,-0.325029</row2>
        </orientation>
      </transform>
      <snapped>true</snapped>
      <childlist count="1">
        <childid>8</childid>
      </childlist>
      <handles count="1">
        <weight channel="longer">0.162245</weight>
      </handles>
    </blockref>
    <blockref>
      <blockid>flora_parts~, fe_muscle_branch_06</blockid>
      <transform>
        <limbtype>0</limbtype>
        <musclescale>0.375</musclescale>
        <basemusclescale>1.600000</basemusclescale>
        <scale>1</scale>
        <position>0.571860,-0.372861,3.065328</position>
        <triangledirection>-0.548638,0.296216,-0.781826</triangledirection>
        <trianglepickorigin>0,0,0</trianglepickorigin>
        <orientation>
          <row0>0.806014,0.435836,-0.400483</row0>
          <row1>-0.548638,0.296216,-0.781826</row1>
          <row2>-0.222118,0.849883,0.477870</row2>
        </orientation>
      </transform>
      <snapped>true</snapped>
      <childlist count="2">
        <childid>9</childid>
        <childid>6</childid>
      </childlist>
      <handles count="1">
        <weight channel="longer">0.330798</weight>
      </handles>
    </blockref>
    <blockref>
      <blockid>flora_parts~, fe_muscle_branch_06</blockid>
      <transform>
        <limbtype>0</limbtype>
        <musclescale>0.600000</musclescale>
        <basemusclescale>1.25</basemusclescale>
        <scale>1</scale>
        <position>1.839264,-1.057148,4.871418</position>
        <triangledirection>-0.352380,0.0417317,-0.934926</triangledirection>
        <trianglepickorigin>0,0,0</trianglepickorigin>
        <orientation>
          <row0>0.905927,0.265836,-0.329584</row0>
          <row1>-0.352380,0.0417317,-0.934926</row1>
          <row2>-0.234783,0.963114,0.131481</row2>
        </orientation>
      </transform>
      <snapped>true</snapped>
      <childlist count="2">
        <childid>15</childid>
        <childid>7</childid>
      </childlist>
      <handles count="1">
        <weight channel="longer">0.447671</weight>
      </handles>
    </blockref>
    <blockref>
      <blockid>Creature_parts~, ce_grasper_null</blockid>
      <transform>
        <basemusclescale>2</basemusclescale>
        <scale>1</scale>
        <position>2.911764,-1.184162,7.716946</position>
        <triangledirection>-0.253906,0.490704,-0.833511</triangledirection>
        <trianglepickorigin>0,0,0</trianglepickorigin>
        <orientation>
          <row0>0.947287,0.300241,-0.111807</row0>
          <row1>-0.253906,0.490704,-0.833511</row1>
          <row2>-0.195390,0.817963,0.541071</row2>
        </orientation>
      </transform>
      <snapped>true</snapped>
    </blockref>
    <blockref>
      <blockid>flora_parts~, fe_muscle_branch_06</blockid>
      <transform>
        <limbtype>0</limbtype>
        <musclescale>0.325000</musclescale>
        <basemusclescale>1.25</basemusclescale>
        <scale>1</scale>
        <position>0.393442,0.0131946,4.243146</position>
        <triangledirection>0.0543270,-0.699979,-0.712094</triangledirection>
        <trianglepickorigin>0,0,0</trianglepickorigin>
        <orientation>
          <row0>0.959555,0.233879,-0.156694</row0>
          <row1>0.0543270,-0.699979,-0.712094</row1>
          <row2>-0.276227,0.674781,-0.684374</row2>
        </orientation>
      </transform>
      <snapped>true</snapped>
      <childlist count="1">
        <childid>11</childid>
      </childlist>
      <handles count="1">
        <weight channel="longer">0.322799</weight>
      </handles>
    </blockref>
    <blockref>
      <blockid>flora_parts~, FE_muscle_branch_03</blockid>
      <transform>
        <limbtype>0</limbtype>
        <musclescale>0.850000</musclescale>
        <basemusclescale>1.25</basemusclescale>
        <scale>1</scale>
        <position>1.839264,-1.057148,4.871418</position>
        <triangledirection>0.778483,0.410317,-0.474976</triangledirection>
        <trianglepickorigin>0,0,0</trianglepickorigin>
        <orientation>
          <row0>0.616948,-0.360985,0.699330</row0>
          <row1>0.778483,0.410317,-0.474976</row1>
          <row2>-0.115487,0.837453,0.534166</row2>
        </orientation>
      </transform>
      <snapped>true</snapped>
      <childlist count="1">
        <childid>10</childid>
      </childlist>
      <handles count="1">
        <weight channel="longer">0.162245</weight>
      </handles>
    </blockref>
    <blockref>
      <blockid>flora_parts~, fe_muscle_branch_06</blockid>
      <transform>
        <limbtype>0</limbtype>
        <musclescale>0.275000</musclescale>
        <basemusclescale>1.849998</basemusclescale>
        <scale>1</scale>
        <position>0.864409,-1.570968,5.466207</position>
        <triangledirection>0.541177,0.236218,-0.807048</triangledirection>
        <trianglepickorigin>0,0,0</trianglepickorigin>
        <orientation>
          <row0>0.793868,0.172974,0.582968</row0>
          <row1>0.541177,0.236218,-0.807048</row1>
          <row2>-0.277306,0.956180,0.0939162</row2>
        </orientation>
      </transform>
      <snapped>true</snapped>
      <childlist count="2">
        <childid>23</childid>
        <childid>13</childid>
      </childlist>
      <handles count="1">
        <weight channel="longer">0.393030</weight>
      </handles>
    </blockref>
    <blockref>
      <blockid>flora_parts~, fe_muscle_branch_06</blockid>
      <transform>
        <limbtype>0</limbtype>
        <musclescale>0.774998</musclescale>
        <basemusclescale>2.099998</basemusclescale>
        <scale>1</scale>
        <position>0.270669,1.595070,5.852401</position>
        <triangledirection>-0.170517,-0.279946,-0.944750</triangledirection>
        <trianglepickorigin>0,0,0</trianglepickorigin>
        <orientation>
          <row0>0.938667,0.245483,-0.242160</row0>
          <row1>-0.170517,-0.279946,-0.944750</row1>
          <row2>-0.299712,0.928099,-0.220917</row2>
        </orientation>
      </transform>
      <snapped>true</snapped>
      <childlist count="2">
        <childid>14</childid>
        <childid>12</childid>
      </childlist>
      <handles count="1">
        <weight channel="longer">0.250315</weight>
      </handles>
    </blockref>
    <blockref>
      <blockid>Creature_parts~, ce_grasper_null</blockid>
      <transform>
        <basemusclescale>1.999999</basemusclescale>
        <scale>1</scale>
        <position>0.578449,2.100365,7.557653</position>
        <triangledirection>0.292432,0.0505587,-0.954948</triangledirection>
        <trianglepickorigin>0,0,0</trianglepickorigin>
        <orientation>
          <row0>0.873537,0.392216,0.288267</row0>
          <row1>0.292432,0.0505587,-0.954948</row1>
          <row2>-0.389121,0.918482,-0.0705318</row2>
        </orientation>
      </transform>
      <snapped>true</snapped>
    </blockref>
    <blockref>
      <blockid>flora_parts~, FE_leaf_16</blockid>
      <transform>
        <scale>6,024956</scale>
        <position>-0.961337,-2.260198,7.838371</position>
        <triangledirection>0.335279,0.414539,-0.846015</triangledirection>
        <trianglepickorigin>0,0,0</trianglepickorigin>
        <orientation>
          <row0>0.135480,-0.990780,8.56816e-8</row0>
          <row1>0.939587,0.128480,-0.317283</row1>
          <row2>0.314357,0.0429856,0.948330</row2>
        </orientation>
        <userorientation>
          <userorientation_row0>0.915307,0.112749,-0.386647</userorientation_row0>
          <userorientation_row1>-0.365294,0.636711,-0.679086</userorientation_row1>
          <userorientation_row2>0.169615,0.762813,0.623974</userorientation_row2>
        </userorientation>
      </transform>
      <snapped>false</snapped>
      <childlist count="2">
        <childid>26</childid>
        <childid>16</childid>
      </childlist>
      <handles count="3">
        <weight channel="DeformAxisLeft">0.181698</weight>
        <weight channel="DeformAxisForward">0.173681</weight>
        <weight channel="DeformAxisUp">0.5</weight>
      </handles>
    </blockref>
    <blockref>
      <blockid>flora_parts~, FE_leaf_16</blockid>
      <transform>
        <scale>6,494204</scale>
        <position>0.281518,2.357240,7.882177</position>
        <triangledirection>0.0739223,-0.0787509,-0.994149</triangledirection>
        <trianglepickorigin>0,0,0</trianglepickorigin>
        <orientation>
          <row0>-0.729103,-0.684404,4.91738e-7</row0>
          <row1>0.354449,-0.377599,-0.855444</row1>
          <row2>0.585469,-0.623706,0.517895</row2>
        </orientation>
        <userorientation>
          <userorientation_row0>0.942832,-0.140793,-0.302065</userorientation_row0>
          <userorientation_row1>0,0.906376,-0.422468</userorientation_row1>
          <userorientation_row2>0.333265,0.398315,0.854562</userorientation_row2>
        </userorientation>
      </transform>
      <snapped>false</snapped>
      <childlist count="1">
        <childid>25</childid>
      </childlist>
      <handles count="3">
        <weight channel="DeformAxisLeft">0.190469</weight>
        <weight channel="DeformAxisForward">0.0981887</weight>
        <weight channel="DeformAxisUp">0.5</weight>
      </handles>
    </blockref>
    <blockref>
      <blockid>flora_parts~, FE_leaf_16</blockid>
      <transform>
        <scale>6,494204</scale>
        <position>3.132971,-1.485597,8.015892</position>
        <triangledirection>-0.128913,-0.0815235,-0.988299</triangledirection>
        <trianglepickorigin>0,0,0</trianglepickorigin>
        <orientation>
          <row0>0.895881,0.444293,-1.34110e-7</row0>
          <row1>-0.348692,0.703109,-0.619718</row1>
          <row2>-0.275336,0.555194,0.784824</row2>
        </orientation>
        <userorientation>
          <userorientation_row0>-0.316404,0.723308,0.613768</userorientation_row0>
          <userorientation_row1>-0.151711,0.600098,-0.785407</userorientation_row1>
          <userorientation_row2>-0.936414,-0.341621,-0.0801392</userorientation_row2>
        </userorientation>
      </transform>
      <snapped>false</snapped>
      <childlist count="1">
        <childid>24</childid>
      </childlist>
      <handles count="3">
        <weight channel="DeformAxisLeft">0.214206</weight>
        <weight channel="DeformAxisForward">0.0908898</weight>
        <weight channel="DeformAxisUp">0.5</weight>
      </handles>
    </blockref>
    <blockref>
      <blockid>flora_parts~, fe_cap_01a</blockid>
      <transform>
        <scale>1</scale>
        <position>-3.170586,-2.057846,9.070619</position>
        <triangledirection>0.113812,0.393109,0.912419</triangledirection>
        <trianglepickorigin>0,0,0</trianglepickorigin>
        <orientation>
          <row0>-0.818292,-0.574802,2.83122e-7</row0>
          <row1>0.518996,-0.738846,0.429823</row1>
          <row2>-0.247063,0.351721,0.902912</row2>
        </orientation>
        <userorientation>
          <userorientation_row0>0.570406,0.819599,0.0537707</userorientation_row0>
          <userorientation_row1>-0.319092,0.160799,0.933982</userorientation_row1>
          <userorientation_row2>0.756844,-0.549907,0.353250</userorientation_row2>
        </userorientation>
      </transform>
      <snapped>false</snapped>
    </blockref>
    <blockref>
      <blockid>flora_parts~, fe_cap_01a</blockid>
      <transform>
        <scale>1</scale>
        <position>2.417504,4.308903,9.417088</position>
        <triangledirection>-0.257647,0.533405,0.805665</triangledirection>
        <trianglepickorigin>0,0,0</trianglepickorigin>
        <orientation>
          <row0>0.877951,0.477444,-0.0353371</row0>
          <row1>-0.257647,0.533405,0.805665</row1>
          <row2>0.403509,-0.698229,0.591316</row2>
        </orientation>
      </transform>
      <snapped>false</snapped>
    </blockref>
    <blockref>
      <blockid>flora_parts~, fe_cap_01a</blockid>
      <transform>
        <scale>1</scale>
        <position>-5.060184,-0.247253,9.278716</position>
        <triangledirection>0.732518,-0.000519573,0.680745</triangledirection>
        <trianglepickorigin>0,0,0</trianglepickorigin>
        <orientation>
          <row0>-0.556054,0.831142,0.00214095</row0>
          <row1>-0.549581,-0.369613,0.749230</row1>
          <row2>0.623508,0.415436,0.662306</row2>
        </orientation>
        <userorientation>
          <userorientation_row0>0.256113,0.966646,-5.21540e-8</userorientation_row0>
          <userorientation_row1>-0.406295,0.107648,0.907378</userorientation_row1>
          <userorientation_row2>0.877113,-0.232392,0.420314</userorientation_row2>
        </userorientation>
      </transform>
      <snapped>false</snapped>
    </blockref>
    <blockref>
      <blockid>flora_parts~, fe_cap_01a</blockid>
      <transform>
        <scale>1</scale>
        <position>-5.638044,1.619744,8.501337</position>
        <triangledirection>-0.758164,0.194431,0.622400</triangledirection>
        <trianglepickorigin>0,0,0</trianglepickorigin>
        <orientation>
          <row0>0.249481,0.968378,0.00138980</row0>
          <row1>-0.758164,0.194431,0.622400</row1>
          <row2>0.602449,-0.156331,0.782697</row2>
        </orientation>
      </transform>
      <snapped>false</snapped>
    </blockref>
    <blockref>
      <blockid>flora_parts~, fe_cap_01a</blockid>
      <transform>
        <scale>1</scale>
        <position>4.567564,4.521764,9.874240</position>
        <triangledirection>-0.514775,-0.449247,0.730193</triangledirection>
        <trianglepickorigin>0,0,0</trianglepickorigin>
        <orientation>
          <row0>-0.640602,0.767594,0.0206430</row0>
          <row1>-0.514775,-0.449247,0.730193</row1>
          <row2>0.569766,0.457137,0.682928</row2>
        </orientation>
      </transform>
      <snapped>false</snapped>
    </blockref>
    <blockref>
      <blockid>flora_parts~, fe_cap_01a</blockid>
      <transform>
        <scale>1</scale>
        <position>5.273974,-3.611708,8.889064</position>
        <triangledirection>0.549889,0.130340,0.825004</triangledirection>
        <trianglepickorigin>0,0,0</trianglepickorigin>
        <orientation>
          <row0>0.197820,-0.979969,0.0229694</row0>
          <row1>0.549889,0.130340,0.825004</row1>
          <row2>-0.811473,-0.150572,0.564658</row2>
        </orientation>
      </transform>
      <snapped>false</snapped>
    </blockref>
    <blockref>
      <blockid>flora_parts~, fe_cap_01a</blockid>
      <transform>
        <scale>1</scale>
        <position>4.046788,2.845719,9.744812</position>
        <triangledirection>0.150204,-0.227834,0.962044</triangledirection>
        <trianglepickorigin>0,0,0</trianglepickorigin>
        <orientation>
          <row0>-0.897287,-0.439986,0.0358947</row0>
          <row1>0.150204,-0.227834,0.962044</row1>
          <row2>-0.415108,0.868621,0.270520</row2>
        </orientation>
      </transform>
      <snapped>false</snapped>
    </blockref>
    <blockref>
      <blockid>Creature_parts~, ce_grasper_null</blockid>
      <transform>
        <basemusclescale>2</basemusclescale>
        <scale>1</scale>
        <position>-0.597126,-2.208915,7.645771</position>
        <triangledirection>0.0877236,0.994446,-0.0581388</triangledirection>
        <trianglepickorigin>0,0,0</trianglepickorigin>
        <orientation>
          <row0>0.0797222,0.0511680,0.995503</row0>
          <row1>0.0877236,0.994446,-0.0581388</row1>
          <row2>-0.992949,0.0919641,0.0747908</row2>
        </orientation>
      </transform>
      <snapped>true</snapped>
    </blockref>
    <blockref>
      <blockid>flora_parts~, fe_canopy_11</blockid>
      <transform>
        <scale>2,281881</scale>
        <position>3.469266,-3.061809,8.925015</position>
        <triangledirection>-0.431696,0.901836,-0.0181372</triangledirection>
        <trianglepickorigin>0,0,0</trianglepickorigin>
        <orientation>
          <row0>0.936849,0.349734,-2.53319e-7</row0>
          <row1>-0.282412,0.756511,0.589859</row1>
          <row2>0.206294,-0.552609,0.807506</row2>
        </orientation>
        <userorientation>
          <userorientation_row0>0.984405,-0.0219778,-0.174534</userorientation_row0>
          <userorientation_row1>-0.0890314,0.793466,-0.602065</userorientation_row1>
          <userorientation_row2>0.151720,0.608215,0.779136</userorientation_row2>
        </userorientation>
      </transform>
      <snapped>false</snapped>
      <childlist count="1">
        <childid>21</childid>
      </childlist>
      <handles count="3">
        <weight channel="DeformAxisForward">0.521530</weight>
        <weight channel="DeformAxisLeft">0.708414</weight>
        <weight channel="DeformAxisUp">0.524544</weight>
      </handles>
    </blockref>
    <blockref>
      <blockid>flora_parts~, fe_canopy_11</blockid>
      <transform>
        <scale>2,117000</scale>
        <position>1.949275,2.889107,9.181077</position>
        <triangledirection>-0.797360,-0.603061,-0.0230754</triangledirection>
        <trianglepickorigin>0,0,0</trianglepickorigin>
        <orientation>
          <row0>-0.121673,0.992570,-4.69386e-7</row0>
          <row1>-0.847727,-0.103918,0.520152</row1>
          <row2>0.516287,0.0632893,0.854073</row2>
        </orientation>
        <userorientation>
          <userorientation_row0>0.851713,0.319545,-0.415299</userorientation_row0>
          <userorientation_row1>-0.501563,0.726610,-0.469543</userorientation_row1>
          <userorientation_row2>0.151720,0.608215,0.779136</userorientation_row2>
        </userorientation>
      </transform>
      <snapped>false</snapped>
      <childlist count="3">
        <childid>22</childid>
        <childid>20</childid>
        <childid>17</childid>
      </childlist>
      <handles count="3">
        <weight channel="DeformAxisForward">0.521530</weight>
        <weight channel="DeformAxisLeft">0.708414</weight>
        <weight channel="DeformAxisUp">0.524544</weight>
      </handles>
    </blockref>
    <blockref>
      <blockid>flora_parts~, fe_canopy_11</blockid>
      <transform>
        <scale>2,281881</scale>
        <position>-2.354630,-1.635237,8.811822</position>
        <triangledirection>0.888302,-0.454542,0.0656486</triangledirection>
        <trianglepickorigin>0,0,0</trianglepickorigin>
        <orientation>
          <row0>-0.818292,-0.574802,2.83122e-7</row0>
          <row1>0.518996,-0.738846,0.429823</row1>
          <row2>-0.247063,0.351721,0.902912</row2>
        </orientation>
        <userorientation>
          <userorientation_row0>0.851713,0.319546,-0.415299</userorientation_row0>
          <userorientation_row1>-0.465619,0.825079,-0.320064</userorientation_row1>
          <userorientation_row2>0.240380,0.465974,0.851519</userorientation_row2>
        </userorientation>
      </transform>
      <snapped>false</snapped>
      <childlist count="2">
        <childid>19</childid>
        <childid>18</childid>
      </childlist>
      <handles count="3">
        <weight channel="DeformAxisForward">0.521530</weight>
        <weight channel="DeformAxisLeft">0.708414</weight>
        <weight channel="DeformAxisUp">0.524544</weight>
      </handles>
    </blockref>
  </blocks></sporemodel>