spore0005438f6347406662009e557dd8d816b417ffffffffffffffff0000000ebfdb7dfe06KChangfffffffffffffffe07Pinjoop0000000<?xml version="1.0" encoding="UTF-8"?><sporemodel>
  <properties>
    <modeltype>PlantLarge</modeltype>
    <skineffectseed1>1234</skineffectseed1>
    <skineffectseed2>1234</skineffectseed2>
    <skineffectseed3>1234</skineffectseed3>
    <skincolor1>0.447059,0.576469,0.262741</skincolor1>
    <skincolor2>0.576469,0.349020,0.262741</skincolor2>
    <skincolor3>0.803922,0.662742,0.368627</skincolor3>
    <zcorpscore>7</zcorpscore>
  </properties>
  <blocks count="37">
    <blockref>
      <blockid>flora_parts~, fe_root_dummy</blockid>
      <transform>
        <scale>1</scale>
        <position>0.00754231,-0.0142326,0.600000</position>
        <triangledirection>0,1,0</triangledirection>
        <trianglepickorigin>0,0,0</trianglepickorigin>
        <orientation>
          <row0>1,0,0</row0>
          <row1>0,1,0</row1>
          <row2>0,0,1</row2>
        </orientation>
      </transform>
      <snapped>false</snapped>
      <childlist count="5">
        <childid>9</childid>
        <childid>7</childid>
        <childid>5</childid>
        <childid>3</childid>
        <childid>1</childid>
      </childlist>
    </blockref>
    <blockref>
      <blockid>flora_parts~, FE_muscle_branch_04</blockid>
      <transform>
        <limbtype>0</limbtype>
        <musclescale>0.5</musclescale>
        <basemusclescale>2.450000</basemusclescale>
        <scale>1</scale>
        <position>0.00754231,-0.0142326,0.600000</position>
        <triangledirection>-0.0268859,0.0305509,0.999171</triangledirection>
        <trianglepickorigin>0,0,0</trianglepickorigin>
        <orientation>
          <row0>0.976802,0.213226,0.0197643</row0>
          <row1>-0.0268859,0.0305509,0.999171</row1>
          <row2>0.212446,-0.976525,0.0355750</row2>
        </orientation>
      </transform>
      <snapped>true</snapped>
      <childlist count="1">
        <childid>2</childid>
      </childlist>
      <handles count="1">
        <weight channel="longer">0.0192846</weight>
      </handles>
    </blockref>
    <blockref>
      <blockid>Creature_parts~, ce_grasper_null</blockid>
      <transform>
        <basemusclescale>0.699996</basemusclescale>
        <scale>1</scale>
        <position>0.0170871,-0.0250796,0.245262</position>
        <triangledirection>0,0,-1</triangledirection>
        <trianglepickorigin>0,0,0</trianglepickorigin>
        <orientation>
          <row0>1,0,0</row0>
          <row1>0,0,-1</row1>
          <row2>0,1,0</row2>
        </orientation>
      </transform>
      <snapped>true</snapped>
    </blockref>
    <blockref>
      <blockid>flora_parts~, fe_muscle_branch_01</blockid>
      <transform>
        <limbtype>0</limbtype>
        <musclescale>0.900000</musclescale>
        <basemusclescale>2.450000</basemusclescale>
        <scale>1</scale>
        <position>0.00754231,-0.0142326,0.600000</position>
        <triangledirection>-0.254908,0.199046,0.946257</triangledirection>
        <trianglepickorigin>0,0,0</trianglepickorigin>
        <orientation>
          <row0>-0.0133010,-0.979213,0.202395</row0>
          <row1>-0.254908,0.199046,0.946257</row1>
          <row2>-0.966873,-0.0390059,-0.252256</row2>
        </orientation>
      </transform>
      <snapped>true</snapped>
      <childlist count="1">
        <childid>4</childid>
      </childlist>
      <handles count="1">
        <weight channel="longer">0.158305</weight>
      </handles>
    </blockref>
    <blockref>
      <blockid>Creature_parts~, ce_grasper_null</blockid>
      <transform>
        <basemusclescale>1.049996</basemusclescale>
        <scale>1</scale>
        <position>0.320449,-0.258565,-0.561551</position>
        <triangledirection>0,0,-1</triangledirection>
        <trianglepickorigin>0,0,0</trianglepickorigin>
        <orientation>
          <row0>1,0,0</row0>
          <row1>0,0,-1</row1>
          <row2>0,1,0</row2>
        </orientation>
      </transform>
      <snapped>true</snapped>
    </blockref>
    <blockref>
      <blockid>flora_parts~, fe_muscle_branch_01</blockid>
      <transform>
        <limbtype>0</limbtype>
        <musclescale>0.925000</musclescale>
        <basemusclescale>2.450000</basemusclescale>
        <scale>1</scale>
        <position>0.00754231,-0.0142326,0.600000</position>
        <triangledirection>0.472169,-0.230884,0.850734</triangledirection>
        <trianglepickorigin>0,0,0</trianglepickorigin>
        <orientation>
          <row0>-0.874093,-0.247541,0.417952</row0>
          <row1>0.472169,-0.230884,0.850734</row1>
          <row2>-0.114093,0.940965,0.318695</row2>
        </orientation>
      </transform>
      <snapped>true</snapped>
      <childlist count="1">
        <childid>6</childid>
      </childlist>
      <handles count="1">
        <weight channel="longer">0.166801</weight>
      </handles>
    </blockref>
    <blockref>
      <blockid>Creature_parts~, ce_grasper_null</blockid>
      <transform>
        <basemusclescale>1</basemusclescale>
        <scale>1</scale>
        <position>-0.597242,0.281497,-0.489679</position>
        <triangledirection>0,0,-1</triangledirection>
        <trianglepickorigin>0,0,0</trianglepickorigin>
        <orientation>
          <row0>1,0,0</row0>
          <row1>0,0,-1</row1>
          <row2>0,1,0</row2>
        </orientation>
      </transform>
      <snapped>true</snapped>
    </blockref>
    <blockref>
      <blockid>flora_parts~, fe_muscle_branch_01</blockid>
      <transform>
        <limbtype>0</limbtype>
        <musclescale>0.724996</musclescale>
        <basemusclescale>2.450000</basemusclescale>
        <scale>1</scale>
        <position>0.00754231,-0.0142326,0.600000</position>
        <triangledirection>-0.213465,-0.434062,0.875227</triangledirection>
        <trianglepickorigin>0,0,0</trianglepickorigin>
        <orientation>
          <row0>0.689208,0.568035,0.449808</row0>
          <row1>-0.213465,-0.434062,0.875227</row1>
          <row2>0.692404,-0.699232,-0.177903</row2>
        </orientation>
      </transform>
      <snapped>true</snapped>
      <childlist count="1">
        <childid>8</childid>
      </childlist>
      <handles count="1">
        <weight channel="longer">0.162245</weight>
      </handles>
    </blockref>
    <blockref>
      <blockid>Creature_parts~, ce_grasper_null</blockid>
      <transform>
        <basemusclescale>1</basemusclescale>
        <scale>1</scale>
        <position>0.274854,0.529321,-0.496002</position>
        <triangledirection>0,0,-1</triangledirection>
        <trianglepickorigin>0,0,0</trianglepickorigin>
        <orientation>
          <row0>1,0,0</row0>
          <row1>0,0,-1</row1>
          <row2>0,1,0</row2>
        </orientation>
      </transform>
      <snapped>true</snapped>
    </blockref>
    <blockref>
      <blockid>flora_parts~, fe_muscle_branch_01</blockid>
      <transform>
        <limbtype>0</limbtype>
        <musclescale>0.824996</musclescale>
        <basemusclescale>2.450000</basemusclescale>
        <scale>1</scale>
        <position>0.00754231,-0.0142326,0.600000</position>
        <triangledirection>0,0,-1</triangledirection>
        <trianglepickorigin>0,0,0</trianglepickorigin>
        <orientation>
          <row0>0.962818,-0.270150,0</row0>
          <row1>0,0,-1</row1>
          <row2>0.270150,0.962818,0</row2>
        </orientation>
      </transform>
      <snapped>true</snapped>
      <childlist count="2">
        <childid>13</childid>
        <childid>12</childid>
      </childlist>
      <handles count="1">
        <weight channel="longer">0.872175</weight>
      </handles>
    </blockref>
    <blockref>
      <blockid>flora_parts~, FE_leaf_25</blockid>
      <transform>
        <scale>7</scale>
        <position>0.720870,1.918400,8.249389</position>
        <triangledirection>0.567005,-0.617582,-0.545065</triangledirection>
        <trianglepickorigin>0,0,0</trianglepickorigin>
        <orientation>
          <row0>-0.607746,-0.794130,-1.05798e-6</row0>
          <row1>0.687175,-0.525893,-0.501224</row1>
          <row2>0.398037,-0.304618,0.865317</row2>
        </orientation>
        <userorientation>
          <userorientation_row0>0.973084,-0.153752,-0.171661</userorientation_row0>
          <userorientation_row1>0.145845,0.987614,-0.0578382</userorientation_row1>
          <userorientation_row2>0.178428,0.0312453,0.983456</userorientation_row2>
        </userorientation>
      </transform>
      <snapped>false</snapped>
      <childlist count="4">
        <childid>32</childid>
        <childid>31</childid>
        <childid>30</childid>
        <childid>23</childid>
      </childlist>
      <handles count="3">
        <weight channel="DeformAxisForward">0.147408</weight>
        <weight channel="DeformAxisLeft">0.437121</weight>
        <weight channel="DeformAxisUp">0.768233</weight>
      </handles>
    </blockref>
    <blockref>
      <blockid>Creature_parts~, ce_grasper_null</blockid>
      <transform>
        <basemusclescale>1</basemusclescale>
        <scale>1</scale>
        <position>1.223001,1.248830,4.969789</position>
        <triangledirection>-0.258154,-0.268265,-0.928111</triangledirection>
        <trianglepickorigin>0,0,0</trianglepickorigin>
        <orientation>
          <row0>0.959780,0.0385196,-0.278096</row0>
          <row1>-0.258154,-0.268265,-0.928111</row1>
          <row2>-0.110354,0.962574,-0.247531</row2>
        </orientation>
      </transform>
      <snapped>false</snapped>
    </blockref>
    <blockref>
      <blockid>flora_parts~, fe_muscle_branch_01</blockid>
      <transform>
        <limbtype>0</limbtype>
        <musclescale>0.550000</musclescale>
        <basemusclescale>1.950000</basemusclescale>
        <scale>1</scale>
        <position>0.00754231,-0.0142326,6.307776</position>
        <triangledirection>-0.347177,-0.659662,-0.666567</triangledirection>
        <trianglepickorigin>0,0,0</trianglepickorigin>
        <orientation>
          <row0>-0.879663,-0.0172939,0.475281</row0>
          <row1>-0.347177,-0.659662,-0.666567</row1>
          <row2>0.325053,-0.751362,0.574277</row2>
        </orientation>
      </transform>
      <snapped>true</snapped>
      <childlist count="5">
        <childid>20</childid>
        <childid>18</childid>
        <childid>17</childid>
        <childid>14</childid>
        <childid>10</childid>
      </childlist>
      <handles count="1">
        <weight channel="longer">0.393644</weight>
      </handles>
    </blockref>
    <blockref>
      <blockid>flora_parts~, fe_branch_02</blockid>
      <transform>
        <limbtype>2</limbtype>
        <musclescale>0.5</musclescale>
        <basemusclescale>4.449666</basemusclescale>
        <scale>2,958298</scale>
        <position>0.00754231,-0.0142326,6.307776</position>
        <triangledirection>0.765022,-0.147280,-0.626933</triangledirection>
        <trianglepickorigin>0,0,0</trianglepickorigin>
        <orientation>
          <row0>0.710367,0.679043,0.185142</row0>
          <row1>0.391829,-0.163024,-0.905479</row1>
          <row2>-0.584677,0.715767,-0.381876</row2>
        </orientation>
        <userorientation>
          <userorientation_row0>0.918184,-0.221828,0.328221</userorientation_row0>
          <userorientation_row1>0.327365,0.891443,-0.313299</userorientation_row1>
          <userorientation_row2>-0.223091,0.395115,0.891129</userorientation_row2>
        </userorientation>
      </transform>
      <snapped>true</snapped>
      <childlist count="4">
        <childid>24</childid>
        <childid>19</childid>
        <childid>16</childid>
        <childid>15</childid>
      </childlist>
      <handles count="2">
        <weight channel="DeformAxisForward">0.451855</weight>
        <weight channel="DeformAxisLeft">1</weight>
      </handles>
    </blockref>
    <blockref>
      <blockid>flora_parts~, FE_leaf_25</blockid>
      <transform>
        <scale>7</scale>
        <position>0.364827,-0.306520,6.072421</position>
        <triangledirection>-0.342009,0.541253,-0.768161</triangledirection>
        <trianglepickorigin>0,0,0</trianglepickorigin>
        <orientation>
          <row0>0.775697,0.621829,0.107805</row0>
          <row1>-0.591509,0.775897,-0.219315</row1>
          <row2>-0.220022,0.106354,0.969679</row2>
        </orientation>
        <userorientation>
          <userorientation_row0>0.988556,-0.0830494,-0.125932</userorientation_row0>
          <userorientation_row1>-0.0115407,0.790728,-0.612056</userorientation_row1>
          <userorientation_row2>0.150410,0.606505,0.780722</userorientation_row2>
        </userorientation>
      </transform>
      <snapped>false</snapped>
      <childlist count="7">
        <childid>36</childid>
        <childid>35</childid>
        <childid>29</childid>
        <childid>28</childid>
        <childid>27</childid>
        <childid>26</childid>
        <childid>21</childid>
      </childlist>
      <handles count="3">
        <weight channel="DeformAxisForward">0.396622</weight>
        <weight channel="DeformAxisLeft">0.489774</weight>
        <weight channel="DeformAxisUp">0.834293</weight>
      </handles>
    </blockref>
    <blockref>
      <blockid>Creature_parts~, ce_grasper_null</blockid>
      <transform>
        <basemusclescale>1.964034</basemusclescale>
        <scale>1</scale>
        <position>-4.015877,0.760352,9.604956</position>
        <triangledirection>0.126873,-0.419860,-0.898677</triangledirection>
        <trianglepickorigin>0,0,0</trianglepickorigin>
        <orientation>
          <row0>0.831366,0.539192,-0.134539</row0>
          <row1>0.126873,-0.419860,-0.898677</row1>
          <row2>-0.541047,0.730060,-0.417466</row2>
        </orientation>
      </transform>
      <snapped>true</snapped>
    </blockref>
    <blockref>
      <blockid>flora_parts~, FE_leaf_25</blockid>
      <transform>
        <scale>7</scale>
        <position>-2.441095,-0.0221916,9.030014</position>
        <triangledirection>0.712566,0.475249,-0.516126</triangledirection>
        <trianglepickorigin>0,0,0</trianglepickorigin>
        <orientation>
          <row0>-0.409207,0.912441,-1.04308e-7</row0>
          <row1>-0.253271,-0.113586,-0.960703</row1>
          <row2>-0.876585,-0.393127,0.277575</row2>
        </orientation>
        <userorientation>
          <userorientation_row0>-0.954082,0.293117,-0.0617030</userorientation_row0>
          <userorientation_row1>0.142049,0.261389,-0.954723</userorientation_row1>
          <userorientation_row2>-0.263717,-0.919649,-0.291025</userorientation_row2>
        </userorientation>
      </transform>
      <snapped>false</snapped>
      <childlist count="2">
        <childid>34</childid>
        <childid>33</childid>
      </childlist>
      <handles count="3">
        <weight channel="DeformAxisForward">0.148011</weight>
        <weight channel="DeformAxisLeft">0.489774</weight>
        <weight channel="DeformAxisUp">0.834293</weight>
      </handles>
    </blockref>
    <blockref>
      <blockid>Creature_parts~, ce_grasper_null</blockid>
      <transform>
        <basemusclescale>1.949998</basemusclescale>
        <scale>1</scale>
        <position>0.946487,1.769832,8.110515</position>
        <triangledirection>0.786417,-0.194539,-0.586260</triangledirection>
        <trianglepickorigin>0,0,0</trianglepickorigin>
        <orientation>
          <row0>-0.516192,-0.728251,-0.450771</row0>
          <row1>0.786417,-0.194539,-0.586260</row1>
          <row2>0.339252,-0.657118,0.673129</row2>
        </orientation>
      </transform>
      <snapped>true</snapped>
    </blockref>
    <blockref>
      <blockid>flora_parts~, fe_detail_04</blockid>
      <transform>
        <scale>2,459603</scale>
        <position>1.150740,1.963903,8.027170</position>
        <triangledirection>-0.663006,-0.663622,-0.346446</triangledirection>
        <trianglepickorigin>0,0,0</trianglepickorigin>
        <orientation>
          <row0>-0.708801,0.705408,4.39584e-7</row0>
          <row1>-0.690206,-0.693526,0.206484</row1>
          <row2>0.145655,0.146355,0.978449</row2>
        </orientation>
        <userorientation>
          <userorientation_row0>-0.999993,0,-0.00340737</userorientation_row0>
          <userorientation_row1>0.00181503,0.846316,-0.532676</userorientation_row1>
          <userorientation_row2>0.00288371,-0.532679,-0.846311</userorientation_row2>
        </userorientation>
      </transform>
      <snapped>false</snapped>
      <handles count="4">
        <weight channel="Stretch">1</weight>
        <weight channel="Thicken">1</weight>
        <weight channel="tweak_side">0.470587</weight>
        <weight channel="tweak_top_bottom">0.902302</weight>
      </handles>
    </blockref>
    <blockref>
      <blockid>flora_parts~, FE_leaf_12</blockid>
      <transform>
        <scale>5,206980</scale>
        <position>-1.750321,0.652412,8.290021</position>
        <triangledirection>0.537849,-0.300868,-0.787524</triangledirection>
        <trianglepickorigin>0,0,0</trianglepickorigin>
        <orientation>
          <row0>-0.976524,0.215405,-1.34035e-5</row0>
          <row1>-0.173325,-0.785793,-0.593706</row1>
          <row2>-0.127898,-0.579766,0.804681</row2>
        </orientation>
        <userorientation>
          <userorientation_row0>0.806968,0.425062,-0.410025</userorientation_row0>
          <userorientation_row1>-0.590021,0.610756,-0.528062</userorientation_row1>
          <userorientation_row2>0.0259656,0.668055,0.743658</userorientation_row2>
        </userorientation>
      </transform>
      <snapped>false</snapped>
      <childlist count="1">
        <childid>25</childid>
      </childlist>
      <handles count="3">
        <weight channel="DeformAxisForwardb">0.5</weight>
        <weight channel="DeformAxisForward">0.766775</weight>
        <weight channel="DeformAxisLeft">0.368205</weight>
      </handles>
    </blockref>
    <blockref>
      <blockid>flora_parts~, FE_leaf_12</blockid>
      <transform>
        <scale>6,049648</scale>
        <position>1.208863,1.538814,8.100197</position>
        <triangledirection>-0.437789,-0.0793835,-0.895564</triangledirection>
        <trianglepickorigin>0,0,0</trianglepickorigin>
        <orientation>
          <row0>0.440152,0.897922,4.99188e-7</row0>
          <row1>-0.867308,0.425146,-0.258895</row1>
          <row2>-0.232468,0.113953,0.965905</row2>
        </orientation>
        <userorientation>
          <userorientation_row0>-0.873281,-0.483128,-0.0629672</userorientation_row0>
          <userorientation_row1>-0.263974,0.577806,-0.772304</userorientation_row1>
          <userorientation_row2>0.409505,-0.657818,-0.632122</userorientation_row2>
        </userorientation>
      </transform>
      <snapped>false</snapped>
      <childlist count="1">
        <childid>22</childid>
      </childlist>
      <handles count="3">
        <weight channel="DeformAxisForwardb">0.5</weight>
        <weight channel="DeformAxisForward">0.549400</weight>
        <weight channel="DeformAxisLeft">0.386617</weight>
      </handles>
    </blockref>
    <blockref>
      <blockid>flora_parts~, FE_leaf_12</blockid>
      <transform>
        <scale>4,830742</scale>
        <position>0.361095,-1.202880,7.003819</position>
        <triangledirection>0.0623630,0.659656,-0.748974</triangledirection>
        <trianglepickorigin>0,0,0</trianglepickorigin>
        <orientation>
          <row0>0.153006,-0.988225,1.18464e-6</row0>
          <row1>0.637607,0.0987194,-0.764010</row1>
          <row2>0.755014,0.116899,0.645204</row2>
        </orientation>
        <userorientation>
          <userorientation_row0>0.693331,0.713032,0.104278</userorientation_row0>
          <userorientation_row1>-0.642347,0.677108,-0.359043</userorientation_row1>
          <userorientation_row2>-0.326618,0.181951,0.927476</userorientation_row2>
        </userorientation>
      </transform>
      <snapped>false</snapped>
      <handles count="3">
        <weight channel="DeformAxisForwardb">0.5</weight>
        <weight channel="DeformAxisForward">0.841771</weight>
        <weight channel="DeformAxisLeft">0.514015</weight>
      </handles>
    </blockref>
    <blockref>
      <blockid>flora_parts~, fe_detail_04</blockid>
      <transform>
        <scale>2,459603</scale>
        <position>1.334485,1.347871,7.963242</position>
        <triangledirection>-0.900773,0.342819,-0.266609</triangledirection>
        <trianglepickorigin>0,0,0</trianglepickorigin>
        <orientation>
          <row0>0.932030,0.362380,-1.30385e-7</row0>
          <row1>-0.357225,0.918771,0.168076</row1>
          <row2>0.0609075,-0.156651,0.985774</row2>
        </orientation>
        <userorientation>
          <userorientation_row0>-0.698799,-0.606455,0.379330</userorientation_row0>
          <userorientation_row1>-0.715316,0.591940,-0.371383</userorientation_row1>
          <userorientation_row2>0.000686645,-0.530864,-0.847456</userorientation_row2>
        </userorientation>
      </transform>
      <snapped>false</snapped>
      <handles count="4">
        <weight channel="Stretch">1</weight>
        <weight channel="Thicken">1</weight>
        <weight channel="tweak_side">0.470587</weight>
        <weight channel="tweak_top_bottom">0.902302</weight>
      </handles>
    </blockref>
    <blockref>
      <blockid>flora_parts~, fe_detail_04</blockid>
      <transform>
        <scale>2,459603</scale>
        <position>0.306801,2.095348,8.188344</position>
        <triangledirection>0.657712,-0.753246,0.00575001</triangledirection>
        <trianglepickorigin>0,0,0</trianglepickorigin>
        <orientation>
          <row0>0.231160,-0.972915,5.96046e-8</row0>
          <row1>0.669508,0.159072,0.725571</row1>
          <row2>-0.705920,-0.167723,0.688146</row2>
        </orientation>
        <userorientation>
          <userorientation_row0>-0.436697,0.328723,-0.837396</userorientation_row0>
          <userorientation_row1>0.884882,0.324696,-0.333999</userorientation_row1>
          <userorientation_row2>0.162106,-0.886855,-0.432677</userorientation_row2>
        </userorientation>
      </transform>
      <snapped>false</snapped>
      <handles count="4">
        <weight channel="Stretch">1</weight>
        <weight channel="Thicken">1</weight>
        <weight channel="tweak_side">0.470587</weight>
        <weight channel="tweak_top_bottom">0.902302</weight>
      </handles>
    </blockref>
    <blockref>
      <blockid>flora_parts~, fe_detail_04</blockid>
      <transform>
        <scale>2,459603</scale>
        <position>-2.357440,-0.324842,8.790380</position>
        <triangledirection>0.495376,0.824048,-0.274851</triangledirection>
        <trianglepickorigin>0,0,0</trianglepickorigin>
        <orientation>
          <row0>0.915005,-0.403440,1.93715e-7</row0>
          <row1>0.327886,0.743648,0.582646</row1>
          <row2>-0.235063,-0.533124,0.812725</row2>
        </orientation>
        <userorientation>
          <userorientation_row0>-0.950414,-0.154900,-0.269661</userorientation_row0>
          <userorientation_row1>0.120818,0.615088,-0.779145</userorientation_row1>
          <userorientation_row2>0.286557,-0.773091,-0.565873</userorientation_row2>
        </userorientation>
      </transform>
      <snapped>false</snapped>
      <handles count="4">
        <weight channel="Stretch">1</weight>
        <weight channel="Thicken">1</weight>
        <weight channel="tweak_side">0.470587</weight>
        <weight channel="tweak_top_bottom">0.902302</weight>
      </handles>
    </blockref>
    <blockref>
      <blockid>flora_parts~, fe_detail_04</blockid>
      <transform>
        <scale>2,459603</scale>
        <position>-1.921118,0.882969,8.294013</position>
        <triangledirection>0.215291,-0.851657,-0.477837</triangledirection>
        <trianglepickorigin>0,0,0</trianglepickorigin>
        <orientation>
          <row0>-0.997639,-0.0686723,8.19563e-8</row0>
          <row1>0.0617168,-0.896592,0.438534</row1>
          <row2>-0.0301151,0.437499,0.898714</row2>
        </orientation>
        <userorientation>
          <userorientation_row0>-0.946415,-0.320240,-0.0417538</userorientation_row0>
          <userorientation_row1>-0.156298,0.567329,-0.808522</userorientation_row1>
          <userorientation_row2>0.282609,-0.758670,-0.586981</userorientation_row2>
        </userorientation>
      </transform>
      <snapped>false</snapped>
      <handles count="4">
        <weight channel="Stretch">1</weight>
        <weight channel="Thicken">1</weight>
        <weight channel="tweak_side">0.470587</weight>
        <weight channel="tweak_top_bottom">0.902302</weight>
      </handles>
    </blockref>
    <blockref>
      <blockid>flora_parts~, fe_detail_04</blockid>
      <transform>
        <scale>2,459603</scale>
        <position>0.269239,-0.838840,6.775642</position>
        <triangledirection>0.475624,0.665229,-0.575541</triangledirection>
        <trianglepickorigin>0,0,0</trianglepickorigin>
        <orientation>
          <row0>-0.114507,-0.993422,-7.45058e-8</row0>
          <row1>0.912101,-0.105134,-0.396254</row1>
          <row2>0.393647,-0.0453741,0.918140</row2>
        </orientation>
        <userorientation>
          <userorientation_row0>-0.698799,-0.606455,0.379330</userorientation_row0>
          <userorientation_row1>-0.715316,0.591940,-0.371383</userorientation_row1>
          <userorientation_row2>0.000686648,-0.530864,-0.847456</userorientation_row2>
        </userorientation>
      </transform>
      <snapped>false</snapped>
      <handles count="4">
        <weight channel="Stretch">1</weight>
        <weight channel="Thicken">1</weight>
        <weight channel="tweak_side">0.470587</weight>
        <weight channel="tweak_top_bottom">0.902302</weight>
      </handles>
    </blockref>
    <blockref>
      <blockid>flora_parts~, fe_detail_04</blockid>
      <transform>
        <scale>2,459603</scale>
        <position>1.025380,-1.323567,6.740410</position>
        <triangledirection>-0.605209,0.532921,-0.591366</triangledirection>
        <trianglepickorigin>0,0,0</trianglepickorigin>
        <orientation>
          <row0>0.380377,0.924831,1.04308e-7</row0>
          <row1>-0.889399,0.365804,-0.274144</row1>
          <row2>-0.253537,0.104278,0.961688</row2>
        </orientation>
        <userorientation>
          <userorientation_row0>-0.963788,0.225637,-0.142125</userorientation_row0>
          <userorientation_row1>0.262655,0.895337,-0.359695</userorientation_row1>
          <userorientation_row2>0.0460893,-0.384000,-0.922182</userorientation_row2>
        </userorientation>
      </transform>
      <snapped>false</snapped>
      <handles count="4">
        <weight channel="Stretch">1</weight>
        <weight channel="Thicken">1</weight>
        <weight channel="tweak_side">0.470587</weight>
        <weight channel="tweak_top_bottom">0.902302</weight>
      </handles>
    </blockref>
    <blockref>
      <blockid>flora_parts~, fe_detail_04</blockid>
      <transform>
        <scale>2,459603</scale>
        <position>1.035777,-0.750967,7.217175</position>
        <triangledirection>-0.696959,-0.395109,-0.598443</triangledirection>
        <trianglepickorigin>0,0,0</trianglepickorigin>
        <orientation>
          <row0>-0.937578,0.347774,-2.98023e-7</row0>
          <row1>-0.312948,-0.843688,0.436180</row1>
          <row2>0.151692,0.408953,0.899859</row2>
        </orientation>
        <userorientation>
          <userorientation_row0>-0.795311,0.511810,-0.324850</userorientation_row0>
          <userorientation_row1>0.516044,0.290432,-0.805819</userorientation_row1>
          <userorientation_row2>-0.318078,-0.808516,-0.495101</userorientation_row2>
        </userorientation>
      </transform>
      <snapped>false</snapped>
      <handles count="4">
        <weight channel="Stretch">1</weight>
        <weight channel="Thicken">1</weight>
        <weight channel="tweak_side">0.470587</weight>
        <weight channel="tweak_top_bottom">0.902302</weight>
      </handles>
    </blockref>
    <blockref>
      <blockid>flora_parts~, fe_cap_01a</blockid>
      <transform>
        <scale>1</scale>
        <position>1.875287,-0.233330,12.705324</position>
        <triangledirection>-0.518630,-0.802718,0.294390</triangledirection>
        <trianglepickorigin>0,0,0</trianglepickorigin>
        <orientation>
          <row0>-0.839940,0.542678,-2.08616e-7</row0>
          <row1>-0.518630,-0.802718,0.294390</row1>
          <row2>0.159759,0.247270,0.955685</row2>
        </orientation>
      </transform>
      <snapped>false</snapped>
    </blockref>
    <blockref>
      <blockid>flora_parts~, fe_cap_01a</blockid>
      <transform>
        <scale>1</scale>
        <position>-1.370968,3.773266,10.313482</position>
        <triangledirection>0.631898,-0.331129,0.700755</triangledirection>
        <trianglepickorigin>0,0,0</trianglepickorigin>
        <orientation>
          <row0>-0.464155,-0.885753,7.45058e-8</row0>
          <row1>0.631898,-0.331129,0.700755</row1>
          <row2>-0.620696,0.325259,0.713401</row2>
        </orientation>
      </transform>
      <snapped>false</snapped>
    </blockref>
    <blockref>
      <blockid>flora_parts~, fe_cap_01a</blockid>
      <transform>
        <scale>1</scale>
        <position>-0.900202,4.747498,12.976704</position>
        <triangledirection>-0.306161,-0.905209,-0.294723</triangledirection>
        <trianglepickorigin>0,0,0</trianglepickorigin>
        <orientation>
          <row0>-0.947284,0.320392,7.45058e-9</row0>
          <row1>-0.306161,-0.905209,-0.294723</row1>
          <row2>-0.0944271,-0.279186,0.955582</row2>
        </orientation>
      </transform>
      <snapped>false</snapped>
    </blockref>
    <blockref>
      <blockid>flora_parts~, fe_cap_01a</blockid>
      <transform>
        <scale>1</scale>
        <position>-0.778366,2.549947,12.153273</position>
        <triangledirection>-0.290969,0.951238,0.102383</triangledirection>
        <trianglepickorigin>0,0,0</trianglepickorigin>
        <orientation>
          <row0>0.956263,0.292506,-5.77419e-8</row0>
          <row1>-0.290969,0.951238,0.102383</row1>
          <row2>0.0299477,-0.0979051,0.994745</row2>
        </orientation>
      </transform>
      <snapped>false</snapped>
    </blockref>
    <blockref>
      <blockid>flora_parts~, fe_cap_01a</blockid>
      <transform>
        <scale>1</scale>
        <position>-4.842597,-2.022191,13.966153</position>
        <triangledirection>0.859396,0.115258,-0.498150</triangledirection>
        <trianglepickorigin>0,0,0</trianglepickorigin>
        <orientation>
          <row0>0.132925,-0.991126,2.30967e-7</row0>
          <row1>0.859396,0.115258,-0.498150</row1>
          <row2>0.493729,0.0662168,0.867090</row2>
        </orientation>
      </transform>
      <snapped>false</snapped>
    </blockref>
    <blockref>
      <blockid>flora_parts~, fe_cap_01a</blockid>
      <transform>
        <scale>1</scale>
        <position>-4.612260,-1.615695,11.037974</position>
        <triangledirection>0.660624,0.426196,0.618006</triangledirection>
        <trianglepickorigin>0,0,0</trianglepickorigin>
        <orientation>
          <row0>0.542115,-0.840304,2.08616e-7</row0>
          <row1>0.660624,0.426196,0.618006</row1>
          <row2>-0.519313,-0.335030,0.786173</row2>
        </orientation>
      </transform>
      <snapped>false</snapped>
    </blockref>
    <blockref>
      <blockid>flora_parts~, fe_cap_01a</blockid>
      <transform>
        <scale>1</scale>
        <position>1.558004,-2.544876,10.912331</position>
        <triangledirection>-0.226786,0.966745,0.118203</triangledirection>
        <trianglepickorigin>0,0,0</trianglepickorigin>
        <orientation>
          <row0>0.973570,0.228387,-1.04308e-7</row0>
          <row1>-0.226786,0.966745,0.118203</row1>
          <row2>0.0269962,-0.115079,0.992989</row2>
        </orientation>
      </transform>
      <snapped>false</snapped>
    </blockref>
    <blockref>
      <blockid>flora_parts~, fe_cap_01a</blockid>
      <transform>
        <scale>1</scale>
        <position>0.450011,-1.705201,10.437022</position>
        <triangledirection>0.730207,-0.624964,0.276074</triangledirection>
        <trianglepickorigin>0,0,0</trianglepickorigin>
        <orientation>
          <row0>-0.650235,-0.759733,4.32133e-7</row0>
          <row1>0.730207,-0.624964,0.276074</row1>
          <row2>-0.209742,0.179513,0.961136</row2>
        </orientation>
      </transform>
      <snapped>false</snapped>
    </blockref>
  </blocks></sporemodel>