spore0005438f6347406662008875aec7d816b417ffffffffffffffff0000000ebfdb7e0306KChangfffffffffffffffe09Shawpssis0000000<?xml version="1.0" encoding="UTF-8"?><sporemodel>
  <properties>
    <modeltype>PlantSmall</modeltype>
    <skineffectseed1>4660</skineffectseed1>
    <skineffectseed2>4660</skineffectseed2>
    <skineffectseed3>4660</skineffectseed3>
    <skincolor1>0.282353,0.203922,0.443136</skincolor1>
    <skincolor2>0.317647,0.345097,0.694118</skincolor2>
    <skincolor3>0.474510,0.803922,0.803922</skincolor3>
    <zcorpscore>63</zcorpscore>
  </properties>
  <blocks count="17">
    <blockref>
      <blockid>flora_parts~, fe_root_dummy</blockid>
      <transform>
        <scale>1</scale>
        <position>0,0,0.600000</position>
        <triangledirection>0,1,0</triangledirection>
        <trianglepickorigin>0,0,0</trianglepickorigin>
        <orientation>
          <row0>1,0,0</row0>
          <row1>0,1,0</row1>
          <row2>0,0,1</row2>
        </orientation>
      </transform>
      <snapped>false</snapped>
      <childlist count="1">
        <childid>1</childid>
      </childlist>
    </blockref>
    <blockref>
      <blockid>flora_parts~, FE_muscle_branch_04</blockid>
      <transform>
        <limbtype>0</limbtype>
        <musclescale>0.425000</musclescale>
        <basemusclescale>1.200000</basemusclescale>
        <scale>1</scale>
        <position>0,0,0.600000</position>
        <triangledirection>0.00436399,0.0160359,0.999861</triangledirection>
        <trianglepickorigin>0,0,0</trianglepickorigin>
        <orientation>
          <row0>-0.0934408,0.995503,-0.0155582</row0>
          <row1>0.00436399,0.0160359,0.999861</row1>
          <row2>0.995615,0.0933600,-0.00584279</row2>
        </orientation>
      </transform>
      <snapped>true</snapped>
      <childlist count="15">
        <childid>16</childid>
        <childid>15</childid>
        <childid>14</childid>
        <childid>13</childid>
        <childid>12</childid>
        <childid>11</childid>
        <childid>10</childid>
        <childid>9</childid>
        <childid>8</childid>
        <childid>7</childid>
        <childid>6</childid>
        <childid>5</childid>
        <childid>4</childid>
        <childid>3</childid>
        <childid>2</childid>
      </childlist>
      <handles count="1">
        <weight channel="longer">0.0672240</weight>
      </handles>
    </blockref>
    <blockref>
      <blockid>Creature_parts~, ce_grasper_null</blockid>
      <transform>
        <basemusclescale>1.5</basemusclescale>
        <scale>1</scale>
        <position>-0.00286199,-0.0105179,-0.0558049</position>
        <triangledirection>0,0,-1</triangledirection>
        <trianglepickorigin>0,0,0</trianglepickorigin>
        <orientation>
          <row0>1,0,0</row0>
          <row1>0,0,-1</row1>
          <row2>0,1,0</row2>
        </orientation>
      </transform>
      <snapped>true</snapped>
    </blockref>
    <blockref>
      <blockid>flora_parts~, FE_leaf_16</blockid>
      <transform>
        <scale>1,454989</scale>
        <position>0.0575799,-0.0286689,0.757124</position>
        <triangledirection>0.0373106,-0.0703801,-0.996822</triangledirection>
        <trianglepickorigin>0,0,0</trianglepickorigin>
        <orientation>
          <row0>0.492223,0.870468,5.21540e-7</row0>
          <row1>-0.339361,0.191899,-0.920873</row1>
          <row2>-0.801592,0.453275,0.389860</row2>
        </orientation>
        <userorientation>
          <userorientation_row0>0.998845,0.0480500,0</userorientation_row0>
          <userorientation_row1>-0.0428989,0.891779,-0.450431</userorientation_row1>
          <userorientation_row2>-0.0216430,0.449910,0.892811</userorientation_row2>
        </userorientation>
      </transform>
      <snapped>false</snapped>
      <handles count="3">
        <weight channel="DeformAxisLeft">0.507967</weight>
        <weight channel="DeformAxisForward">0</weight>
        <weight channel="DeformAxisUp">1</weight>
      </handles>
    </blockref>
    <blockref>
      <blockid>flora_parts~, fe_detail_04</blockid>
      <transform>
        <scale>1,161830</scale>
        <position>0.181703,0.0597329,0.570219</position>
        <triangledirection>-0.786795,-0.167399,-0.594080</triangledirection>
        <trianglepickorigin>0,0,0</trianglepickorigin>
        <orientation>
          <row0>-0.253661,0.967293,3.20374e-7</row0>
          <row1>-0.914728,-0.239877,-0.325163</row1>
          <row2>-0.314528,-0.0824819,0.945657</row2>
        </orientation>
        <userorientation>
          <userorientation_row0>-0.998872,0.0445979,0.0162749</userorientation_row0>
          <userorientation_row1>0.0376549,0.953033,-0.300519</userorientation_row1>
          <userorientation_row2>-0.0289130,-0.299566,-0.953637</userorientation_row2>
        </userorientation>
      </transform>
      <snapped>false</snapped>
      <handles count="4">
        <weight channel="Stretch">0.68,2684</weight>
        <weight channel="Thicken">0.88,8049</weight>
        <weight channel="tweak_side">0.58,2224</weight>
        <weight channel="tweak_top_bottom">0.17,5899</weight>
      </handles>
    </blockref>
    <blockref>
      <blockid>flora_parts~, fe_detail_04</blockid>
      <transform>
        <scale>1,252320</scale>
        <position>0.152658,-0.220410,0.455862</position>
        <triangledirection>-0.465968,0.458762,-0.756578</triangledirection>
        <trianglepickorigin>0,0,0</trianglepickorigin>
        <orientation>
          <row0>0.816964,0.576688,2.68220e-7</row0>
          <row1>-0.465662,0.659680,-0.589897</row1>
          <row2>-0.340187,0.481925,0.807477</row2>
        </orientation>
        <userorientation>
          <userorientation_row0>-0.992561,-0.104269,0.0628480</userorientation_row0>
          <userorientation_row1>-0.116117,0.965925,-0.231314</userorientation_row1>
          <userorientation_row2>-0.0365869,-0.236891,-0.970847</userorientation_row2>
        </userorientation>
      </transform>
      <snapped>false</snapped>
      <handles count="4">
        <weight channel="Stretch">0.52,3226</weight>
        <weight channel="Thicken">0.93,3460</weight>
        <weight channel="tweak_side">0.60,2877</weight>
        <weight channel="tweak_top_bottom">0.17,5899</weight>
      </handles>
    </blockref>
    <blockref>
      <blockid>flora_parts~, fe_detail_04</blockid>
      <transform>
        <scale>1,252320</scale>
        <position>-0.125631,-0.118083,0.618256</position>
        <triangledirection>0.474330,0.694867,-0.540528</triangledirection>
        <trianglepickorigin>0,0,0</trianglepickorigin>
        <orientation>
          <row0>0.740202,-0.672384,0</row0>
          <row1>0.633803,0.697730,-0.333862</row1>
          <row2>0.224484,0.247126,0.942621</row2>
        </orientation>
        <userorientation>
          <userorientation_row0>-0.973923,-0.0650269,0.217358</userorientation_row0>
          <userorientation_row1>-0.116117,0.965925,-0.231314</userorientation_row1>
          <userorientation_row2>-0.194909,-0.250521,-0.948288</userorientation_row2>
        </userorientation>
      </transform>
      <snapped>false</snapped>
      <handles count="4">
        <weight channel="Stretch">0.50,2676</weight>
        <weight channel="Thicken">0.93,3460</weight>
        <weight channel="tweak_side">0.31,6197</weight>
        <weight channel="tweak_top_bottom">0.07,76030</weight>
      </handles>
    </blockref>
    <blockref>
      <blockid>flora_parts~, fe_detail_04</blockid>
      <transform>
        <scale>1,252320</scale>
        <position>-0.163231,0.159344,0.546515</position>
        <triangledirection>0.664809,-0.410385,-0.624189</triangledirection>
        <trianglepickorigin>0,0,0</trianglepickorigin>
        <orientation>
          <row0>-0.699939,-0.714202,5.51342e-7</row0>
          <row1>0.683735,-0.670081,-0.288955</row1>
          <row2>0.206373,-0.202251,0.957342</row2>
        </orientation>
        <userorientation>
          <userorientation_row0>-0.959381,-0.0680470,0.273784</userorientation_row0>
          <userorientation_row1>-0.172228,0.909909,-0.377362</userorientation_row1>
          <userorientation_row2>-0.223441,-0.409187,-0.884669</userorientation_row2>
        </userorientation>
      </transform>
      <snapped>false</snapped>
      <handles count="4">
        <weight channel="Stretch">0.502676</weight>
        <weight channel="Thicken">0.933460</weight>
        <weight channel="tweak_side">0.13,4415</weight>
        <weight channel="tweak_top_bottom">0.55,3118</weight>
      </handles>
    </blockref>
    <blockref>
      <blockid>flora_parts~, fe_detail_04</blockid>
      <transform>
        <scale>1,161830</scale>
        <position>0.0964199,0.208387,0.439045</position>
        <triangledirection>0.0992075,-0.698350,-0.708848</triangledirection>
        <trianglepickorigin>0,0,0</trianglepickorigin>
        <orientation>
          <row0>-0.937104,0.349048,-9.68575e-8</row0>
          <row1>-0.319035,-0.856527,-0.405679</row1>
          <row2>-0.141602,-0.380164,0.914015</row2>
        </orientation>
        <userorientation>
          <userorientation_row0>-0.941473,-0.312382,0.126673</userorientation_row0>
          <userorientation_row1>-0.336726,0.854071,-0.396458</userorientation_row1>
          <userorientation_row2>0.0156580,-0.415908,-0.909271</userorientation_row2>
        </userorientation>
      </transform>
      <snapped>false</snapped>
      <handles count="4">
        <weight channel="Stretch">0.68,2684</weight>
        <weight channel="Thicken">0.88,8049</weight>
        <weight channel="tweak_side">0.75,7010</weight>
        <weight channel="tweak_top_bottom">0.67,6617</weight>
      </handles>
    </blockref>
    <blockref>
      <blockid>flora_parts~, FE_leaf_21</blockid>
      <transform>
        <scale>1</scale>
        <position>-0.0550099,-0.281459,0.319977</position>
        <triangledirection>0.467168,0.876571,-0.115652</triangledirection>
        <trianglepickorigin>0,0,0</trianglepickorigin>
        <orientation>
          <row0>0.882493,-0.470324,-4.65661e-7</row0>
          <row1>0.467168,0.876571,-0.115652</row1>
          <row2>0.0543948,0.102062,0.993289</row2>
        </orientation>
        <userorientation>
          <userorientation_row0>0.906266,0,-0.422706</userorientation_row0>
          <userorientation_row1>0,1,0</userorientation_row1>
          <userorientation_row2>0.422706,0,0.906266</userorientation_row2>
        </userorientation>
      </transform>
      <snapped>false</snapped>
      <handles count="4">
        <weight channel="Bend_vert">0.740781</weight>
        <weight channel="Length">0.5</weight>
        <weight channel="tweak_sideways">0.422976</weight>
        <weight channel="WidthHeight">0.638894</weight>
      </handles>
    </blockref>
    <blockref>
      <blockid>flora_parts~, FE_leaf_21</blockid>
      <transform>
        <scale>1</scale>
        <position>-0.214450,0.0497479,0.261095</position>
        <triangledirection>0.972100,-0.229291,-0.0494543</triangledirection>
        <trianglepickorigin>0,0,0</trianglepickorigin>
        <orientation>
          <row0>-0.103313,-0.994648,-2.04890e-7</row0>
          <row1>0.980784,-0.101873,-0.166385</row1>
          <row2>0.165494,-0.0171899,0.986060</row2>
        </orientation>
        <userorientation>
          <userorientation_row0>0.988199,-0.116302,-0.0996849</userorientation_row0>
          <userorientation_row1>0.127633,0.985008,0.116053</userorientation_row1>
          <userorientation_row2>0.0846930,-0.127407,0.988228</userorientation_row2>
        </userorientation>
      </transform>
      <snapped>false</snapped>
      <handles count="4">
        <weight channel="Bend_vert">0.705735</weight>
        <weight channel="Length">0.427634</weight>
        <weight channel="tweak_sideways">0.723375</weight>
        <weight channel="WidthHeight">0.873373</weight>
      </handles>
    </blockref>
    <blockref>
      <blockid>flora_parts~, FE_leaf_21</blockid>
      <transform>
        <scale>0,927743</scale>
        <position>-0.105010,0.232077,0.267605</position>
        <triangledirection>0.541103,-0.840792,-0.0165489</triangledirection>
        <trianglepickorigin>0,0,0</trianglepickorigin>
        <orientation>
          <row0>-0.840908,-0.541178,1.38301e-7</row0>
          <row1>0.541103,-0.840792,-0.0165489</row1>
          <row2>0.00895607,-0.0139161,0.999863</row2>
        </orientation>
        <userorientation>
          <userorientation_row0>0.994951,0,-0.100365</userorientation_row0>
          <userorientation_row1>0,1,0</userorientation_row1>
          <userorientation_row2>0.100365,0,0.994951</userorientation_row2>
        </userorientation>
      </transform>
      <snapped>false</snapped>
      <handles count="4">
        <weight channel="Bend_vert">0.745962</weight>
        <weight channel="Length">0.549864</weight>
        <weight channel="tweak_sideways">0.473913</weight>
        <weight channel="WidthHeight">0.891726</weight>
      </handles>
    </blockref>
    <blockref>
      <blockid>flora_parts~, FE_leaf_21</blockid>
      <transform>
        <scale>0,927743</scale>
        <position>0.234103,0.177562,0.251574</position>
        <triangledirection>-0.739913,-0.653578,-0.159254</triangledirection>
        <trianglepickorigin>0,0,0</trianglepickorigin>
        <orientation>
          <row0>-0.662028,0.749479,-1.49011e-8</row0>
          <row1>-0.739913,-0.653578,-0.159254</row1>
          <row2>-0.119358,-0.105431,0.987237</row2>
        </orientation>
        <userorientation>
          <userorientation_row0>0.994951,0,-0.100365</userorientation_row0>
          <userorientation_row1>0,1,0</userorientation_row1>
          <userorientation_row2>0.100365,0,0.994951</userorientation_row2>
        </userorientation>
      </transform>
      <snapped>false</snapped>
      <handles count="4">
        <weight channel="Bend_vert">0.660034</weight>
        <weight channel="Length">0.426217</weight>
        <weight channel="tweak_sideways">0.334987</weight>
        <weight channel="WidthHeight">0.891726</weight>
      </handles>
    </blockref>
    <blockref>
      <blockid>flora_parts~, FE_leaf_21</blockid>
      <transform>
        <scale>0,927743</scale>
        <position>0.258719,-0.203123,0.226600</position>
        <triangledirection>-0.594531,0.783915,-0.178910</triangledirection>
        <trianglepickorigin>0,0,0</trianglepickorigin>
        <orientation>
          <row0>0.573946,0.818893,4.47034e-8</row0>
          <row1>-0.807995,0.566308,0.162599</row1>
          <row2>0.133151,-0.0933231,0.986692</row2>
        </orientation>
        <userorientation>
          <userorientation_row0>0.947756,-0.318993,-0.00172599</userorientation_row0>
          <userorientation_row1>0.300714,0.895226,-0.328850</userorientation_row1>
          <userorientation_row2>0.106445,0.311150,0.944381</userorientation_row2>
        </userorientation>
      </transform>
      <snapped>false</snapped>
      <handles count="4">
        <weight channel="Bend_vert">0.662386</weight>
        <weight channel="Length">0.451249</weight>
        <weight channel="tweak_sideways">0.334987</weight>
        <weight channel="WidthHeight">0.891726</weight>
      </handles>
    </blockref>
    <blockref>
      <blockid>flora_parts~, fe_cap_02a</blockid>
      <transform>
        <scale>1</scale>
        <position>0.0852580,0.275673,0.227393</position>
        <triangledirection>-0.229314,-0.856359,-0.462671</triangledirection>
        <trianglepickorigin>0,0,0</trianglepickorigin>
        <orientation>
          <row0>-0.957872,0.287194,-1.22934e-7</row0>
          <row1>-0.285263,-0.951432,-0.115759</row1>
          <row2>-0.0332457,-0.110883,0.993277</row2>
        </orientation>
        <userorientation>
          <userorientation_row0>0.999603,0.0281419,0</userorientation_row0>
          <userorientation_row1>-0.0262879,0.933742,-0.356981</userorientation_row1>
          <userorientation_row2>-0.0100459,0.356840,0.934112</userorientation_row2>
        </userorientation>
      </transform>
      <snapped>false</snapped>
    </blockref>
    <blockref>
      <blockid>flora_parts~, fe_cap_02a</blockid>
      <transform>
        <scale>1</scale>
        <position>0.294991,-0.0849709,0.248252</position>
        <triangledirection>-0.932755,0.123513,-0.338691</triangledirection>
        <trianglepickorigin>0,0,0</trianglepickorigin>
        <orientation>
          <row0>0.158918,0.987291,-2.85450e-7</row0>
          <row1>-0.987103,0.158887,0.0195149</row1>
          <row2>0.0192670,-0.00310100,0.999809</row2>
        </orientation>
        <userorientation>
          <userorientation_row0>0.999603,0.0281419,0</userorientation_row0>
          <userorientation_row1>-0.0262879,0.933742,-0.356981</userorientation_row1>
          <userorientation_row2>-0.0100459,0.356840,0.934112</userorientation_row2>
        </userorientation>
      </transform>
      <snapped>false</snapped>
    </blockref>
    <blockref>
      <blockid>flora_parts~, fe_cap_02a</blockid>
      <transform>
        <scale>1</scale>
        <position>-0.163018,-0.183921,0.241647</position>
        <triangledirection>0.847625,0.424282,-0.318614</triangledirection>
        <trianglepickorigin>0,0,0</trianglepickorigin>
        <orientation>
          <row0>0.494974,-0.868907,-3.91155e-8</row0>
          <row1>0.868182,0.494561,0.0408359</row1>
          <row2>-0.0354826,-0.0202128,0.999165</row2>
        </orientation>
        <userorientation>
          <userorientation_row0>0.998654,-0.0439509,0.0275299</userorientation_row0>
          <userorientation_row1>0.0508909,0.932716,-0.357001</userorientation_row1>
          <userorientation_row2>-0.00998699,0.357922,0.933697</userorientation_row2>
        </userorientation>
      </transform>
      <snapped>false</snapped>
    </blockref>
  </blocks></sporemodel>