spore0005438f6347406662006b0abd01d816b417ffffffffffffffff0000000ebfdb7e6b06KChangfffffffffffffffe04Mump0000000<?xml version="1.0" encoding="UTF-8"?><sporemodel>
  <properties>
    <modeltype>PlantSmall</modeltype>
    <skineffectseed1>4660</skineffectseed1>
    <skineffectseed2>34825094</skineffectseed2>
    <skineffectseed3>98326</skineffectseed3>
    <skincolor1>0.576469,0.549019,0.184312</skincolor1>
    <skincolor2>0.262744,0.443136,0.443136</skincolor2>
    <skincolor3>0.674509,0.850979,0.427451</skincolor3>
    <zcorpscore>75</zcorpscore>
  </properties>
  <blocks count="7">
    <blockref>
      <blockid>flora_parts~, fe_root_dummy</blockid>
      <transform>
        <scale>1</scale>
        <position>-0.000128881,0.000277510,0.600000</position>
        <triangledirection>0,1,0</triangledirection>
        <trianglepickorigin>0,0,0</trianglepickorigin>
        <orientation>
          <row0>1,0,0</row0>
          <row1>0,1,0</row1>
          <row2>0,0,1</row2>
        </orientation>
      </transform>
      <snapped>false</snapped>
      <childlist count="1">
        <childid>1</childid>
      </childlist>
    </blockref>
    <blockref>
      <blockid>flora_parts~, FE_muscle_branch_04</blockid>
      <transform>
        <limbtype>0</limbtype>
        <musclescale>1</musclescale>
        <basemusclescale>0.900000</basemusclescale>
        <scale>1</scale>
        <position>-0.000128881,0.000277510,0.600000</position>
        <triangledirection>-0.0537300,0.115696,0.991830</triangledirection>
        <trianglepickorigin>0,0,0</trianglepickorigin>
        <orientation>
          <row0>-0.559207,-0.826388,0.0661037</row0>
          <row1>-0.0537300,0.115696,0.991830</row1>
          <row2>-0.827285,0.551086,-0.109099</row2>
        </orientation>
      </transform>
      <snapped>true</snapped>
      <childlist count="2">
        <childid>3</childid>
        <childid>2</childid>
      </childlist>
      <handles count="1">
        <weight channel="longer">0.141145</weight>
      </handles>
    </blockref>
    <blockref>
      <blockid>Creature_parts~, ce_grasper_null</blockid>
      <transform>
        <basemusclescale>2</basemusclescale>
        <scale>1</scale>
        <position>0.0600400,-0.129282,-0.510678</position>
        <triangledirection>-0.258577,-0.209103,0.943087</triangledirection>
        <trianglepickorigin>0,0,0</trianglepickorigin>
        <orientation>
          <row0>0.00947041,-0.976792,-0.213979</row0>
          <row1>-0.258577,-0.209103,0.943087</row1>
          <row2>-0.965944,0.0463987,-0.254556</row2>
        </orientation>
      </transform>
      <snapped>true</snapped>
    </blockref>
    <blockref>
      <blockid>flora_parts~, FE_leaf_14</blockid>
      <transform>
        <scale>1,161830</scale>
        <position>0.000850117,-0.00489247,0.766690</position>
        <triangledirection>-0.0160679,0.00927799,-0.999827</triangledirection>
        <trianglepickorigin>0,0,0</trianglepickorigin>
        <orientation>
          <row0>0.500031,0.866007,3.45520e-7</row0>
          <row1>-0.0160679,0.00927799,-0.999827</row1>
          <row2>-0.865858,0.499945,0.0185542</row2>
        </orientation>
      </transform>
      <snapped>false</snapped>
      <childlist count="3">
        <childid>6</childid>
        <childid>5</childid>
        <childid>4</childid>
      </childlist>
      <handles count="4">
        <weight channel="DeformForwardb">0.0255128</weight>
        <weight channel="DeformAxisForward">0</weight>
        <weight channel="DeformAxisLeft">1</weight>
        <weight channel="DeformAxisUp">0.283299</weight>
      </handles>
    </blockref>
    <blockref>
      <blockid>flora_parts~, fe_cap_05a</blockid>
      <transform>
        <scale>1</scale>
        <position>0.0490670,0.366263,0.827436</position>
        <triangledirection>-0.129436,-0.223959,0.965965</triangledirection>
        <trianglepickorigin>0,0,0</trianglepickorigin>
        <orientation>
          <row0>-0.865803,0.500383,-7.30156e-7</row0>
          <row1>-0.129436,-0.223959,0.965965</row1>
          <row2>0.483353,0.836336,0.258672</row2>
        </orientation>
      </transform>
      <snapped>false</snapped>
    </blockref>
    <blockref>
      <blockid>flora_parts~, fe_cap_05a</blockid>
      <transform>
        <scale>1</scale>
        <position>0.0571080,-0.274185,0.835972</position>
        <triangledirection>-0.144882,0.316761,0.937374</triangledirection>
        <trianglepickorigin>0,0,0</trianglepickorigin>
        <orientation>
          <row0>0.909390,0.415944,-6.33299e-7</row0>
          <row1>-0.144882,0.316761,0.937374</row1>
          <row2>0.389895,-0.852439,0.348322</row2>
        </orientation>
      </transform>
      <snapped>false</snapped>
    </blockref>
    <blockref>
      <blockid>flora_parts~, fe_cap_05a</blockid>
      <transform>
        <scale>1</scale>
        <position>-0.292270,0.0776735,0.790944</position>
        <triangledirection>0.199382,0.0479880,0.978746</triangledirection>
        <trianglepickorigin>0,0,0</trianglepickorigin>
        <orientation>
          <row0>0.234000,-0.972236,1.71363e-7</row0>
          <row1>0.199382,0.0479880,0.978746</row1>
          <row2>-0.951572,-0.229027,0.205075</row2>
        </orientation>
      </transform>
      <snapped>false</snapped>
    </blockref>
  </blocks></sporemodel>