spore0005438f6347406662006a0abbe9d816b417ffffffffffffffff0000000ebfdb7e6706KChangfffffffffffffffe07Grupper0000000<?xml version="1.0" encoding="UTF-8"?><sporemodel>
  <properties>
    <modeltype>PlantLarge</modeltype>
    <skineffectseed1>1234</skineffectseed1>
    <skineffectseed2>34825094</skineffectseed2>
    <skineffectseed3>1234</skineffectseed3>
    <skincolor1>0.443136,0.419607,0.141176</skincolor1>
    <skincolor2>0.443136,0.223528,0.141176</skincolor2>
    <skincolor3>0.803921,0.627451,0.258823</skincolor3>
    <zcorpscore>7</zcorpscore>
  </properties>
  <blocks count="46">
    <blockref>
      <blockid>flora_parts~, fe_root_dummy</blockid>
      <transform>
        <scale>1</scale>
        <position>-0.00659084,0.0108418,0.600000</position>
        <triangledirection>0,1,0</triangledirection>
        <trianglepickorigin>0,0,0</trianglepickorigin>
        <orientation>
          <row0>1,0,0</row0>
          <row1>0,1,0</row1>
          <row2>0,0,1</row2>
        </orientation>
      </transform>
      <snapped>false</snapped>
      <childlist count="2">
        <childid>7</childid>
        <childid>1</childid>
      </childlist>
    </blockref>
    <blockref>
      <blockid>flora_parts~, FE_muscle_branch_04</blockid>
      <transform>
        <limbtype>0</limbtype>
        <musclescale>0.975000</musclescale>
        <basemusclescale>1.25</basemusclescale>
        <scale>1</scale>
        <position>-0.00659084,0.0108418,0.600000</position>
        <triangledirection>0.151946,-0.420705,0.894382</triangledirection>
        <trianglepickorigin>0,0,0</trianglepickorigin>
        <orientation>
          <row0>-0.648172,-0.725555,-0.231174</row0>
          <row1>0.151946,-0.420705,0.894382</row1>
          <row2>-0.746180,0.544587,0.382935</row2>
        </orientation>
      </transform>
      <snapped>true</snapped>
      <childlist count="1">
        <childid>2</childid>
      </childlist>
      <handles count="1">
        <weight channel="longer">0.141145</weight>
      </handles>
    </blockref>
    <blockref>
      <blockid>Creature_parts~, ce_grasper_null</blockid>
      <transform>
        <basemusclescale>0.800000</basemusclescale>
        <scale>1</scale>
        <position>-0.176743,0.481959,-0.401551</position>
        <triangledirection>-0.258577,-0.209103,0.943087</triangledirection>
        <trianglepickorigin>0,0,0</trianglepickorigin>
        <orientation>
          <row0>0.00947051,-0.976792,-0.213979</row0>
          <row1>-0.258577,-0.209103,0.943087</row1>
          <row2>-0.965944,0.0463986,-0.254556</row2>
        </orientation>
      </transform>
      <snapped>true</snapped>
    </blockref>
    <blockref>
      <blockid>flora_parts~, FE_muscle_branch_04</blockid>
      <transform>
        <limbtype>0</limbtype>
        <musclescale>0.5</musclescale>
        <basemusclescale>1.849998</basemusclescale>
        <scale>1</scale>
        <position>-0.471794,-0.179372,1.746966</position>
        <triangledirection>-0.566443,0.528178,0.632588</triangledirection>
        <trianglepickorigin>0,0,0</trianglepickorigin>
        <orientation>
          <row0>-0.790508,-0.565171,-0.235961</row0>
          <row1>-0.566443,0.528178,0.632588</row1>
          <row2>-0.232891,0.633725,-0.737667</row2>
        </orientation>
      </transform>
      <snapped>true</snapped>
      <childlist count="2">
        <childid>20</childid>
        <childid>4</childid>
      </childlist>
      <handles count="1">
        <weight channel="longer">0.101773</weight>
      </handles>
    </blockref>
    <blockref>
      <blockid>flora_parts~, FE_muscle_branch_03</blockid>
      <transform>
        <limbtype>0</limbtype>
        <musclescale>0.5</musclescale>
        <basemusclescale>1.449998</basemusclescale>
        <scale>1</scale>
        <position>0.0225557,-0.640328,1.194888</position>
        <triangledirection>-0.349104,0.0303462,0.936592</triangledirection>
        <trianglepickorigin>0,0,0</trianglepickorigin>
        <orientation>
          <row0>-0.852392,-0.425501,-0.303933</row0>
          <row1>-0.349104,0.0303462,0.936592</row1>
          <row2>-0.389298,0.904448,-0.174411</row2>
        </orientation>
      </transform>
      <snapped>true</snapped>
      <childlist count="3">
        <childid>19</childid>
        <childid>18</childid>
        <childid>5</childid>
      </childlist>
      <handles count="1">
        <weight channel="longer">0.268615</weight>
      </handles>
    </blockref>
    <blockref>
      <blockid>Creature_parts~, ce_grasper_null</blockid>
      <transform>
        <basemusclescale>1.199998</basemusclescale>
        <scale>1</scale>
        <position>0.692778,-0.698588,-0.603212</position>
        <triangledirection>-0.746194,-0.620740,0.240571</triangledirection>
        <trianglepickorigin>0,0,0</trianglepickorigin>
        <orientation>
          <row0>0.136554,-0.496399,-0.857286</row0>
          <row1>-0.746194,-0.620740,0.240571</row1>
          <row2>-0.651572,0.606851,-0.455175</row2>
        </orientation>
      </transform>
      <snapped>true</snapped>
    </blockref>
    <blockref>
      <blockid>flora_parts~, fe_muscle_branch_01</blockid>
      <transform>
        <limbtype>0</limbtype>
        <musclescale>0.325000</musclescale>
        <basemusclescale>2.549998</basemusclescale>
        <scale>1</scale>
        <position>-1.443881,-0.446489,8.484674</position>
        <triangledirection>-0.308375,0.628961,-0.713660</triangledirection>
        <trianglepickorigin>0,0,0</trianglepickorigin>
        <orientation>
          <row0>0.948463,0.260826,-0.179963</row0>
          <row1>-0.308375,0.628961,-0.713660</row1>
          <row2>-0.0729516,0.732377,0.676979</row2>
        </orientation>
      </transform>
      <snapped>true</snapped>
      <childlist count="2">
        <childid>36</childid>
        <childid>13</childid>
      </childlist>
      <handles count="1">
        <weight channel="longer">0.326046</weight>
      </handles>
    </blockref>
    <blockref>
      <blockid>flora_parts~, fe_muscle_branch_01</blockid>
      <transform>
        <limbtype>0</limbtype>
        <musclescale>0.5</musclescale>
        <basemusclescale>1.25</basemusclescale>
        <scale>1</scale>
        <position>-0.00659084,0.0108418,0.600000</position>
        <triangledirection>0.371495,0.151898,-0.915925</triangledirection>
        <trianglepickorigin>0,0,0</trianglepickorigin>
        <orientation>
          <row0>0.927631,-0.0196774,0.372979</row0>
          <row1>0.371495,0.151898,-0.915925</row1>
          <row2>-0.0386318,0.988200,0.148215</row2>
        </orientation>
      </transform>
      <snapped>true</snapped>
      <childlist count="5">
        <childid>24</childid>
        <childid>22</childid>
        <childid>9</childid>
        <childid>8</childid>
        <childid>3</childid>
      </childlist>
      <handles count="1">
        <weight channel="longer">0.162245</weight>
      </handles>
    </blockref>
    <blockref>
      <blockid>flora_parts~, fe_muscle_branch_01</blockid>
      <transform>
        <limbtype>0</limbtype>
        <musclescale>0.5</musclescale>
        <basemusclescale>1.849998</basemusclescale>
        <scale>1</scale>
        <position>-0.471793,-0.179373,1.746968</position>
        <triangledirection>0.268117,0.286343,-0.919848</triangledirection>
        <trianglepickorigin>0,0,0</trianglepickorigin>
        <orientation>
          <row0>0.945940,0.102636,0.307672</row0>
          <row1>0.268117,0.286343,-0.919848</row1>
          <row2>-0.182510,0.952614,0.243344</row2>
        </orientation>
      </transform>
      <snapped>true</snapped>
      <childlist count="3">
        <childid>31</childid>
        <childid>12</childid>
        <childid>11</childid>
      </childlist>
      <handles count="1">
        <weight channel="longer">0.416301</weight>
      </handles>
    </blockref>
    <blockref>
      <blockid>flora_parts~, FE_muscle_branch_04</blockid>
      <transform>
        <limbtype>0</limbtype>
        <musclescale>0.0249998</musclescale>
        <basemusclescale>1.849998</basemusclescale>
        <scale>1</scale>
        <position>-0.471793,-0.179373,1.746968</position>
        <triangledirection>0.416114,0.0357570,0.908609</triangledirection>
        <trianglepickorigin>0,0,0</trianglepickorigin>
        <orientation>
          <row0>-0.904596,0.117913,0.409636</row0>
          <row1>0.416114,0.0357570,0.908609</row1>
          <row2>0.0924899,0.992379,-0.0814111</row2>
        </orientation>
      </transform>
      <snapped>true</snapped>
      <childlist count="4">
        <childid>26</childid>
        <childid>21</childid>
        <childid>17</childid>
        <childid>10</childid>
      </childlist>
      <handles count="1">
        <weight channel="longer">0.358294</weight>
      </handles>
    </blockref>
    <blockref>
      <blockid>Creature_parts~, ce_grasper_null</blockid>
      <transform>
        <basemusclescale>1</basemusclescale>
        <scale>1</scale>
        <position>-1.504860,-0.268143,-0.508791</position>
        <triangledirection>0.371494,0.151896,-0.915925</triangledirection>
        <trianglepickorigin>0,0,0</trianglepickorigin>
        <orientation>
          <row0>0.927631,-0.0196759,0.372978</row0>
          <row1>0.371494,0.151896,-0.915925</row1>
          <row2>-0.0386323,0.988200,0.148213</row2>
        </orientation>
      </transform>
      <snapped>true</snapped>
    </blockref>
    <blockref>
      <blockid>flora_parts~, FE_muscle_branch_04</blockid>
      <transform>
        <limbtype>0</limbtype>
        <musclescale>1</musclescale>
        <basemusclescale>1.949998</basemusclescale>
        <scale>1</scale>
        <position>-1.235045,-0.994507,4.365506</position>
        <triangledirection>-0.814643,-0.0448638,-0.578224</triangledirection>
        <trianglepickorigin>0,0,0</trianglepickorigin>
        <orientation>
          <row0>0.432266,0.617722,-0.656935</row0>
          <row1>-0.814643,-0.0448638,-0.578224</row1>
          <row2>-0.386654,0.785115,0.483829</row2>
        </orientation>
      </transform>
      <snapped>true</snapped>
      <childlist count="2">
        <childid>37</childid>
        <childid>32</childid>
      </childlist>
      <handles count="1">
        <weight channel="longer">0.662404</weight>
      </handles>
    </blockref>
    <blockref>
      <blockid>flora_parts~, FE_muscle_branch_04</blockid>
      <transform>
        <limbtype>0</limbtype>
        <musclescale>0.625</musclescale>
        <basemusclescale>1.949998</basemusclescale>
        <scale>1</scale>
        <position>-1.235045,-0.994507,4.365506</position>
        <triangledirection>0.0673619,-0.310173,-0.948290</triangledirection>
        <trianglepickorigin>0,0,0</trianglepickorigin>
        <orientation>
          <row0>0.993131,0.111982,0.0339192</row0>
          <row1>0.0673619,-0.310173,-0.948290</row1>
          <row2>-0.0956709,0.944061,-0.315586</row2>
        </orientation>
      </transform>
      <snapped>true</snapped>
      <childlist count="2">
        <childid>35</childid>
        <childid>23</childid>
      </childlist>
      <handles count="1">
        <weight channel="longer">0.456178</weight>
      </handles>
    </blockref>
    <blockref>
      <blockid>flora_parts~, FE_muscle_branch_04</blockid>
      <transform>
        <limbtype>0</limbtype>
        <musclescale>0.5</musclescale>
        <basemusclescale>1.499998</basemusclescale>
        <scale>1</scale>
        <position>-0.740702,-1.880690,10.112014</position>
        <triangledirection>0.0280554,0.256846,-0.966045</triangledirection>
        <trianglepickorigin>0,0,0</trianglepickorigin>
        <orientation>
          <row0>0.999481,-0.0224682,0.0230527</row0>
          <row1>0.0280554,0.256846,-0.966045</row1>
          <row2>0.0157842,0.966191,0.257343</row2>
        </orientation>
      </transform>
      <snapped>true</snapped>
      <childlist count="2">
        <childid>15</childid>
        <childid>14</childid>
      </childlist>
      <handles count="1">
        <weight channel="longer">0.0745858</weight>
      </handles>
    </blockref>
    <blockref>
      <blockid>Creature_parts~, ce_grasper_null</blockid>
      <transform>
        <basemusclescale>1.649998</basemusclescale>
        <scale>1</scale>
        <position>-0.760401,-2.061022,10.790276</position>
        <triangledirection>-0.340076,0.168386,-0.925199</triangledirection>
        <trianglepickorigin>0,0,0</trianglepickorigin>
        <orientation>
          <row0>0.935822,-0.0363370,-0.350594</row0>
          <row1>-0.340076,0.168386,-0.925199</row1>
          <row2>0.0926542,0.985051,0.145222</row2>
        </orientation>
      </transform>
      <snapped>true</snapped>
    </blockref>
    <blockref>
      <blockid>flora_parts~, FE_leaf_14</blockid>
      <transform>
        <scale>5,390381</scale>
        <position>-0.735634,-2.052603,10.796660</position>
        <triangledirection>-0.120906,0.105748,-0.987015</triangledirection>
        <trianglepickorigin>0,0,0</trianglepickorigin>
        <orientation>
          <row0>-0.713937,0.681572,0.160477</row0>
          <row1>-0.120906,0.105748,-0.987015</row1>
          <row2>-0.689692,-0.724069,0.00690877</row2>
        </orientation>
      </transform>
      <snapped>false</snapped>
      <childlist count="3">
        <childid>42</childid>
        <childid>41</childid>
        <childid>40</childid>
      </childlist>
      <handles count="4">
        <weight channel="DeformForwardb">0.227931</weight>
        <weight channel="DeformAxisForward">0</weight>
        <weight channel="DeformAxisLeft">0.908546</weight>
        <weight channel="DeformAxisUp">0.392864</weight>
      </handles>
    </blockref>
    <blockref>
      <blockid>flora_parts~, FE_leaf_14</blockid>
      <transform>
        <scale>3,993304</scale>
        <position>2.773084,-1.898758,8.505376</position>
        <triangledirection>-0.418939,0.260361,-0.869886</triangledirection>
        <trianglepickorigin>0,0,0</trianglepickorigin>
        <orientation>
          <row0>0.527848,0.849338,-1.66893e-6</row0>
          <row1>-0.418939,0.260361,-0.869886</row1>
          <row2>-0.738827,0.459168,0.493252</row2>
        </orientation>
      </transform>
      <snapped>false</snapped>
      <childlist count="2">
        <childid>44</childid>
        <childid>43</childid>
      </childlist>
      <handles count="4">
        <weight channel="DeformForwardb">0.227931</weight>
        <weight channel="DeformAxisForward">0</weight>
        <weight channel="DeformAxisLeft">0.908546</weight>
        <weight channel="DeformAxisUp">0.392864</weight>
      </handles>
    </blockref>
    <blockref>
      <blockid>flora_parts~, fe_detail_04</blockid>
      <transform>
        <scale>0,860706</scale>
        <position>-0.792822,-0.00782314,1.397499</position>
        <triangledirection>0.628451,-0.636768,-0.446736</triangledirection>
        <trianglepickorigin>0,0,0</trianglepickorigin>
        <orientation>
          <row0>-0.947389,-0.320082,2.38418e-7</row0>
          <row1>0.311845,-0.923009,-0.225400</row1>
          <row2>0.0721468,-0.213541,0.974266</row2>
        </orientation>
        <userorientation>
          <userorientation_row0>-0.544089,1.49011e-8,0.839026</userorientation_row0>
          <userorientation_row1>-0.391570,0.884418,-0.253922</userorientation_row1>
          <userorientation_row2>-0.742051,-0.466695,-0.481202</userorientation_row2>
        </userorientation>
      </transform>
      <snapped>false</snapped>
      <handles count="4">
        <weight channel="Stretch">1</weight>
        <weight channel="Thicken">0.89,1438</weight>
        <weight channel="tweak_side">0</weight>
        <weight channel="tweak_top_bottom">0.72,9422</weight>
      </handles>
    </blockref>
    <blockref>
      <blockid>flora_parts~, fe_detail_04</blockid>
      <transform>
        <scale>1</scale>
        <position>0.209660,-0.692877,1.126129</position>
        <triangledirection>-0.906312,0.0842165,-0.414132</triangledirection>
        <trianglepickorigin>0,0,0</trianglepickorigin>
        <orientation>
          <row0>0.0925236,0.995710,-6.33299e-8</row0>
          <row1>-0.906312,0.0842165,-0.414132</row1>
          <row2>-0.412355,0.0383170,0.910216</row2>
        </orientation>
        <userorientation>
          <userorientation_row0>-0.730317,0,-0.683107</userorientation_row0>
          <userorientation_row1>0,1,0</userorientation_row1>
          <userorientation_row2>0.683107,0,-0.730317</userorientation_row2>
        </userorientation>
      </transform>
      <snapped>false</snapped>
      <handles count="4">
        <weight channel="Stretch">1</weight>
        <weight channel="Thicken">0.891438</weight>
        <weight channel="tweak_side">0</weight>
        <weight channel="tweak_top_bottom">0.21,7035</weight>
      </handles>
    </blockref>
    <blockref>
      <blockid>flora_parts~, fe_detail_04</blockid>
      <transform>
        <scale>1</scale>
        <position>0.332895,-0.858507,0.503962</position>
        <triangledirection>-0.314361,0.947389,0.0602555</triangledirection>
        <trianglepickorigin>0,0,0</trianglepickorigin>
        <orientation>
          <row0>0.949113,0.314933,5.40167e-8</row0>
          <row1>-0.314361,0.947389,0.0602555</row1>
          <row2>0.0189764,-0.0571893,0.998183</row2>
        </orientation>
        <userorientation>
          <userorientation_row0>-0.0880149,0,0.996119</userorientation_row0>
          <userorientation_row1>0,1,0</userorientation_row1>
          <userorientation_row2>-0.996119,0,-0.0880149</userorientation_row2>
        </userorientation>
      </transform>
      <snapped>false</snapped>
      <handles count="4">
        <weight channel="Stretch">1</weight>
        <weight channel="Thicken">0.98,4935</weight>
        <weight channel="tweak_side">0</weight>
        <weight channel="tweak_top_bottom">0.74,0742</weight>
      </handles>
    </blockref>
    <blockref>
      <blockid>flora_parts~, fe_detail_04</blockid>
      <transform>
        <scale>0,927743</scale>
        <position>-0.286527,-0.482362,1.781207</position>
        <triangledirection>-0.423165,0.779461,-0.461920</triangledirection>
        <trianglepickorigin>0,0,0</trianglepickorigin>
        <orientation>
          <row0>0.878839,0.477117,2.98023e-7</row0>
          <row1>-0.423165,0.779461,-0.461920</row1>
          <row2>-0.220390,0.405953,0.886921</row2>
        </orientation>
        <userorientation>
          <userorientation_row0>0.601956,0,-0.798529</userorientation_row0>
          <userorientation_row1>0,1,0</userorientation_row1>
          <userorientation_row2>0.798529,0,0.601956</userorientation_row2>
        </userorientation>
      </transform>
      <snapped>false</snapped>
      <handles count="4">
        <weight channel="Stretch">1</weight>
        <weight channel="Thicken">0.89,1438</weight>
        <weight channel="tweak_side">0</weight>
        <weight channel="tweak_top_bottom">0.45,3185</weight>
      </handles>
    </blockref>
    <blockref>
      <blockid>flora_parts~, fe_detail_04</blockid>
      <transform>
        <scale>0,860706</scale>
        <position>-1.146992,0.0339258,0.404452</position>
        <triangledirection>0.598667,-0.761155,-0.249479</triangledirection>
        <trianglepickorigin>0,0,0</trianglepickorigin>
        <orientation>
          <row0>-0.786008,-0.618215,6.70552e-7</row0>
          <row1>0.598667,-0.761155,-0.249479</row1>
          <row2>0.154232,-0.196092,0.968380</row2>
        </orientation>
        <userorientation>
          <userorientation_row0>0.601956,0,-0.798529</userorientation_row0>
          <userorientation_row1>0,1,0</userorientation_row1>
          <userorientation_row2>0.798529,0,0.601956</userorientation_row2>
        </userorientation>
      </transform>
      <snapped>false</snapped>
      <handles count="4">
        <weight channel="Stretch">1</weight>
        <weight channel="Thicken">0.891438</weight>
        <weight channel="tweak_side">0</weight>
        <weight channel="tweak_top_bottom">0.71,2880</weight>
      </handles>
    </blockref>
    <blockref>
      <blockid>flora_parts~, fe_detail_04</blockid>
      <transform>
        <scale>0,798515</scale>
        <position>-0.0291149,0.272197,0.568190</position>
        <triangledirection>-0.191364,-0.981097,0.0287568</triangledirection>
        <trianglepickorigin>0,0,0</trianglepickorigin>
        <orientation>
          <row0>-0.981503,0.191443,1.35041e-8</row0>
          <row1>-0.191364,-0.981097,0.0287568</row1>
          <row2>0.00550531,0.0282249,0.999586</row2>
        </orientation>
        <userorientation>
          <userorientation_row0>0.192049,0,0.981384</userorientation_row0>
          <userorientation_row1>0,1,0</userorientation_row1>
          <userorientation_row2>-0.981384,0,0.192049</userorientation_row2>
        </userorientation>
      </transform>
      <snapped>false</snapped>
      <handles count="4">
        <weight channel="Stretch">1</weight>
        <weight channel="Thicken">0.891438</weight>
        <weight channel="tweak_side">0</weight>
        <weight channel="tweak_top_bottom">0.453185</weight>
      </handles>
    </blockref>
    <blockref>
      <blockid>flora_parts~, FE_muscle_branch_04</blockid>
      <transform>
        <limbtype>0</limbtype>
        <musclescale>0.600000</musclescale>
        <basemusclescale>1.849998</basemusclescale>
        <scale>1</scale>
        <position>-1.443663,-0.0339046,7.302346</position>
        <triangledirection>0.000173923,0.329474,-0.944164</triangledirection>
        <trianglepickorigin>0,0,0</trianglepickorigin>
        <orientation>
          <row0>0.994162,0.101815,0.0357125</row0>
          <row1>0.000173923,0.329474,-0.944164</row1>
          <row2>-0.107897,0.938658,0.327533</row2>
        </orientation>
      </transform>
      <snapped>true</snapped>
      <childlist count="2">
        <childid>25</childid>
        <childid>6</childid>
      </childlist>
      <handles count="1">
        <weight channel="longer">0.162245</weight>
      </handles>
    </blockref>
    <blockref>
      <blockid>flora_parts~, fe_detail_04</blockid>
      <transform>
        <scale>0,860706</scale>
        <position>-0.197655,0.0731373,1.460523</position>
        <triangledirection>-0.356770,-0.817038,-0.452949</triangledirection>
        <trianglepickorigin>0,0,0</trianglepickorigin>
        <orientation>
          <row0>-0.916439,0.400174,5.66244e-7</row0>
          <row1>-0.356770,-0.817038,-0.452949</row1>
          <row2>-0.181258,-0.415100,0.891536</row2>
        </orientation>
        <userorientation>
          <userorientation_row0>0.192049,0,0.981384</userorientation_row0>
          <userorientation_row1>0,1,0</userorientation_row1>
          <userorientation_row2>-0.981384,0,0.192049</userorientation_row2>
        </userorientation>
      </transform>
      <snapped>false</snapped>
      <handles count="4">
        <weight channel="Stretch">1</weight>
        <weight channel="Thicken">0.891438</weight>
        <weight channel="tweak_side">0</weight>
        <weight channel="tweak_top_bottom">0.453185</weight>
      </handles>
    </blockref>
    <blockref>
      <blockid>flora_parts~, FE_muscle_branch_04</blockid>
      <transform>
        <limbtype>0</limbtype>
        <musclescale>0.5</musclescale>
        <basemusclescale>2.549998</basemusclescale>
        <scale>1</scale>
        <position>-1.443881,-0.446489,8.484674</position>
        <triangledirection>-0.165321,-0.688975,-0.705677</triangledirection>
        <trianglepickorigin>0,0,0</trianglepickorigin>
        <orientation>
          <row0>0.965896,0.0314698,-0.257008</row0>
          <row1>-0.165321,-0.688975,-0.705677</row1>
          <row2>-0.199280,0.724100,-0.660276</row2>
        </orientation>
      </transform>
      <snapped>true</snapped>
      <childlist count="2">
        <childid>34</childid>
        <childid>27</childid>
      </childlist>
      <handles count="1">
        <weight channel="longer">0.437305</weight>
      </handles>
    </blockref>
    <blockref>
      <blockid>flora_parts~, fe_detail_04</blockid>
      <transform>
        <scale>0,927743</scale>
        <position>-0.913398,-0.403194,0.993929</position>
        <triangledirection>0.435710,0.887529,0.149823</triangledirection>
        <trianglepickorigin>0,0,0</trianglepickorigin>
        <orientation>
          <row0>0.897662,-0.440684,1.93715e-7</row0>
          <row1>0.435710,0.887529,0.149823</row1>
          <row2>-0.0660249,-0.134490,0.988712</row2>
        </orientation>
        <userorientation>
          <userorientation_row0>0.192049,0,0.981384</userorientation_row0>
          <userorientation_row1>0,1,0</userorientation_row1>
          <userorientation_row2>-0.981384,0,0.192049</userorientation_row2>
        </userorientation>
      </transform>
      <snapped>false</snapped>
      <handles count="4">
        <weight channel="Stretch">1</weight>
        <weight channel="Thicken">0.891438</weight>
        <weight channel="tweak_side">0</weight>
        <weight channel="tweak_top_bottom">0.453185</weight>
      </handles>
    </blockref>
    <blockref>
      <blockid>flora_parts~, fe_muscle_branch_01</blockid>
      <transform>
        <limbtype>0</limbtype>
        <musclescale>0.550000</musclescale>
        <basemusclescale>1.749998</basemusclescale>
        <scale>1</scale>
        <position>-0.951466,1.605646,10.586556</position>
        <triangledirection>-0.526587,0.0833558,-0.846024</triangledirection>
        <trianglepickorigin>0,0,0</trianglepickorigin>
        <orientation>
          <row0>0.836221,-0.128435,-0.533139</row0>
          <row1>-0.526587,0.0833558,-0.846024</row1>
          <row2>0.153100,0.988208,0.00207128</row2>
        </orientation>
      </transform>
      <snapped>true</snapped>
      <childlist count="1">
        <childid>28</childid>
      </childlist>
      <handles count="1">
        <weight channel="longer">0.0942239</weight>
      </handles>
    </blockref>
    <blockref>
      <blockid>flora_parts~, FE_muscle_branch_04</blockid>
      <transform>
        <limbtype>0</limbtype>
        <musclescale>0.5</musclescale>
        <basemusclescale>1.499998</basemusclescale>
        <scale>1</scale>
        <position>-0.516846,1.536848,11.284823</position>
        <triangledirection>-1.49011e-8,-7.45058e-7,-1</triangledirection>
        <trianglepickorigin>0,0,0</trianglepickorigin>
        <orientation>
          <row0>0.999451,0.0331129,-3.95639e-8</row0>
          <row1>-1.49011e-8,-7.45058e-7,-1</row1>
          <row2>-0.0331129,0.999451,-7.44156e-7</row2>
        </orientation>
      </transform>
      <snapped>true</snapped>
      <childlist count="2">
        <childid>30</childid>
        <childid>29</childid>
      </childlist>
      <handles count="1">
        <weight channel="longer">0.153441</weight>
      </handles>
    </blockref>
    <blockref>
      <blockid>Creature_parts~, ce_grasper_null</blockid>
      <transform>
        <basemusclescale>1.649998</basemusclescale>
        <scale>1</scale>
        <position>-0.516846,1.536849,12.481821</position>
        <triangledirection>-0.340076,0.168386,-0.925199</triangledirection>
        <trianglepickorigin>0,0,0</trianglepickorigin>
        <orientation>
          <row0>0.935822,-0.0363370,-0.350594</row0>
          <row1>-0.340076,0.168386,-0.925199</row1>
          <row2>0.0926542,0.985051,0.145222</row2>
        </orientation>
      </transform>
      <snapped>true</snapped>
    </blockref>
    <blockref>
      <blockid>flora_parts~, FE_leaf_14</blockid>
      <transform>
        <scale>7</scale>
        <position>-0.492486,1.547830,12.487464</position>
        <triangledirection>-0.140802,-0.158486,-0.977270</triangledirection>
        <trianglepickorigin>0,0,0</trianglepickorigin>
        <orientation>
          <row0>-0.747583,0.664168,-1.63912e-7</row0>
          <row1>-0.140802,-0.158486,-0.977270</row1>
          <row2>-0.649071,-0.730590,0.211997</row2>
        </orientation>
      </transform>
      <snapped>false</snapped>
      <childlist count="2">
        <childid>39</childid>
        <childid>38</childid>
      </childlist>
      <handles count="4">
        <weight channel="DeformForwardb">0.227931</weight>
        <weight channel="DeformAxisForward">0</weight>
        <weight channel="DeformAxisLeft">0.908546</weight>
        <weight channel="DeformAxisUp">0.392864</weight>
      </handles>
    </blockref>
    <blockref>
      <blockid>flora_parts~, fe_detail_04</blockid>
      <transform>
        <scale>1</scale>
        <position>-0.952172,-0.361612,2.153192</position>
        <triangledirection>0.800935,0.588529,0.110164</triangledirection>
        <trianglepickorigin>0,0,0</trianglepickorigin>
        <orientation>
          <row0>0.592133,-0.805840,3.35276e-8</row0>
          <row1>0.800935,0.588529,0.110164</row1>
          <row2>-0.0887745,-0.0652317,0.993913</row2>
        </orientation>
        <userorientation>
          <userorientation_row0>-0.0880149,0,0.996119</userorientation_row0>
          <userorientation_row1>0,1,0</userorientation_row1>
          <userorientation_row2>-0.996119,0,-0.0880149</userorientation_row2>
        </userorientation>
      </transform>
      <snapped>false</snapped>
      <handles count="4">
        <weight channel="Stretch">1</weight>
        <weight channel="Thicken">0.984935</weight>
        <weight channel="tweak_side">0</weight>
        <weight channel="tweak_top_bottom">0.740742</weight>
      </handles>
    </blockref>
    <blockref>
      <blockid>flora_parts~, FE_muscle_branch_03</blockid>
      <transform>
        <limbtype>0</limbtype>
        <musclescale>0.5</musclescale>
        <basemusclescale>1.200000</basemusclescale>
        <scale>1</scale>
        <position>2.342257,-0.797498,6.904637</position>
        <triangledirection>-0.201426,0.564854,-0.800229</triangledirection>
        <trianglepickorigin>0,0,0</trianglepickorigin>
        <orientation>
          <row0>0.951551,0.306621,-0.0230821</row0>
          <row1>-0.201426,0.564854,-0.800229</row1>
          <row2>-0.232329,0.766109,0.599249</row2>
        </orientation>
      </transform>
      <snapped>true</snapped>
      <childlist count="2">
        <childid>33</childid>
        <childid>16</childid>
      </childlist>
      <handles count="1">
        <weight channel="longer">0.268615</weight>
      </handles>
    </blockref>
    <blockref>
      <blockid>Creature_parts~, ce_grasper_null</blockid>
      <transform>
        <basemusclescale>1</basemusclescale>
        <scale>1</scale>
        <position>2.728961,-1.881926,8.440943</position>
        <triangledirection>0.810135,0.388265,-0.439237</triangledirection>
        <trianglepickorigin>0,0,0</trianglepickorigin>
        <orientation>
          <row0>0.496764,-0.852505,0.162663</row0>
          <row1>0.810136,0.388265,-0.439237</row1>
          <row2>0.311295,0.349977,0.883521</row2>
        </orientation>
      </transform>
      <snapped>true</snapped>
    </blockref>
    <blockref>
      <blockid>flora_parts~, fe_canopy_10</blockid>
      <transform>
        <scale>3,320118</scale>
        <position>-1.597220,0.857076,9.537823</position>
        <triangledirection>0.811954,-0.582426,-0.0388542</triangledirection>
        <trianglepickorigin>0,0,0</trianglepickorigin>
        <orientation>
          <row0>-0.582866,-0.812568,2.04890e-8</row0>
          <row1>0.811954,-0.582426,-0.0388542</row1>
          <row2>0.0315717,-0.0226468,0.999244</row2>
        </orientation>
        <userorientation>
          <userorientation_row0>0.999231,0,-0.0391662</userorientation_row0>
          <userorientation_row1>0,1,0</userorientation_row1>
          <userorientation_row2>0.0391662,0,0.999231</userorientation_row2>
        </userorientation>
      </transform>
      <snapped>false</snapped>
      <handles count="2">
        <weight channel="DeformAxisLeft">0.737021</weight>
        <weight channel="DeformAxisForward">0.465535</weight>
      </handles>
    </blockref>
    <blockref>
      <blockid>flora_parts~, fe_canopy_10</blockid>
      <transform>
        <scale>3,320118</scale>
        <position>-1.213303,0.231688,7.156862</position>
        <triangledirection>-0.489163,-0.871972,0.0195885</triangledirection>
        <trianglepickorigin>0,0,0</trianglepickorigin>
        <orientation>
          <row0>-0.872139,0.489257,2.70083e-8</row0>
          <row1>-0.489163,-0.871972,0.0195885</row1>
          <row2>0.00958383,0.0170838,0.999808</row2>
        </orientation>
        <userorientation>
          <userorientation_row0>0.999231,0,-0.0391662</userorientation_row0>
          <userorientation_row1>0,1,0</userorientation_row1>
          <userorientation_row2>0.0391662,0,0.999231</userorientation_row2>
        </userorientation>
      </transform>
      <snapped>false</snapped>
      <handles count="2">
        <weight channel="DeformAxisLeft">0.600879</weight>
        <weight channel="DeformAxisForward">0.465535</weight>
      </handles>
    </blockref>
    <blockref>
      <blockid>flora_parts~, fe_canopy_10</blockid>
      <transform>
        <scale>3,080219</scale>
        <position>-1.823045,-0.725913,8.569721</position>
        <triangledirection>0.819472,0.526073,0.227403</triangledirection>
        <trianglepickorigin>0,0,0</trianglepickorigin>
        <orientation>
          <row0>0.586376,-0.810038,3.72529e-9</row0>
          <row1>0.805931,0.583403,0.100568</row1>
          <row2>-0.0814640,-0.0589707,0.994930</row2>
        </orientation>
        <userorientation>
          <userorientation_row0>0.997995,-0.0497314,-0.0391176</userorientation_row0>
          <userorientation_row1>0.0543795,0.990221,0.128470</userorientation_row1>
          <userorientation_row2>0.0323460,-0.130339,0.990940</userorientation_row2>
        </userorientation>
      </transform>
      <snapped>false</snapped>
      <handles count="2">
        <weight channel="DeformAxisLeft">0.694779</weight>
        <weight channel="DeformAxisForward">0.465535</weight>
      </handles>
    </blockref>
    <blockref>
      <blockid>flora_parts~, fe_canopy_10</blockid>
      <transform>
        <scale>3,080219</scale>
        <position>0.660542,-1.042648,5.694889</position>
        <triangledirection>-0.115890,0.973259,-0.198329</triangledirection>
        <trianglepickorigin>0,0,0</trianglepickorigin>
        <orientation>
          <row0>0.992985,0.118238,7.26431e-8</row0>
          <row1>-0.115890,0.973259,-0.198329</row1>
          <row2>-0.0234502,0.196937,0.980135</row2>
        </orientation>
        <userorientation>
          <userorientation_row0>0.983869,0,-0.178890</userorientation_row0>
          <userorientation_row1>0,1,0</userorientation_row1>
          <userorientation_row2>0.178890,0,0.983869</userorientation_row2>
        </userorientation>
      </transform>
      <snapped>false</snapped>
      <childlist count="1">
        <childid>45</childid>
      </childlist>
      <handles count="2">
        <weight channel="DeformAxisLeft">0.600879</weight>
        <weight channel="DeformAxisForward">0.465535</weight>
      </handles>
    </blockref>
    <blockref>
      <blockid>flora_parts~, fe_cap_01a</blockid>
      <transform>
        <scale>1</scale>
        <position>0.209930,1.773166,12.860219</position>
        <triangledirection>-0.743407,-0.265592,0.613845</triangledirection>
        <trianglepickorigin>0,0,0</trianglepickorigin>
        <orientation>
          <row0>-0.336436,0.941705,-4.47034e-8</row0>
          <row1>-0.743407,-0.265592,0.613845</row1>
          <row2>0.578061,0.206520,0.789426</row2>
        </orientation>
      </transform>
      <snapped>false</snapped>
    </blockref>
    <blockref>
      <blockid>flora_parts~, fe_cap_01a</blockid>
      <transform>
        <scale>1</scale>
        <position>-0.870180,2.517424,12.687702</position>
        <triangledirection>0.00698441,-0.0844427,0.996403</triangledirection>
        <trianglepickorigin>0,0,0</trianglepickorigin>
        <orientation>
          <row0>-0.996596,-0.0824305,-1.39698e-8</row0>
          <row1>0.00698441,-0.0844427,0.996403</row1>
          <row2>-0.0821340,0.993012,0.0847311</row2>
        </orientation>
      </transform>
      <snapped>false</snapped>
    </blockref>
    <blockref>
      <blockid>flora_parts~, fe_cap_01a</blockid>
      <transform>
        <scale>1</scale>
        <position>-1.447749,-1.601484,11.057430</position>
        <triangledirection>0.0351774,-0.290697,0.956168</triangledirection>
        <trianglepickorigin>0,0,0</trianglepickorigin>
        <orientation>
          <row0>-0.992757,-0.120133,1.15483e-7</row0>
          <row1>0.0351774,-0.290697,0.956168</row1>
          <row2>-0.114868,0.949243,0.292817</row2>
        </orientation>
      </transform>
      <snapped>false</snapped>
    </blockref>
    <blockref>
      <blockid>flora_parts~, fe_cap_01a</blockid>
      <transform>
        <scale>1</scale>
        <position>-0.757696,-2.822874,10.758361</position>
        <triangledirection>-0.0275108,-0.168531,0.985312</triangledirection>
        <trianglepickorigin>0,0,0</trianglepickorigin>
        <orientation>
          <row0>-0.986937,0.161106,-1.67638e-8</row0>
          <row1>-0.0275108,-0.168531,0.985312</row1>
          <row2>0.158740,0.972441,0.170761</row2>
        </orientation>
      </transform>
      <snapped>false</snapped>
    </blockref>
    <blockref>
      <blockid>flora_parts~, fe_cap_01a</blockid>
      <transform>
        <scale>1</scale>
        <position>0.296275,-1.518432,11.242310</position>
        <triangledirection>-0.259270,-0.531093,0.806671</triangledirection>
        <trianglepickorigin>0,0,0</trianglepickorigin>
        <orientation>
          <row0>-0.898634,0.438697,-4.47034e-8</row0>
          <row1>-0.259270,-0.531093,0.806671</row1>
          <row2>0.353884,0.724903,0.591000</row2>
        </orientation>
      </transform>
      <snapped>false</snapped>
    </blockref>
    <blockref>
      <blockid>flora_parts~, fe_cap_01a</blockid>
      <transform>
        <scale>1</scale>
        <position>3.494444,-1.517246,8.557384</position>
        <triangledirection>-0.104810,-0.303368,0.947091</triangledirection>
        <trianglepickorigin>0,0,0</trianglepickorigin>
        <orientation>
          <row0>-0.945180,0.326549,2.53319e-7</row0>
          <row1>-0.104810,-0.303368,0.947091</row1>
          <row2>0.309272,0.895172,0.320963</row2>
        </orientation>
      </transform>
      <snapped>false</snapped>
    </blockref>
    <blockref>
      <blockid>flora_parts~, fe_cap_01a</blockid>
      <transform>
        <scale>1</scale>
        <position>3.378828,-2.616379,8.434620</position>
        <triangledirection>-0.00990370,0.149797,0.988667</triangledirection>
        <trianglepickorigin>0,0,0</trianglepickorigin>
        <orientation>
          <row0>0.997821,0.0659696,6.98491e-8</row0>
          <row1>-0.00990370,0.149797,0.988667</row1>
          <row2>0.0652220,-0.986513,0.150124</row2>
        </orientation>
      </transform>
      <snapped>false</snapped>
    </blockref>
    <blockref>
      <blockid>flora_parts~, fe_cap_01a</blockid>
      <transform>
        <scale>1</scale>
        <position>2.551048,-1.347964,8.760581</position>
        <triangledirection>0.574279,-0.582674,0.575059</triangledirection>
        <trianglepickorigin>0,0,0</trianglepickorigin>
        <orientation>
          <row0>-0.712218,-0.701957,4.47034e-8</row0>
          <row1>0.574279,-0.582674,0.575059</row1>
          <row2>-0.403667,0.409568,0.818111</row2>
        </orientation>
      </transform>
      <snapped>false</snapped>
    </blockref>
  </blocks></sporemodel>