spore0005438f634740666200690aba3bd816b417ffffffffffffffff0000000ebfdb7e6906KChangfffffffffffffffe0bPedarchille0000000<?xml version="1.0" encoding="UTF-8"?><sporemodel>
  <properties>
    <modeltype>PlantMedium</modeltype>
    <skineffectseed1>4660</skineffectseed1>
    <skineffectseed2>4660</skineffectseed2>
    <skineffectseed3>1234</skineffectseed3>
    <skincolor1>0.694117,0.674509,0.411763</skincolor1>
    <skincolor2>1,0.607842,0.458822</skincolor2>
    <skincolor3>0.576469,0.294117,0.184312</skincolor3>
    <zcorpscore>43</zcorpscore>
  </properties>
  <blocks count="20">
    <blockref>
      <blockid>flora_parts~, fe_root_dummy</blockid>
      <transform>
        <scale>1</scale>
        <position>-0.000136751,0.00241630,0.600000</position>
        <triangledirection>0,1,0</triangledirection>
        <trianglepickorigin>0,0,0</trianglepickorigin>
        <orientation>
          <row0>1,0,0</row0>
          <row1>0,1,0</row1>
          <row2>0,0,1</row2>
        </orientation>
      </transform>
      <snapped>false</snapped>
      <childlist count="3">
        <childid>5</childid>
        <childid>3</childid>
        <childid>1</childid>
      </childlist>
    </blockref>
    <blockref>
      <blockid>flora_parts~, FE_muscle_branch_04</blockid>
      <transform>
        <limbtype>0</limbtype>
        <musclescale>0.975000</musclescale>
        <basemusclescale>1.25</basemusclescale>
        <scale>1</scale>
        <position>-0.000136751,0.00241630,0.600000</position>
        <triangledirection>-0.207068,0.549171,0.809650</triangledirection>
        <trianglepickorigin>0,0,0</trianglepickorigin>
        <orientation>
          <row0>-0.557419,-0.746342,0.363670</row0>
          <row1>-0.207068,0.549171,0.809650</row1>
          <row2>-0.803993,0.376010,-0.460662</row2>
        </orientation>
      </transform>
      <snapped>true</snapped>
      <childlist count="1">
        <childid>2</childid>
      </childlist>
      <handles count="1">
        <weight channel="longer">0.141145</weight>
      </handles>
    </blockref>
    <blockref>
      <blockid>Creature_parts~, ce_grasper_null</blockid>
      <transform>
        <basemusclescale>0.800000</basemusclescale>
        <scale>1</scale>
        <position>0.231742,-0.612561,-0.306669</position>
        <triangledirection>-0.258577,-0.209103,0.943087</triangledirection>
        <trianglepickorigin>0,0,0</trianglepickorigin>
        <orientation>
          <row0>0.00947041,-0.976792,-0.213979</row0>
          <row1>-0.258577,-0.209103,0.943087</row1>
          <row2>-0.965944,0.0463987,-0.254556</row2>
        </orientation>
      </transform>
      <snapped>true</snapped>
    </blockref>
    <blockref>
      <blockid>flora_parts~, fe_muscle_branch_01</blockid>
      <transform>
        <limbtype>0</limbtype>
        <musclescale>0.100000</musclescale>
        <basemusclescale>1.25</basemusclescale>
        <scale>1</scale>
        <position>-0.000136751,0.00241630,0.600000</position>
        <triangledirection>0.344006,-0.654960,0.672820</triangledirection>
        <trianglepickorigin>0,0,0</trianglepickorigin>
        <orientation>
          <row0>0.0423023,0.726636,0.685718</row0>
          <row1>0.344006,-0.654960,0.672820</row1>
          <row2>0.938014,0.207429,-0.277673</row2>
        </orientation>
      </transform>
      <snapped>true</snapped>
      <childlist count="1">
        <childid>4</childid>
      </childlist>
      <handles count="1">
        <weight channel="longer">0.162245</weight>
      </handles>
    </blockref>
    <blockref>
      <blockid>Creature_parts~, ce_grasper_null</blockid>
      <transform>
        <basemusclescale>1</basemusclescale>
        <scale>1</scale>
        <position>-0.430917,0.822589,-0.242539</position>
        <triangledirection>0,0,-1</triangledirection>
        <trianglepickorigin>0,0,0</trianglepickorigin>
        <orientation>
          <row0>1,0,0</row0>
          <row1>0,0,-1</row1>
          <row2>0,1,0</row2>
        </orientation>
      </transform>
      <snapped>true</snapped>
    </blockref>
    <blockref>
      <blockid>flora_parts~, FE_muscle_branch_04</blockid>
      <transform>
        <limbtype>0</limbtype>
        <musclescale>0.5</musclescale>
        <basemusclescale>1.25</basemusclescale>
        <scale>1</scale>
        <position>-0.000136751,0.00241630,0.600000</position>
        <triangledirection>0.105525,0.257305,-0.960551</triangledirection>
        <trianglepickorigin>0,0,0</trianglepickorigin>
        <orientation>
          <row0>0.994095,-0.00273096,0.108478</row0>
          <row1>0.105525,0.257305,-0.960551</row1>
          <row2>-0.0252888,0.966326,0.256074</row2>
        </orientation>
      </transform>
      <snapped>true</snapped>
      <childlist count="3">
        <childid>12</childid>
        <childid>7</childid>
        <childid>6</childid>
      </childlist>
      <handles count="1">
        <weight channel="longer">0.162245</weight>
      </handles>
    </blockref>
    <blockref>
      <blockid>flora_parts~, FE_muscle_branch_04</blockid>
      <transform>
        <limbtype>0</limbtype>
        <musclescale>0.5</musclescale>
        <basemusclescale>1.700000</basemusclescale>
        <scale>1</scale>
        <position>-0.132281,-0.319793,1.802848</position>
        <triangledirection>-0.658966,0.574011,0.486079</triangledirection>
        <trianglepickorigin>0,0,0</trianglepickorigin>
        <orientation>
          <row0>-0.733049,-0.634888,-0.244037</row0>
          <row1>-0.658966,0.574011,0.486079</row1>
          <row2>-0.168526,0.517133,-0.839149</row2>
        </orientation>
      </transform>
      <snapped>true</snapped>
      <childlist count="1">
        <childid>10</childid>
      </childlist>
      <handles count="1">
        <weight channel="longer">0.101773</weight>
      </handles>
    </blockref>
    <blockref>
      <blockid>flora_parts~, fe_muscle_branch_01</blockid>
      <transform>
        <limbtype>0</limbtype>
        <musclescale>0.325000</musclescale>
        <basemusclescale>1.700000</basemusclescale>
        <scale>1</scale>
        <position>-0.132281,-0.319793,1.802848</position>
        <triangledirection>0.713171,-0.0563879,0.698717</triangledirection>
        <trianglepickorigin>0,0,0</trianglepickorigin>
        <orientation>
          <row0>-0.646889,0.331032,0.686986</row0>
          <row1>0.713171,-0.0563879,0.698717</row1>
          <row2>0.270036,0.941933,-0.199606</row2>
        </orientation>
      </transform>
      <snapped>true</snapped>
      <childlist count="1">
        <childid>8</childid>
      </childlist>
      <handles count="1">
        <weight channel="longer">0.216273</weight>
      </handles>
    </blockref>
    <blockref>
      <blockid>flora_parts~, FE_muscle_branch_03</blockid>
      <transform>
        <limbtype>0</limbtype>
        <musclescale>0.5</musclescale>
        <basemusclescale>1</basemusclescale>
        <scale>1</scale>
        <position>-1.267171,-0.230063,0.690958</position>
        <triangledirection>-0.154478,0.211453,0.965103</triangledirection>
        <trianglepickorigin>0,0,0</trianglepickorigin>
        <orientation>
          <row0>-0.939838,0.269802,-0.209547</row0>
          <row1>-0.154478,0.211453,0.965103</row1>
          <row2>0.304696,0.939411,-0.157053</row2>
        </orientation>
      </transform>
      <snapped>true</snapped>
      <childlist count="1">
        <childid>9</childid>
      </childlist>
      <handles count="1">
        <weight channel="longer">0.162245</weight>
      </handles>
    </blockref>
    <blockref>
      <blockid>Creature_parts~, ce_grasper_null</blockid>
      <transform>
        <basemusclescale>1</basemusclescale>
        <scale>1</scale>
        <position>-1.073726,-0.494855,-0.517589</position>
        <triangledirection>0.713171,-0.0563869,0.698717</triangledirection>
        <trianglepickorigin>0,0,0</trianglepickorigin>
        <orientation>
          <row0>-0.646890,0.331031,0.686986</row0>
          <row1>0.713171,-0.0563869,0.698717</row1>
          <row2>0.270034,0.941933,-0.199606</row2>
        </orientation>
      </transform>
      <snapped>true</snapped>
    </blockref>
    <blockref>
      <blockid>flora_parts~, FE_muscle_branch_03</blockid>
      <transform>
        <limbtype>0</limbtype>
        <musclescale>0.5</musclescale>
        <basemusclescale>1</basemusclescale>
        <scale>1</scale>
        <position>0.442818,-0.820751,1.378635</position>
        <triangledirection>-0.253138,-0.409657,0.876414</triangledirection>
        <trianglepickorigin>0,0,0</trianglepickorigin>
        <orientation>
          <row0>-0.396777,-0.782258,-0.480249</row0>
          <row1>-0.253138,-0.409657,0.876414</row1>
          <row2>-0.882320,0.469310,-0.0354769</row2>
        </orientation>
      </transform>
      <snapped>true</snapped>
      <childlist count="1">
        <childid>11</childid>
      </childlist>
      <handles count="1">
        <weight channel="longer">0.268615</weight>
      </handles>
    </blockref>
    <blockref>
      <blockid>Creature_parts~, ce_grasper_null</blockid>
      <transform>
        <basemusclescale>1</basemusclescale>
        <scale>1</scale>
        <position>0.928800,-0.0342785,-0.303934</position>
        <triangledirection>-0.746194,-0.620740,0.240571</triangledirection>
        <trianglepickorigin>0,0,0</trianglepickorigin>
        <orientation>
          <row0>0.136554,-0.496398,-0.857287</row0>
          <row1>-0.746194,-0.620740,0.240571</row1>
          <row2>-0.651572,0.606852,-0.455174</row2>
        </orientation>
      </transform>
      <snapped>true</snapped>
    </blockref>
    <blockref>
      <blockid>flora_parts~, fe_muscle_branch_01</blockid>
      <transform>
        <limbtype>0</limbtype>
        <musclescale>0.5</musclescale>
        <basemusclescale>1.700000</basemusclescale>
        <scale>1</scale>
        <position>-0.132281,-0.319793,1.802848</position>
        <triangledirection>-0.0915530,-0.286671,-0.953644</triangledirection>
        <trianglepickorigin>0,0,0</trianglepickorigin>
        <orientation>
          <row0>0.995466,-0.00155187,-0.0951015</row0>
          <row1>-0.0915530,-0.286671,-0.953644</row1>
          <row2>-0.0257829,0.958027,-0.285513</row2>
        </orientation>
      </transform>
      <snapped>true</snapped>
      <childlist count="4">
        <childid>19</childid>
        <childid>17</childid>
        <childid>16</childid>
        <childid>13</childid>
      </childlist>
      <handles count="1">
        <weight channel="longer">0.0942239</weight>
      </handles>
    </blockref>
    <blockref>
      <blockid>Creature_parts~, ce_grasper_null</blockid>
      <transform>
        <basemusclescale>1.449998</basemusclescale>
        <scale>1</scale>
        <position>-0.0567186,-0.0831906,2.589940</position>
        <triangledirection>0,0,-1</triangledirection>
        <trianglepickorigin>0,0,0</trianglepickorigin>
        <orientation>
          <row0>1,0,0</row0>
          <row1>0,0,-1</row1>
          <row2>0,1,0</row2>
        </orientation>
      </transform>
      <snapped>true</snapped>
    </blockref>
    <blockref>
      <blockid>flora_parts~, fe_cap_02a</blockid>
      <transform>
        <scale>1</scale>
        <position>-0.213063,-0.0655736,2.836745</position>
        <triangledirection>0.947648,0.191831,0.255267</triangledirection>
        <trianglepickorigin>0,0,0</trianglepickorigin>
        <orientation>
          <row0>-0.233512,-0.972353,-2.98023e-8</row0>
          <row1>0.823817,-0.197841,0.531210</row1>
          <row2>-0.516524,0.124044,0.847240</row2>
        </orientation>
        <userorientation>
          <userorientation_row0>0.881951,0.449638,0.141367</userorientation_row0>
          <userorientation_row1>-0.407816,0.878336,-0.249415</userorientation_row1>
          <userorientation_row2>-0.236315,0.162321,0.958022</userorientation_row2>
        </userorientation>
      </transform>
      <snapped>false</snapped>
    </blockref>
    <blockref>
      <blockid>flora_parts~, fe_cap_02a</blockid>
      <transform>
        <scale>1</scale>
        <position>-0.142912,0.125333,2.766420</position>
        <triangledirection>0.790037,-0.495377,0.361166</triangledirection>
        <trianglepickorigin>0,0,0</trianglepickorigin>
        <orientation>
          <row0>-0.105081,-0.994463,-4.47034e-8</row0>
          <row1>0.843351,-0.0891139,-0.529921</row1>
          <row2>0.526987,-0.0556849,0.848046</row2>
        </orientation>
        <userorientation>
          <userorientation_row0>0.912256,-0.233055,-0.336856</userorientation_row0>
          <userorientation_row1>0.409617,0.519034,0.750211</userorientation_row1>
          <userorientation_row2>0,-0.822365,0.568956</userorientation_row2>
        </userorientation>
      </transform>
      <snapped>false</snapped>
    </blockref>
    <blockref>
      <blockid>flora_parts~, fe_cap_02a</blockid>
      <transform>
        <scale>1</scale>
        <position>0.0119502,0.0793582,2.727489</position>
        <triangledirection>-0.339907,-0.786703,0.515324</triangledirection>
        <trianglepickorigin>0,0,0</trianglepickorigin>
        <orientation>
          <row0>-0.917979,0.396627,-3.42726e-7</row0>
          <row1>-0.307851,-0.712512,-0.630518</row1>
          <row2>-0.250081,-0.578803,0.776173</row2>
        </orientation>
        <userorientation>
          <userorientation_row0>1,0,0</userorientation_row0>
          <userorientation_row1>0,0.340255,0.940333</userorientation_row1>
          <userorientation_row2>0,-0.940333,0.340255</userorientation_row2>
        </userorientation>
      </transform>
      <snapped>false</snapped>
      <childlist count="1">
        <childid>15</childid>
      </childlist>
    </blockref>
    <blockref>
      <blockid>flora_parts~, fe_cap_02a</blockid>
      <transform>
        <scale>1</scale>
        <position>0.0802042,-0.135283,2.742854</position>
        <triangledirection>-0.845106,0.264085,0.464813</triangledirection>
        <trianglepickorigin>0,0,0</trianglepickorigin>
        <orientation>
          <row0>0.298265,0.954483,9.08970e-7</row0>
          <row1>-0.615604,0.192370,-0.764215</row1>
          <row2>-0.729430,0.227938,0.644961</row2>
        </orientation>
        <userorientation>
          <userorientation_row0>1,0,0</userorientation_row0>
          <userorientation_row1>0,0.215836,0.976429</userorientation_row1>
          <userorientation_row2>0,-0.976429,0.215836</userorientation_row2>
        </userorientation>
      </transform>
      <snapped>false</snapped>
    </blockref>
    <blockref>
      <blockid>flora_parts~, fe_cap_02a</blockid>
      <transform>
        <scale>1</scale>
        <position>-0.0649656,-0.212702,2.834856</position>
        <triangledirection>-0.159907,0.935968,0.313674</triangledirection>
        <trianglepickorigin>0,0,0</trianglepickorigin>
        <orientation>
          <row0>0.985717,0.168406,-4.86150e-7</row0>
          <row1>-0.166998,0.977472,0.129072</row1>
          <row2>0.0217370,-0.127228,0.991635</row2>
        </orientation>
        <userorientation>
          <userorientation_row0>1,0,0</userorientation_row0>
          <userorientation_row1>0,0.982073,0.188493</userorientation_row1>
          <userorientation_row2>0,-0.188493,0.982073</userorientation_row2>
        </userorientation>
      </transform>
      <snapped>false</snapped>
    </blockref>
    <blockref>
      <blockid>flora_parts~, FE_leaf_14</blockid>
      <transform>
        <scale>1,75</scale>
        <position>-0.0512226,-0.0630656,2.803611</position>
        <triangledirection>-0.0373260,-0.104264,-0.993849</triangledirection>
        <trianglepickorigin>0,0,0</trianglepickorigin>
        <orientation>
          <row0>-0.941486,0.337051,-3.94880e-7</row0>
          <row1>-0.0373260,-0.104264,-0.993849</row1>
          <row2>-0.334978,-0.935695,0.110743</row2>
        </orientation>
      </transform>
      <snapped>false</snapped>
      <childlist count="2">
        <childid>18</childid>
        <childid>14</childid>
      </childlist>
      <handles count="4">
        <weight channel="DeformForwardb">0.374926</weight>
        <weight channel="DeformAxisForward">0</weight>
        <weight channel="DeformAxisLeft">1</weight>
        <weight channel="DeformAxisUp">0.333299</weight>
      </handles>
    </blockref>
  </blocks></sporemodel>