spore0005438f634740666200995ae743d816b417ffffffffffffffff0000000ebfdb7e5906KChangfffffffffffffffe07Mustile0000000<?xml version="1.0" encoding="UTF-8"?><sporemodel>
  <properties>
    <modeltype>PlantSmall</modeltype>
    <skineffectseed1>2569216100</skineffectseed1>
    <skineffectseed2>1234</skineffectseed2>
    <skineffectseed3>1234</skineffectseed3>
    <skincolor1>0.576469,0.294117,0.184312</skincolor1>
    <skincolor2>0.803921,0.592155,0.149019</skincolor2>
    <skincolor3>0.803921,0.662744,0.368627</skincolor3>
    <zcorpscore>59</zcorpscore>
  </properties>
  <blocks count="7">
    <blockref>
      <blockid>flora_parts~, fe_root_dummy</blockid>
      <transform>
        <scale>1</scale>
        <position>-4.80422e-6,1.76582e-5,0.600000</position>
        <triangledirection>0,1,0</triangledirection>
        <trianglepickorigin>0,0,0</trianglepickorigin>
        <orientation>
          <row0>1,0,0</row0>
          <row1>0,1,0</row1>
          <row2>0,0,1</row2>
        </orientation>
      </transform>
      <snapped>false</snapped>
      <childlist count="1">
        <childid>1</childid>
      </childlist>
    </blockref>
    <blockref>
      <blockid>flora_parts~, FE_muscle_branch_04</blockid>
      <transform>
        <limbtype>0</limbtype>
        <musclescale>0.100000</musclescale>
        <basemusclescale>1.499998</basemusclescale>
        <scale>1</scale>
        <position>-4.80422e-6,1.76582e-5,0.600000</position>
        <triangledirection>-0.00436395,0.0160355,0.999861</triangledirection>
        <trianglepickorigin>0,0,0</trianglepickorigin>
        <orientation>
          <row0>-0.0934407,-0.995503,0.0155577</row0>
          <row1>-0.00436395,0.0160355,0.999861</row1>
          <row2>-0.995615,0.0933599,-0.00584269</row2>
        </orientation>
      </transform>
      <snapped>true</snapped>
      <childlist count="5">
        <childid>6</childid>
        <childid>5</childid>
        <childid>4</childid>
        <childid>3</childid>
        <childid>2</childid>
      </childlist>
      <handles count="1">
        <weight channel="longer">0.138346</weight>
      </handles>
    </blockref>
    <blockref>
      <blockid>Creature_parts~, ce_grasper_null</blockid>
      <transform>
        <basemusclescale>0.850000</basemusclescale>
        <scale>1</scale>
        <position>0.00480513,-0.0176577,-0.502116</position>
        <triangledirection>-4.37721e-8,4.37663e-7,-1</triangledirection>
        <trianglepickorigin>0,0,0</trianglepickorigin>
        <orientation>
          <row0>1,-6.70551e-8,-4.37721e-8</row0>
          <row1>-4.37721e-8,4.37663e-7,-1</row1>
          <row2>6.70552e-8,1,4.37663e-7</row2>
        </orientation>
      </transform>
      <snapped>true</snapped>
    </blockref>
    <blockref>
      <blockid>flora_parts~, FE_leaf_13</blockid>
      <transform>
        <scale>1,349858</scale>
        <position>-0.0553837,-0.0142812,0.704365</position>
        <triangledirection>-0.0250792,0.135054,-0.990519</triangledirection>
        <trianglepickorigin>0,0,0</trianglepickorigin>
        <orientation>
          <row0>0.117134,-0.993116,1.68103e-5</row0>
          <row1>0.245056,0.0288872,-0.969078</row1>
          <row2>0.962406,0.113517,0.246752</row2>
        </orientation>
        <userorientation>
          <userorientation_row0>0.989910,0.141698,2.04889e-7</userorientation_row0>
          <userorientation_row1>-0.137079,0.957646,-0.253219</userorientation_row1>
          <userorientation_row2>-0.0358809,0.250663,0.967408</userorientation_row2>
        </userorientation>
      </transform>
      <snapped>false</snapped>
      <handles count="4">
        <weight channel="DeformAxisForward">0.208161</weight>
        <weight channel="DeformAxisLeft">0.368555</weight>
        <weight channel="DeformAxisUp">0.255677</weight>
        <weight channel="0x2697a2f2">0.637094</weight>
      </handles>
    </blockref>
    <blockref>
      <blockid>flora_parts~, fe_cap_03a</blockid>
      <transform>
        <scale>1</scale>
        <position>0.104656,0.00684477,0.764627</position>
        <triangledirection>-0.976559,-0.0963377,-0.192484</triangledirection>
        <trianglepickorigin>0,0,0</trianglepickorigin>
        <orientation>
          <row0>-0.140134,0.990132,-6.33299e-7</row0>
          <row1>-0.492259,-0.0696704,-0.867655</row1>
          <row2>-0.859094,-0.121588,0.497165</row2>
        </orientation>
        <userorientation>
          <userorientation_row0>0.999111,-0.0214873,-0.0362439</userorientation_row0>
          <userorientation_row1>0.0414623,0.654443,0.754972</userorientation_row1>
          <userorientation_row2>0.00749723,-0.755805,0.654752</userorientation_row2>
        </userorientation>
      </transform>
      <snapped>false</snapped>
    </blockref>
    <blockref>
      <blockid>flora_parts~, fe_cap_03a</blockid>
      <transform>
        <scale>1</scale>
        <position>-0.135832,0.156902,0.675126</position>
        <triangledirection>0.575531,-0.691914,0.435909</triangledirection>
        <trianglepickorigin>0,0,0</trianglepickorigin>
        <orientation>
          <row0>-0.768802,-0.639486,-3.27825e-7</row0>
          <row1>0.597645,-0.718499,-0.355778</row1>
          <row2>0.227515,-0.273523,0.934570</row2>
        </orientation>
        <userorientation>
          <userorientation_row0>1,0,0</userorientation_row0>
          <userorientation_row1>0,0.686016,0.727585</userorientation_row1>
          <userorientation_row2>0,-0.727585,0.686016</userorientation_row2>
        </userorientation>
      </transform>
      <snapped>false</snapped>
    </blockref>
    <blockref>
      <blockid>flora_parts~, fe_cap_03a</blockid>
      <transform>
        <scale>1</scale>
        <position>-0.142308,-0.170093,0.641210</position>
        <triangledirection>0.595144,0.667609,0.447323</triangledirection>
        <trianglepickorigin>0,0,0</trianglepickorigin>
        <orientation>
          <row0>0.746457,-0.665433,-2.53319e-7</row0>
          <row1>0.645197,0.723757,-0.244735</row1>
          <row2>0.162855,0.182684,0.969590</row2>
        </orientation>
        <userorientation>
          <userorientation_row0>1,0,0</userorientation_row0>
          <userorientation_row1>0,0.757696,0.652603</userorientation_row1>
          <userorientation_row2>0,-0.652603,0.757696</userorientation_row2>
        </userorientation>
      </transform>
      <snapped>false</snapped>
    </blockref>
  </blocks></sporemodel>