spore0005438f634740666200103d452dd816b417ffffffffffffffff0000000ebfdb7e7106KChangfffffffffffffffe09Ernskiive0000000<?xml version="1.0" encoding="UTF-8"?><sporemodel>
  <properties>
    <modeltype>PlantLarge</modeltype>
    <skineffectseed1>1234</skineffectseed1>
    <skineffectseed2>1234</skineffectseed2>
    <skineffectseed3>1234</skineffectseed3>
    <skincolor1>0.443135,0.403921,0.321567</skincolor1>
    <skincolor2>0.317647,0.443135,0.141176</skincolor2>
    <skincolor3>0.105880,0.105880,0.105880</skincolor3>
    <zcorpscore>11</zcorpscore>
  </properties>
  <blocks count="36">
    <blockref>
      <blockid>flora_parts~, fe_root_dummy</blockid>
      <transform>
        <scale>1</scale>
        <position>0.000345289,0.000712849,0.600000</position>
        <triangledirection>0,1,0</triangledirection>
        <trianglepickorigin>0,0,0</trianglepickorigin>
        <orientation>
          <row0>1,0,0</row0>
          <row1>0,1,0</row1>
          <row2>0,0,1</row2>
        </orientation>
      </transform>
      <snapped>false</snapped>
      <childlist count="2">
        <childid>19</childid>
        <childid>1</childid>
      </childlist>
    </blockref>
    <blockref>
      <blockid>flora_parts~, FE_muscle_branch_04</blockid>
      <transform>
        <limbtype>0</limbtype>
        <musclescale>0.999998</musclescale>
        <basemusclescale>2.700000</basemusclescale>
        <scale>1</scale>
        <position>0.000345289,0.000712849,0.600000</position>
        <triangledirection>0.00436399,0.0160369,0.999861</triangledirection>
        <trianglepickorigin>0,0,0</trianglepickorigin>
        <orientation>
          <row0>-0.0934408,0.995503,-0.0155591</row0>
          <row1>0.00436399,0.0160369,0.999861</row1>
          <row2>0.995615,0.0933600,-0.00584287</row2>
        </orientation>
      </transform>
      <snapped>true</snapped>
      <childlist count="5">
        <childid>27</childid>
        <childid>26</childid>
        <childid>25</childid>
        <childid>24</childid>
        <childid>2</childid>
      </childlist>
      <handles count="1">
        <weight channel="longer">0.146949</weight>
      </handles>
    </blockref>
    <blockref>
      <blockid>Creature_parts~, ce_grasper_null</blockid>
      <transform>
        <basemusclescale>2</basemusclescale>
        <scale>1</scale>
        <position>-0.00470062,-0.0178300,-0.556101</position>
        <triangledirection>0,0,-1</triangledirection>
        <trianglepickorigin>0,0,0</trianglepickorigin>
        <orientation>
          <row0>1,0,0</row0>
          <row1>0,0,-1</row1>
          <row2>0,1,0</row2>
        </orientation>
      </transform>
      <snapped>true</snapped>
    </blockref>
    <blockref>
      <blockid>flora_parts~, fe_trunk_02</blockid>
      <transform>
        <limbtype>2</limbtype>
        <musclescale>0.5</musclescale>
        <basemusclescale>1.161834</basemusclescale>
        <scale>1,161834</scale>
        <position>-0.116791,-0.238328,5.992871</position>
        <triangledirection>-2.60769e-8,1.63912e-7,-1</triangledirection>
        <trianglepickorigin>0,0,0</trianglepickorigin>
        <orientation>
          <row0>0.993264,-0.115867,-4.48933e-8</row0>
          <row1>-2.60769e-8,1.63912e-7,-1</row1>
          <row2>0.115867,0.993264,1.59786e-7</row2>
        </orientation>
      </transform>
      <snapped>true</snapped>
      <childlist count="19">
        <childid>23</childid>
        <childid>22</childid>
        <childid>21</childid>
        <childid>20</childid>
        <childid>18</childid>
        <childid>17</childid>
        <childid>16</childid>
        <childid>15</childid>
        <childid>14</childid>
        <childid>13</childid>
        <childid>12</childid>
        <childid>11</childid>
        <childid>10</childid>
        <childid>9</childid>
        <childid>8</childid>
        <childid>7</childid>
        <childid>6</childid>
        <childid>5</childid>
        <childid>4</childid>
      </childlist>
      <handles count="3">
        <weight channel="DeformAxisForward">1</weight>
        <weight channel="DeformAxisLeft">0.871607</weight>
        <weight channel="DeformAxisUp">0.479362</weight>
      </handles>
    </blockref>
    <blockref>
      <blockid>Creature_parts~, ce_grasper_null</blockid>
      <transform>
        <basemusclescale>1</basemusclescale>
        <scale>1</scale>
        <position>-0.116791,-0.238329,10.291658</position>
        <triangledirection>-0.739461,0.144990,-0.657399</triangledirection>
        <trianglepickorigin>0,0,0</trianglepickorigin>
        <orientation>
          <row0>0.673180,0.166469,-0.720497</row0>
          <row1>-0.739461,0.144990,-0.657399</row1>
          <row2>-0.00497234,0.975328,0.220702</row2>
        </orientation>
      </transform>
      <snapped>true</snapped>
    </blockref>
    <blockref>
      <blockid>flora_parts~, FE_leaf_23</blockid>
      <transform>
        <scale>3,578702</scale>
        <position>0.0367603,0.320631,10.231986</position>
        <triangledirection>-0.174489,-0.510317,-0.842098</triangledirection>
        <trianglepickorigin>0,0,0</trianglepickorigin>
        <orientation>
          <row0>-0.946216,0.323533,-2.83122e-7</row0>
          <row1>-0.174489,-0.510317,-0.842098</row1>
          <row2>-0.272447,-0.796807,0.539323</row2>
        </orientation>
      </transform>
      <snapped>false</snapped>
      <childlist count="1">
        <childid>28</childid>
      </childlist>
      <handles count="4">
        <weight channel="DeformAxisForward">0.333299</weight>
        <weight channel="DeformAxisLeft">0.931421</weight>
        <weight channel="DeformAxisRight">0.329635</weight>
        <weight channel="DeformAxisUp">0.141295</weight>
      </handles>
    </blockref>
    <blockref>
      <blockid>flora_parts~, FE_leaf_23</blockid>
      <transform>
        <scale>4,157861</scale>
        <position>0.234918,-0.642829,10.180603</position>
        <triangledirection>-0.328311,0.853805,-0.404014</triangledirection>
        <trianglepickorigin>0,0,0</trianglepickorigin>
        <orientation>
          <row0>0.933373,0.358906,-4.76837e-7</row0>
          <row1>-0.328311,0.853805,-0.404014</row1>
          <row2>-0.145003,0.377096,0.914752</row2>
        </orientation>
      </transform>
      <snapped>false</snapped>
      <childlist count="1">
        <childid>31</childid>
      </childlist>
      <handles count="4">
        <weight channel="DeformAxisForward">0.333299</weight>
        <weight channel="DeformAxisLeft">0.274650</weight>
        <weight channel="DeformAxisRight">0.5</weight>
        <weight channel="DeformAxisUp">0.239929</weight>
      </handles>
    </blockref>
    <blockref>
      <blockid>flora_parts~, FE_leaf_23</blockid>
      <transform>
        <scale>3,320106</scale>
        <position>-0.635021,-0.469409,9.846982</position>
        <triangledirection>0.948048,0.180181,0.262180</triangledirection>
        <trianglepickorigin>0,0,0</trianglepickorigin>
        <orientation>
          <row0>0.452121,-0.891956,-2.60770e-7</row0>
          <row1>0.872198,0.442106,0.209312</row1>
          <row2>-0.186697,-0.0946347,0.977848</row2>
        </orientation>
        <userorientation>
          <userorientation_row0>0.867853,-0.212740,-0.448964</userorientation_row0>
          <userorientation_row1>0.267919,0.961423,0.0623238</userorientation_row1>
          <userorientation_row2>0.418385,-0.174373,0.891372</userorientation_row2>
        </userorientation>
      </transform>
      <snapped>false</snapped>
      <handles count="4">
        <weight channel="DeformAxisForward">0.333299</weight>
        <weight channel="DeformAxisLeft">0.407415</weight>
        <weight channel="DeformAxisRight">0.356280</weight>
        <weight channel="DeformAxisUp">0.239929</weight>
      </handles>
    </blockref>
    <blockref>
      <blockid>flora_parts~, FE_leaf_23</blockid>
      <transform>
        <scale>1,964028</scale>
        <position>-0.514593,0.160993,10.154110</position>
        <triangledirection>0.379610,-0.917814,-0.116238</triangledirection>
        <trianglepickorigin>0,0,0</trianglepickorigin>
        <orientation>
          <row0>-0.933381,-0.358885,-4.76837e-7</row0>
          <row1>0.328283,-0.853791,-0.404066</row1>
          <row2>0.145013,-0.377148,0.914729</row2>
        </orientation>
        <userorientation>
          <userorientation_row0>0.966539,-0.0522972,0.251128</userorientation_row0>
          <userorientation_row1>-0.0249311,0.955210,0.294874</userorientation_row1>
          <userorientation_row2>-0.255302,-0.291267,0.921944</userorientation_row2>
        </userorientation>
      </transform>
      <snapped>false</snapped>
      <handles count="4">
        <weight channel="DeformAxisForward">0.333299</weight>
        <weight channel="DeformAxisLeft">0.274650</weight>
        <weight channel="DeformAxisRight">0.615006</weight>
        <weight channel="DeformAxisUp">0.239929</weight>
      </handles>
    </blockref>
    <blockref>
      <blockid>flora_parts~, FE_leaf_23</blockid>
      <transform>
        <scale>3,857426</scale>
        <position>-0.258637,-0.795970,9.873356</position>
        <triangledirection>0.338544,0.920525,-0.194986</triangledirection>
        <trianglepickorigin>0,0,0</trianglepickorigin>
        <orientation>
          <row0>0.956838,-0.290619,1.60187e-7</row0>
          <row1>0.284237,0.935825,0.208424</row1>
          <row2>-0.0605722,-0.199428,0.978038</row2>
        </orientation>
        <userorientation>
          <userorientation_row0>0.998113,-0.0613965,-1.86263e-9</userorientation_row0>
          <userorientation_row1>0.0564094,0.917038,-0.394789</userorientation_row1>
          <userorientation_row2>0.0242387,0.394045,0.918771</userorientation_row2>
        </userorientation>
      </transform>
      <snapped>false</snapped>
      <childlist count="1">
        <childid>34</childid>
      </childlist>
      <handles count="4">
        <weight channel="DeformAxisForward">0.333299</weight>
        <weight channel="DeformAxisLeft">0.274650</weight>
        <weight channel="DeformAxisRight">0.5</weight>
        <weight channel="DeformAxisUp">0.239929</weight>
      </handles>
    </blockref>
    <blockref>
      <blockid>flora_parts~, FE_leaf_23</blockid>
      <transform>
        <scale>3,080208</scale>
        <position>0.0237541,-0.795499,9.853929</position>
        <triangledirection>-0.144698,0.955896,0.255585</triangledirection>
        <trianglepickorigin>0,0,0</trianglepickorigin>
        <orientation>
          <row0>0.988736,0.149669,-1.26659e-7</row0>
          <row1>-0.144698,0.955896,0.255585</row1>
          <row2>0.0382533,-0.252706,0.966786</row2>
        </orientation>
        <userorientation>
          <userorientation_row0>0.923570,0,-0.383426</userorientation_row0>
          <userorientation_row1>0,1,0</userorientation_row1>
          <userorientation_row2>0.383426,0,0.923570</userorientation_row2>
        </userorientation>
      </transform>
      <snapped>false</snapped>
      <childlist count="1">
        <childid>32</childid>
      </childlist>
      <handles count="4">
        <weight channel="DeformAxisForward">0.333299</weight>
        <weight channel="DeformAxisLeft">0.430379</weight>
        <weight channel="DeformAxisRight">0.674072</weight>
        <weight channel="DeformAxisUp">0.185506</weight>
      </handles>
    </blockref>
    <blockref>
      <blockid>flora_parts~, FE_leaf_23</blockid>
      <transform>
        <scale>2,651167</scale>
        <position>0.131415,0.280173,9.842629</position>
        <triangledirection>-0.284806,-0.935524,0.208995</triangledirection>
        <trianglepickorigin>0,0,0</trianglepickorigin>
        <orientation>
          <row0>-0.956650,0.291237,1.30385e-7</row0>
          <row1>-0.284806,-0.935524,0.208995</row1>
          <row2>0.0608674,0.199935,0.977916</row2>
        </orientation>
        <userorientation>
          <userorientation_row0>0.939952,0,-0.341305</userorientation_row0>
          <userorientation_row1>0,1,0</userorientation_row1>
          <userorientation_row2>0.341305,0,0.939952</userorientation_row2>
        </userorientation>
      </transform>
      <snapped>false</snapped>
      <childlist count="1">
        <childid>29</childid>
      </childlist>
      <handles count="4">
        <weight channel="DeformAxisForward">0.333299</weight>
        <weight channel="DeformAxisLeft">0.727669</weight>
        <weight channel="DeformAxisRight">0.329635</weight>
        <weight channel="DeformAxisUp">0.141295</weight>
      </handles>
    </blockref>
    <blockref>
      <blockid>flora_parts~, FE_leaf_23</blockid>
      <transform>
        <scale>3,320106</scale>
        <position>-0.281953,-0.552726,10.341112</position>
        <triangledirection>0.0779132,0.331685,-0.940167</triangledirection>
        <trianglepickorigin>0,0,0</trianglepickorigin>
        <orientation>
          <row0>0.973502,-0.228676,1.63912e-7</row0>
          <row1>0.0779132,0.331685,-0.940167</row1>
          <row2>0.214994,0.915255,0.340713</row2>
        </orientation>
        <userorientation>
          <userorientation_row0>-0.737207,0,0.675664</userorientation_row0>
          <userorientation_row1>0,1,0</userorientation_row1>
          <userorientation_row2>-0.675664,0,-0.737207</userorientation_row2>
        </userorientation>
      </transform>
      <snapped>false</snapped>
      <handles count="4">
        <weight channel="DeformAxisForward">0.333299</weight>
        <weight channel="DeformAxisLeft">0.365501</weight>
        <weight channel="DeformAxisRight">0.5</weight>
        <weight channel="DeformAxisUp">0.770746</weight>
      </handles>
    </blockref>
    <blockref>
      <blockid>flora_parts~, FE_leaf_23</blockid>
      <transform>
        <scale>3,578694</scale>
        <position>-0.668603,-0.0818277,10.235712</position>
        <triangledirection>0.510288,-0.174458,-0.842122</triangledirection>
        <trianglepickorigin>0,0,0</trianglepickorigin>
        <orientation>
          <row0>-0.323497,-0.946229,4.32133e-7</row0>
          <row1>0.510288,-0.174458,-0.842122</row1>
          <row2>0.796840,-0.272424,0.539286</row2>
        </orientation>
      </transform>
      <snapped>false</snapped>
      <childlist count="1">
        <childid>35</childid>
      </childlist>
      <handles count="4">
        <weight channel="DeformAxisForward">0.333299</weight>
        <weight channel="DeformAxisLeft">0.365501</weight>
        <weight channel="DeformAxisRight">0.5</weight>
        <weight channel="DeformAxisUp">0.239929</weight>
      </handles>
    </blockref>
    <blockref>
      <blockid>flora_parts~, FE_leaf_23</blockid>
      <transform>
        <scale>3,320105</scale>
        <position>0.246857,-0.0365517,10.287568</position>
        <triangledirection>-0.451183,-0.191791,-0.871577</triangledirection>
        <trianglepickorigin>0,0,0</trianglepickorigin>
        <orientation>
          <row0>-0.899697,0.436514,-2.83122e-7</row0>
          <row1>-0.202478,-0.417327,-0.885912</row1>
          <row2>-0.386713,-0.797052,0.463852</row2>
        </orientation>
        <userorientation>
          <userorientation_row0>0.917736,-0.331267,-0.219136</userorientation_row0>
          <userorientation_row1>0.322209,0.943536,-0.0769369</userorientation_row1>
          <userorientation_row2>0.232250,-4.21792e-8,0.972656</userorientation_row2>
        </userorientation>
      </transform>
      <snapped>false</snapped>
      <handles count="4">
        <weight channel="DeformAxisForward">0.333299</weight>
        <weight channel="DeformAxisLeft">0.365501</weight>
        <weight channel="DeformAxisRight">0.5</weight>
        <weight channel="DeformAxisUp">0.351483</weight>
      </handles>
    </blockref>
    <blockref>
      <blockid>flora_parts~, FE_leaf_23</blockid>
      <transform>
        <scale>3,320119</scale>
        <position>0.555672,-0.200855,10.107525</position>
        <triangledirection>-0.996431,-0.0781393,-0.0318835</triangledirection>
        <trianglepickorigin>0,0,0</trianglepickorigin>
        <orientation>
          <row0>-0.0781791,0.996939,-8.19563e-8</row0>
          <row1>-0.907800,-0.0711889,-0.413316</row1>
          <row2>-0.412051,-0.0323126,0.910587</row2>
        </orientation>
        <userorientation>
          <userorientation_row0>1,0,0</userorientation_row0>
          <userorientation_row1>0,0.923302,0.384073</userorientation_row1>
          <userorientation_row2>0,-0.384073,0.923302</userorientation_row2>
        </userorientation>
      </transform>
      <snapped>false</snapped>
      <handles count="4">
        <weight channel="DeformAxisForward">0.333299</weight>
        <weight channel="DeformAxisLeft">0.465126</weight>
        <weight channel="DeformAxisRight">0.5</weight>
        <weight channel="DeformAxisUp">0.239929</weight>
      </handles>
    </blockref>
    <blockref>
      <blockid>flora_parts~, FE_leaf_23</blockid>
      <transform>
        <scale>3,578702</scale>
        <position>-0.742446,-0.407953,10.190351</position>
        <triangledirection>0.913590,0.0664422,-0.401170</triangledirection>
        <trianglepickorigin>0,0,0</trianglepickorigin>
        <orientation>
          <row0>0.0725349,-0.997365,7.63684e-8</row0>
          <row1>0.913590,0.0664422,-0.401170</row1>
          <row2>0.400113,0.0290989,0.916003</row2>
        </orientation>
      </transform>
      <snapped>false</snapped>
      <childlist count="1">
        <childid>33</childid>
      </childlist>
      <handles count="4">
        <weight channel="DeformAxisForward">0.333299</weight>
        <weight channel="DeformAxisLeft">0.274650</weight>
        <weight channel="DeformAxisRight">0.5</weight>
        <weight channel="DeformAxisUp">0.239929</weight>
      </handles>
    </blockref>
    <blockref>
      <blockid>flora_parts~, FE_leaf_23</blockid>
      <transform>
        <scale>2,857650</scale>
        <position>-0.635522,-0.00145350,9.853572</position>
        <triangledirection>0.910798,-0.327027,0.251989</triangledirection>
        <trianglepickorigin>0,0,0</trianglepickorigin>
        <orientation>
          <row0>-0.337932,-0.941170,4.24683e-7</row0>
          <row1>0.910798,-0.327027,0.251989</row1>
          <row2>-0.237164,0.0851557,0.967730</row2>
        </orientation>
        <userorientation>
          <userorientation_row0>0.967864,0,0.251473</userorientation_row0>
          <userorientation_row1>0,1,0</userorientation_row1>
          <userorientation_row2>-0.251473,0,0.967864</userorientation_row2>
        </userorientation>
      </transform>
      <snapped>false</snapped>
      <handles count="4">
        <weight channel="DeformAxisForward">0.333299</weight>
        <weight channel="DeformAxisLeft">0.477046</weight>
        <weight channel="DeformAxisRight">0.615006</weight>
        <weight channel="DeformAxisUp">0.239929</weight>
      </handles>
    </blockref>
    <blockref>
      <blockid>flora_parts~, FE_leaf_23</blockid>
      <transform>
        <scale>3,080218</scale>
        <position>0.427133,-0.372776,9.823789</position>
        <triangledirection>-0.825199,0.555610,0.101686</triangledirection>
        <trianglepickorigin>0,0,0</trianglepickorigin>
        <orientation>
          <row0>0.311011,0.950406,1.19209e-7</row0>
          <row1>-0.919094,0.300765,0.254570</row1>
          <row2>0.241944,-0.0791743,0.967054</row2>
        </orientation>
        <userorientation>
          <userorientation_row0>0.959760,-0.278853,-0.0331812</userorientation_row0>
          <userorientation_row1>0.271409,0.951431,-0.145307</userorientation_row1>
          <userorientation_row2>0.0720891,0.130453,0.988830</userorientation_row2>
        </userorientation>
      </transform>
      <snapped>false</snapped>
      <childlist count="1">
        <childid>30</childid>
      </childlist>
      <handles count="4">
        <weight channel="DeformAxisForward">0.497767</weight>
        <weight channel="DeformAxisLeft">0.506666</weight>
        <weight channel="DeformAxisRight">0.329635</weight>
        <weight channel="DeformAxisUp">0.141295</weight>
      </handles>
    </blockref>
    <blockref>
      <blockid>flora_parts~, fe_trunk_03</blockid>
      <transform>
        <limbtype>2</limbtype>
        <musclescale>0.5</musclescale>
        <basemusclescale>2.700000</basemusclescale>
        <scale>1,349858</scale>
        <position>0.000345289,0.000712849,0.600000</position>
        <triangledirection>0.0216951,0.0442712,-0.998783</triangledirection>
        <trianglepickorigin>0,0,0</trianglepickorigin>
        <orientation>
          <row0>0.673180,0.166469,-0.720497</row0>
          <row1>-0.739461,0.144990,-0.657399</row1>
          <row2>-0.00497234,0.975328,0.220702</row2>
        </orientation>
        <userorientation>
          <userorientation_row0>0.657399,-0.753542,-7.45058e-9</userorientation_row0>
          <userorientation_row1>0.741595,0.646975,-0.177363</userorientation_row1>
          <userorientation_row2>0.133649,0.116598,0.984145</userorientation_row2>
        </userorientation>
      </transform>
      <snapped>true</snapped>
      <childlist count="1">
        <childid>3</childid>
      </childlist>
      <handles count="3">
        <weight channel="DeformAxisLeft">0.501963</weight>
        <weight channel="DeformAxisForward">0.5</weight>
        <weight channel="DeformBoneLength">1</weight>
      </handles>
    </blockref>
    <blockref>
      <blockid>flora_parts~, FE_leaf_24</blockid>
      <transform>
        <scale>6,049651</scale>
        <position>0.0681230,-0.369751,10.361536</position>
        <triangledirection>-0.000268797,-0.00870135,-0.999961</triangledirection>
        <trianglepickorigin>0,0,0</trianglepickorigin>
        <orientation>
          <row0>0.999523,-0.0308780,1.11758e-8</row0>
          <row1>0.00865199,0.280065,-0.959942</row1>
          <row2>0.0296411,0.959484,0.280198</row2>
        </orientation>
        <userorientation>
          <userorientation_row0>0.817990,0.165979,0.550764</userorientation_row0>
          <userorientation_row1>0,0.957466,-0.288544</userorientation_row1>
          <userorientation_row2>-0.575230,0.236027,0.783197</userorientation_row2>
        </userorientation>
      </transform>
      <snapped>false</snapped>
      <handles count="4">
        <weight channel="bend">0.264634</weight>
        <weight channel="flatten">0.511526</weight>
        <weight channel="Length">0.0756179</weight>
        <weight channel="width">0.803496</weight>
      </handles>
    </blockref>
    <blockref>
      <blockid>flora_parts~, FE_leaf_05</blockid>
      <transform>
        <scale>2,459605</scale>
        <position>0.398973,-0.504871,10.236228</position>
        <triangledirection>-0.878734,0.400185,-0.260147</triangledirection>
        <trianglepickorigin>0,0,0</trianglepickorigin>
        <orientation>
          <row0>0.287984,0.957635,-5.96046e-8</row0>
          <row1>-0.536477,0.161332,-0.828350</row1>
          <row2>-0.793256,0.238552,0.560210</row2>
        </orientation>
        <userorientation>
          <userorientation_row0>-0.953272,-0.0845165,0.290046</userorientation_row0>
          <userorientation_row1>0.130169,0.751476,0.646790</userorientation_row1>
          <userorientation_row2>-0.272628,0.654322,-0.705361</userorientation_row2>
        </userorientation>
      </transform>
      <snapped>false</snapped>
      <handles count="4">
        <weight channel="DeformAxisForwardb">0.5</weight>
        <weight channel="DeformAxisForward">1</weight>
        <weight channel="DeformAxisLeft">1</weight>
        <weight channel="DeformAxisUp">0.797242</weight>
      </handles>
    </blockref>
    <blockref>
      <blockid>flora_parts~, FE_leaf_05</blockid>
      <transform>
        <scale>2,459605</scale>
        <position>-0.395781,-0.818057,10.189353</position>
        <triangledirection>0.804914,0.592544,-0.0316457</triangledirection>
        <trianglepickorigin>0,0,0</trianglepickorigin>
        <orientation>
          <row0>0.953885,-0.300170,1.78813e-7</row0>
          <row1>0.274947,0.873732,-0.401243</row1>
          <row2>0.120441,0.382740,0.915971</row2>
        </orientation>
        <userorientation>
          <userorientation_row0>-0.779332,0.625591,-0.0357037</userorientation_row0>
          <userorientation_row1>0.589931,0.751731,0.294748</userorientation_row1>
          <userorientation_row2>0.211232,0.208645,-0.954907</userorientation_row2>
        </userorientation>
      </transform>
      <snapped>false</snapped>
      <handles count="4">
        <weight channel="DeformAxisForwardb">0.5</weight>
        <weight channel="DeformAxisForward">1</weight>
        <weight channel="DeformAxisLeft">1</weight>
        <weight channel="DeformAxisUp">0.884125</weight>
      </handles>
    </blockref>
    <blockref>
      <blockid>flora_parts~, FE_leaf_05</blockid>
      <transform>
        <scale>2,459604</scale>
        <position>-0.113655,0.0339967,10.364233</position>
        <triangledirection>0.0792646,-0.996790,0.0111853</triangledirection>
        <trianglepickorigin>0,0,0</trianglepickorigin>
        <orientation>
          <row0>-0.928510,-0.371305,-6.70552e-8</row0>
          <row1>0.0496741,-0.124218,-0.991010</row1>
          <row2>0.367968,-0.920164,0.133782</row2>
        </orientation>
        <userorientation>
          <userorientation_row0>-0.945823,-0.101584,0.308378</userorientation_row0>
          <userorientation_row1>0.296516,0.116671,0.947874</userorientation_row1>
          <userorientation_row2>-0.132269,0.987960,-0.0802304</userorientation_row2>
        </userorientation>
      </transform>
      <snapped>false</snapped>
      <handles count="4">
        <weight channel="DeformAxisForwardb">0.5</weight>
        <weight channel="DeformAxisForward">1</weight>
        <weight channel="DeformAxisLeft">1</weight>
        <weight channel="DeformAxisUp">0.797242</weight>
      </handles>
    </blockref>
    <blockref>
      <blockid>flora_parts~, fe_detail_03</blockid>
      <transform>
        <scale>1,349858</scale>
        <position>0.388639,0.307633,0.499440</position>
        <triangledirection>-0.793206,-0.597152,0.119300</triangledirection>
        <trianglepickorigin>0,0,0</trianglepickorigin>
        <orientation>
          <row0>-0.601447,0.798912,5.58793e-8</row0>
          <row1>-0.793206,-0.597152,0.119300</row1>
          <row2>0.0953103,0.0717527,0.992858</row2>
        </orientation>
      </transform>
      <snapped>false</snapped>
      <handles count="3">
        <weight channel="DeformAxisUp">1</weight>
        <weight channel="DeformAxisForward">0.275461</weight>
        <weight channel="DeformAxisLeft">0.607400</weight>
      </handles>
    </blockref>
    <blockref>
      <blockid>flora_parts~, fe_detail_03</blockid>
      <transform>
        <scale>1,349858</scale>
        <position>0.398047,-0.265269,0.463073</position>
        <triangledirection>-0.809929,0.550979,0.201084</triangledirection>
        <trianglepickorigin>0,0,0</trianglepickorigin>
        <orientation>
          <row0>0.562468,0.826818,-3.57627e-7</row0>
          <row1>-0.809930,0.550979,0.201084</row1>
          <row2>0.166260,-0.113103,0.979574</row2>
        </orientation>
      </transform>
      <snapped>false</snapped>
      <handles count="3">
        <weight channel="DeformAxisUp">0.810434</weight>
        <weight channel="DeformAxisForward">0.275461</weight>
        <weight channel="DeformAxisLeft">0.607400</weight>
      </handles>
    </blockref>
    <blockref>
      <blockid>flora_parts~, fe_detail_03</blockid>
      <transform>
        <scale>1,349858</scale>
        <position>-0.309813,-0.361687,0.503154</position>
        <triangledirection>0.636175,0.762097,0.120369</triangledirection>
        <trianglepickorigin>0,0,0</trianglepickorigin>
        <orientation>
          <row0>0.767679,-0.640834,-7.45058e-8</row0>
          <row1>0.636175,0.762097,0.120369</row1>
          <row2>-0.0771366,-0.0924048,0.992729</row2>
        </orientation>
      </transform>
      <snapped>false</snapped>
      <handles count="3">
        <weight channel="DeformAxisUp">0.810434</weight>
        <weight channel="DeformAxisForward">0.275461</weight>
        <weight channel="DeformAxisLeft">0.607400</weight>
      </handles>
    </blockref>
    <blockref>
      <blockid>flora_parts~, fe_detail_03</blockid>
      <transform>
        <scale>1,349858</scale>
        <position>-0.326565,0.387477,0.528479</position>
        <triangledirection>0.652075,-0.757010,0.0416271</triangledirection>
        <trianglepickorigin>0,0,0</trianglepickorigin>
        <orientation>
          <row0>-0.757667,-0.652641,5.58793e-8</row0>
          <row1>0.652075,-0.757010,0.0416271</row1>
          <row2>-0.0271675,0.0315395,0.999133</row2>
        </orientation>
      </transform>
      <snapped>false</snapped>
      <handles count="3">
        <weight channel="DeformAxisUp">0.810434</weight>
        <weight channel="DeformAxisForward">0.275461</weight>
        <weight channel="DeformAxisLeft">0.443045</weight>
      </handles>
    </blockref>
    <blockref>
      <blockid>flora_parts~, fe_cap_01a</blockid>
      <transform>
        <scale>1</scale>
        <position>0.280463,0.953187,11.238883</position>
        <triangledirection>-0.843575,-0.271486,0.463331</triangledirection>
        <trianglepickorigin>0,0,0</trianglepickorigin>
        <orientation>
          <row0>-0.306353,0.951917,-1.49011e-7</row0>
          <row1>-0.843575,-0.271486,0.463331</row1>
          <row2>0.441053,0.141943,0.886185</row2>
        </orientation>
      </transform>
      <snapped>false</snapped>
    </blockref>
    <blockref>
      <blockid>flora_parts~, fe_cap_01a</blockid>
      <transform>
        <scale>1</scale>
        <position>0.629114,1.622738,9.514183</position>
        <triangledirection>-0.823154,0.436789,0.362812</triangledirection>
        <trianglepickorigin>0,0,0</trianglepickorigin>
        <orientation>
          <row0>0.468727,0.883343,3.72529e-7</row0>
          <row1>-0.823154,0.436789,0.362812</row1>
          <row2>0.320487,-0.170060,0.931862</row2>
        </orientation>
      </transform>
      <snapped>false</snapped>
    </blockref>
    <blockref>
      <blockid>flora_parts~, fe_cap_01a</blockid>
      <transform>
        <scale>1</scale>
        <position>1.865908,-1.364665,9.608798</position>
        <triangledirection>-0.298057,-0.554029,0.777311</triangledirection>
        <trianglepickorigin>0,0,0</trianglepickorigin>
        <orientation>
          <row0>-0.880647,0.473771,1.34110e-7</row0>
          <row1>-0.298057,-0.554029,0.777311</row1>
          <row2>0.368268,0.684537,0.629115</row2>
        </orientation>
      </transform>
      <snapped>false</snapped>
    </blockref>
    <blockref>
      <blockid>flora_parts~, fe_cap_01a</blockid>
      <transform>
        <scale>1</scale>
        <position>0.962842,-2.340903,11.216428</position>
        <triangledirection>-0.150371,0.400156,0.904026</triangledirection>
        <trianglepickorigin>0,0,0</trianglepickorigin>
        <orientation>
          <row0>0.936088,0.351764,-2.98023e-8</row0>
          <row1>-0.150371,0.400156,0.904026</row1>
          <row2>0.318004,-0.846248,0.427476</row2>
        </orientation>
      </transform>
      <snapped>false</snapped>
    </blockref>
    <blockref>
      <blockid>flora_parts~, fe_cap_01a</blockid>
      <transform>
        <scale>1</scale>
        <position>0.348731,-2.296833,9.476340</position>
        <triangledirection>0.415164,-0.322230,0.850768</triangledirection>
        <trianglepickorigin>0,0,0</trianglepickorigin>
        <orientation>
          <row0>-0.613139,-0.789974,2.98023e-8</row0>
          <row1>0.415164,-0.322230,0.850767</row1>
          <row2>-0.672084,0.521639,0.525541</row2>
        </orientation>
      </transform>
      <snapped>false</snapped>
    </blockref>
    <blockref>
      <blockid>flora_parts~, fe_cap_01a</blockid>
      <transform>
        <scale>1</scale>
        <position>-2.368278,-0.776398,11.098015</position>
        <triangledirection>0.356258,-0.0644206,0.932164</triangledirection>
        <trianglepickorigin>0,0,0</trianglepickorigin>
        <orientation>
          <row0>-0.177939,-0.984041,-7.45058e-8</row0>
          <row1>0.356258,-0.0644206,0.932164</row1>
          <row2>-0.917288,0.165869,0.362035</row2>
        </orientation>
      </transform>
      <snapped>false</snapped>
    </blockref>
    <blockref>
      <blockid>flora_parts~, fe_cap_01a</blockid>
      <transform>
        <scale>1</scale>
        <position>-1.486616,-4.390855,10.604197</position>
        <triangledirection>-0.00805781,-0.0231357,0.999699</triangledirection>
        <trianglepickorigin>0,0,0</trianglepickorigin>
        <orientation>
          <row0>-0.944362,0.328905,-2.74740e-8</row0>
          <row1>-0.00805781,-0.0231357,0.999699</row1>
          <row2>0.328807,0.944079,0.0244987</row2>
        </orientation>
      </transform>
      <snapped>false</snapped>
    </blockref>
    <blockref>
      <blockid>flora_parts~, fe_cap_01a</blockid>
      <transform>
        <scale>1</scale>
        <position>-2.381069,0.500180,13.016444</position>
        <triangledirection>0.233093,-0.845483,0.480443</triangledirection>
        <trianglepickorigin>0,0,0</trianglepickorigin>
        <orientation>
          <row0>-0.964034,-0.265776,6.85453e-7</row0>
          <row1>0.233093,-0.845483,0.480443</row1>
          <row2>-0.127690,0.463164,0.877025</row2>
        </orientation>
      </transform>
      <snapped>false</snapped>
    </blockref>
  </blocks></sporemodel>