spore0005438f634740666200f800327fd816b417ffffffffffffffff0000000ebfdb7e8706KChangfffffffffffffffe08Sempersi0000000<?xml version="1.0" encoding="UTF-8"?><sporemodel>
  <properties>
    <modeltype>PlantSmall</modeltype>
    <skineffectseed1>1234</skineffectseed1>
    <skineffectseed2>1234</skineffectseed2>
    <skineffectseed3>1234</skineffectseed3>
    <skincolor1>0.803922,0.733329,0.584312</skincolor1>
    <skincolor2>0.211765,0.282353,0.203922</skincolor2>
    <skincolor3>0.615682,0.694118,0.505882</skincolor3>
    <zcorpscore>37</zcorpscore>
  </properties>
  <blocks count="11">
    <blockref>
      <blockid>flora_parts~, fe_root_dummy</blockid>
      <transform>
        <scale>1</scale>
        <position>-9.58457e-5,-0.000140311,0.600000</position>
        <triangledirection>0,1,0</triangledirection>
        <trianglepickorigin>0,0,0</trianglepickorigin>
        <orientation>
          <row0>1,0,0</row0>
          <row1>0,1,0</row1>
          <row2>0,0,1</row2>
        </orientation>
      </transform>
      <snapped>false</snapped>
      <childlist count="1">
        <childid>1</childid>
      </childlist>
    </blockref>
    <blockref>
      <blockid>flora_parts~, fe_muscle_branch_01</blockid>
      <transform>
        <limbtype>0</limbtype>
        <musclescale>0.675000</musclescale>
        <basemusclescale>1.449996</basemusclescale>
        <scale>1</scale>
        <position>-9.58457e-5,-0.000140311,0.600000</position>
        <triangledirection>-0.0617650,-0.0904210,0.993986</triangledirection>
        <trianglepickorigin>0,0,0</trianglepickorigin>
        <orientation>
          <row0>-0.291482,-0.950839,-0.104608</row0>
          <row1>-0.0617650,-0.0904210,0.993986</row1>
          <row2>-0.954579,0.296191,-0.0323724</row2>
        </orientation>
      </transform>
      <snapped>true</snapped>
      <childlist count="9">
        <childid>10</childid>
        <childid>9</childid>
        <childid>8</childid>
        <childid>7</childid>
        <childid>6</childid>
        <childid>5</childid>
        <childid>4</childid>
        <childid>3</childid>
        <childid>2</childid>
      </childlist>
      <handles count="1">
        <weight channel="longer">0.210219</weight>
      </handles>
    </blockref>
    <blockref>
      <blockid>Creature_parts~, ce_grasper_null</blockid>
      <transform>
        <basemusclescale>0.699996</basemusclescale>
        <scale>1</scale>
        <position>0.0958459,0.140312,-0.943993</position>
        <triangledirection>0,0,-1</triangledirection>
        <trianglepickorigin>0,0,0</trianglepickorigin>
        <orientation>
          <row0>1,0,0</row0>
          <row1>0,0,-1</row1>
          <row2>0,1,0</row2>
        </orientation>
      </transform>
      <snapped>true</snapped>
    </blockref>
    <blockref>
      <blockid>flora_parts~, FE_leaf_22</blockid>
      <transform>
        <scale>0,740818</scale>
        <position>-0.0702308,0.180133,0.750415</position>
        <triangledirection>0.482181,-0.870884,-0.0951600</triangledirection>
        <trianglepickorigin>0,0,0</trianglepickorigin>
        <orientation>
          <row0>-0.925764,-0.378101,-1.93715e-7</row0>
          <row1>0.277109,-0.678489,-0.680340</row1>
          <row2>0.257237,-0.629834,0.732896</row2>
        </orientation>
        <userorientation>
          <userorientation_row0>-0.982572,-0.180305,0.0451879</userorientation_row0>
          <userorientation_row1>-0.117104,0.789243,0.602806</userorientation_row1>
          <userorientation_row2>-0.144351,0.587009,-0.796603</userorientation_row2>
        </userorientation>
      </transform>
      <snapped>false</snapped>
      <handles count="4">
        <weight channel="DeformAxisLeft">1</weight>
        <weight channel="DeformAxisForward">0.207542</weight>
        <weight channel="DeformAxisRight">0.433752</weight>
        <weight channel="DeformAxisUp">0.360491</weight>
      </handles>
    </blockref>
    <blockref>
      <blockid>flora_parts~, FE_leaf_22</blockid>
      <transform>
        <scale>0,687286</scale>
        <position>0.0973438,-0.195482,0.702608</position>
        <triangledirection>-0.532688,0.819143,0.212700</triangledirection>
        <trianglepickorigin>0,0,0</trianglepickorigin>
        <orientation>
          <row0>0.897623,0.440764,-1.49011e-8</row0>
          <row1>-0.399453,0.813492,-0.422691</row1>
          <row2>-0.186307,0.379417,0.906273</row2>
        </orientation>
        <userorientation>
          <userorientation_row0>-0.981202,0.00180030,-0.192974</userorientation_row0>
          <userorientation_row1>-0.117104,0.789243,0.602806</userorientation_row1>
          <userorientation_row2>0.153389,0.614072,-0.774199</userorientation_row2>
        </userorientation>
      </transform>
      <snapped>false</snapped>
      <handles count="4">
        <weight channel="DeformAxisLeft">0.944310</weight>
        <weight channel="DeformAxisForward">0.207542</weight>
        <weight channel="DeformAxisRight">0.498071</weight>
        <weight channel="DeformAxisUp">0.313253</weight>
      </handles>
    </blockref>
    <blockref>
      <blockid>flora_parts~, FE_leaf_22</blockid>
      <transform>
        <scale>0,687286</scale>
        <position>0.118913,0.0975936,0.760082</position>
        <triangledirection>-0.712079,-0.674224,-0.195853</triangledirection>
        <trianglepickorigin>0,0,0</trianglepickorigin>
        <orientation>
          <row0>-0.595907,0.803053,-2.38418e-7</row0>
          <row1>-0.529535,-0.392943,-0.751790</row1>
          <row2>-0.603727,-0.447997,0.659402</row2>
        </orientation>
        <userorientation>
          <userorientation_row0>-0.870760,0.210277,-0.444476</userorientation_row0>
          <userorientation_row1>-0.117104,0.789243,0.602806</userorientation_row1>
          <userorientation_row2>0.477557,0.576948,-0.662616</userorientation_row2>
        </userorientation>
      </transform>
      <snapped>false</snapped>
      <handles count="4">
        <weight channel="DeformAxisLeft">0.944310</weight>
        <weight channel="DeformAxisForward">0.207542</weight>
        <weight channel="DeformAxisRight">0.498071</weight>
        <weight channel="DeformAxisUp">0.313253</weight>
      </handles>
    </blockref>
    <blockref>
      <blockid>flora_parts~, FE_leaf_22</blockid>
      <transform>
        <scale>0,687286</scale>
        <position>-0.172097,-0.167852,0.691124</position>
        <triangledirection>0.472219,0.334072,-0.815719</triangledirection>
        <trianglepickorigin>0,0,0</trianglepickorigin>
        <orientation>
          <row0>0.700971,-0.713189,5.66244e-7</row0>
          <row1>0.667485,0.656049,-0.352223</row1>
          <row2>0.251201,0.246898,0.935916</row2>
        </orientation>
        <userorientation>
          <userorientation_row0>0.993686,-0.112168,-2.94297e-7</userorientation_row0>
          <userorientation_row1>0.0927546,0.821683,-0.562339</userorientation_row1>
          <userorientation_row2>0.0630789,0.558793,0.826901</userorientation_row2>
        </userorientation>
      </transform>
      <snapped>false</snapped>
      <handles count="4">
        <weight channel="DeformAxisLeft">0.944310</weight>
        <weight channel="DeformAxisForward">0.207542</weight>
        <weight channel="DeformAxisRight">0.498071</weight>
        <weight channel="DeformAxisUp">0.313253</weight>
      </handles>
    </blockref>
    <blockref>
      <blockid>flora_parts~, FE_leaf_05</blockid>
      <transform>
        <scale>0,860706</scale>
        <position>-0.110669,0.0530333,0.797184</position>
        <triangledirection>0.306812,-0.149701,-0.939921</triangledirection>
        <trianglepickorigin>0,0,0</trianglepickorigin>
        <orientation>
          <row0>-0.416723,-0.909033,-1.19209e-7</row0>
          <row1>0.476680,-0.218522,-0.851483</row1>
          <row2>0.774026,-0.354833,0.524381</row2>
        </orientation>
        <userorientation>
          <userorientation_row0>-0.0398021,0.202444,0.978484</userorientation_row0>
          <userorientation_row1>0.00822796,0.979292,-0.202277</userorientation_row1>
          <userorientation_row2>-0.999172,-1.40450e-7,-0.0406436</userorientation_row2>
        </userorientation>
      </transform>
      <snapped>false</snapped>
      <handles count="4">
        <weight channel="DeformAxisForwardb">0.577355</weight>
        <weight channel="DeformAxisForward">0.373323</weight>
        <weight channel="DeformAxisLeft">0.669591</weight>
        <weight channel="DeformAxisUp">0.876922</weight>
      </handles>
    </blockref>
    <blockref>
      <blockid>flora_parts~, FE_leaf_05</blockid>
      <transform>
        <scale>1</scale>
        <position>0.0673779,-0.0564380,0.799897</position>
        <triangledirection>-0.304977,0.264554,-0.914877</triangledirection>
        <trianglepickorigin>0,0,0</trianglepickorigin>
        <orientation>
          <row0>0.655271,0.755393,-7.00354e-7</row0>
          <row1>-0.304977,0.264554,-0.914877</row1>
          <row2>-0.691091,0.599493,0.403732</row2>
        </orientation>
        <userorientation>
          <userorientation_row0>-0.0406436,0,0.999172</userorientation_row0>
          <userorientation_row1>0,1,0</userorientation_row1>
          <userorientation_row2>-0.999172,0,-0.0406436</userorientation_row2>
        </userorientation>
      </transform>
      <snapped>false</snapped>
      <handles count="4">
        <weight channel="DeformAxisForwardb">0.577355</weight>
        <weight channel="DeformAxisForward">0.333892</weight>
        <weight channel="DeformAxisLeft">0.669591</weight>
        <weight channel="DeformAxisUp">0.691766</weight>
      </handles>
    </blockref>
    <blockref>
      <blockid>flora_parts~, fe_cap_05a</blockid>
      <transform>
        <scale>1</scale>
        <position>0.246000,-0.0115260,0.564741</position>
        <triangledirection>-0.991789,0.103569,0.0750170</triangledirection>
        <trianglepickorigin>0,0,0</trianglepickorigin>
        <orientation>
          <row0>0.103861,0.994591,-4.59607e-7</row0>
          <row1>-0.991789,0.103569,0.0750170</row1>
          <row2>0.0746113,-0.00779093,0.997182</row2>
        </orientation>
      </transform>
      <snapped>false</snapped>
    </blockref>
    <blockref>
      <blockid>flora_parts~, fe_cap_05a</blockid>
      <transform>
        <scale>1</scale>
        <position>-0.191211,-0.132921,0.570944</position>
        <triangledirection>0.806220,0.582467,0.103641</triangledirection>
        <trianglepickorigin>0,0,0</trianglepickorigin>
        <orientation>
          <row0>0.585620,-0.810585,3.27825e-7</row0>
          <row1>0.806220,0.582467,0.103641</row1>
          <row2>-0.0840100,-0.0606940,0.994614</row2>
        </orientation>
      </transform>
      <snapped>false</snapped>
    </blockref>
  </blocks></sporemodel>