spore0005438f6347406662002f1337ffd816b417ffffffffffffffff0000000ebfdb7e7406KChangfffffffffffffffe09Wallupoos0000000<?xml version="1.0" encoding="UTF-8"?><sporemodel>
  <properties>
    <modeltype>PlantMedium</modeltype>
    <skineffectseed1>1234</skineffectseed1>
    <skineffectseed2>1234</skineffectseed2>
    <skineffectseed3>1234</skineffectseed3>
    <skincolor1>0.803922,0.662742,0.368627</skincolor1>
    <skincolor2>0.101961,0.282353,0.0901959</skincolor2>
    <skincolor3>0.125490,0.125490,0.125490</skincolor3>
    <zcorpscore>19</zcorpscore>
  </properties>
  <blocks count="24">
    <blockref>0
      <blockid>flora_parts~, fe_root_dummy</blockid>
      <transform>
        <scale>1</scale>
        <position>6.72519e-6,2.47137e-5,0.600000</position>
        <triangledirection>0,1,0</triangledirection>
        <trianglepickorigin>0,0,0</trianglepickorigin>
        <orientation>
          <row0>1,0,0</row0>
          <row1>0,1,0</row1>
          <row2>0,0,1</row2>
        </orientation>
      </transform>
      <snapped>false</snapped>
      <childlist count="2">
        <childid>3</childid>
        <childid>1</childid>
      </childlist>
    </blockref>
    <blockref>1
      <blockid>flora_parts~, FE_muscle_branch_04</blockid>
      <transform>
        <limbtype>0</limbtype>
        <musclescale>0.425000</musclescale>
        <basemusclescale>1.849996</basemusclescale>
        <scale>1</scale>
        <position>6.72519e-6,2.47137e-5,0.600000</position>
        <triangledirection>0.00436399,0.0160369,0.999861</triangledirection>
        <trianglepickorigin>0,0,0</trianglepickorigin>
        <orientation>
          <row0>-0.0934408,0.995503,-0.0155591</row0>
          <row1>0.00436399,0.0160369,0.999861</row1>
          <row2>0.995615,0.0933600,-0.00584287</row2>
        </orientation>
      </transform>
      <snapped>true</snapped>
      <childlist count="1">
        <childid>2</childid>
      </childlist>
      <handles count="1">
        <weight channel="longer">0.208792</weight>
      </handles>
    </blockref>
    <blockref>2
      <blockid>Creature_parts~, ce_grasper_null</blockid>
      <transform>
        <basemusclescale>2</basemusclescale>
        <scale>1</scale>
        <position>-0.00673325,-0.0247422,-0.944172</position>
        <triangledirection>0,0,-1</triangledirection>
        <trianglepickorigin>0,0,0</trianglepickorigin>
        <orientation>
          <row0>1,0,0</row0>
          <row1>0,0,-1</row1>
          <row2>0,1,0</row2>
        </orientation>
      </transform>
      <snapped>true</snapped>
    </blockref>
    <blockref>3
      <blockid>flora_parts~, fe_trunk_03</blockid>
      <transform>
        <limbtype>2</limbtype>
        <musclescale>0.5</musclescale>
        <basemusclescale>1.849996</basemusclescale>
        <scale>1</scale>
        <position>6.72519e-6,2.47137e-5,0.600000</position>
        <triangledirection>0,0,-1</triangledirection>
        <trianglepickorigin>0,0,0</trianglepickorigin>
        <orientation>
          <row0>1,0,0</row0>
          <row1>0,0,-1</row1>
          <row2>0,1,0</row2>
        </orientation>
      </transform>
      <snapped>true</snapped>
      <childlist count="20">
        <childid>23</childid>
        <childid>22</childid>
        <childid>21</childid>
        <childid>20</childid>
        <childid>19</childid>
        <childid>18</childid>
        <childid>17</childid>
        <childid>16</childid>
        <childid>15</childid>
        <childid>14</childid>
        <childid>13</childid>
        <childid>12</childid>
        <childid>11</childid>
        <childid>10</childid>
        <childid>9</childid>
        <childid>8</childid>
        <childid>7</childid>
        <childid>6</childid>
        <childid>5</childid>
        <childid>4</childid>
      </childlist>
      <handles count="3">
        <weight channel="DeformAxisLeft">0.580256</weight>
        <weight channel="DeformAxisForward">0.398344</weight>
        <weight channel="DeformBoneLength">0.245260</weight>
      </handles>
    </blockref>
    <blockref>4
      <blockid>Creature_parts~, ce_grasper_null</blockid>
      <transform>
        <basemusclescale>1</basemusclescale>
        <scale>1</scale>
        <position>6.72519e-6,2.47137e-5,2.373511</position>
        <triangledirection>0,0,-1</triangledirection>
        <trianglepickorigin>0,0,0</trianglepickorigin>
        <orientation>
          <row0>1,0,0</row0>
          <row1>0,0,-1</row1>
          <row2>0,1,0</row2>
        </orientation>
      </transform>
      <snapped>true</snapped>
    </blockref>
    <blockref>5
      <blockid>flora_parts~, FE_flatleaf_03</blockid>
      <transform>
        <scale>0,927743</scale>
        <position>0.223319,0.210312,2.493613</position>
        <triangledirection>-0.439324,-0.530863,-0.724692</triangledirection>
        <trianglepickorigin>0,0,0</trianglepickorigin>
        <orientation>
          <row0>-0.729706,0.681398,-0.0567851</row0>
          <row1>-0.439324,-0.530863,-0.724692</row1>
          <row2>-0.523949,-0.503865,0.686729</row2>
        </orientation>
      </transform>
      <snapped>false</snapped>
      <handles count="1">
        <weight channel="Leaf_bend">0.333299</weight>
      </handles>
    </blockref>
    <blockref>6
      <blockid>flora_parts~, FE_flatleaf_03</blockid>
      <transform>
        <scale>0,860706</scale>
        <position>0.254583,-0.214845,2.471909</position>
        <triangledirection>-0.433767,0.535454,-0.724661</triangledirection>
        <trianglepickorigin>0,0,0</trianglepickorigin>
        <orientation>
          <row0>0.777028,0.629465,3.72529e-7</row0>
          <row1>-0.433767,0.535454,-0.724661</row1>
          <row2>-0.456149,0.563082,0.689104</row2>
        </orientation>
      </transform>
      <snapped>false</snapped>
      <handles count="1">
        <weight channel="Leaf_bend">0.0553596</weight>
      </handles>
    </blockref>
    <blockref>7
      <blockid>flora_parts~, FE_flatleaf_03</blockid>
      <transform>
        <scale>0,798516</scale>
        <position>-0.410086,-0.0937509,2.403126</position>
        <triangledirection>0.623025,0.176828,-0.761952</triangledirection>
        <trianglepickorigin>0,0,0</trianglepickorigin>
        <orientation>
          <row0>0.273037,-0.962003,-1.78813e-7</row0>
          <row1>0.623025,0.176828,-0.761952</row1>
          <row2>0.733000,0.208041,0.647633</row2>
        </orientation>
        <userorientation>
          <userorientation_row0>0.888186,0,-0.459481</userorientation_row0>
          <userorientation_row1>0,1,0</userorientation_row1>
          <userorientation_row2>0.459481,0,0.888186</userorientation_row2>
        </userorientation>
      </transform>
      <snapped>false</snapped>
      <handles count="1">
        <weight channel="Leaf_bend">0.333299</weight>
      </handles>
    </blockref>
    <blockref>8
      <blockid>flora_parts~, FE_flatleaf_03</blockid>
      <transform>
        <scale>1,252320</scale>
        <position>-0.277478,0.218221,2.455745</position>
        <triangledirection>0.433748,-0.535455,-0.724672</triangledirection>
        <trianglepickorigin>0,0,0</trianglepickorigin>
        <orientation>
          <row0>-0.806273,-0.589682,-0.0468780</row0>
          <row1>0.433748,-0.535455,-0.724672</row1>
          <row2>0.402225,-0.604617,0.687497</row2>
        </orientation>
        <userorientation>
          <userorientation_row0>0.967864,0,0.251473</userorientation_row0>
          <userorientation_row1>0,1,0</userorientation_row1>
          <userorientation_row2>-0.251473,0,0.967864</userorientation_row2>
        </userorientation>
      </transform>
      <snapped>false</snapped>
      <handles count="1">
        <weight channel="Leaf_bend">0.333299</weight>
      </handles>
    </blockref>
    <blockref>9
      <blockid>flora_parts~, FE_flatleaf_03</blockid>
      <transform>
        <scale>1</scale>
        <position>-0.0138609,-0.378181,2.413999</position>
        <triangledirection>0.174727,0.655171,-0.734997</triangledirection>
        <trianglepickorigin>0,0,0</trianglepickorigin>
        <orientation>
          <row0>0.971620,-0.235615,0.0209525</row0>
          <row1>0.174727,0.655171,-0.734997</row1>
          <row2>0.159449,0.717799,0.677746</row2>
        </orientation>
      </transform>
      <snapped>false</snapped>
      <handles count="1">
        <weight channel="Leaf_bend">0</weight>
      </handles>
    </blockref>
    <blockref>10
      <blockid>flora_parts~, FE_flatleaf_03</blockid>
      <transform>
        <scale>0,927744</scale>
        <position>0.174431,-0.327876,2.420453</position>
        <triangledirection>-0.216651,0.607083,-0.764534</triangledirection>
        <trianglepickorigin>0,0,0</trianglepickorigin>
        <orientation>
          <row0>0.941823,0.336108,-1.16229e-6</row0>
          <row1>-0.216651,0.607083,-0.764534</row1>
          <row2>-0.256966,0.720056,0.644583</row2>
        </orientation>
        <userorientation>
          <userorientation_row0>0.923571,0,-0.383425</userorientation_row0>
          <userorientation_row1>0,1,0</userorientation_row1>
          <userorientation_row2>0.383425,0,0.923571</userorientation_row2>
        </userorientation>
      </transform>
      <snapped>false</snapped>
      <handles count="1">
        <weight channel="Leaf_bend">0.333299</weight>
      </handles>
    </blockref>
    <blockref>11
      <blockid>flora_parts~, FE_flatleaf_03</blockid>
      <transform>
        <scale>0,798516</scale>
        <position>-0.0121100,0.419119,2.378028</position>
        <triangledirection>0.170794,-0.655632,-0.735510</triangledirection>
        <trianglepickorigin>0,0,0</trianglepickorigin>
        <orientation>
          <row0>-0.967703,-0.252090,3.72529e-7</row0>
          <row1>0.170794,-0.655632,-0.735510</row1>
          <row2>0.185415,-0.711756,0.677513</row2>
        </orientation>
        <userorientation>
          <userorientation_row0>0.939952,0,-0.341304</userorientation_row0>
          <userorientation_row1>0,1,0</userorientation_row1>
          <userorientation_row2>0.341304,0,0.939952</userorientation_row2>
        </userorientation>
      </transform>
      <snapped>false</snapped>
      <handles count="1">
        <weight channel="Leaf_bend">0</weight>
      </handles>
    </blockref>
    <blockref>12
      <blockid>flora_parts~, FE_flatleaf_03</blockid>
      <transform>
        <scale>0,927744</scale>
        <position>-0.147727,-0.0576739,2.552721</position>
        <triangledirection>-0.287854,0.321012,-0.902270</triangledirection>
        <trianglepickorigin>0,0,0</trianglepickorigin>
        <orientation>
          <row0>0.900101,0.412428,-0.140427</row0>
          <row1>-0.287854,0.321012,-0.902270</row1>
          <row2>-0.327043,0.852557,0.407662</row2>
        </orientation>
        <userorientation>
          <userorientation_row0>0.999675,0,-0.0253797</userorientation_row0>
          <userorientation_row1>0,1,0</userorientation_row1>
          <userorientation_row2>0.0253797,0,0.999675</userorientation_row2>
        </userorientation>
      </transform>
      <snapped>false</snapped>
      <handles count="1">
        <weight channel="Leaf_bend">0.333299</weight>
      </handles>
    </blockref>
    <blockref>13
      <blockid>flora_parts~, FE_flatleaf_03</blockid>
      <transform>
        <scale>1,077880</scale>
        <position>-0.184946,0.0398564,2.547194</position>
        <triangledirection>0.193958,-0.105592,-0.975310</triangledirection>
        <trianglepickorigin>0,0,0</trianglepickorigin>
        <orientation>
          <row0>-0.468814,-0.883293,0.00239747</row0>
          <row1>0.193958,-0.105592,-0.975310</row1>
          <row2>0.861738,-0.456775,0.220824</row2>
        </orientation>
      </transform>
      <snapped>false</snapped>
      <handles count="1">
        <weight channel="Leaf_bend">0.333299</weight>
      </handles>
    </blockref>
    <blockref>14
      <blockid>flora_parts~, FE_flatleaf_03</blockid>
      <transform>
        <scale>0,927744</scale>
        <position>-0.0145810,0.217857,2.538455</position>
        <triangledirection>-0.239736,-0.257763,-0.935993</triangledirection>
        <trianglepickorigin>0,0,0</trianglepickorigin>
        <orientation>
          <row0>-0.924412,-0.381385,-0.00244295</row0>
          <row1>0.0917810,-0.216235,-0.972017</row1>
          <row2>0.370185,-0.898769,0.234894</row2>
        </orientation>
        <userorientation>
          <userorientation_row0>0.917736,-0.331265,-0.219136</userorientation_row0>
          <userorientation_row1>0.322209,0.943536,-0.0769369</userorientation_row1>
          <userorientation_row2>0.232250,8.43586e-8,0.972656</userorientation_row2>
        </userorientation>
      </transform>
      <snapped>false</snapped>
      <handles count="1">
        <weight channel="Leaf_bend">0.333299</weight>
      </handles>
    </blockref>
    <blockref>15
      <blockid>flora_parts~, FE_flatleaf_03</blockid>
      <transform>
        <scale>0,860706</scale>
        <position>0.425165,0.102698,2.388726</position>
        <triangledirection>-0.623046,-0.176830,-0.761934</triangledirection>
        <trianglepickorigin>0,0,0</trianglepickorigin>
        <orientation>
          <row0>-0.273032,0.962004,5.96046e-7</row0>
          <row1>-0.623046,-0.176830,-0.761934</row1>
          <row2>-0.732984,-0.208033,0.647654</row2>
        </orientation>
      </transform>
      <snapped>false</snapped>
      <handles count="1">
        <weight channel="Leaf_bend">0</weight>
      </handles>
    </blockref>
    <blockref>16
      <blockid>flora_parts~, FE_flatleaf_03</blockid>
      <transform>
        <scale>1</scale>
        <position>-0.198383,-0.229047,2.491129</position>
        <triangledirection>0.365603,0.436541,-0.822048</triangledirection>
        <trianglepickorigin>0,0,0</trianglepickorigin>
        <orientation>
          <row0>0.939653,-0.342128,1.93715e-7</row0>
          <row1>0.220431,0.605412,-0.764777</row1>
          <row2>0.261652,0.718626,0.644293</row2>
        </orientation>
        <userorientation>
          <userorientation_row0>0.980682,-0.195605,-3.65076e-7</userorientation_row0>
          <userorientation_row1>0.194187,0.973563,-0.120270</userorientation_row1>
          <userorientation_row2>0.0235258,0.117945,0.992739</userorientation_row2>
        </userorientation>
      </transform>
      <snapped>false</snapped>
      <handles count="1">
        <weight channel="Leaf_bend">0.181446</weight>
      </handles>
    </blockref>
    <blockref>17
      <blockid>flora_parts~, FE_flatleaf_03</blockid>
      <transform>
        <scale>0,687286</scale>
        <position>-0.416173,0.143518,2.386003</position>
        <triangledirection>0.622664,-0.179958,-0.761514</triangledirection>
        <trianglepickorigin>0,0,0</trianglepickorigin>
        <orientation>
          <row0>-0.277649,-0.960682,7.45058e-8</row0>
          <row1>0.622664,-0.179958,-0.761514</row1>
          <row2>0.731573,-0.211434,0.648148</row2>
        </orientation>
        <userorientation>
          <userorientation_row0>0.967864,0,0.251473</userorientation_row0>
          <userorientation_row1>0,1,0</userorientation_row1>
          <userorientation_row2>-0.251473,0,0.967864</userorientation_row2>
        </userorientation>
      </transform>
      <snapped>false</snapped>
      <handles count="1">
        <weight channel="Leaf_bend">0</weight>
      </handles>
    </blockref>
    <blockref>18
      <blockid>flora_parts~, FE_flatleaf_03</blockid>
      <transform>
        <scale>0,591552</scale>
        <position>0.388673,-0.0838599,2.422578</position>
        <triangledirection>-0.652677,0.474836,-0.590372</triangledirection>
        <trianglepickorigin>0,0,0</trianglepickorigin>
        <orientation>
          <row0>0.277634,0.960686,-6.25848e-7</row0>
          <row1>-0.622686,0.179953,-0.761497</row1>
          <row2>-0.731560,0.211418,0.648167</row2>
        </orientation>
        <userorientation>
          <userorientation_row0>0.961174,-0.274057,-0.0321865</userorientation_row0>
          <userorientation_row1>0.274964,0.941429,0.195201</userorientation_row1>
          <userorientation_row2>-0.0231953,-0.196474,0.980232</userorientation_row2>
        </userorientation>
      </transform>
      <snapped>false</snapped>
      <handles count="1">
        <weight channel="Leaf_bend">0.333299</weight>
      </handles>
    </blockref>
    <blockref>19
      <blockid>flora_parts~, fe_cap_01a</blockid>
      <transform>
        <scale>1</scale>
        <position>0.0391277,-0.387661,2.247638</position>
        <triangledirection>-0.117982,0.567697,0.814739</triangledirection>
        <trianglepickorigin>0,0,0</trianglepickorigin>
        <orientation>
          <row0>0.989712,0.134089,0.0498886</row0>
          <row1>-0.117982,0.567697,0.814739</row1>
          <row2>0.0809260,-0.812243,0.577677</row2>
        </orientation>
      </transform>
      <snapped>false</snapped>
    </blockref>
    <blockref>20
      <blockid>flora_parts~, fe_cap_01a</blockid>
      <transform>
        <scale>1</scale>
        <position>0.111679,0.311484,2.172988</position>
        <triangledirection>-0.634025,-0.733927,0.243644</triangledirection>
        <trianglepickorigin>0,0,0</trianglepickorigin>
        <orientation>
          <row0>-0.766828,0.637403,-0.0754417</row0>
          <row1>-0.634025,-0.733927,0.243644</row1>
          <row2>0.0999308,0.234665,0.966926</row2>
        </orientation>
      </transform>
      <snapped>false</snapped>
    </blockref>
    <blockref>21
      <blockid>flora_parts~, fe_cap_01a</blockid>
      <transform>
        <scale>1</scale>
        <position>-0.128421,0.287306,2.102570</position>
        <triangledirection>0.647046,-0.758449,0.0780090</triangledirection>
        <trianglepickorigin>0,0,0</trianglepickorigin>
        <orientation>
          <row0>-0.760558,-0.634851,0.136069</row0>
          <row1>0.647046,-0.758449,0.0780090</row1>
          <row2>0.0536779,0.147373,0.987623</row2>
        </orientation>
      </transform>
      <snapped>false</snapped>
    </blockref>
    <blockref>22
      <blockid>flora_parts~, fe_cap_01a</blockid>
      <transform>
        <scale>1</scale>
        <position>0.462085,-0.0131453,2.286848</position>
        <triangledirection>-0.962953,0.253975,0.0906492</triangledirection>
        <trianglepickorigin>0,0,0</trianglepickorigin>
        <orientation>
          <row0>0.255025,0.966934,-1.32247e-7</row0>
          <row1>-0.962953,0.253975,0.0906492</row1>
          <row2>0.0876519,-0.0231177,0.995882</row2>
        </orientation>
      </transform>
      <snapped>false</snapped>
    </blockref>
    <blockref>23
      <blockid>flora_parts~, fe_cap_01a</blockid>
      <transform>
        <scale>1</scale>
        <position>-0.456265,0.0323093,2.279089</position>
        <triangledirection>0.962921,-0.253914,0.0911627</triangledirection>
        <trianglepickorigin>0,0,0</trianglepickorigin>
        <orientation>
          <row0>-0.254975,-0.966947,3.16649e-8</row0>
          <row1>0.962921,-0.253914,0.0911627</row1>
          <row2>-0.0881495,0.0232443,0.995836</row2>
        </orientation>
      </transform>
      <snapped>false</snapped>
    </blockref>
  </blocks></sporemodel>