spore0005438f634740666200d0a1b479d816b417ffffffffffffffff0000000ebfdb7e8006KChangfffffffffffffffe03Goz0000000<?xml version="1.0" encoding="UTF-8"?><sporemodel>
  <properties>
    <modeltype>PlantSmall</modeltype>
    <skineffectseed1>32837</skineffectseed1>
    <skineffectseed2>37217</skineffectseed2>
    <skineffectseed3>12644</skineffectseed3>
    <skincolor1>0.443136,0.403921,0.321568</skincolor1>
    <skincolor2>0.141176,0.282353,0.129412</skincolor2>
    <skincolor3>1,0.956863,0.862744</skincolor3>
    <zcorpscore>28</zcorpscore>
  </properties>
  <blocks count="11">
    <blockref>
      <blockid>flora_parts~, fe_root_dummy</blockid>
      <transform>
        <scale>1</scale>
        <position>0,0,0.600000</position>
        <triangledirection>0,1,0</triangledirection>
        <trianglepickorigin>0,0,0</trianglepickorigin>
        <orientation>
          <row0>1,0,0</row0>
          <row1>0,1,0</row1>
          <row2>0,0,1</row2>
        </orientation>
      </transform>
      <snapped>false</snapped>
      <childlist count="1">
        <childid>1</childid>
      </childlist>
    </blockref>
    <blockref>
      <blockid>flora_parts~, FE_muscle_branch_04</blockid>
      <transform>
        <limbtype>0</limbtype>
        <musclescale>0.425000</musclescale>
        <basemusclescale>1.549999</basemusclescale>
        <scale>1</scale>
        <position>0,0,0.600000</position>
        <triangledirection>0.00436399,0.0160359,0.999861</triangledirection>
        <trianglepickorigin>0,0,0</trianglepickorigin>
        <orientation>
          <row0>-0.0934408,0.995503,-0.0155582</row0>
          <row1>0.00436399,0.0160359,0.999861</row1>
          <row2>0.995615,0.0933600,-0.00584279</row2>
        </orientation>
      </transform>
      <snapped>true</snapped>
      <childlist count="9">
        <childid>10</childid>
        <childid>9</childid>
        <childid>8</childid>
        <childid>7</childid>
        <childid>6</childid>
        <childid>5</childid>
        <childid>4</childid>
        <childid>3</childid>
        <childid>2</childid>
      </childlist>
      <handles count="1">
        <weight channel="longer">0.317331</weight>
      </handles>
    </blockref>
    <blockref>
      <blockid>Creature_parts~, ce_grasper_null</blockid>
      <transform>
        <basemusclescale>0.5</basemusclescale>
        <scale>1</scale>
        <position>-0.00971199,-0.0356899,-1.625260</position>
        <triangledirection>0,0,-1</triangledirection>
        <trianglepickorigin>0,0,0</trianglepickorigin>
        <orientation>
          <row0>1,0,0</row0>
          <row1>0,0,-1</row1>
          <row2>0,1,0</row2>
        </orientation>
      </transform>
      <snapped>true</snapped>
    </blockref>
    <blockref>
      <blockid>flora_parts~, FE_leaf_06</blockid>
      <transform>
        <scale>0,637627</scale>
        <position>-0.142496,-0.186176,0.795142</position>
        <triangledirection>0.448999,0.612747,-0.650339</triangledirection>
        <trianglepickorigin>0,0,0</trianglepickorigin>
        <orientation>
          <row0>0.806623,-0.591065,-1.63912e-7</row0>
          <row1>0.448999,0.612747,-0.650339</row1>
          <row2>0.384392,0.524578,0.759644</row2>
        </orientation>
      </transform>
      <snapped>false</snapped>
      <handles count="3">
        <weight channel="DeformAxisLeft">0.881197</weight>
        <weight channel="DeformAxisUp">0.581867</weight>
        <weight channel="DeformAxisForward">0.665874</weight>
      </handles>
    </blockref>
    <blockref>
      <blockid>flora_parts~, FE_leaf_06</blockid>
      <transform>
        <scale>0,798516</scale>
        <position>-0.244313,0.0917019,0.744551</position>
        <triangledirection>0.810590,-0.280844,-0.513875</triangledirection>
        <trianglepickorigin>0,0,0</trianglepickorigin>
        <orientation>
          <row0>-0.327376,-0.944893,1.49011e-8</row0>
          <row1>0.810590,-0.280844,-0.513875</row1>
          <row2>0.485558,-0.168231,0.857864</row2>
        </orientation>
      </transform>
      <snapped>false</snapped>
      <handles count="3">
        <weight channel="DeformAxisLeft">0.881197</weight>
        <weight channel="DeformAxisUp">0.581867</weight>
        <weight channel="DeformAxisForward">0.484729</weight>
      </handles>
    </blockref>
    <blockref>
      <blockid>flora_parts~, FE_leaf_06</blockid>
      <transform>
        <scale>0,740818</scale>
        <position>0.0267669,0.115161,0.878836</position>
        <triangledirection>-0.0887510,-0.348605,-0.933058</triangledirection>
        <trianglepickorigin>0,0,0</trianglepickorigin>
        <orientation>
          <row0>-0.969087,0.246718,6.70552e-8</row0>
          <row1>-0.0887510,-0.348605,-0.933058</row1>
          <row2>-0.230202,-0.904214,0.359725</row2>
        </orientation>
      </transform>
      <snapped>false</snapped>
      <handles count="3">
        <weight channel="DeformAxisLeft">0.881197</weight>
        <weight channel="DeformAxisUp">0.581867</weight>
        <weight channel="DeformAxisForward">0.333299</weight>
      </handles>
    </blockref>
    <blockref>
      <blockid>flora_parts~, FE_leaf_06</blockid>
      <transform>
        <scale>0,798516</scale>
        <position>0.0150499,0.283727,0.728482</position>
        <triangledirection>-0.0516839,-0.892641,-0.447793</triangledirection>
        <trianglepickorigin>0,0,0</trianglepickorigin>
        <orientation>
          <row0>-0.998328,0.0578032,-2.04890e-8</row0>
          <row1>-0.0516839,-0.892641,-0.447793</row1>
          <row2>-0.0258839,-0.447045,0.894136</row2>
        </orientation>
      </transform>
      <snapped>false</snapped>
      <handles count="3">
        <weight channel="DeformAxisLeft">0.881197</weight>
        <weight channel="DeformAxisUp">0.581867</weight>
        <weight channel="DeformAxisForward">0.333299</weight>
      </handles>
    </blockref>
    <blockref>
      <blockid>flora_parts~, FE_leaf_06</blockid>
      <transform>
        <scale>0,687288</scale>
        <position>0.229526,-0.0274979,0.778075</position>
        <triangledirection>-0.769044,0.116888,-0.628416</triangledirection>
        <trianglepickorigin>0,0,0</trianglepickorigin>
        <orientation>
          <row0>0.150266,0.988645,-2.23517e-8</row0>
          <row1>-0.769044,0.116888,-0.628416</row1>
          <row2>-0.621280,0.0944299,0.777877</row2>
        </orientation>
      </transform>
      <snapped>false</snapped>
      <handles count="3">
        <weight channel="DeformAxisLeft">0.881197</weight>
        <weight channel="DeformAxisUp">0.581867</weight>
        <weight channel="DeformAxisForward">0.333299</weight>
      </handles>
    </blockref>
    <blockref>
      <blockid>flora_parts~, fe_cap_03a</blockid>
      <transform>
        <scale>1</scale>
        <position>0.0363979,-0.233184,0.660333</position>
        <triangledirection>-0.148687,0.938933,0.310314</triangledirection>
        <trianglepickorigin>0,0,0</trianglepickorigin>
        <orientation>
          <row0>0.987692,0.156409,-1.86264e-8</row0>
          <row1>-0.149776,0.945811,-0.288109</row1>
          <row2>-0.0450629,0.284563,0.957597</row2>
        </orientation>
        <userorientation>
          <userorientation_row0>1,0,0</userorientation_row0>
          <userorientation_row1>0,0.820919,0.571042</userorientation_row1>
          <userorientation_row2>0,-0.571042,0.820919</userorientation_row2>
        </userorientation>
      </transform>
      <snapped>false</snapped>
    </blockref>
    <blockref>
      <blockid>flora_parts~, fe_cap_03a</blockid>
      <transform>
        <scale>1</scale>
        <position>0.246393,0.0202009,0.661251</position>
        <triangledirection>-0.945330,-0.0542832,0.321562</triangledirection>
        <trianglepickorigin>0,0,0</trianglepickorigin>
        <orientation>
          <row0>-0.0573279,0.998355,2.26311e-7</row0>
          <row1>-0.959365,-0.0550890,-0.276737</row1>
          <row2>-0.276281,-0.0158649,0.960945</row2>
        </orientation>
        <userorientation>
          <userorientation_row0>1,0,0</userorientation_row0>
          <userorientation_row1>0,0.820919,0.571042</userorientation_row1>
          <userorientation_row2>0,-0.571042,0.820919</userorientation_row2>
        </userorientation>
      </transform>
      <snapped>false</snapped>
    </blockref>
    <blockref>
      <blockid>flora_parts~, fe_cap_03a</blockid>
      <transform>
        <scale>1</scale>
        <position>-0.174989,0.190499,0.614769</position>
        <triangledirection>0.615407,-0.665118,0.422954</triangledirection>
        <trianglepickorigin>0,0,0</trianglepickorigin>
        <orientation>
          <row0>-0.734004,-0.679144,3.12924e-7</row0>
          <row1>0.669230,-0.723290,-0.170238</row1>
          <row2>0.115616,-0.124955,0.985402</row2>
        </orientation>
        <userorientation>
          <userorientation_row0>1,0,0</userorientation_row0>
          <userorientation_row1>0,0.820919,0.571042</userorientation_row1>
          <userorientation_row2>0,-0.571042,0.820919</userorientation_row2>
        </userorientation>
      </transform>
      <snapped>false</snapped>
    </blockref>
  </blocks></sporemodel>