spore0005438f634740666200e1339dc6d816b417ffffffffffffffff0000000ebfdb7e8206KChangfffffffffffffffe07Hapyste0000000<?xml version="1.0" encoding="UTF-8"?><sporemodel>
  <properties>
    <modeltype>PlantLarge</modeltype>
    <skineffectseed1>1234</skineffectseed1>
    <skineffectseed2>1234</skineffectseed2>
    <skineffectseed3>1234</skineffectseed3>
    <skincolor1>0.443136,0.266665,0.203921</skincolor1>
    <skincolor2>0.317647,0.443136,0.141176</skincolor2>
    <skincolor3>0.286274,0.576469,0.262744</skincolor3>
    <zcorpscore>6</zcorpscore>
  </properties>
  <blocks count="31">
    <blockref>
      <blockid>flora_parts~, fe_root_dummy</blockid>
      <transform>
        <scale>1</scale>
        <position>0.00168340,0.00157016,0.600000</position>
        <triangledirection>0,1,0</triangledirection>
        <trianglepickorigin>0,0,0</trianglepickorigin>
        <orientation>
          <row0>1,0,0</row0>
          <row1>0,1,0</row1>
          <row2>0,0,1</row2>
        </orientation>
      </transform>
      <snapped>false</snapped>
      <childlist count="3">
        <childid>28</childid>
        <childid>5</childid>
        <childid>3</childid>
      </childlist>
    </blockref>
    <blockref>
      <blockid>flora_parts~, fe_muscle_branch_01</blockid>
      <transform>
        <limbtype>0</limbtype>
        <musclescale>0.5</musclescale>
        <basemusclescale>1.549998</basemusclescale>
        <scale>1</scale>
        <position>0.00168340,0.00157016,1.852249</position>
        <triangledirection>0.185490,0.134596,0.973384</triangledirection>
        <trianglepickorigin>0,0,0</trianglepickorigin>
        <orientation>
          <row0>-0.957823,0.246008,0.148507</row0>
          <row1>0.185490,0.134596,0.973384</row1>
          <row2>0.219472,0.959876,-0.174551</row2>
        </orientation>
      </transform>
      <snapped>true</snapped>
      <childlist count="1">
        <childid>2</childid>
      </childlist>
      <handles count="1">
        <weight channel="longer">0.386097</weight>
      </handles>
    </blockref>
    <blockref>
      <blockid>Creature_parts~, ce_grasper_null</blockid>
      <transform>
        <basemusclescale>0.800000</basemusclescale>
        <scale>1</scale>
        <position>-0.491192,-0.356072,-0.734182</position>
        <triangledirection>0.336665,0.871148,0.357430</triangledirection>
        <trianglepickorigin>0,0,0</trianglepickorigin>
        <orientation>
          <row0>-0.417759,0.478371,-0.772423</row0>
          <row1>0.336665,0.871148,0.357430</row1>
          <row2>0.843880,-0.110728,-0.524981</row2>
        </orientation>
      </transform>
      <snapped>true</snapped>
    </blockref>
    <blockref>
      <blockid>flora_parts~, fe_muscle_branch_01</blockid>
      <transform>
        <limbtype>0</limbtype>
        <musclescale>0.875</musclescale>
        <basemusclescale>1.5</basemusclescale>
        <scale>1</scale>
        <position>0.00168340,0.00157016,0.600000</position>
        <triangledirection>-0.0990347,0.520030,0.848387</triangledirection>
        <trianglepickorigin>0,0,0</trianglepickorigin>
        <orientation>
          <row0>-0.690965,0.577585,-0.434697</row0>
          <row1>-0.0990347,0.520030,0.848387</row1>
          <row2>0.716071,0.629256,-0.302122</row2>
        </orientation>
      </transform>
      <snapped>true</snapped>
      <childlist count="1">
        <childid>4</childid>
      </childlist>
      <handles count="1">
        <weight channel="longer">0.211769</weight>
      </handles>
    </blockref>
    <blockref>
      <blockid>Creature_parts~, ce_grasper_null</blockid>
      <transform>
        <basemusclescale>0.699999</basemusclescale>
        <scale>1</scale>
        <position>0.156480,-0.811268,-0.726080</position>
        <triangledirection>8.94068e-8,-4.47034e-8,-1</triangledirection>
        <trianglepickorigin>0,0,0</trianglepickorigin>
        <orientation>
          <row0>1,7.32745e-15,8.94068e-8</row0>
          <row1>8.94068e-8,-4.47034e-8,-1</row1>
          <row2>-3.33066e-15,1,-4.47034e-8</row2>
        </orientation>
      </transform>
      <snapped>true</snapped>
    </blockref>
    <blockref>
      <blockid>flora_parts~, fe_muscle_branch_01</blockid>
      <transform>
        <limbtype>0</limbtype>
        <musclescale>0.675000</musclescale>
        <basemusclescale>1.349998</basemusclescale>
        <scale>1</scale>
        <position>0.00168340,0.00157016,0.600000</position>
        <triangledirection>-0.429104,0.137491,0.892729</triangledirection>
        <trianglepickorigin>0,0,0</trianglepickorigin>
        <orientation>
          <row0>-0.762633,-0.584748,-0.276513</row0>
          <row1>-0.429104,0.137491,0.892729</row1>
          <row2>-0.484004,0.799477,-0.355773</row2>
        </orientation>
      </transform>
      <snapped>true</snapped>
      <childlist count="1">
        <childid>6</childid>
      </childlist>
      <handles count="1">
        <weight channel="longer">0.210219</weight>
      </handles>
    </blockref>
    <blockref>
      <blockid>Creature_parts~, ce_grasper_null</blockid>
      <transform>
        <basemusclescale>0.699998</basemusclescale>
        <scale>1</scale>
        <position>0.668226,-0.212000,-0.786706</position>
        <triangledirection>0,0,-1</triangledirection>
        <trianglepickorigin>0,0,0</trianglepickorigin>
        <orientation>
          <row0>1,0,0</row0>
          <row1>0,0,-1</row1>
          <row2>0,1,0</row2>
        </orientation>
      </transform>
      <snapped>true</snapped>
    </blockref>
    <blockref>
      <blockid>flora_parts~, FE_muscle_branch_04</blockid>
      <transform>
        <limbtype>0</limbtype>
        <musclescale>1</musclescale>
        <basemusclescale>1.549998</basemusclescale>
        <scale>1</scale>
        <position>0.00168340,0.00157016,1.852249</position>
        <triangledirection>0,-1.19209e-7,-1</triangledirection>
        <trianglepickorigin>0,0,0</trianglepickorigin>
        <orientation>
          <row0>1,0,0</row0>
          <row1>0,-1.19209e-7,-1</row1>
          <row2>0,1,-1.19209e-7</row2>
        </orientation>
      </transform>
      <snapped>true</snapped>
      <childlist count="1">
        <childid>8</childid>
      </childlist>
      <handles count="1">
        <weight channel="longer">0.745532</weight>
      </handles>
    </blockref>
    <blockref>
      <blockid>flora_parts~, FE_muscle_branch_04</blockid>
      <transform>
        <limbtype>0</limbtype>
        <musclescale>0.350000</musclescale>
        <basemusclescale>0.950000</basemusclescale>
        <scale>1</scale>
        <position>0.00168340,0.00157075,6.765213</position>
        <triangledirection>0,-1.19209e-7,-1</triangledirection>
        <trianglepickorigin>0,0,0</trianglepickorigin>
        <orientation>
          <row0>1,0,0</row0>
          <row1>0,-1.19209e-7,-1</row1>
          <row2>0,1,-1.19209e-7</row2>
        </orientation>
      </transform>
      <snapped>true</snapped>
      <childlist count="2">
        <childid>10</childid>
        <childid>9</childid>
      </childlist>
      <handles count="1">
        <weight channel="longer">0.497557</weight>
      </handles>
    </blockref>
    <blockref>
      <blockid>flora_parts~, FE_muscle_branch_04</blockid>
      <transform>
        <limbtype>0</limbtype>
        <musclescale>0.350000</musclescale>
        <basemusclescale>0.650000</basemusclescale>
        <scale>1</scale>
        <position>0.00168340,0.00157115,10.121890</position>
        <triangledirection>0,-1.19209e-7,-1</triangledirection>
        <trianglepickorigin>0,0,0</trianglepickorigin>
        <orientation>
          <row0>1,0,0</row0>
          <row1>0,-1.19209e-7,-1</row1>
          <row2>0,1,-1.19209e-7</row2>
        </orientation>
      </transform>
      <snapped>true</snapped>
      <childlist count="2">
        <childid>13</childid>
        <childid>11</childid>
      </childlist>
      <handles count="1">
        <weight channel="longer">0.485261</weight>
      </handles>
    </blockref>
    <blockref>
      <blockid>flora_parts~, FE_leaf_16</blockid>
      <transform>
        <scale>1,454991</scale>
        <position>-0.0105063,0.107786,9.789734</position>
        <triangledirection>0.00902854,0.100893,0.994856</triangledirection>
        <trianglepickorigin>0,0,0</trianglepickorigin>
        <orientation>
          <row0>-0.948524,-0.316704,1.39698e-8</row0>
          <row1>0.316640,-0.948331,-0.0201449</row1>
          <row2>0.00637999,-0.0191079,0.999797</row2>
        </orientation>
        <userorientation>
          <userorientation_row0>0.506769,-0.858642,-0.0769314</userorientation_row0>
          <userorientation_row1>-0.0405171,-0.112862,0.992783</userorientation_row1>
          <userorientation_row2>-0.861129,-0.499995,-0.0919853</userorientation_row2>
        </userorientation>
      </transform>
      <snapped>false</snapped>
      <handles count="3">
        <weight channel="DeformAxisLeft">0.835816</weight>
        <weight channel="DeformAxisForward">0.863554</weight>
        <weight channel="DeformAxisUp">0.595654</weight>
      </handles>
    </blockref>
    <blockref>
      <blockid>flora_parts~, FE_muscle_branch_04</blockid>
      <transform>
        <limbtype>0</limbtype>
        <musclescale>0.350000</musclescale>
        <basemusclescale>0.650000</basemusclescale>
        <scale>1</scale>
        <position>0.00168340,0.00157154,13.401391</position>
        <triangledirection>0,-1.19209e-7,-1</triangledirection>
        <trianglepickorigin>0,0,0</trianglepickorigin>
        <orientation>
          <row0>1,0,0</row0>
          <row1>0,-1.19209e-7,-1</row1>
          <row2>0,1,-1.19209e-7</row2>
        </orientation>
      </transform>
      <snapped>true</snapped>
      <childlist count="4">
        <childid>17</childid>
        <childid>16</childid>
        <childid>14</childid>
        <childid>12</childid>
      </childlist>
      <handles count="1">
        <weight channel="longer">0.485261</weight>
      </handles>
    </blockref>
    <blockref>
      <blockid>Creature_parts~, ce_grasper_null</blockid>
      <transform>
        <basemusclescale>0.650000</basemusclescale>
        <scale>1</scale>
        <position>0.00168340,0.00157193,16.680892</position>
        <triangledirection>-0.797529,0.0772190,-0.598317</triangledirection>
        <trianglepickorigin>0,0,0</trianglepickorigin>
        <orientation>
          <row0>0.499722,0.640172,-0.583486</row0>
          <row1>-0.797529,0.0772190,-0.598317</row1>
          <row2>-0.337970,0.764340,0.549144</row2>
        </orientation>
      </transform>
      <snapped>true</snapped>
    </blockref>
    <blockref>
      <blockid>flora_parts~, FE_leaf_16</blockid>
      <transform>
        <scale>1,690458</scale>
        <position>-0.00904207,0.0648677,12.483434</position>
        <triangledirection>-0.0467506,0.0898775,0.994854</triangledirection>
        <trianglepickorigin>0,0,0</trianglepickorigin>
        <orientation>
          <row0>-0.628563,-0.777758,0</row0>
          <row1>0.777600,-0.628436,-0.0201309</row1>
          <row2>0.0156569,-0.0126535,0.999797</row2>
        </orientation>
        <userorientation>
          <userorientation_row0>0.506769,-0.858642,-0.0769314</userorientation_row0>
          <userorientation_row1>-0.0405171,-0.112862,0.992783</userorientation_row1>
          <userorientation_row2>-0.861129,-0.499995,-0.0919853</userorientation_row2>
        </userorientation>
      </transform>
      <snapped>false</snapped>
      <childlist count="2">
        <childid>27</childid>
        <childid>25</childid>
      </childlist>
      <handles count="3">
        <weight channel="DeformAxisLeft">0.823239</weight>
        <weight channel="DeformAxisForward">0.863554</weight>
        <weight channel="DeformAxisUp">0.595654</weight>
      </handles>
    </blockref>
    <blockref>
      <blockid>flora_parts~, FE_leaf_16</blockid>
      <transform>
        <scale>1,568313</scale>
        <position>-0.112771,0.0413860,14.941872</position>
        <triangledirection>-0.118404,0.0665029,0.990735</triangledirection>
        <trianglepickorigin>0,0,0</trianglepickorigin>
        <orientation>
          <row0>-0.207269,-0.978283,8.14907e-9</row0>
          <row1>0.978144,-0.207240,0.0168918</row1>
          <row2>-0.0165249,0.00350116,0.999857</row2>
        </orientation>
        <userorientation>
          <userorientation_row0>0.728702,0.676474,0.106643</userorientation_row0>
          <userorientation_row1>-0.0405171,-0.112862,0.992783</userorientation_row1>
          <userorientation_row2>0.683629,-0.727765,-0.0548348</userorientation_row2>
        </userorientation>
      </transform>
      <snapped>false</snapped>
      <childlist count="3">
        <childid>24</childid>
        <childid>23</childid>
        <childid>18</childid>
      </childlist>
      <handles count="3">
        <weight channel="DeformAxisLeft">0.823239</weight>
        <weight channel="DeformAxisForward">0.863554</weight>
        <weight channel="DeformAxisUp">0.595654</weight>
      </handles>
    </blockref>
    <blockref>
      <blockid>flora_parts~, FE_leaf_16</blockid>
      <transform>
        <scale>1,161834</scale>
        <position>0.000136066,0.254515,17.115463</position>
        <triangledirection>0.00468722,0.0564041,0.998396</triangledirection>
        <trianglepickorigin>0,0,0</trianglepickorigin>
        <orientation>
          <row0>-0.996840,0.0794295,-2.79396e-8</row0>
          <row1>-0.0784069,-0.984006,0.159948</row1>
          <row2>0.0127045,0.159442,0.987125</row2>
        </orientation>
        <userorientation>
          <userorientation_row0>0.724307,0.685765,-0.0714446</userorientation_row0>
          <userorientation_row1>-0.000192283,0.103821,0.994595</userorientation_row1>
          <userorientation_row2>0.689476,-0.720378,0.0753313</userorientation_row2>
        </userorientation>
      </transform>
      <snapped>false</snapped>
      <handles count="3">
        <weight channel="DeformAxisLeft">0.858974</weight>
        <weight channel="DeformAxisForward">0.358595</weight>
        <weight channel="DeformAxisUp">0.595654</weight>
      </handles>
    </blockref>
    <blockref>
      <blockid>flora_parts~, FE_leaf_16</blockid>
      <transform>
        <scale>0,687288</scale>
        <position>0.0186978,0.0777390,16.687736</position>
        <triangledirection>0.0375416,0.0178554,-0.999134</triangledirection>
        <trianglepickorigin>0,0,0</trianglepickorigin>
        <orientation>
          <row0>-0.978073,0.208263,-2.64495e-7</row0>
          <row1>-0.199931,-0.938944,-0.280020</row1>
          <row2>-0.0583181,-0.273880,0.959994</row2>
        </orientation>
        <userorientation>
          <userorientation_row0>-0.722818,-0.673776,-0.153483</userorientation_row0>
          <userorientation_row1>-0.0329995,0.255506,-0.966242</userorientation_row1>
          <userorientation_row2>0.690247,-0.693355,-0.206919</userorientation_row2>
        </userorientation>
      </transform>
      <snapped>false</snapped>
      <childlist count="1">
        <childid>15</childid>
      </childlist>
      <handles count="3">
        <weight channel="DeformAxisLeft">0.836704</weight>
        <weight channel="DeformAxisForward">1</weight>
        <weight channel="DeformAxisUp">0.875254</weight>
      </handles>
    </blockref>
    <blockref>
      <blockid>flora_parts~, FE_leaf_16</blockid>
      <transform>
        <scale>1,349858</scale>
        <position>0.0312609,0.0928471,15.729660</position>
        <triangledirection>0.00111381,-0.125034,0.992151</triangledirection>
        <trianglepickorigin>0,0,0</trianglepickorigin>
        <orientation>
          <row0>-0.999972,-0.00736994,3.63797e-10</row0>
          <row1>0.00736826,-0.999744,-0.0213563</row1>
          <row2>0.000157395,-0.0213557,0.999771</row2>
        </orientation>
        <userorientation>
          <userorientation_row0>0.724307,0.685765,-0.0714446</userorientation_row0>
          <userorientation_row1>-0.000192283,0.103821,0.994595</userorientation_row1>
          <userorientation_row2>0.689476,-0.720378,0.0753313</userorientation_row2>
        </userorientation>
      </transform>
      <snapped>false</snapped>
      <childlist count="3">
        <childid>22</childid>
        <childid>21</childid>
        <childid>20</childid>
      </childlist>
      <handles count="3">
        <weight channel="DeformAxisLeft">0.858974</weight>
        <weight channel="DeformAxisForward">0.358595</weight>
        <weight channel="DeformAxisUp">0.595654</weight>
      </handles>
    </blockref>
    <blockref>
      <blockid>flora_parts~, FE_leaf_16</blockid>
      <transform>
        <scale>1,568312</scale>
        <position>0.222599,0.533039,12.491027</position>
        <triangledirection>-0.288390,0.142513,0.946847</triangledirection>
        <trianglepickorigin>0,0,0</trianglepickorigin>
        <orientation>
          <row0>-0.326577,-0.945170,1.49011e-8</row0>
          <row1>0.924033,-0.319274,0.210298</row1>
          <row2>-0.198767,0.0686786,0.977637</row2>
        </orientation>
        <userorientation>
          <userorientation_row0>0.728702,0.676474,0.106643</userorientation_row0>
          <userorientation_row1>-0.0405171,-0.112862,0.992783</userorientation_row1>
          <userorientation_row2>0.683629,-0.727765,-0.0548348</userorientation_row2>
        </userorientation>
      </transform>
      <snapped>false</snapped>
      <childlist count="2">
        <childid>26</childid>
        <childid>19</childid>
      </childlist>
      <handles count="3">
        <weight channel="DeformAxisLeft">0.823239</weight>
        <weight channel="DeformAxisForward">0.900391</weight>
        <weight channel="DeformAxisUp">0.552123</weight>
      </handles>
    </blockref>
    <blockref>
      <blockid>flora_parts~, FE_leaf_16</blockid>
      <transform>
        <scale>1,454991</scale>
        <position>1.145717,-0.550933,10.261002</position>
        <triangledirection>0.0890973,-0.0191432,0.995838</triangledirection>
        <trianglepickorigin>0,0,0</trianglepickorigin>
        <orientation>
          <row0>0.0304868,0.999535,4.56348e-8</row0>
          <row1>-0.955459,0.0291425,-0.293679</row1>
          <row2>-0.293542,0.00895331,0.955904</row2>
        </orientation>
        <userorientation>
          <userorientation_row0>0.736528,0.621492,0.266967</userorientation_row0>
          <userorientation_row1>-0.0164179,-0.378143,0.925601</userorientation_row1>
          <userorientation_row2>0.676205,-0.686115,-0.268309</userorientation_row2>
        </userorientation>
      </transform>
      <snapped>false</snapped>
      <handles count="3">
        <weight channel="DeformAxisLeft">0.823239</weight>
        <weight channel="DeformAxisForward">0.962007</weight>
        <weight channel="DeformAxisUp">0.388151</weight>
      </handles>
    </blockref>
    <blockref>
      <blockid>flora_parts~, fe_cap_01a</blockid>
      <transform>
        <scale>1</scale>
        <position>-0.0624514,-0.0796862,15.807721</position>
        <triangledirection>0.838574,0.451071,-0.305494</triangledirection>
        <trianglepickorigin>0,0,0</trianglepickorigin>
        <orientation>
          <row0>0.473718,-0.880676,1.49011e-7</row0>
          <row1>0.838574,0.451071,-0.305494</row1>
          <row2>0.269041,0.144718,0.952193</row2>
        </orientation>
      </transform>
      <snapped>false</snapped>
    </blockref>
    <blockref>
      <blockid>flora_parts~, fe_cap_01a</blockid>
      <transform>
        <scale>1</scale>
        <position>-0.673162,-0.103546,14.579316</position>
        <triangledirection>0.456474,0.353741,-0.816393</triangledirection>
        <trianglepickorigin>0,0,0</trianglepickorigin>
        <orientation>
          <row0>0.612543,-0.790436,5.96046e-7</row0>
          <row1>0.456474,0.353741,-0.816393</row1>
          <row2>0.645307,0.500077,0.577495</row2>
        </orientation>
      </transform>
      <snapped>false</snapped>
    </blockref>
    <blockref>
      <blockid>flora_parts~, fe_cap_01a</blockid>
      <transform>
        <scale>1</scale>
        <position>-0.190374,1.105868,14.204340</position>
        <triangledirection>0.131733,-0.658324,-0.741117</triangledirection>
        <trianglepickorigin>0,0,0</trianglepickorigin>
        <orientation>
          <row0>-0.980561,-0.196213,-2.90572e-7</row0>
          <row1>0.131733,-0.658324,-0.741117</row1>
          <row2>0.145417,-0.726711,0.671375</row2>
        </orientation>
      </transform>
      <snapped>false</snapped>
    </blockref>
    <blockref>
      <blockid>flora_parts~, fe_cap_01a</blockid>
      <transform>
        <scale>1</scale>
        <position>0.636865,0.0720190,13.279407</position>
        <triangledirection>-0.528890,0.840465,-0.117872</triangledirection>
        <trianglepickorigin>0,0,0</trianglepickorigin>
        <orientation>
          <row0>0.846365,0.532602,-1.86264e-8</row0>
          <row1>-0.528889,0.840464,-0.117872</row1>
          <row2>-0.0627794,0.0997636,0.993028</row2>
        </orientation>
      </transform>
      <snapped>false</snapped>
    </blockref>
    <blockref>
      <blockid>flora_parts~, fe_cap_01a</blockid>
      <transform>
        <scale>1</scale>
        <position>-0.132963,-0.858669,11.890209</position>
        <triangledirection>0.383211,0.719626,-0.579039</triangledirection>
        <trianglepickorigin>0,0,0</trianglepickorigin>
        <orientation>
          <row0>0.882652,-0.470025,-2.83122e-7</row0>
          <row1>0.383211,0.719626,-0.579039</row1>
          <row2>0.272163,0.511090,0.815299</row2>
        </orientation>
      </transform>
      <snapped>false</snapped>
    </blockref>
    <blockref>
      <blockid>flora_parts~, fe_cap_01a</blockid>
      <transform>
        <scale>1</scale>
        <position>-0.312557,0.640178,10.907020</position>
        <triangledirection>0.260642,-0.513253,-0.817701</triangledirection>
        <trianglepickorigin>0,0,0</trianglepickorigin>
        <orientation>
          <row0>-0.891619,-0.452785,-2.53319e-7</row0>
          <row1>0.260642,-0.513253,-0.817701</row1>
          <row2>0.370243,-0.729079,0.575641</row2>
        </orientation>
      </transform>
      <snapped>false</snapped>
    </blockref>
    <blockref>
      <blockid>flora_parts~, fe_cap_01a</blockid>
      <transform>
        <scale>1</scale>
        <position>1.858314,0.0506772,10.467025</position>
        <triangledirection>-0.296472,0.0964539,-0.950158</triangledirection>
        <trianglepickorigin>0,0,0</trianglepickorigin>
        <orientation>
          <row0>0.309377,0.950939,1.26659e-7</row0>
          <row1>-0.296472,0.0964539,-0.950158</row1>
          <row2>-0.903543,0.293957,0.311767</row2>
        </orientation>
      </transform>
      <snapped>false</snapped>
    </blockref>
    <blockref>
      <blockid>flora_parts~, fe_cap_01a</blockid>
      <transform>
        <scale>1</scale>
        <position>-0.624691,-0.547425,9.071459</position>
        <triangledirection>-0.221733,0.970629,-0.0933370</triangledirection>
        <trianglepickorigin>0,0,0</trianglepickorigin>
        <orientation>
          <row0>0.974885,0.222705,4.84287e-8</row0>
          <row1>-0.221733,0.970629,-0.0933370</row1>
          <row2>-0.0207867,0.0909929,0.995634</row2>
        </orientation>
      </transform>
      <snapped>false</snapped>
    </blockref>
    <blockref>
      <blockid>flora_parts~, FE_muscle_branch_04</blockid>
      <transform>
        <limbtype>0</limbtype>
        <musclescale>0.5</musclescale>
        <basemusclescale>1.600000</basemusclescale>
        <scale>1</scale>
        <position>0.00168340,0.00157016,0.600000</position>
        <triangledirection>0,0,-1</triangledirection>
        <trianglepickorigin>0,0,0</trianglepickorigin>
        <orientation>
          <row0>0.997721,0.0674716,0</row0>
          <row1>0,0,-1</row1>
          <row2>-0.0674716,0.997721,0</row2>
        </orientation>
      </transform>
      <snapped>true</snapped>
      <childlist count="3">
        <childid>29</childid>
        <childid>7</childid>
        <childid>1</childid>
      </childlist>
      <handles count="1">
        <weight channel="longer">0.162245</weight>
      </handles>
    </blockref>
    <blockref>
      <blockid>flora_parts~, fe_muscle_branch_01</blockid>
      <transform>
        <limbtype>0</limbtype>
        <musclescale>0.5</musclescale>
        <basemusclescale>1.549998</basemusclescale>
        <scale>1</scale>
        <position>0.00168340,0.00157016,1.852249</position>
        <triangledirection>0.0827979,-0.108591,0.990632</triangledirection>
        <trianglepickorigin>0,0,0</trianglepickorigin>
        <orientation>
          <row0>0.473956,-0.870138,-0.134996</row0>
          <row1>0.0827979,-0.108591,0.990632</row1>
          <row2>-0.876647,-0.480693,0.0205783</row2>
        </orientation>
      </transform>
      <snapped>true</snapped>
      <childlist count="1">
        <childid>30</childid>
      </childlist>
      <handles count="1">
        <weight channel="longer">0.369529</weight>
      </handles>
    </blockref>
    <blockref>
      <blockid>Creature_parts~, ce_grasper_null</blockid>
      <transform>
        <basemusclescale>1</basemusclescale>
        <scale>1</scale>
        <position>-0.209712,0.278822,-0.676995</position>
        <triangledirection>0.734273,-0.197680,0.649434</triangledirection>
        <trianglepickorigin>0,0,0</trianglepickorigin>
        <orientation>
          <row0>-0.646419,0.0885697,0.757824</row0>
          <row1>0.734273,-0.197680,0.649434</row1>
          <row2>0.207327,0.976257,0.0627498</row2>
        </orientation>
      </transform>
      <snapped>true</snapped>
    </blockref>
  </blocks></sporemodel>