spore0005438f634740666200ee002221d816b417ffffffffffffffff0000000ebfdb7e8506KChangfffffffffffffffe08Randorle0000000<?xml version="1.0" encoding="UTF-8"?><sporemodel>
  <properties>
    <modeltype>PlantMedium</modeltype>
    <skineffectseed1>1234</skineffectseed1>
    <skineffectseed2>1234</skineffectseed2>
    <skineffectseed3>1234</skineffectseed3>
    <skincolor1>0.576469,0.407843,0.341173</skincolor1>
    <skincolor2>0.211765,0.282353,0.203922</skincolor2>
    <skincolor3>0.949020,0.905882,0.427451</skincolor3>
    <zcorpscore>20</zcorpscore>
  </properties>
  <blocks count="27">
    <blockref>
      <blockid>flora_parts~, fe_root_dummy</blockid>
      <transform>
        <scale>1</scale>
        <position>-0.000547887,0.000574990,0.600000</position>
        <triangledirection>0,1,0</triangledirection>
        <trianglepickorigin>0,0,0</trianglepickorigin>
        <orientation>
          <row0>1,0,0</row0>
          <row1>0,1,0</row1>
          <row2>0,0,1</row2>
        </orientation>
      </transform>
      <snapped>false</snapped>
      <childlist count="4">
        <childid>7</childid>
        <childid>5</childid>
        <childid>3</childid>
        <childid>1</childid>
      </childlist>
    </blockref>
    <blockref>
      <blockid>flora_parts~, fe_muscle_branch_01</blockid>
      <transform>
        <limbtype>0</limbtype>
        <musclescale>0.5</musclescale>
        <basemusclescale>1.449997</basemusclescale>
        <scale>1</scale>
        <position>-0.000547887,0.000574990,0.600000</position>
        <triangledirection>0.515203,0.535049,0.669542</triangledirection>
        <trianglepickorigin>0,0,0</trianglepickorigin>
        <orientation>
          <row0>-0.365824,0.843746,-0.392764</row0>
          <row1>0.515203,0.535049,0.669542</row1>
          <row2>0.775072,0.0425818,-0.630435</row2>
        </orientation>
      </transform>
      <snapped>true</snapped>
      <childlist count="1">
        <childid>2</childid>
      </childlist>
      <handles count="1">
        <weight channel="longer">0.188716</weight>
      </handles>
    </blockref>
    <blockref>
      <blockid>Creature_parts~, ce_grasper_null</blockid>
      <transform>
        <basemusclescale>0.800000</basemusclescale>
        <scale>1</scale>
        <position>-0.731300,-0.758328,-0.349664</position>
        <triangledirection>0,0,-1</triangledirection>
        <trianglepickorigin>0,0,0</trianglepickorigin>
        <orientation>
          <row0>1,0,0</row0>
          <row1>0,0,-1</row1>
          <row2>0,1,0</row2>
        </orientation>
      </transform>
      <snapped>true</snapped>
    </blockref>
    <blockref>
      <blockid>flora_parts~, fe_muscle_branch_01</blockid>
      <transform>
        <limbtype>0</limbtype>
        <musclescale>0.875</musclescale>
        <basemusclescale>1.449997</basemusclescale>
        <scale>1</scale>
        <position>-0.000547887,0.000574990,0.600000</position>
        <triangledirection>-0.666956,0.588085,0.457521</triangledirection>
        <trianglepickorigin>0,0,0</trianglepickorigin>
        <orientation>
          <row0>-0.446694,0.175869,-0.877231</row0>
          <row1>-0.666956,0.588085,0.457521</row1>
          <row2>0.596350,0.789446,-0.145397</row2>
        </orientation>
      </transform>
      <snapped>true</snapped>
      <childlist count="1">
        <childid>4</childid>
      </childlist>
      <handles count="1">
        <weight channel="longer">0.211769</weight>
      </handles>
    </blockref>
    <blockref>
      <blockid>Creature_parts~, ce_grasper_null</blockid>
      <transform>
        <basemusclescale>0.5</basemusclescale>
        <scale>1</scale>
        <position>1.041947,-0.918639,-0.115135</position>
        <triangledirection>0,9.99998e-7,-1</triangledirection>
        <trianglepickorigin>0,0,0</trianglepickorigin>
        <orientation>
          <row0>1,0,0</row0>
          <row1>0,9.99998e-7,-1</row1>
          <row2>0,1,9.99998e-7</row2>
        </orientation>
      </transform>
      <snapped>true</snapped>
    </blockref>
    <blockref>
      <blockid>flora_parts~, fe_muscle_branch_01</blockid>
      <transform>
        <limbtype>0</limbtype>
        <musclescale>0.675000</musclescale>
        <basemusclescale>1.449997</basemusclescale>
        <scale>1</scale>
        <position>-0.000547887,0.000574990,0.600000</position>
        <triangledirection>-0.153438,-0.708684,0.688639</triangledirection>
        <trianglepickorigin>0,0,0</trianglepickorigin>
        <orientation>
          <row0>0.0566297,-0.702052,-0.709870</row0>
          <row1>-0.153438,-0.708684,0.688639</row1>
          <row2>-0.986534,0.0699236,-0.147854</row2>
        </orientation>
      </transform>
      <snapped>true</snapped>
      <childlist count="1">
        <childid>6</childid>
      </childlist>
      <handles count="1">
        <weight channel="longer">0.210219</weight>
      </handles>
    </blockref>
    <blockref>
      <blockid>Creature_parts~, ce_grasper_null</blockid>
      <transform>
        <basemusclescale>0.699997</basemusclescale>
        <scale>1</scale>
        <position>0.237792,1.101397,-0.469687</position>
        <triangledirection>0,0,-1</triangledirection>
        <trianglepickorigin>0,0,0</trianglepickorigin>
        <orientation>
          <row0>1,0,0</row0>
          <row1>0,0,-1</row1>
          <row2>0,1,0</row2>
        </orientation>
      </transform>
      <snapped>true</snapped>
    </blockref>
    <blockref>
      <blockid>flora_parts~, FE_muscle_branch_04</blockid>
      <transform>
        <limbtype>0</limbtype>
        <musclescale>0.350000</musclescale>
        <basemusclescale>1.449997</basemusclescale>
        <scale>1</scale>
        <position>-0.000547887,0.000574990,0.600000</position>
        <triangledirection>0,0,-1</triangledirection>
        <trianglepickorigin>0,0,0</trianglepickorigin>
        <orientation>
          <row0>1,0,0</row0>
          <row1>0,0,-1</row1>
          <row2>0,1,0</row2>
        </orientation>
      </transform>
      <snapped>true</snapped>
      <childlist count="5">
        <childid>18</childid>
        <childid>11</childid>
        <childid>10</childid>
        <childid>9</childid>
        <childid>8</childid>
      </childlist>
      <handles count="1">
        <weight channel="longer">0.179191</weight>
      </handles>
    </blockref>
    <blockref>
      <blockid>flora_parts~, FE_leaf_05</blockid>
      <transform>
        <scale>1</scale>
        <position>0.131340,0.120187,1.811774</position>
        <triangledirection>-0.495189,-0.748799,0.440551</triangledirection>
        <trianglepickorigin>0,0,0</trianglepickorigin>
        <orientation>
          <row0>-0.755022,0.655698,8.19563e-8</row0>
          <row1>-0.643569,-0.741056,-0.191453</row1>
          <row2>-0.125535,-0.144551,0.981501</row2>
        </orientation>
        <userorientation>
          <userorientation_row0>0.990670,0.135419,0.0151511</userorientation_row0>
          <userorientation_row1>-0.117107,0.789245,0.602806</userorientation_row1>
          <userorientation_row2>0.0696749,-0.598955,0.797741</userorientation_row2>
        </userorientation>
      </transform>
      <snapped>false</snapped>
      <handles count="4">
        <weight channel="DeformAxisForwardb">0.510922</weight>
        <weight channel="DeformAxisForward">0.420231</weight>
        <weight channel="DeformAxisLeft">0.700772</weight>
        <weight channel="DeformAxisUp">0.934301</weight>
      </handles>
    </blockref>
    <blockref>
      <blockid>flora_parts~, FE_leaf_05</blockid>
      <transform>
        <scale>1</scale>
        <position>-0.0866786,-0.0111238,1.809553</position>
        <triangledirection>0.646667,0.201408,0.735699</triangledirection>
        <trianglepickorigin>0,0,0</trianglepickorigin>
        <orientation>
          <row0>0.127808,-0.991798,-1.00582e-7</row0>
          <row1>0.975418,0.125698,0.180995</row1>
          <row2>-0.179510,-0.0231328,0.983484</row2>
        </orientation>
        <userorientation>
          <userorientation_row0>0.990670,0.135419,0.0151511</userorientation_row0>
          <userorientation_row1>-0.117107,0.789245,0.602806</userorientation_row1>
          <userorientation_row2>0.0696749,-0.598955,0.797741</userorientation_row2>
        </userorientation>
      </transform>
      <snapped>false</snapped>
      <handles count="4">
        <weight channel="DeformAxisForwardb">0.510922</weight>
        <weight channel="DeformAxisForward">0.420231</weight>
        <weight channel="DeformAxisLeft">0.700772</weight>
        <weight channel="DeformAxisUp">0.934301</weight>
      </handles>
    </blockref>
    <blockref>
      <blockid>flora_parts~, FE_leaf_05</blockid>
      <transform>
        <scale>1</scale>
        <position>0.0809019,-0.0567148,1.476444</position>
        <triangledirection>-0.478862,0.610871,0.630495</triangledirection>
        <trianglepickorigin>0,0,0</trianglepickorigin>
        <orientation>
          <row0>0.871082,0.491136,3.77185e-7</row0>
          <row1>-0.490826,0.870531,0.0355670</row1>
          <row2>0.0174679,-0.0309819,0.999367</row2>
        </orientation>
        <userorientation>
          <userorientation_row0>0.990670,0.135419,0.0151511</userorientation_row0>
          <userorientation_row1>-0.117107,0.789245,0.602806</userorientation_row1>
          <userorientation_row2>0.0696749,-0.598955,0.797741</userorientation_row2>
        </userorientation>
      </transform>
      <snapped>false</snapped>
      <handles count="4">
        <weight channel="DeformAxisForwardb">0.510922</weight>
        <weight channel="DeformAxisForward">0.420231</weight>
        <weight channel="DeformAxisLeft">0.700772</weight>
        <weight channel="DeformAxisUp">0.934301</weight>
      </handles>
    </blockref>
    <blockref>
      <blockid>flora_parts~, FE_muscle_branch_04</blockid>
      <transform>
        <limbtype>0</limbtype>
        <musclescale>0.350000</musclescale>
        <basemusclescale>0.900000</basemusclescale>
        <scale>1</scale>
        <position>-0.000547887,0.000574990,1.958605</position>
        <triangledirection>0,0,-1</triangledirection>
        <trianglepickorigin>0,0,0</trianglepickorigin>
        <orientation>
          <row0>1,0,0</row0>
          <row1>0,0,-1</row1>
          <row2>0,1,0</row2>
        </orientation>
      </transform>
      <snapped>true</snapped>
      <childlist count="12">
        <childid>25</childid>
        <childid>24</childid>
        <childid>23</childid>
        <childid>22</childid>
        <childid>21</childid>
        <childid>20</childid>
        <childid>19</childid>
        <childid>17</childid>
        <childid>16</childid>
        <childid>15</childid>
        <childid>14</childid>
        <childid>13</childid>
      </childlist>
      <handles count="1">
        <weight channel="longer">0.179191</weight>
      </handles>
    </blockref>
    <blockref>
      <blockid>flora_parts~, FE_leaf_05</blockid>
      <transform>
        <scale>0,740818</scale>
        <position>0.242353,0.0751849,3.199522</position>
        <triangledirection>-0.341491,-0.939827,-0.0103429</triangledirection>
        <trianglepickorigin>0,0,0</trianglepickorigin>
        <orientation>
          <row0>-0.893415,0.449232,2.83122e-7</row0>
          <row1>-0.354152,-0.704323,-0.615226</row1>
          <row2>-0.276379,-0.549652,0.788350</row2>
        </orientation>
        <userorientation>
          <userorientation_row0>0.990670,0.135419,0.0151511</userorientation_row0>
          <userorientation_row1>-0.117107,0.789245,0.602806</userorientation_row1>
          <userorientation_row2>0.0696749,-0.598955,0.797741</userorientation_row2>
        </userorientation>
      </transform>
      <snapped>false</snapped>
      <handles count="4">
        <weight channel="DeformAxisForwardb">0.510922</weight>
        <weight channel="DeformAxisForward">0.420231</weight>
        <weight channel="DeformAxisLeft">0.700772</weight>
        <weight channel="DeformAxisUp">0.934301</weight>
      </handles>
    </blockref>
    <blockref>
      <blockid>flora_parts~, FE_leaf_05</blockid>
      <transform>
        <scale>1</scale>
        <position>-0.127102,0.00692597,2.463085</position>
        <triangledirection>0.980999,0.0750725,0.178893</triangledirection>
        <trianglepickorigin>0,0,0</trianglepickorigin>
        <orientation>
          <row0>0.132662,-0.991161,-8.94069e-8</row0>
          <row1>0.969565,0.129772,0.207608</row1>
          <row2>-0.205773,-0.0275419,0.978212</row2>
        </orientation>
        <userorientation>
          <userorientation_row0>0.990262,-0.0589553,-0.126099</userorientation_row0>
          <userorientation_row1>0.0557328,0.998026,-0.0289348</userorientation_row1>
          <userorientation_row2>0.127554,0.0216252,0.991595</userorientation_row2>
        </userorientation>
      </transform>
      <snapped>false</snapped>
      <handles count="4">
        <weight channel="DeformAxisForwardb">0.510922</weight>
        <weight channel="DeformAxisForward">0.420231</weight>
        <weight channel="DeformAxisLeft">0.700772</weight>
        <weight channel="DeformAxisUp">0.934301</weight>
      </handles>
    </blockref>
    <blockref>
      <blockid>flora_parts~, FE_leaf_05</blockid>
      <transform>
        <scale>1</scale>
        <position>0.0760629,-0.0136068,2.551393</position>
        <triangledirection>-0.818857,0.153214,0.553168</triangledirection>
        <trianglepickorigin>0,0,0</trianglepickorigin>
        <orientation>
          <row0>0.320264,0.947328,-1.13621e-7</row0>
          <row1>-0.945537,0.319659,-0.0614489</row1>
          <row2>-0.0582122,0.0196800,0.998110</row2>
        </orientation>
        <userorientation>
          <userorientation_row0>0.990670,0.135419,0.0151511</userorientation_row0>
          <userorientation_row1>-0.117107,0.789245,0.602806</userorientation_row1>
          <userorientation_row2>0.0696749,-0.598955,0.797741</userorientation_row2>
        </userorientation>
      </transform>
      <snapped>false</snapped>
      <handles count="4">
        <weight channel="DeformAxisForwardb">0.510922</weight>
        <weight channel="DeformAxisForward">0.420231</weight>
        <weight channel="DeformAxisLeft">0.700772</weight>
        <weight channel="DeformAxisUp">0.934301</weight>
      </handles>
    </blockref>
    <blockref>
      <blockid>flora_parts~, fe_cap_02a</blockid>
      <transform>
        <scale>1</scale>
        <position>0.118470,0.0172947,3.079272</position>
        <triangledirection>-0.613927,0.352336,0.706364</triangledirection>
        <trianglepickorigin>0,0,0</trianglepickorigin>
        <orientation>
          <row0>-0.0418102,0.999125,5.09899e-8</row0>
          <row1>-0.997563,-0.0417449,-0.0558939</row1>
          <row2>-0.0558450,-0.00233699,0.998436</row2>
        </orientation>
        <userorientation>
          <userorientation_row0>0.828237,-0.560370,0</userorientation_row0>
          <userorientation_row1>0.377697,0.558242,0.738722</userorientation_row1>
          <userorientation_row2>-0.413957,-0.611840,0.674010</userorientation_row2>
        </userorientation>
      </transform>
      <snapped>false</snapped>
      <childlist count="1">
        <childid>12</childid>
      </childlist>
    </blockref>
    <blockref>
      <blockid>Creature_parts~, ce_grasper_null</blockid>
      <transform>
        <basemusclescale>0.650000</basemusclescale>
        <scale>1</scale>
        <position>-0.000547887,0.000575990,3.317209</position>
        <triangledirection>0,0,-1</triangledirection>
        <trianglepickorigin>0,0,0</trianglepickorigin>
        <orientation>
          <row0>1,0,0</row0>
          <row1>0,0,-1</row1>
          <row2>0,1,0</row2>
        </orientation>
      </transform>
      <snapped>true</snapped>
    </blockref>
    <blockref>
      <blockid>flora_parts~, FE_leaf_05</blockid>
      <transform>
        <scale>1</scale>
        <position>-0.0180817,-0.0960218,2.224018</position>
        <triangledirection>0.162761,0.810727,0.562341</triangledirection>
        <trianglepickorigin>0,0,0</trianglepickorigin>
        <orientation>
          <row0>0.942679,-0.333699,2.66358e-7</row0>
          <row1>0.333277,0.941486,-0.0503029</row1>
          <row2>0.0167858,0.0474196,0.998733</row2>
        </orientation>
        <userorientation>
          <userorientation_row0>0.990670,0.135419,0.0151511</userorientation_row0>
          <userorientation_row1>-0.117107,0.789245,0.602806</userorientation_row1>
          <userorientation_row2>0.0696749,-0.598955,0.797741</userorientation_row2>
        </userorientation>
      </transform>
      <snapped>false</snapped>
      <handles count="4">
        <weight channel="DeformAxisForwardb">0.510922</weight>
        <weight channel="DeformAxisForward">0.420231</weight>
        <weight channel="DeformAxisLeft">0.700772</weight>
        <weight channel="DeformAxisUp">0.934301</weight>
      </handles>
    </blockref>
    <blockref>
      <blockid>flora_parts~, FE_leaf_05</blockid>
      <transform>
        <scale>1</scale>
        <position>-0.105293,0.204644,1.466837</position>
        <triangledirection>0.581294,-0.788028,0.202746</triangledirection>
        <trianglepickorigin>0,0,0</trianglepickorigin>
        <orientation>
          <row0>-0.869959,-0.493123,-2.98023e-7</row0>
          <row1>0.444745,-0.784610,-0.431957</row1>
          <row2>0.213008,-0.375785,0.901894</row2>
        </orientation>
        <userorientation>
          <userorientation_row0>0.990670,0.135419,0.0151511</userorientation_row0>
          <userorientation_row1>-0.117107,0.789245,0.602806</userorientation_row1>
          <userorientation_row2>0.0696749,-0.598955,0.797741</userorientation_row2>
        </userorientation>
      </transform>
      <snapped>false</snapped>
      <handles count="4">
        <weight channel="DeformAxisForwardb">0.510922</weight>
        <weight channel="DeformAxisForward">0.420231</weight>
        <weight channel="DeformAxisLeft">0.700772</weight>
        <weight channel="DeformAxisUp">0.934301</weight>
      </handles>
    </blockref>
    <blockref>
      <blockid>flora_parts~, FE_leaf_05</blockid>
      <transform>
        <scale>1</scale>
        <position>-0.0323348,-0.0125259,3.388119</position>
        <triangledirection>0.560404,0.144808,-0.815461</triangledirection>
        <trianglepickorigin>0,0,0</trianglepickorigin>
        <orientation>
          <row0>0.381449,-0.924389,4.61935e-7</row0>
          <row1>0.396443,0.163592,-0.903366</row1>
          <row2>0.835062,0.344589,0.428870</row2>
        </orientation>
        <userorientation>
          <userorientation_row0>0.990262,-0.0589553,-0.126098</userorientation_row0>
          <userorientation_row1>0.0799057,0.982518,0.168145</userorientation_row1>
          <userorientation_row2>0.113979,-0.176586,0.977662</userorientation_row2>
        </userorientation>
      </transform>
      <snapped>false</snapped>
      <handles count="4">
        <weight channel="DeformAxisForwardb">0.510922</weight>
        <weight channel="DeformAxisForward">0.420231</weight>
        <weight channel="DeformAxisLeft">0.700772</weight>
        <weight channel="DeformAxisUp">0.693212</weight>
      </handles>
    </blockref>
    <blockref>
      <blockid>flora_parts~, FE_leaf_05</blockid>
      <transform>
        <scale>0,740818</scale>
        <position>0.0524279,0.0128827,3.369570</position>
        <triangledirection>-0.760292,-0.102645,-0.641419</triangledirection>
        <trianglepickorigin>0,0,0</trianglepickorigin>
        <orientation>
          <row0>-0.236283,0.971684,-5.43892e-7</row0>
          <row1>-0.627661,-0.152628,-0.763378</row1>
          <row2>-0.741762,-0.180373,0.645951</row2>
        </orientation>
        <userorientation>
          <userorientation_row0>0.990262,-0.0589553,-0.126098</userorientation_row0>
          <userorientation_row1>0.0799057,0.982518,0.168145</userorientation_row1>
          <userorientation_row2>0.113979,-0.176586,0.977662</userorientation_row2>
        </userorientation>
      </transform>
      <snapped>false</snapped>
      <handles count="4">
        <weight channel="DeformAxisForwardb">0.503151</weight>
        <weight channel="DeformAxisForward">0.434305</weight>
        <weight channel="DeformAxisLeft">0.700772</weight>
        <weight channel="DeformAxisUp">0.693212</weight>
      </handles>
    </blockref>
    <blockref>
      <blockid>flora_parts~, FE_leaf_05</blockid>
      <transform>
        <scale>1</scale>
        <position>-0.0185837,-0.0601669,2.824171</position>
        <triangledirection>-0.00494774,0.972185,-0.234156</triangledirection>
        <trianglepickorigin>0,0,0</trianglepickorigin>
        <orientation>
          <row0>0.963971,-0.266007,9.31322e-8</row0>
          <row1>0.265249,0.961223,-0.0754490</row1>
          <row2>0.0200699,0.0727307,0.997149</row2>
        </orientation>
        <userorientation>
          <userorientation_row0>0.964456,0.255803,-0.0662384</userorientation_row0>
          <userorientation_row1>-0.263377,0.950842,-0.162881</userorientation_row1>
          <userorientation_row2>0.0213166,0.174535,0.984419</userorientation_row2>
        </userorientation>
      </transform>
      <snapped>false</snapped>
      <handles count="4">
        <weight channel="DeformAxisForwardb">0.510922</weight>
        <weight channel="DeformAxisForward">0.420231</weight>
        <weight channel="DeformAxisLeft">0.700772</weight>
        <weight channel="DeformAxisUp">0.934301</weight>
      </handles>
    </blockref>
    <blockref>
      <blockid>flora_parts~, fe_cap_02a</blockid>
      <transform>
        <scale>1</scale>
        <position>-3.88943e-6,-0.110255,2.565320</position>
        <triangledirection>0.184213,0.731038,0.656999</triangledirection>
        <trianglepickorigin>0,0,0</trianglepickorigin>
        <orientation>
          <row0>0.961633,0.274337,-1.67638e-7</row0>
          <row1>-0.271849,0.952910,-0.134389</row1>
          <row2>-0.0368678,0.129233,0.990928</row2>
        </orientation>
        <userorientation>
          <userorientation_row0>0.828237,-0.560370,0</userorientation_row0>
          <userorientation_row1>0.377697,0.558242,0.738722</userorientation_row1>
          <userorientation_row2>-0.413957,-0.611840,0.674010</userorientation_row2>
        </userorientation>
      </transform>
      <snapped>false</snapped>
    </blockref>
    <blockref>
      <blockid>flora_parts~, fe_cap_02a</blockid>
      <transform>
        <scale>1</scale>
        <position>-0.176411,0.0667697,2.605180</position>
        <triangledirection>0.482383,-0.534272,0.694159</triangledirection>
        <trianglepickorigin>0,0,0</trianglepickorigin>
        <orientation>
          <row0>-0.280215,-0.959937,3.11061e-7</row0>
          <row1>0.957160,-0.279405,-0.0759989</row1>
          <row2>0.0729543,-0.0212958,0.997107</row2>
        </orientation>
        <userorientation>
          <userorientation_row0>0.828237,-0.560370,0</userorientation_row0>
          <userorientation_row1>0.377697,0.558242,0.738722</userorientation_row1>
          <userorientation_row2>-0.413957,-0.611840,0.674010</userorientation_row2>
        </userorientation>
      </transform>
      <snapped>false</snapped>
    </blockref>
    <blockref>
      <blockid>flora_parts~, fe_cap_02a</blockid>
      <transform>
        <scale>1</scale>
        <position>-0.0994776,-0.00362698,3.236757</position>
        <triangledirection>0.544584,-0.349051,0.762620</triangledirection>
        <trianglepickorigin>0,0,0</trianglepickorigin>
        <orientation>
          <row0>0.0535200,-0.998566,8.84756e-8</row0>
          <row1>0.997595,0.0534680,0.0440980</row1>
          <row2>-0.0440348,-0.00236004,0.999027</row2>
        </orientation>
        <userorientation>
          <userorientation_row0>0.828237,-0.560370,0</userorientation_row0>
          <userorientation_row1>0.377697,0.558242,0.738722</userorientation_row1>
          <userorientation_row2>-0.413957,-0.611840,0.674010</userorientation_row2>
        </userorientation>
      </transform>
      <snapped>false</snapped>
    </blockref>
    <blockref>
      <blockid>flora_parts~, fe_cap_02a</blockid>
      <transform>
        <scale>1</scale>
        <position>0.0451999,0.110719,2.564465</position>
        <triangledirection>-0.678253,-0.187752,0.710437</triangledirection>
        <trianglepickorigin>0,0,0</trianglepickorigin>
        <orientation>
          <row0>-0.742341,0.670022,5.77419e-8</row0>
          <row1>-0.669214,-0.741446,-0.0490729</row1>
          <row2>-0.0328799,-0.0364289,0.998795</row2>
        </orientation>
        <userorientation>
          <userorientation_row0>0.828237,-0.560370,0</userorientation_row0>
          <userorientation_row1>0.377697,0.558242,0.738722</userorientation_row1>
          <userorientation_row2>-0.413957,-0.611840,0.674010</userorientation_row2>
        </userorientation>
      </transform>
      <snapped>false</snapped>
      <childlist count="1">
        <childid>26</childid>
      </childlist>
    </blockref>
    <blockref>
      <blockid>flora_parts~, FE_leaf_05</blockid>
      <transform>
        <scale>0,740818</scale>
        <position>0.0912090,0.240290,2.683851</position>
        <triangledirection>0.431484,-0.902086,-0.00773909</triangledirection>
        <trianglepickorigin>0,0,0</trianglepickorigin>
        <orientation>
          <row0>-0.946408,-0.322917,0.00596876</row0>
          <row1>0.251775,-0.749227,-0.612590</row1>
          <row2>0.202288,-0.578258,0.790377</row2>
        </orientation>
        <userorientation>
          <userorientation_row0>0.990670,0.135419,0.0151511</userorientation_row0>
          <userorientation_row1>-0.117107,0.789245,0.602806</userorientation_row1>
          <userorientation_row2>0.0696749,-0.598955,0.797741</userorientation_row2>
        </userorientation>
      </transform>
      <snapped>false</snapped>
      <handles count="4">
        <weight channel="DeformAxisForwardb">0.510922</weight>
        <weight channel="DeformAxisForward">0.420231</weight>
        <weight channel="DeformAxisLeft">0.700772</weight>
        <weight channel="DeformAxisUp">0.934301</weight>
      </handles>
    </blockref>
  </blocks></sporemodel>