spore0005438f63474066620011889f8bd816b417ffffffffffffffff0000000ebfdb7e7706KChangfffffffffffffffe08Stohrlie0000000<?xml version="1.0" encoding="UTF-8"?><sporemodel>
  <properties>
    <modeltype>PlantSmall</modeltype>
    <skineffectseed1>1234</skineffectseed1>
    <skineffectseed2>1234</skineffectseed2>
    <skineffectseed3>1234</skineffectseed3>
    <skincolor1>0.576470,0.474510,0.262744</skincolor1>
    <skincolor2>0.101961,0.282353,0.0901959</skincolor2>
    <skincolor3>0.125490,0.125490,0.125490</skincolor3>
    <zcorpscore>20</zcorpscore>
  </properties>
  <blocks count="14">
    <blockref>
      <blockid>flora_parts~, fe_root_dummy</blockid>
      <transform>
        <scale>1</scale>
        <position>0,0,0.600000</position>
        <triangledirection>0,1,0</triangledirection>
        <trianglepickorigin>0,0,0</trianglepickorigin>
        <orientation>
          <row0>1,0,0</row0>
          <row1>0,1,0</row1>
          <row2>0,0,1</row2>
        </orientation>
      </transform>
      <snapped>false</snapped>
      <childlist count="1">
        <childid>1</childid>
      </childlist>
    </blockref>
    <blockref>
      <blockid>flora_parts~, FE_muscle_branch_04</blockid>
      <transform>
        <limbtype>0</limbtype>
        <musclescale>0.425000</musclescale>
        <basemusclescale>1.649999</basemusclescale>
        <scale>1</scale>
        <position>0,0,0.600000</position>
        <triangledirection>0.00436399,0.0160369,0.999861</triangledirection>
        <trianglepickorigin>0,0,0</trianglepickorigin>
        <orientation>
          <row0>-0.0934408,0.995503,-0.0155592</row0>
          <row1>0.00436399,0.0160369,0.999861</row1>
          <row2>0.995615,0.0933600,-0.00584288</row2>
        </orientation>
      </transform>
      <snapped>true</snapped>
      <childlist count="12">
        <childid>13</childid>
        <childid>12</childid>
        <childid>11</childid>
        <childid>10</childid>
        <childid>9</childid>
        <childid>8</childid>
        <childid>7</childid>
        <childid>6</childid>
        <childid>5</childid>
        <childid>4</childid>
        <childid>3</childid>
        <childid>2</childid>
      </childlist>
      <handles count="1">
        <weight channel="longer">0.208792</weight>
      </handles>
    </blockref>
    <blockref>
      <blockid>Creature_parts~, ce_grasper_null</blockid>
      <transform>
        <basemusclescale>0.900000</basemusclescale>
        <scale>1</scale>
        <position>-0.00673999,-0.0247670,-0.944172</position>
        <triangledirection>0,0,-1</triangledirection>
        <trianglepickorigin>0,0,0</trianglepickorigin>
        <orientation>
          <row0>1,0,0</row0>
          <row1>0,0,-1</row1>
          <row2>0,1,0</row2>
        </orientation>
      </transform>
      <snapped>true</snapped>
    </blockref>
    <blockref>
      <blockid>flora_parts~, FE_leaf_12</blockid>
      <transform>
        <scale>0,687288</scale>
        <position>0.00114799,-0.156128,0.826037</position>
        <triangledirection>0.0269284,0.714219,-0.699403</triangledirection>
        <trianglepickorigin>0,0,0</trianglepickorigin>
        <orientation>
          <row0>0.999938,0.0110518,3.06405e-7</row0>
          <row1>-0.00631200,0.571116,-0.820845</row1>
          <row2>-0.00907199,0.820794,0.571150</row2>
        </orientation>
        <userorientation>
          <userorientation_row0>0.884992,-0.116998,0.450666</userorientation_row0>
          <userorientation_row1>0.0348199,0.981833,0.186517</userorientation_row1>
          <userorientation_row2>-0.464302,-0.149374,0.872989</userorientation_row2>
        </userorientation>
      </transform>
      <snapped>false</snapped>
      <handles count="3">
        <weight channel="DeformAxisForwardb">0.783819</weight>
        <weight channel="DeformAxisForward">0</weight>
        <weight channel="DeformAxisLeft">0.945928</weight>
      </handles>
    </blockref>
    <blockref>
      <blockid>flora_parts~, FE_leaf_12</blockid>
      <transform>
        <scale>0,687288</scale>
        <position>0.164070,0.0981070,0.779536</position>
        <triangledirection>-0.621316,-0.346279,-0.702890</triangledirection>
        <trianglepickorigin>0,0,0</trianglepickorigin>
        <orientation>
          <row0>-0.486828,0.873497,1.49011e-8</row0>
          <row1>-0.621316,-0.346279,-0.702890</row1>
          <row2>-0.613973,-0.342187,0.711297</row2>
        </orientation>
      </transform>
      <snapped>false</snapped>
      <handles count="3">
        <weight channel="DeformAxisForwardb">0.818464</weight>
        <weight channel="DeformAxisForward">0.728990</weight>
        <weight channel="DeformAxisLeft">0.945928</weight>
      </handles>
    </blockref>
    <blockref>
      <blockid>flora_parts~, FE_leaf_12</blockid>
      <transform>
        <scale>0,509156</scale>
        <position>-0.112964,0.162192,0.774197</position>
        <triangledirection>0.426786,-0.589866,-0.685501</triangledirection>
        <trianglepickorigin>0,0,0</trianglepickorigin>
        <orientation>
          <row0>-0.810175,-0.586187,3.42726e-7</row0>
          <row1>0.426786,-0.589866,-0.685501</row1>
          <row2>0.401832,-0.555376,0.728071</row2>
        </orientation>
      </transform>
      <snapped>false</snapped>
      <handles count="3">
        <weight channel="DeformAxisForwardb">1</weight>
        <weight channel="DeformAxisForward">0.601296</weight>
        <weight channel="DeformAxisLeft">0.945928</weight>
      </handles>
    </blockref>
    <blockref>
      <blockid>flora_parts~, fe_cap_03a</blockid>
      <transform>
        <scale>1</scale>
        <position>-0.258499,0.0632020,0.607273</position>
        <triangledirection>0.959127,-0.219969,-0.178007</triangledirection>
        <trianglepickorigin>0,0,0</trianglepickorigin>
        <orientation>
          <row0>-0.223540,-0.974694,-1.67638e-7</row0>
          <row1>0.959127,-0.219969,-0.178007</row1>
          <row2>0.173503,-0.0397920,0.984029</row2>
        </orientation>
      </transform>
      <snapped>false</snapped>
    </blockref>
    <blockref>
      <blockid>flora_parts~, fe_cap_03a</blockid>
      <transform>
        <scale>1</scale>
        <position>0.133102,-0.214956,0.623369</position>
        <triangledirection>-0.516644,0.845600,-0.134302</triangledirection>
        <trianglepickorigin>0,0,0</trianglepickorigin>
        <orientation>
          <row0>0.853331,0.521368,-2.79396e-7</row0>
          <row1>-0.516644,0.845600,-0.134302</row1>
          <row2>-0.0700210,0.114605,0.990940</row2>
        </orientation>
        <userorientation>
          <userorientation_row0>0.646614,0,-0.762816</userorientation_row0>
          <userorientation_row1>0,1,0</userorientation_row1>
          <userorientation_row2>0.762816,0,0.646614</userorientation_row2>
        </userorientation>
      </transform>
      <snapped>false</snapped>
    </blockref>
    <blockref>
      <blockid>flora_parts~, fe_cap_03a</blockid>
      <transform>
        <scale>1</scale>
        <position>0.209275,0.156096,0.636417</position>
        <triangledirection>-0.801660,-0.571765,-0.174430</triangledirection>
        <trianglepickorigin>0,0,0</trianglepickorigin>
        <orientation>
          <row0>-0.580667,0.814141,0</row0>
          <row1>-0.801660,-0.571765,-0.174430</row1>
          <row2>-0.142011,-0.101286,0.984669</row2>
        </orientation>
        <userorientation>
          <userorientation_row0>-0.538552,0,0.842592</userorientation_row0>
          <userorientation_row1>0,1,0</userorientation_row1>
          <userorientation_row2>-0.842592,0,-0.538552</userorientation_row2>
        </userorientation>
      </transform>
      <snapped>false</snapped>
    </blockref>
    <blockref>
      <blockid>flora_parts~, FE_leaf_23</blockid>
      <transform>
        <scale>1</scale>
        <position>0.0398829,0.200392,0.778593</position>
        <triangledirection>-0.150193,-0.714035,-0.683808</triangledirection>
        <trianglepickorigin>0,0,0</trianglepickorigin>
        <orientation>
          <row0>-0.978585,0.205840,-1.04308e-7</row0>
          <row1>-0.150193,-0.714035,-0.683808</row1>
          <row2>-0.140755,-0.669165,0.729661</row2>
        </orientation>
      </transform>
      <snapped>false</snapped>
      <handles count="4">
        <weight channel="DeformAxisForward">0.333299</weight>
        <weight channel="DeformAxisLeft">0.180792</weight>
        <weight channel="DeformAxisRight">0.218798</weight>
        <weight channel="DeformAxisUp">0.146686</weight>
      </handles>
    </blockref>
    <blockref>
      <blockid>flora_parts~, FE_leaf_23</blockid>
      <transform>
        <scale>1</scale>
        <position>-0.0825389,0.0548989,0.838654</position>
        <triangledirection>0.126201,-0.0910832,-0.987814</triangledirection>
        <trianglepickorigin>0,0,0</trianglepickorigin>
        <orientation>
          <row0>-0.507350,-0.861740,-1.78813e-7</row0>
          <row1>0.309480,-0.182206,-0.933285</row1>
          <row2>0.804249,-0.473502,0.359134</row2>
        </orientation>
        <userorientation>
          <userorientation_row0>0.992901,0.0107719,0.118450</userorientation_row0>
          <userorientation_row1>0.0144619,0.977566,-0.210133</userorientation_row1>
          <userorientation_row2>-0.118057,0.210354,0.970471</userorientation_row2>
        </userorientation>
      </transform>
      <snapped>false</snapped>
      <handles count="4">
        <weight channel="DeformAxisForward">0.333299</weight>
        <weight channel="DeformAxisLeft">0.330388</weight>
        <weight channel="DeformAxisRight">0.5</weight>
        <weight channel="DeformAxisUp">0.242617</weight>
      </handles>
    </blockref>
    <blockref>
      <blockid>flora_parts~, FE_leaf_23</blockid>
      <transform>
        <scale>1</scale>
        <position>0.108815,-0.0152509,0.840062</position>
        <triangledirection>-0.200843,0.0548043,-0.978089</triangledirection>
        <trianglepickorigin>0,0,0</trianglepickorigin>
        <orientation>
          <row0>0.195592,0.980685,1.26659e-7</row0>
          <row1>-0.400746,0.0799270,-0.912696</row1>
          <row2>-0.895067,0.178516,0.408638</row2>
        </orientation>
        <userorientation>
          <userorientation_row0>0.992901,0.0107719,0.118450</userorientation_row0>
          <userorientation_row1>0.0144619,0.977566,-0.210133</userorientation_row1>
          <userorientation_row2>-0.118057,0.210354,0.970471</userorientation_row2>
        </userorientation>
      </transform>
      <snapped>false</snapped>
      <handles count="4">
        <weight channel="DeformAxisForward">0.596882</weight>
        <weight channel="DeformAxisLeft">0.330388</weight>
        <weight channel="DeformAxisRight">0.5</weight>
        <weight channel="DeformAxisUp">0.242617</weight>
      </handles>
    </blockref>
    <blockref>
      <blockid>flora_parts~, FE_leaf_23</blockid>
      <transform>
        <scale>1</scale>
        <position>0.188764,-0.00981499,0.802304</position>
        <triangledirection>-0.805563,0.315634,-0.501440</triangledirection>
        <trianglepickorigin>0,0,0</trianglepickorigin>
        <orientation>
          <row0>0.0859196,0.996302,-7.30156e-7</row0>
          <row1>-0.669776,0.0577600,-0.740313</row1>
          <row2>-0.737575,0.0636079,0.672262</row2>
        </orientation>
        <userorientation>
          <userorientation_row0>0.936731,-0.300736,0.179139</userorientation_row0>
          <userorientation_row1>0.245253,0.929001,0.277141</userorientation_row1>
          <userorientation_row2>-0.249766,-0.215672,0.943982</userorientation_row2>
        </userorientation>
      </transform>
      <snapped>false</snapped>
      <handles count="4">
        <weight channel="DeformAxisForward">0.254811</weight>
        <weight channel="DeformAxisLeft">0.330388</weight>
        <weight channel="DeformAxisRight">0.714363</weight>
        <weight channel="DeformAxisUp">0.242617</weight>
      </handles>
    </blockref>
    <blockref>
      <blockid>flora_parts~, FE_leaf_23</blockid>
      <transform>
        <scale>1</scale>
        <position>-0.208991,-0.00234599,0.781056</position>
        <triangledirection>0.584259,0.0103884,-0.811500</triangledirection>
        <trianglepickorigin>0,0,0</trianglepickorigin>
        <orientation>
          <row0>0.0425175,-0.999095,3.65078e-7</row0>
          <row1>0.741075,0.0315370,-0.670681</row1>
          <row2>0.670074,0.0285160,0.741745</row2>
        </orientation>
        <userorientation>
          <userorientation_row0>0.992901,0.0107719,0.118450</userorientation_row0>
          <userorientation_row1>0.0144619,0.977566,-0.210133</userorientation_row1>
          <userorientation_row2>-0.118057,0.210354,0.970471</userorientation_row2>
        </userorientation>
      </transform>
      <snapped>false</snapped>
      <handles count="4">
        <weight channel="DeformAxisForward">0.333299</weight>
        <weight channel="DeformAxisLeft">0.274194</weight>
        <weight channel="DeformAxisRight">0.0776420</weight>
        <weight channel="DeformAxisUp">0.106254</weight>
      </handles>
    </blockref>
  </blocks></sporemodel>