spore0005438f634740666200394c7095d816b417ffffffffffffffff0000000ebfdb7e9606KChangfffffffffffffffe06Simple0000000<?xml version="1.0" encoding="UTF-8"?><sporemodel>
  <properties>
    <modeltype>PlantMedium</modeltype>
    <skineffectseed1>1234</skineffectseed1>
    <skineffectseed2>1234</skineffectseed2>
    <skineffectseed3>1234</skineffectseed3>
    <skincolor1>0.576469,0.349020,0.262743</skincolor1>
    <skincolor2>0.443135,0.266667,0.203922</skincolor2>
    <skincolor3>0.905882,0.827451,0.658824</skincolor3>
    <zcorpscore>16</zcorpscore>
  </properties>
  <blocks count="26">
    <blockref>
      <blockid>flora_parts~, fe_root_dummy</blockid>
      <transform>
        <scale>1</scale>
        <position>0,0,0.600000</position>
        <triangledirection>0,1,0</triangledirection>
        <trianglepickorigin>0,0,0</trianglepickorigin>
        <orientation>
          <row0>1,0,0</row0>
          <row1>0,1,0</row1>
          <row2>0,0,1</row2>
        </orientation>
      </transform>
      <snapped>false</snapped>
      <childlist count="2">
        <childid>19</childid>
        <childid>1</childid>
      </childlist>
    </blockref>
    <blockref>
      <blockid>flora_parts~, fe_muscle_branch_02</blockid>
      <transform>
        <limbtype>0</limbtype>
        <musclescale>0.850000</musclescale>
        <basemusclescale>1.399998</basemusclescale>
        <scale>1</scale>
        <position>0,0,0.600000</position>
        <triangledirection>0,0,-1</triangledirection>
        <trianglepickorigin>0,0,0</trianglepickorigin>
        <orientation>
          <row0>0.999943,-0.0106410,0</row0>
          <row1>0,0,-1</row1>
          <row2>0.0106410,0.999943,0</row2>
        </orientation>
      </transform>
      <snapped>true</snapped>
      <childlist count="9">
        <childid>24</childid>
        <childid>23</childid>
        <childid>22</childid>
        <childid>21</childid>
        <childid>12</childid>
        <childid>11</childid>
        <childid>8</childid>
        <childid>3</childid>
        <childid>2</childid>
      </childlist>
      <handles count="1">
        <weight channel="longer">0.0897430</weight>
      </handles>
    </blockref>
    <blockref>
      <blockid>Creature_parts~, ce_grasper_null</blockid>
      <transform>
        <basemusclescale>0.900000</basemusclescale>
        <scale>1</scale>
        <position>0,0,1.397227</position>
        <triangledirection>0,0,-1</triangledirection>
        <trianglepickorigin>0,0,0</trianglepickorigin>
        <orientation>
          <row0>1,0,0</row0>
          <row1>0,0,-1</row1>
          <row2>0,1,0</row2>
        </orientation>
      </transform>
      <snapped>true</snapped>
    </blockref>
    <blockref>
      <blockid>flora_parts~, FE_leaf_24</blockid>
      <transform>
        <scale>0,798516</scale>
        <position>0.194257,0.139825,1.340964</position>
        <triangledirection>-0.789691,-0.141569,-0.596945</triangledirection>
        <trianglepickorigin>0,0,0</trianglepickorigin>
        <orientation>
          <row0>-0.616613,0.787266,1.08778e-6</row0>
          <row1>-0.651086,-0.509952,-0.562169</row1>
          <row2>-0.442576,-0.346642,0.827022</row2>
        </orientation>
        <userorientation>
          <userorientation_row0>0.926586,-0.375752,0.0157268</userorientation_row0>
          <userorientation_row1>0.375481,0.921935,-0.0951140</userorientation_row1>
          <userorientation_row2>0.0212398,0.0940359,0.995342</userorientation_row2>
        </userorientation>
      </transform>
      <snapped>false</snapped>
      <childlist count="3">
        <childid>17</childid>
        <childid>7</childid>
        <childid>5</childid>
      </childlist>
      <handles count="4">
        <weight channel="bend">0.533172</weight>
        <weight channel="flatten">0.501906</weight>
        <weight channel="Length">0.639035</weight>
        <weight channel="width">0.635796</weight>
      </handles>
    </blockref>
    <blockref>
      <blockid>flora_parts~, FE_leaf_18</blockid>
      <transform>
        <scale>0,5</scale>
        <position>-0.284469,0.573482,2.155169</position>
        <triangledirection>0.162153,-0.692020,-0.703428</triangledirection>
        <trianglepickorigin>0,0,0</trianglepickorigin>
        <orientation>
          <row0>-0.952944,-0.303145,-2.53319e-7</row0>
          <row1>0.282099,-0.886785,-0.366103</row1>
          <row2>0.110982,-0.348876,0.930574</row2>
        </orientation>
        <userorientation>
          <userorientation_row0>0.896592,0.128597,0.423776</userorientation_row0>
          <userorientation_row1>0.0552598,0.916944,-0.395165</userorientation_row1>
          <userorientation_row2>-0.439395,0.377721,0.815020</userorientation_row2>
        </userorientation>
      </transform>
      <snapped>false</snapped>
      <childlist count="1">
        <childid>14</childid>
      </childlist>
      <handles count="3">
        <weight channel="DeformAxisLeft">1</weight>
        <weight channel="DeformAxisForward">1</weight>
        <weight channel="DeformAxisUp">1</weight>
      </handles>
    </blockref>
    <blockref>
      <blockid>flora_parts~, FE_leaf_18</blockid>
      <transform>
        <scale>0,5</scale>
        <position>0.855238,0.133035,2.442376</position>
        <triangledirection>0.172707,0.287532,-0.942070</triangledirection>
        <trianglepickorigin>0,0,0</trianglepickorigin>
        <orientation>
          <row0>0.304955,0.952366,-1.10268e-6</row0>
          <row1>-0.596656,0.191053,-0.779422</row1>
          <row2>-0.742296,0.237689,0.626498</row2>
        </orientation>
        <userorientation>
          <userorientation_row0>-0.140635,-0.644832,-0.751273</userorientation_row0>
          <userorientation_row1>0.326505,0.686158,-0.650062</userorientation_row1>
          <userorientation_row2>0.934672,-0.336718,0.114041</userorientation_row2>
        </userorientation>
      </transform>
      <snapped>false</snapped>
      <handles count="3">
        <weight channel="DeformAxisLeft">1</weight>
        <weight channel="DeformAxisForward">1</weight>
        <weight channel="DeformAxisUp">1</weight>
      </handles>
    </blockref>
    <blockref>
      <blockid>flora_parts~, FE_leaf_18</blockid>
      <transform>
        <scale>0,5</scale>
        <position>-0.684275,-0.317793,1.992145</position>
        <triangledirection>0.623319,-0.148110,-0.767462</triangledirection>
        <trianglepickorigin>0,0,0</trianglepickorigin>
        <orientation>
          <row0>-0.467835,-0.878358,-0.0980607</row0>
          <row1>0.826164,-0.395202,-0.401581</row1>
          <row2>0.313979,-0.268888,0.910558</row2>
        </orientation>
        <userorientation>
          <userorientation_row0>0.278283,0.467454,0.838804</userorientation_row0>
          <userorientation_row1>-0.0862580,0.881696,-0.463284</userorientation_row1>
          <userorientation_row2>-0.956122,0.0565290,0.285861</userorientation_row2>
        </userorientation>
      </transform>
      <snapped>false</snapped>
      <childlist count="1">
        <childid>13</childid>
      </childlist>
      <handles count="3">
        <weight channel="DeformAxisLeft">1</weight>
        <weight channel="DeformAxisForward">0.884988</weight>
        <weight channel="DeformAxisUp">1</weight>
      </handles>
    </blockref>
    <blockref>
      <blockid>flora_parts~, FE_leaf_18</blockid>
      <transform>
        <scale>0,5</scale>
        <position>1.145967,0.103563,2.559270</position>
        <triangledirection>-0.861249,-0.0588214,-0.504764</triangledirection>
        <trianglepickorigin>0,0,0</trianglepickorigin>
        <orientation>
          <row0>-0.0491270,0.998792,2.23051e-7</row0>
          <row1>-0.990211,-0.0487049,-0.130798</row1>
          <row2>-0.130641,-0.00642599,0.991409</row2>
        </orientation>
        <userorientation>
          <userorientation_row0>0.876165,-0.173458,-0.449719</userorientation_row0>
          <userorientation_row1>-0.0164398,0.921706,-0.387535</userorientation_row1>
          <userorientation_row2>0.481731,0.346939,0.804717</userorientation_row2>
        </userorientation>
      </transform>
      <snapped>false</snapped>
      <childlist count="1">
        <childid>9</childid>
      </childlist>
      <handles count="3">
        <weight channel="DeformAxisLeft">1</weight>
        <weight channel="DeformAxisForward">0.632971</weight>
        <weight channel="DeformAxisUp">1</weight>
      </handles>
    </blockref>
    <blockref>
      <blockid>flora_parts~, FE_leaf_24</blockid>
      <transform>
        <scale>0,5</scale>
        <position>-0.218700,-0.0740199,1.347964</position>
        <triangledirection>0.690166,0.421452,-0.588256</triangledirection>
        <trianglepickorigin>0,0,0</trianglepickorigin>
        <orientation>
          <row0>0.276014,-0.961153,8.94069e-8</row0>
          <row1>0.773240,0.222051,-0.593963</row1>
          <row2>0.570889,0.163942,0.804492</row2>
        </orientation>
        <userorientation>
          <userorientation_row0>0.840328,0.189907,0.507722</userorientation_row0>
          <userorientation_row1>-0.214585,0.976652,-0.0101450</userorientation_row1>
          <userorientation_row2>-0.497797,-0.100423,0.861460</userorientation_row2>
        </userorientation>
      </transform>
      <snapped>false</snapped>
      <childlist count="1">
        <childid>6</childid>
      </childlist>
      <handles count="4">
        <weight channel="bend">0.451604</weight>
        <weight channel="flatten">0.467995</weight>
        <weight channel="Length">0.568902</weight>
        <weight channel="width">0.838592</weight>
      </handles>
    </blockref>
    <blockref>
      <blockid>flora_parts~, fe_cap_02a</blockid>
      <transform>
        <scale>1</scale>
        <position>1.371770,0.0618828,2.638933</position>
        <triangledirection>-0.506125,0.584555,0.634136</triangledirection>
        <trianglepickorigin>0,0,0</trianglepickorigin>
        <orientation>
          <row0>-0.468854,0.822085,-0.323034</row0>
          <row1>-0.490440,0.0618673,0.869275</row1>
          <row2>0.734603,0.565993,0.374177</row2>
        </orientation>
        <userorientation>
          <userorientation_row0>0.845268,-0.531607,0.0539898</userorientation_row0>
          <userorientation_row1>0.513006,0.835628,0.196332</userorientation_row1>
          <userorientation_row2>-0.149488,-0.138256,0.979050</userorientation_row2>
        </userorientation>
      </transform>
      <snapped>false</snapped>
    </blockref>
    <blockref>
      <blockid>flora_parts~, FE_leaf_18</blockid>
      <transform>
        <scale>0,5</scale>
        <position>0.201871,-0.587226,1.710432</position>
        <triangledirection>-0.126803,0.750905,-0.648121</triangledirection>
        <trianglepickorigin>0,0,0</trianglepickorigin>
        <orientation>
          <row0>0.941085,0.338167,-0.000899348</row0>
          <row1>-0.337019,0.937665,-0.0848588</row1>
          <row2>-0.0278532,0.0801625,0.996392</row2>
        </orientation>
        <userorientation>
          <userorientation_row0>0.707971,0.332813,0.622902</userorientation_row0>
          <userorientation_row1>0.135181,0.801832,-0.582056</userorientation_row1>
          <userorientation_row2>-0.693181,0.496287,0.522683</userorientation_row2>
        </userorientation>
      </transform>
      <snapped>false</snapped>
      <childlist count="1">
        <childid>15</childid>
      </childlist>
      <handles count="3">
        <weight channel="DeformAxisLeft">1</weight>
        <weight channel="DeformAxisForward">1</weight>
        <weight channel="DeformAxisUp">1</weight>
      </handles>
    </blockref>
    <blockref>
      <blockid>flora_parts~, FE_leaf_24</blockid>
      <transform>
        <scale>1</scale>
        <position>-0.156976,0.178528,1.348587</position>
        <triangledirection>0.157016,-0.521760,-0.838515</triangledirection>
        <trianglepickorigin>0,0,0</trianglepickorigin>
        <orientation>
          <row0>-0.736091,-0.676881,6.55651e-7</row0>
          <row1>0.551228,-0.599447,-0.580354</row1>
          <row2>0.392831,-0.427193,0.814364</row2>
        </orientation>
        <userorientation>
          <userorientation_row0>-0.741976,0.430155,0.514232</userorientation_row0>
          <userorientation_row1>0.237590,0.885955,-0.398283</userorientation_row1>
          <userorientation_row2>-0.626911,-0.173341,-0.759561</userorientation_row2>
        </userorientation>
      </transform>
      <snapped>false</snapped>
      <childlist count="1">
        <childid>4</childid>
      </childlist>
      <handles count="4">
        <weight channel="bend">0.284603</weight>
        <weight channel="flatten">0.516197</weight>
        <weight channel="Length">0.207190</weight>
        <weight channel="width">0.545801</weight>
      </handles>
    </blockref>
    <blockref>
      <blockid>flora_parts~, FE_leaf_24</blockid>
      <transform>
        <scale>0,5</scale>
        <position>0.127275,-0.334993,1.298982</position>
        <triangledirection>-0.190229,0.589400,-0.785124</triangledirection>
        <trianglepickorigin>0,0,0</trianglepickorigin>
        <orientation>
          <row0>0.933701,0.358052,-1.04308e-7</row0>
          <row1>-0.303151,0.790533,-0.532123</row1>
          <row2>-0.190528,0.496844,0.846666</row2>
        </orientation>
        <userorientation>
          <userorientation_row0>-0.698500,-0.218205,-0.681531</userorientation_row0>
          <userorientation_row1>0.0334188,0.941392,-0.335654</userorientation_row1>
          <userorientation_row2>0.714829,-0.257230,-0.650269</userorientation_row2>
        </userorientation>
      </transform>
      <snapped>false</snapped>
      <childlist count="1">
        <childid>10</childid>
      </childlist>
      <handles count="4">
        <weight channel="bend">0.329066</weight>
        <weight channel="flatten">0.495505</weight>
        <weight channel="Length">0.211572</weight>
        <weight channel="width">0.913130</weight>
      </handles>
    </blockref>
    <blockref>
      <blockid>flora_parts~, fe_cap_02a</blockid>
      <transform>
        <scale>1</scale>
        <position>-1.071411,-0.254810,2.256834</position>
        <triangledirection>0.791955,0.152697,0.591174</triangledirection>
        <trianglepickorigin>0,0,0</trianglepickorigin>
        <orientation>
          <row0>0.634493,-0.373094,0.676918</row0>
          <row1>0.325182,0.923358,0.204120</row1>
          <row2>-0.701194,0.0906090,0.707188</row2>
        </orientation>
        <userorientation>
          <userorientation_row0>0.530453,-0.843144,0.0878970</userorientation_row0>
          <userorientation_row1>0.845696,0.519196,-0.123407</userorientation_row1>
          <userorientation_row2>0.0584138,0.139796,0.988456</userorientation_row2>
        </userorientation>
      </transform>
      <snapped>false</snapped>
    </blockref>
    <blockref>
      <blockid>flora_parts~, fe_cap_02a</blockid>
      <transform>
        <scale>1</scale>
        <position>-0.363247,1.049744,2.557835</position>
        <triangledirection>0.0415306,-0.964464,0.260924</triangledirection>
        <trianglepickorigin>0,0,0</trianglepickorigin>
        <orientation>
          <row0>-0.726295,0.676662,-0.120925</row0>
          <row1>-0.637134,-0.596677,0.487888</row1>
          <row2>0.257982,0.431396,0.864489</row2>
        </orientation>
        <userorientation>
          <userorientation_row0>0.674899,0.733716,0.0785470</userorientation_row0>
          <userorientation_row1>-0.714332,0.676316,-0.179786</userorientation_row1>
          <userorientation_row2>-0.185035,0.0652289,0.980565</userorientation_row2>
        </userorientation>
      </transform>
      <snapped>false</snapped>
    </blockref>
    <blockref>
      <blockid>flora_parts~, fe_cap_02a</blockid>
      <transform>
        <scale>1</scale>
        <position>0.238512,-0.978411,2.127454</position>
        <triangledirection>0.979984,0.0910150,-0.177047</triangledirection>
        <trianglepickorigin>0,0,0</trianglepickorigin>
        <orientation>
          <row0>-0.0816049,-0.995986,-0.0367661</row0>
          <row1>0.985540,-0.0751429,-0.151867</row1>
          <row2>0.148495,-0.0486277,0.987716</row2>
        </orientation>
        <userorientation>
          <userorientation_row0>0.982806,0.160476,-0.0913148</userorientation_row0>
          <userorientation_row1>-0.164111,0.985863,-0.0337749</userorientation_row1>
          <userorientation_row2>0.0846040,0.0481800,0.995247</userorientation_row2>
        </userorientation>
      </transform>
      <snapped>false</snapped>
    </blockref>
    <blockref>
      <blockid>flora_parts~, fe_cap_02a</blockid>
      <transform>
        <scale>1</scale>
        <position>0.408101,0.482031,2.607573</position>
        <triangledirection>-0.631667,-0.174854,0.755261</triangledirection>
        <trianglepickorigin>0,0,0</trianglepickorigin>
        <orientation>
          <row0>-0.920383,0.391015,-1.04308e-7</row0>
          <row1>-0.259585,-0.611018,0.747844</row1>
          <row2>0.292419,0.688304,0.663873</row2>
        </orientation>
        <userorientation>
          <userorientation_row0>0.845268,-0.531607,0.0539898</userorientation_row0>
          <userorientation_row1>0.513006,0.835628,0.196332</userorientation_row1>
          <userorientation_row2>-0.149488,-0.138256,0.979050</userorientation_row2>
        </userorientation>
      </transform>
      <snapped>false</snapped>
    </blockref>
    <blockref>
      <blockid>flora_parts~, FE_leaf_24</blockid>
      <transform>
        <scale>0,5</scale>
        <position>0.698432,0.251183,2.495290</position>
        <triangledirection>0.837962,-0.402926,-0.368061</triangledirection>
        <trianglepickorigin>0,0,0</trianglepickorigin>
        <orientation>
          <row0>-0.433118,-0.894300,-0.112402</row0>
          <row1>0.897059,-0.439833,0.0427949</row1>
          <row2>-0.0877097,-0.0822961,0.992740</row2>
        </orientation>
        <userorientation>
          <userorientation_row0>0.840328,0.189907,0.507722</userorientation_row0>
          <userorientation_row1>0.0387718,0.913171,-0.405727</userorientation_row1>
          <userorientation_row2>-0.540690,0.360630,0.759998</userorientation_row2>
        </userorientation>
      </transform>
      <snapped>false</snapped>
      <childlist count="2">
        <childid>18</childid>
        <childid>16</childid>
      </childlist>
      <handles count="4">
        <weight channel="bend">0.537940</weight>
        <weight channel="flatten">0.467995</weight>
        <weight channel="Length">0.568902</weight>
        <weight channel="width">0.838592</weight>
      </handles>
    </blockref>
    <blockref>
      <blockid>flora_parts~, FE_leaf_18</blockid>
      <transform>
        <scale>0,5</scale>
        <position>0.304347,0.636057,3.013949</position>
        <triangledirection>0.144776,-0.348159,-0.926590</triangledirection>
        <trianglepickorigin>0,0,0</trianglepickorigin>
        <orientation>
          <row0>0.0488155,-0.998761,-0.00966061</row0>
          <row1>0.477232,0.0318197,-0.878200</row1>
          <row2>0.877420,0.0382594,0.478194</row2>
        </orientation>
        <userorientation>
          <userorientation_row0>-0.446061,0.473423,0.760160</userorientation_row0>
          <userorientation_row1>0.363747,0.871746,-0.329381</userorientation_row1>
          <userorientation_row2>-0.818211,0.129202,-0.560426</userorientation_row2>
        </userorientation>
      </transform>
      <snapped>false</snapped>
      <handles count="3">
        <weight channel="DeformAxisLeft">1</weight>
        <weight channel="DeformAxisForward">0.516186</weight>
        <weight channel="DeformAxisUp">1</weight>
      </handles>
    </blockref>
    <blockref>
      <blockid>flora_parts~, fe_muscle_branch_01</blockid>
      <transform>
        <limbtype>0</limbtype>
        <musclescale>0.675000</musclescale>
        <basemusclescale>1.399998</basemusclescale>
        <scale>1</scale>
        <position>0,0,0.600000</position>
        <triangledirection>-0.00869998,0.00451498,0.999952</triangledirection>
        <trianglepickorigin>0,0,0</trianglepickorigin>
        <orientation>
          <row0>0.344693,-0.938687,0.00723734</row0>
          <row1>-0.00869998,0.00451498,0.999952</row1>
          <row2>-0.938674,-0.344740,-0.00661027</row2>
        </orientation>
      </transform>
      <snapped>true</snapped>
      <childlist count="1">
        <childid>20</childid>
      </childlist>
      <handles count="1">
        <weight channel="longer">0.141063</weight>
      </handles>
    </blockref>
    <blockref>
      <blockid>Creature_parts~, ce_grasper_null</blockid>
      <transform>
        <basemusclescale>0.900000</basemusclescale>
        <scale>1</scale>
        <position>0.00973798,-0.00505398,-0.519256</position>
        <triangledirection>0,-9.99998e-7,-1</triangledirection>
        <trianglepickorigin>0,0,0</trianglepickorigin>
        <orientation>
          <row0>1,1.99998e-6,-1.99998e-12</row0>
          <row1>0,-9.99998e-7,-1</row1>
          <row2>-1.99998e-6,1,-9.99998e-7</row2>
        </orientation>
      </transform>
      <snapped>true</snapped>
    </blockref>
    <blockref>
      <blockid>flora_parts~, FE_leaf_24</blockid>
      <transform>
        <scale>1,454988</scale>
        <position>-0.00444498,-0.323852,0.711848</position>
        <triangledirection>-0.0508457,0.931500,-0.360166</triangledirection>
        <trianglepickorigin>0,0,0</trianglepickorigin>
        <orientation>
          <row0>0.999915,-0.0130353,8.47503e-8</row0>
          <row1>0.0121539,0.932303,0.361472</row1>
          <row2>-0.00471199,-0.361441,0.932382</row2>
        </orientation>
        <userorientation>
          <userorientation_row0>0.902347,0.329868,0.277406</userorientation_row0>
          <userorientation_row1>-0.0629839,0.737632,-0.672255</userorientation_row1>
          <userorientation_row2>-0.426380,0.589136,0.686378</userorientation_row2>
        </userorientation>
      </transform>
      <snapped>false</snapped>
      <handles count="4">
        <weight channel="bend">0.562756</weight>
        <weight channel="flatten">0.453406</weight>
        <weight channel="Length">0.0801780</weight>
        <weight channel="width">0.0970248</weight>
      </handles>
    </blockref>
    <blockref>
      <blockid>flora_parts~, FE_leaf_24</blockid>
      <transform>
        <scale>1,690458</scale>
        <position>-0.379499,0.144341,0.916723</position>
        <triangledirection>0.920482,-0.127274,-0.369477</triangledirection>
        <trianglepickorigin>0,0,0</trianglepickorigin>
        <orientation>
          <row0>-0.355554,-0.934655,3.35276e-7</row0>
          <row1>0.913381,-0.347461,0.212144</row1>
          <row2>-0.198281,0.0754291,0.977238</row2>
        </orientation>
        <userorientation>
          <userorientation_row0>0.952767,0.0395638,-0.301115</userorientation_row0>
          <userorientation_row1>-0.208324,0.806592,-0.553183</userorientation_row1>
          <userorientation_row2>0.220991,0.589782,0.776734</userorientation_row2>
        </userorientation>
      </transform>
      <snapped>false</snapped>
      <handles count="4">
        <weight channel="bend">0.514626</weight>
        <weight channel="flatten">0.453406</weight>
        <weight channel="Length">0.0874688</weight>
        <weight channel="width">0.116631</weight>
      </handles>
    </blockref>
    <blockref>
      <blockid>flora_parts~, FE_leaf_24</blockid>
      <transform>
        <scale>1,077880</scale>
        <position>0.278176,0.292751,0.928646</position>
        <triangledirection>-0.352922,-0.788979,-0.502947</triangledirection>
        <trianglepickorigin>0,0,0</trianglepickorigin>
        <orientation>
          <row0>-0.725314,0.688417,4.17232e-7</row0>
          <row1>-0.675277,-0.711469,0.194452</row1>
          <row2>0.133864,0.141038,0.980911</row2>
        </orientation>
        <userorientation>
          <userorientation_row0>0.937465,0.0661780,-0.341728</userorientation_row0>
          <userorientation_row1>-0.287167,0.701856,-0.651868</userorientation_row1>
          <userorientation_row2>0.196704,0.709236,0.676968</userorientation_row2>
        </userorientation>
      </transform>
      <snapped>false</snapped>
      <handles count="4">
        <weight channel="bend">0.514626</weight>
        <weight channel="flatten">0.558886</weight>
        <weight channel="Length">0.506798</weight>
        <weight channel="width">0.175798</weight>
      </handles>
    </blockref>
    <blockref>
      <blockid>flora_parts~, FE_leaf_24</blockid>
      <transform>
        <scale>0,740818</scale>
        <position>0.376464,-0.124399,0.886752</position>
        <triangledirection>-0.888806,0.252688,-0.382320</triangledirection>
        <trianglepickorigin>0,0,0</trianglepickorigin>
        <orientation>
          <row0>0.316967,0.948436,3.94880e-7</row0>
          <row1>-0.918329,0.306906,0.249961</row1>
          <row2>0.237071,-0.0792299,0.968255</row2>
        </orientation>
        <userorientation>
          <userorientation_row0>0.896103,0.296122,0.330617</userorientation_row0>
          <userorientation_row1>-0.0420638,0.798202,-0.600916</userorientation_row1>
          <userorientation_row2>-0.441843,0.524576,0.727729</userorientation_row2>
        </userorientation>
      </transform>
      <snapped>false</snapped>
      <childlist count="1">
        <childid>25</childid>
      </childlist>
      <handles count="4">
        <weight channel="bend">0.514626</weight>
        <weight channel="flatten">0.558886</weight>
        <weight channel="Length">0.379351</weight>
        <weight channel="width">0.505712</weight>
      </handles>
    </blockref>
    <blockref>
      <blockid>flora_parts~, FE_leaf_24</blockid>
      <transform>
        <scale>1</scale>
        <position>1.101607,-0.573557,1.451287</position>
        <triangledirection>-0.592317,0.644858,-0.483027</triangledirection>
        <trianglepickorigin>0,0,0</trianglepickorigin>
        <orientation>
          <row0>0.783224,0.621739,1.17719e-6</row0>
          <row1>-0.604816,0.761905,0.231728</row1>
          <row2>0.144073,-0.181495,0.972780</row2>
        </orientation>
        <userorientation>
          <userorientation_row0>0.902347,0.329868,0.277406</userorientation_row0>
          <userorientation_row1>-0.0629839,0.737632,-0.672255</userorientation_row1>
          <userorientation_row2>-0.426380,0.589136,0.686378</userorientation_row2>
        </userorientation>
      </transform>
      <snapped>false</snapped>
      <handles count="4">
        <weight channel="bend">0.504086</weight>
        <weight channel="flatten">0.453406</weight>
        <weight channel="Length">0.119228</weight>
        <weight channel="width">0.209119</weight>
      </handles>
    </blockref>
  </blocks></sporemodel>