spore0005438f634740666200c652f8e6d816b417ffffffffffffffff0000000ebfdb7e9306KChangfffffffffffffffe08Gorblenz0000000<?xml version="1.0" encoding="UTF-8"?><sporemodel>
  <properties>
    <modeltype>PlantLarge</modeltype>
    <skineffectseed1>1234</skineffectseed1>
    <skineffectseed2>1234</skineffectseed2>
    <skineffectseed3>1234</skineffectseed3>
    <skincolor1>0.803922,0.698037,0.474510</skincolor1>
    <skincolor2>0.317647,0.443136,0.141176</skincolor2>
    <skincolor3>0.560783,0.905882,0.537253</skincolor3>
    <zcorpscore>9</zcorpscore>
  </properties>
  <blocks count="34">
    <blockref>
      <blockid>flora_parts~, fe_root_dummy</blockid>
      <transform>
        <scale>1</scale>
        <position>-0.000404926,-0.00373437,0.600000</position>
        <triangledirection>0,1,0</triangledirection>
        <trianglepickorigin>0,0,0</trianglepickorigin>
        <orientation>
          <row0>1,0,0</row0>
          <row1>0,1,0</row1>
          <row2>0,0,1</row2>
        </orientation>
      </transform>
      <snapped>false</snapped>
      <childlist count="6">
        <childid>11</childid>
        <childid>9</childid>
        <childid>7</childid>
        <childid>5</childid>
        <childid>3</childid>
        <childid>1</childid>
      </childlist>
    </blockref>
    <blockref>
      <blockid>flora_parts~, FE_muscle_branch_04</blockid>
      <transform>
        <limbtype>0</limbtype>
        <musclescale>0.5</musclescale>
        <basemusclescale>2.900000</basemusclescale>
        <scale>1</scale>
        <position>-0.000404926,-0.00373437,0.600000</position>
        <triangledirection>-0.0268859,0.0305509,0.999171</triangledirection>
        <trianglepickorigin>0,0,0</trianglepickorigin>
        <orientation>
          <row0>0.976802,0.213226,0.0197643</row0>
          <row1>-0.0268859,0.0305509,0.999171</row1>
          <row2>0.212446,-0.976525,0.0355750</row2>
        </orientation>
      </transform>
      <snapped>true</snapped>
      <childlist count="1">
        <childid>2</childid>
      </childlist>
      <handles count="1">
        <weight channel="longer">0.0433158</weight>
      </handles>
    </blockref>
    <blockref>
      <blockid>Creature_parts~, ce_grasper_null</blockid>
      <transform>
        <basemusclescale>1.549998</basemusclescale>
        <scale>3</scale>
        <position>0.0131949,-0.0191882,0.0945658</position>
        <triangledirection>0,0,-1</triangledirection>
        <trianglepickorigin>0,0,0</trianglepickorigin>
        <orientation>
          <row0>1,0,0</row0>
          <row1>0,0,-1</row1>
          <row2>0,1,0</row2>
        </orientation>
      </transform>
      <snapped>true</snapped>
    </blockref>
    <blockref>
      <blockid>flora_parts~, fe_muscle_branch_01</blockid>
      <transform>
        <limbtype>0</limbtype>
        <musclescale>0.524998</musclescale>
        <basemusclescale>2.900000</basemusclescale>
        <scale>1</scale>
        <position>-0.000404926,-0.00373437,0.600000</position>
        <triangledirection>-0.564868,0.646700,0.512544</triangledirection>
        <trianglepickorigin>0,0,0</trianglepickorigin>
        <orientation>
          <row0>-0.458941,-0.762413,0.456177</row0>
          <row1>-0.564868,0.646700,0.512544</row1>
          <row2>-0.685781,-0.0224526,-0.727461</row2>
        </orientation>
      </transform>
      <snapped>true</snapped>
      <childlist count="1">
        <childid>4</childid>
      </childlist>
      <handles count="1">
        <weight channel="longer">0.272215</weight>
      </handles>
    </blockref>
    <blockref>
      <blockid>Creature_parts~, ce_grasper_null</blockid>
      <transform>
        <basemusclescale>1.149998</basemusclescale>
        <scale>1</scale>
        <position>1.096808,-1.259897,-0.395577</position>
        <triangledirection>0,0,-1</triangledirection>
        <trianglepickorigin>0,0,0</trianglepickorigin>
        <orientation>
          <row0>1,0,0</row0>
          <row1>0,0,-1</row1>
          <row2>0,1,0</row2>
        </orientation>
      </transform>
      <snapped>true</snapped>
    </blockref>
    <blockref>
      <blockid>flora_parts~, fe_muscle_branch_01</blockid>
      <transform>
        <limbtype>0</limbtype>
        <musclescale>0.400000</musclescale>
        <basemusclescale>2.900000</basemusclescale>
        <scale>1</scale>
        <position>-0.000404926,-0.00373437,0.600000</position>
        <triangledirection>0.648798,0.388841,0.654113</triangledirection>
        <trianglepickorigin>0,0,0</trianglepickorigin>
        <orientation>
          <row0>-0.580714,-0.302502,0.755819</row0>
          <row1>0.648798,0.388841,0.654113</row1>
          <row2>-0.491764,0.870227,-0.0295427</row2>
        </orientation>
      </transform>
      <snapped>true</snapped>
      <childlist count="1">
        <childid>6</childid>
      </childlist>
      <handles count="1">
        <weight channel="longer">0.211769</weight>
      </handles>
    </blockref>
    <blockref>
      <blockid>Creature_parts~, ce_grasper_null</blockid>
      <transform>
        <basemusclescale>0.950000</basemusclescale>
        <scale>1</scale>
        <position>-1.014514,-0.611517,-0.422420</position>
        <triangledirection>0,0,-1</triangledirection>
        <trianglepickorigin>0,0,0</trianglepickorigin>
        <orientation>
          <row0>1,0,0</row0>
          <row1>0,0,-1</row1>
          <row2>0,1,0</row2>
        </orientation>
      </transform>
      <snapped>true</snapped>
    </blockref>
    <blockref>
      <blockid>flora_parts~, fe_muscle_branch_01</blockid>
      <transform>
        <limbtype>0</limbtype>
        <musclescale>0.724998</musclescale>
        <basemusclescale>2.900000</basemusclescale>
        <scale>1</scale>
        <position>-0.000404926,-0.00373437,0.600000</position>
        <triangledirection>0.430796,-0.651815,0.624139</triangledirection>
        <trianglepickorigin>0,0,0</trianglepickorigin>
        <orientation>
          <row0>0.122960,0.727551,0.674943</row0>
          <row1>0.430796,-0.651815,0.624139</row1>
          <row2>0.894033,0.214019,-0.393574</row2>
        </orientation>
      </transform>
      <snapped>true</snapped>
      <childlist count="2">
        <childid>22</childid>
        <childid>8</childid>
      </childlist>
      <handles count="1">
        <weight channel="longer">0.248674</weight>
      </handles>
    </blockref>
    <blockref>
      <blockid>Creature_parts~, ce_grasper_null</blockid>
      <transform>
        <basemusclescale>0.850000</basemusclescale>
        <scale>1</scale>
        <position>-0.773545,1.166064,-0.520129</position>
        <triangledirection>-9.99998e-7,0,-1</triangledirection>
        <trianglepickorigin>0,0,0</trianglepickorigin>
        <orientation>
          <row0>1,0,-9.99998e-7</row0>
          <row1>-9.99998e-7,0,-1</row1>
          <row2>0,1,0</row2>
        </orientation>
      </transform>
      <snapped>true</snapped>
    </blockref>
    <blockref>
      <blockid>flora_parts~, fe_muscle_branch_01</blockid>
      <transform>
        <limbtype>0</limbtype>
        <musclescale>0.950000</musclescale>
        <basemusclescale>2.900000</basemusclescale>
        <scale>1</scale>
        <position>-0.000404926,-0.00373437,0.600000</position>
        <triangledirection>-0.611056,-0.597094,0.519701</triangledirection>
        <trianglepickorigin>0,0,0</trianglepickorigin>
        <orientation>
          <row0>-0.122079,-0.577592,-0.807145</row0>
          <row1>-0.611056,-0.597094,0.519701</row1>
          <row2>-0.782117,0.556656,-0.280048</row2>
        </orientation>
      </transform>
      <snapped>true</snapped>
      <childlist count="1">
        <childid>10</childid>
      </childlist>
      <handles count="1">
        <weight channel="longer">0.265859</weight>
      </handles>
    </blockref>
    <blockref>
      <blockid>Creature_parts~, ce_grasper_null</blockid>
      <transform>
        <basemusclescale>1.149998</basemusclescale>
        <scale>1</scale>
        <position>1.162150,1.132258,-0.388748</position>
        <triangledirection>2e-6,10e-7,-1</triangledirection>
        <trianglepickorigin>0,0,0</trianglepickorigin>
        <orientation>
          <row0>1,-9.99998e-7,1.99999e-6</row0>
          <row1>2e-6,10e-7,-1</row1>
          <row2>9.99995e-7,1,1.00000e-6</row2>
        </orientation>
      </transform>
      <snapped>true</snapped>
    </blockref>
    <blockref>
      <blockid>flora_parts~, fe_muscle_branch_02</blockid>
      <transform>
        <limbtype>0</limbtype>
        <musclescale>0.199999</musclescale>
        <basemusclescale>2.900000</basemusclescale>
        <scale>1</scale>
        <position>-0.000404926,-0.00373437,0.600000</position>
        <triangledirection>0,0,-1</triangledirection>
        <trianglepickorigin>0,0,0</trianglepickorigin>
        <orientation>
          <row0>0.999545,0.0301550,0</row0>
          <row1>0,0,-1</row1>
          <row2>-0.0301550,0.999545,0</row2>
        </orientation>
      </transform>
      <snapped>true</snapped>
      <childlist count="4">
        <childid>20</childid>
        <childid>19</childid>
        <childid>15</childid>
        <childid>12</childid>
      </childlist>
      <handles count="1">
        <weight channel="longer">0.469698</weight>
      </handles>
    </blockref>
    <blockref>
      <blockid>flora_parts~, fe_branch_01</blockid>
      <transform>
        <limbtype>2</limbtype>
        <musclescale>0.5</musclescale>
        <basemusclescale>2.311633</basemusclescale>
        <scale>2,362253</scale>
        <position>-0.000404926,-0.00373437,3.781828</position>
        <triangledirection>0.302607,0.0908844,-0.948771</triangledirection>
        <trianglepickorigin>0,0,0</trianglepickorigin>
        <orientation>
          <row0>0.531170,0.0642109,0.844828</row0>
          <row1>0.828302,0.170423,-0.533733</row1>
          <row2>-0.178249,0.983276,0.0373376</row2>
        </orientation>
        <userorientation>
          <userorientation_row0>0.772529,0.634976,0</userorientation_row0>
          <userorientation_row1>-0.634976,0.772529,0</userorientation_row1>
          <userorientation_row2>0,0,1</userorientation_row2>
        </userorientation>
      </transform>
      <snapped>true</snapped>
      <childlist count="3">
        <childid>24</childid>
        <childid>21</childid>
        <childid>17</childid>
      </childlist>
      <handles count="3">
        <weight channel="DeformAxisForward">0.615643</weight>
        <weight channel="DeformAxisLeft">1</weight>
        <weight channel="0x5e6f7e87">0.399115</weight>
      </handles>
    </blockref>
    <blockref>
      <blockid>flora_parts~, fe_branch_03</blockid>
      <transform>
        <limbtype>2</limbtype>
        <musclescale>0.5</musclescale>
        <basemusclescale>1.311307</basemusclescale>
        <scale>2,191564</scale>
        <position>0.802572,1.013145,5.464936</position>
        <triangledirection>-0.194527,-0.269063,-0.943271</triangledirection>
        <trianglepickorigin>0,0,0</trianglepickorigin>
        <orientation>
          <row0>0.753817,-0.169125,-0.634945</row0>
          <row1>-0.638875,-0.414552,-0.648061</row1>
          <row2>-0.153614,0.894171,-0.420546</row2>
        </orientation>
        <userorientation>
          <userorientation_row0>0.860731,-0.508867,0.0139978</userorientation_row0>
          <userorientation_row1>0.497794,0.847118,0.185983</userorientation_row1>
          <userorientation_row2>-0.106499,-0.153114,0.982452</userorientation_row2>
        </userorientation>
      </transform>
      <snapped>true</snapped>
      <childlist count="4">
        <childid>23</childid>
        <childid>18</childid>
        <childid>16</childid>
        <childid>14</childid>
      </childlist>
      <handles count="3">
        <weight channel="DeformAxisForward">0.387746</weight>
        <weight channel="DeformAxisLeft">0</weight>
        <weight channel="DeformAxisUp">0.554776</weight>
      </handles>
    </blockref>
    <blockref>
      <blockid>Creature_parts~, ce_grasper_null</blockid>
      <transform>
        <basemusclescale>1</basemusclescale>
        <scale>1</scale>
        <position>1.357650,1.780910,8.156537</position>
        <triangledirection>0.831211,0.271045,-0.485408</triangledirection>
        <trianglepickorigin>0,0,0</trianglepickorigin>
        <orientation>
          <row0>0.502434,0.00754808,0.864582</row0>
          <row1>0.831211,0.271045,-0.485408</row1>
          <row2>-0.238004,0.962536,0.129908</row2>
        </orientation>
      </transform>
      <snapped>true</snapped>
    </blockref>
    <blockref>
      <blockid>flora_parts~, fe_muscle_branch_06</blockid>
      <transform>
        <limbtype>0</limbtype>
        <musclescale>0.0499999</musclescale>
        <basemusclescale>1.712498</basemusclescale>
        <scale>1</scale>
        <position>-0.000404926,-0.00373437,3.781828</position>
        <triangledirection>-0.378037,-0.478741,-0.792397</triangledirection>
        <trianglepickorigin>0,0,0</trianglepickorigin>
        <orientation>
          <row0>0.923705,-0.252463,-0.288151</row0>
          <row1>-0.378037,-0.478741,-0.792397</row1>
          <row2>0.0621016,0.840873,-0.537656</row2>
        </orientation>
      </transform>
      <snapped>true</snapped>
      <childlist count="1">
        <childid>13</childid>
      </childlist>
      <handles count="1">
        <weight channel="longer">0.301157</weight>
      </handles>
    </blockref>
    <blockref>
      <blockid>flora_parts~, FE_leaf_18</blockid>
      <transform>
        <scale>3,320104</scale>
        <position>1.301115,1.823737,8.285261</position>
        <triangledirection>-0.222582,-0.427360,-0.876253</triangledirection>
        <trianglepickorigin>0,0,0</trianglepickorigin>
        <orientation>
          <row0>-0.986177,-0.165692,-8.19563e-8</row0>
          <row1>0.0422164,-0.251265,-0.966996</row1>
          <row2>0.160224,-0.953630,0.254787</row2>
        </orientation>
        <userorientation>
          <userorientation_row0>0.837100,-0.175626,-0.518090</userorientation_row0>
          <userorientation_row1>0.290315,0.945319,0.148621</userorientation_row1>
          <userorientation_row2>0.463659,-0.274821,0.842314</userorientation_row2>
        </userorientation>
      </transform>
      <snapped>false</snapped>
      <childlist count="3">
        <childid>31</childid>
        <childid>30</childid>
        <childid>29</childid>
      </childlist>
      <handles count="3">
        <weight channel="DeformAxisLeft">0.752772</weight>
        <weight channel="DeformAxisForward">0.154831</weight>
        <weight channel="DeformAxisUp">1</weight>
      </handles>
    </blockref>
    <blockref>
      <blockid>flora_parts~, FE_leaf_18</blockid>
      <transform>
        <scale>3,578720</scale>
        <position>-1.420727,-0.341067,7.913271</position>
        <triangledirection>0.287390,-0.0375361,-0.957077</triangledirection>
        <trianglepickorigin>0,0,0</trianglepickorigin>
        <orientation>
          <row0>0.423177,-0.902668,-0.0781723</row0>
          <row1>0.193725,0.174427,-0.965425</row1>
          <row2>0.885093,0.393402,0.248683</row2>
        </orientation>
        <userorientation>
          <userorientation_row0>-0.210496,0.0514173,-0.976240</userorientation_row0>
          <userorientation_row1>0.230317,0.973114,0.00159199</userorientation_row1>
          <userorientation_row2>0.950076,-0.224508,-0.216679</userorientation_row2>
        </userorientation>
      </transform>
      <snapped>false</snapped>
      <childlist count="2">
        <childid>33</childid>
        <childid>32</childid>
      </childlist>
      <handles count="3">
        <weight channel="DeformAxisLeft">0.752772</weight>
        <weight channel="DeformAxisForward">0.213518</weight>
        <weight channel="DeformAxisUp">1</weight>
      </handles>
    </blockref>
    <blockref>
      <blockid>flora_parts~, FE_leaf_18</blockid>
      <transform>
        <scale>3,857413</scale>
        <position>1.254631,1.284650,7.156126</position>
        <triangledirection>-0.282715,0.694893,-0.661206</triangledirection>
        <trianglepickorigin>0,0,0</trianglepickorigin>
        <orientation>
          <row0>0.755946,0.654633,-4.47034e-8</row0>
          <row1>-0.643132,0.742666,-0.186618</row1>
          <row2>-0.122166,0.141073,0.982432</row2>
        </orientation>
        <userorientation>
          <userorientation_row0>0.965902,-0.254823,0.0457914</userorientation_row0>
          <userorientation_row1>0.241182,0.821290,-0.517021</userorientation_row1>
          <userorientation_row2>0.0941406,0.510435,0.854746</userorientation_row2>
        </userorientation>
      </transform>
      <snapped>false</snapped>
      <childlist count="4">
        <childid>28</childid>
        <childid>27</childid>
        <childid>26</childid>
        <childid>25</childid>
      </childlist>
      <handles count="3">
        <weight channel="DeformAxisLeft">0.752772</weight>
        <weight channel="DeformAxisForward">0.322559</weight>
        <weight channel="DeformAxisUp">1</weight>
      </handles>
    </blockref>
    <blockref>
      <blockid>flora_parts~, FE_leaf_14</blockid>
      <transform>
        <scale>2,546235</scale>
        <position>0.343735,-0.503482,0.584476</position>
        <triangledirection>-0.0697847,0.804618,-0.589676</triangledirection>
        <trianglepickorigin>0,0,0</trianglepickorigin>
        <orientation>
          <row0>0.822977,0.568074,-1.49011e-7</row0>
          <row1>-0.529318,0.766830,-0.363032</row1>
          <row2>-0.206229,0.298767,0.931776</row2>
        </orientation>
        <userorientation>
          <userorientation_row0>0.406708,-0.455984,-0.791621</userorientation_row0>
          <userorientation_row1>0.399652,0.868016,-0.294661</userorientation_row1>
          <userorientation_row2>0.821502,-0.196531,0.535264</userorientation_row2>
        </userorientation>
      </transform>
      <snapped>false</snapped>
      <handles count="4">
        <weight channel="DeformForwardb">0.525481</weight>
        <weight channel="DeformAxisForward">0.538642</weight>
        <weight channel="DeformAxisLeft">0.169112</weight>
        <weight channel="DeformAxisUp">0.833687</weight>
      </handles>
    </blockref>
    <blockref>
      <blockid>flora_parts~, FE_leaf_14</blockid>
      <transform>
        <scale>1,964030</scale>
        <position>-0.579779,-0.0188317,1.665663</position>
        <triangledirection>0.856735,-0.110612,-0.503752</triangledirection>
        <trianglepickorigin>0,0,0</trianglepickorigin>
        <orientation>
          <row0>0.00387232,-0.983821,-0.179112</row0>
          <row1>0.992371,0.0258525,-0.120547</row1>
          <row2>0.123227,-0.177279,0.976415</row2>
        </orientation>
        <userorientation>
          <userorientation_row0>0.755810,-0.382923,-0.531148</userorientation_row0>
          <userorientation_row1>0.202369,0.908066,-0.366689</userorientation_row1>
          <userorientation_row2>0.622732,0.169658,0.763818</userorientation_row2>
        </userorientation>
      </transform>
      <snapped>false</snapped>
      <handles count="4">
        <weight channel="DeformForwardb">0.387933</weight>
        <weight channel="DeformAxisForward">1</weight>
        <weight channel="DeformAxisLeft">0.216263</weight>
        <weight channel="DeformAxisUp">0.927826</weight>
      </handles>
    </blockref>
    <blockref>
      <blockid>Creature_parts~, ce_grasper_null</blockid>
      <transform>
        <basemusclescale>1.368939</basemusclescale>
        <scale>1</scale>
        <position>-1.351320,-0.409467,8.017384</position>
        <triangledirection>0.331341,0.0444520,-0.942463</triangledirection>
        <trianglepickorigin>0,0,0</trianglepickorigin>
        <orientation>
          <row0>-0.460242,-0.864372,-0.202576</row0>
          <row1>0.331341,0.0444520,-0.942463</row1>
          <row2>0.823644,-0.500883,0.265943</row2>
        </orientation>
      </transform>
      <snapped>true</snapped>
    </blockref>
    <blockref>
      <blockid>flora_parts~, FE_leaf_14</blockid>
      <transform>
        <scale>2,546235</scale>
        <position>-0.289454,0.586721,0.573670</position>
        <triangledirection>0.683251,0.257561,-0.683247</triangledirection>
        <trianglepickorigin>0,0,0</trianglepickorigin>
        <orientation>
          <row0>-0.800135,-0.599819,3.57627e-7</row0>
          <row1>0.512519,-0.683680,-0.519522</row1>
          <row2>0.311620,-0.415688,0.854456</row2>
        </orientation>
        <userorientation>
          <userorientation_row0>-0.0112979,0.662036,0.749386</userorientation_row0>
          <userorientation_row1>-0.701183,0.529052,-0.477955</userorientation_row1>
          <userorientation_row2>-0.712889,-0.530857,0.458231</userorientation_row2>
        </userorientation>
      </transform>
      <snapped>false</snapped>
      <handles count="4">
        <weight channel="DeformForwardb">0.525481</weight>
        <weight channel="DeformAxisForward">0.708543</weight>
        <weight channel="DeformAxisLeft">0.162787</weight>
        <weight channel="DeformAxisUp">1</weight>
      </handles>
    </blockref>
    <blockref>
      <blockid>flora_parts~, FE_leaf_14</blockid>
      <transform>
        <scale>5,810208</scale>
        <position>0.902971,1.546480,6.827259</position>
        <triangledirection>0.763982,-0.644693,-0.0264526</triangledirection>
        <trianglepickorigin>0,0,0</trianglepickorigin>
        <orientation>
          <row0>-0.757892,-0.652379,-4.09781e-7</row0>
          <row1>0.645374,-0.749755,0.146146</row1>
          <row2>-0.0953429,0.110762,0.989263</row2>
        </orientation>
        <userorientation>
          <userorientation_row0>0.984604,0.142708,-0.100939</userorientation_row0>
          <userorientation_row1>-0.158432,0.972551,-0.170417</userorientation_row1>
          <userorientation_row2>0.0738485,0.183785,0.980188</userorientation_row2>
        </userorientation>
      </transform>
      <snapped>false</snapped>
      <handles count="4">
        <weight channel="DeformForwardb">0.389097</weight>
        <weight channel="DeformAxisForward">0.833281</weight>
        <weight channel="DeformAxisLeft">0.552763</weight>
        <weight channel="DeformAxisUp">0.675920</weight>
      </handles>
    </blockref>
    <blockref>
      <blockid>flora_parts~, FE_leaf_14</blockid>
      <transform>
        <scale>6,262730</scale>
        <position>-1.233870,-0.658613,7.564723</position>
        <triangledirection>-0.0505209,0.995932,-0.0745910</triangledirection>
        <trianglepickorigin>0,0,0</trianglepickorigin>
        <orientation>
          <row0>0.998636,0.0521983,9.31322e-10</row0>
          <row1>-0.0520032,0.994903,-0.0863894</row1>
          <row2>-0.00450938,0.0862716,0.996261</row2>
        </orientation>
        <userorientation>
          <userorientation_row0>0.995002,-0.00270784,0.0998021</userorientation_row0>
          <userorientation_row1>0.00153400,0.999927,0.0118363</userorientation_row1>
          <userorientation_row2>-0.0998270,-0.0116242,0.994935</userorientation_row2>
        </userorientation>
      </transform>
      <snapped>false</snapped>
      <handles count="4">
        <weight channel="DeformForwardb">0.389097</weight>
        <weight channel="DeformAxisForward">0.784633</weight>
        <weight channel="DeformAxisLeft">0.552763</weight>
        <weight channel="DeformAxisUp">0.675920</weight>
      </handles>
    </blockref>
    <blockref>
      <blockid>flora_parts~, FE_leaf_14</blockid>
      <transform>
        <scale>4,304307</scale>
        <position>1.897503,0.391993,8.146441</position>
        <triangledirection>-0.874617,-0.287237,0.390559</triangledirection>
        <trianglepickorigin>0,0,0</trianglepickorigin>
        <orientation>
          <row0>-0.172423,0.985022,-1.41561e-7</row0>
          <row1>-0.964889,-0.168899,0.201152</row1>
          <row2>0.198139,0.0346835,0.979560</row2>
        </orientation>
        <userorientation>
          <userorientation_row0>0.986980,0.147480,-0.0641674</userorientation_row0>
          <userorientation_row1>-0.132130,0.970984,0.199318</userorientation_row1>
          <userorientation_row2>0.0917010,-0.188245,0.977831</userorientation_row2>
        </userorientation>
      </transform>
      <snapped>false</snapped>
      <handles count="4">
        <weight channel="DeformForwardb">0.389097</weight>
        <weight channel="DeformAxisForward">0.684013</weight>
        <weight channel="DeformAxisLeft">0.552763</weight>
        <weight channel="DeformAxisUp">0.675920</weight>
      </handles>
    </blockref>
    <blockref>
      <blockid>flora_parts~, fe_cap_01a</blockid>
      <transform>
        <scale>1</scale>
        <position>3.932776,-2.681716,10.921787</position>
        <triangledirection>-0.172299,0.640558,0.748329</triangledirection>
        <trianglepickorigin>0,0,0</trianglepickorigin>
        <orientation>
          <row0>0.965675,0.259750,-3.87430e-7</row0>
          <row1>-0.172299,0.640558,0.748329</row1>
          <row2>0.194379,-0.722643,0.663326</row2>
        </orientation>
      </transform>
      <snapped>false</snapped>
    </blockref>
    <blockref>
      <blockid>flora_parts~, fe_cap_01a</blockid>
      <transform>
        <scale>1</scale>
        <position>0.514376,-2.369768,10.246009</position>
        <triangledirection>0.775084,0.207191,0.596921</triangledirection>
        <trianglepickorigin>0,0,0</trianglepickorigin>
        <orientation>
          <row0>0.258246,-0.966079,-6.70552e-8</row0>
          <row1>0.775084,0.207191,0.596921</row1>
          <row2>-0.576673,-0.154153,0.802299</row2>
        </orientation>
      </transform>
      <snapped>false</snapped>
    </blockref>
    <blockref>
      <blockid>flora_parts~, fe_cap_01a</blockid>
      <transform>
        <scale>1</scale>
        <position>3.568514,-0.439713,7.681092</position>
        <triangledirection>-0.607794,-0.788317,0.0956081</triangledirection>
        <trianglepickorigin>0,0,0</trianglepickorigin>
        <orientation>
          <row0>-0.791945,0.610591,7.45058e-9</row0>
          <row1>-0.607794,-0.788317,0.0956082</row1>
          <row2>0.0583775,0.0757164,0.995419</row2>
        </orientation>
      </transform>
      <snapped>false</snapped>
    </blockref>
    <blockref>
      <blockid>flora_parts~, fe_cap_01a</blockid>
      <transform>
        <scale>1</scale>
        <position>3.019209,2.059319,10.889881</position>
        <triangledirection>-0.585363,-0.759514,0.283701</triangledirection>
        <trianglepickorigin>0,0,0</trianglepickorigin>
        <orientation>
          <row0>-0.792058,0.610445,-4.47034e-8</row0>
          <row1>-0.585363,-0.759514,0.283701</row1>
          <row2>0.173184,0.224708,0.958912</row2>
        </orientation>
      </transform>
      <snapped>false</snapped>
    </blockref>
    <blockref>
      <blockid>flora_parts~, fe_cap_01a</blockid>
      <transform>
        <scale>1</scale>
        <position>0.531125,3.122885,10.811756</position>
        <triangledirection>-0.108227,-0.957972,0.265660</triangledirection>
        <trianglepickorigin>0,0,0</trianglepickorigin>
        <orientation>
          <row0>-0.993678,0.112261,1.30385e-7</row0>
          <row1>-0.108227,-0.957972,0.265660</row1>
          <row2>0.0298234,0.263980,0.964066</row2>
        </orientation>
      </transform>
      <snapped>false</snapped>
    </blockref>
    <blockref>
      <blockid>flora_parts~, fe_cap_01a</blockid>
      <transform>
        <scale>1</scale>
        <position>1.466699,3.557615,9.055206</position>
        <triangledirection>-0.957370,0.183991,-0.222684</triangledirection>
        <trianglepickorigin>0,0,0</trianglepickorigin>
        <orientation>
          <row0>0.188730,0.982029,-1.52736e-7</row0>
          <row1>-0.957370,0.183991,-0.222684</row1>
          <row2>-0.218682,0.0420273,0.974890</row2>
        </orientation>
      </transform>
      <snapped>false</snapped>
    </blockref>
    <blockref>
      <blockid>flora_parts~, fe_cap_01a</blockid>
      <transform>
        <scale>1</scale>
        <position>-1.008605,-0.810653,12.071572</position>
        <triangledirection>0.929965,0.367100,-0.0200321</triangledirection>
        <trianglepickorigin>0,0,0</trianglepickorigin>
        <orientation>
          <row0>0.367173,-0.930152,4.28408e-8</row0>
          <row1>0.929965,0.367100,-0.0200321</row1>
          <row2>0.0186329,0.00735531,0.999799</row2>
        </orientation>
      </transform>
      <snapped>false</snapped>
    </blockref>
    <blockref>
      <blockid>flora_parts~, fe_cap_01a</blockid>
      <transform>
        <scale>1</scale>
        <position>-3.385667,0.838096,9.267816</position>
        <triangledirection>0.683714,0.329211,0.651271</triangledirection>
        <trianglepickorigin>0,0,0</trianglepickorigin>
        <orientation>
          <row0>0.433832,-0.900993,1.78813e-7</row0>
          <row1>0.683714,0.329211,0.651271</row1>
          <row2>-0.586791,-0.282542,0.758844</row2>
        </orientation>
      </transform>
      <snapped>false</snapped>
    </blockref>
  </blocks></sporemodel>