spore0005438f63474066620096e81088d816b417ffffffffffffffff0000000ebfdb7e9c06KChangfffffffffffffffe08Cuppulus0000000<?xml version="1.0" encoding="UTF-8"?><sporemodel>
  <properties>
    <modeltype>PlantLarge</modeltype>
    <skineffectseed1>1234</skineffectseed1>
    <skineffectseed2>1234</skineffectseed2>
    <skineffectseed3>1234</skineffectseed3>
    <skincolor1>0.576469,0.474509,0.262744</skincolor1>
    <skincolor2>0.694117,0.286274,0.129411</skincolor2>
    <skincolor3>0.356862,0.576469,0.341175</skincolor3>
    <zcorpscore>6</zcorpscore>
  </properties>
  <blocks count="37">
    <blockref>
      <blockid>flora_parts~, fe_root_dummy</blockid>
      <transform>
        <scale>1</scale>
        <position>0.00344756,-0.000731274,0.600000</position>
        <triangledirection>0,1,0</triangledirection>
        <trianglepickorigin>0,0,0</trianglepickorigin>
        <orientation>
          <row0>1,0,0</row0>
          <row1>0,1,0</row1>
          <row2>0,0,1</row2>
        </orientation>
      </transform>
      <snapped>false</snapped>
      <childlist count="5">
        <childid>13</childid>
        <childid>10</childid>
        <childid>7</childid>
        <childid>4</childid>
        <childid>1</childid>
      </childlist>
    </blockref>
    <blockref>
      <blockid>flora_parts~, FE_muscle_branch_04</blockid>
      <transform>
        <limbtype>0</limbtype>
        <musclescale>0.350000</musclescale>
        <basemusclescale>2.049998</basemusclescale>
        <scale>1</scale>
        <position>0.00344756,-0.000731274,0.600000</position>
        <triangledirection>-0.0951470,0.989685,0.107099</triangledirection>
        <trianglepickorigin>0,0,0</trianglepickorigin>
        <orientation>
          <row0>0.938620,0.0533581,0.340798</row0>
          <row1>-0.0951470,0.989685,0.107099</row1>
          <row2>-0.331568,-0.132951,0.934016</row2>
        </orientation>
      </transform>
      <snapped>true</snapped>
      <childlist count="1">
        <childid>2</childid>
      </childlist>
      <handles count="1">
        <weight channel="longer">0.162245</weight>
      </handles>
    </blockref>
    <blockref>
      <blockid>flora_parts~, FE_muscle_branch_04</blockid>
      <transform>
        <limbtype>0</limbtype>
        <musclescale>0.524998</musclescale>
        <basemusclescale>1.199998</basemusclescale>
        <scale>1</scale>
        <position>0.122595,-1.240064,0.465885</position>
        <triangledirection>0.208610,0.492385,0.845008</triangledirection>
        <trianglepickorigin>0,0,0</trianglepickorigin>
        <orientation>
          <row0>0.919332,-0.393474,0.00231796</row0>
          <row1>0.208610,0.492385,0.845008</row1>
          <row2>-0.333630,-0.776360,0.534748</row2>
        </orientation>
      </transform>
      <snapped>true</snapped>
      <childlist count="1">
        <childid>3</childid>
      </childlist>
      <handles count="1">
        <weight channel="longer">0.121703</weight>
      </handles>
    </blockref>
    <blockref>
      <blockid>Creature_parts~, ce_grasper_null</blockid>
      <transform>
        <basemusclescale>1.100000</basemusclescale>
        <scale>1</scale>
        <position>-0.0855574,-1.731370,-0.377267</position>
        <triangledirection>-0.0951471,0.989685,0.107099</triangledirection>
        <trianglepickorigin>0,0,0</trianglepickorigin>
        <orientation>
          <row0>0.938620,0.0533581,0.340799</row0>
          <row1>-0.0951471,0.989685,0.107099</row1>
          <row2>-0.331569,-0.132951,0.934015</row2>
        </orientation>
      </transform>
      <snapped>true</snapped>
    </blockref>
    <blockref>
      <blockid>flora_parts~, fe_muscle_branch_01</blockid>
      <transform>
        <limbtype>0</limbtype>
        <musclescale>0.375</musclescale>
        <basemusclescale>2.049998</basemusclescale>
        <scale>1</scale>
        <position>0.00344756,-0.000731274,0.600000</position>
        <triangledirection>0.231402,-0.941288,0.245825</triangledirection>
        <trianglepickorigin>0,0,0</trianglepickorigin>
        <orientation>
          <row0>-0.0213729,0.247703,0.968600</row0>
          <row1>0.231402,-0.941288,0.245825</row1>
          <row2>0.972623,0.229390,-0.0372009</row2>
        </orientation>
      </transform>
      <snapped>true</snapped>
      <childlist count="2">
        <childid>23</childid>
        <childid>5</childid>
      </childlist>
      <handles count="1">
        <weight channel="longer">0.162245</weight>
      </handles>
    </blockref>
    <blockref>
      <blockid>flora_parts~, FE_muscle_branch_04</blockid>
      <transform>
        <limbtype>0</limbtype>
        <musclescale>0.724998</musclescale>
        <basemusclescale>1.199998</basemusclescale>
        <scale>1</scale>
        <position>-0.286325,1.177997,0.292164</position>
        <triangledirection>-0.440607,-0.601966,0.665958</triangledirection>
        <trianglepickorigin>0,0,0</trianglepickorigin>
        <orientation>
          <row0>0.572242,0.383247,0.725024</row0>
          <row1>-0.440607,-0.601966,0.665958</row1>
          <row2>0.691667,-0.700541,-0.175609</row2>
        </orientation>
      </transform>
      <snapped>true</snapped>
      <childlist count="1">
        <childid>6</childid>
      </childlist>
      <handles count="1">
        <weight channel="longer">0.126977</weight>
      </handles>
    </blockref>
    <blockref>
      <blockid>Creature_parts~, ce_grasper_null</blockid>
      <transform>
        <basemusclescale>0.950000</basemusclescale>
        <scale>1</scale>
        <position>0.167901,1.798572,-0.394379</position>
        <triangledirection>0.120262,-0.944767,-0.304879</triangledirection>
        <trianglepickorigin>0,0,0</trianglepickorigin>
        <orientation>
          <row0>0.0822666,-0.296567,0.951462</row0>
          <row1>0.120262,-0.944767,-0.304879</row1>
          <row2>0.989327,0.139506,-0.0420570</row2>
        </orientation>
      </transform>
      <snapped>true</snapped>
    </blockref>
    <blockref>
      <blockid>flora_parts~, FE_muscle_branch_04</blockid>
      <transform>
        <limbtype>0</limbtype>
        <musclescale>0.5</musclescale>
        <basemusclescale>2.049998</basemusclescale>
        <scale>1</scale>
        <position>0.00344756,-0.000731274,0.600000</position>
        <triangledirection>-0.983118,0.0428249,0.177890</triangledirection>
        <trianglepickorigin>0,0,0</trianglepickorigin>
        <orientation>
          <row0>-0.182970,-0.226023,-0.956783</row0>
          <row1>-0.983118,0.0428249,0.177890</row1>
          <row2>0.000766897,0.973180,-0.230043</row2>
        </orientation>
      </transform>
      <snapped>true</snapped>
      <childlist count="3">
        <childid>28</childid>
        <childid>27</childid>
        <childid>8</childid>
      </childlist>
      <handles count="1">
        <weight channel="longer">0.162245</weight>
      </handles>
    </blockref>
    <blockref>
      <blockid>flora_parts~, FE_muscle_branch_04</blockid>
      <transform>
        <limbtype>0</limbtype>
        <musclescale>0.5</musclescale>
        <basemusclescale>1.249998</basemusclescale>
        <scale>1</scale>
        <position>1.234556,-0.0543592,0.377238</position>
        <triangledirection>-0.476171,-0.163836,0.863955</triangledirection>
        <trianglepickorigin>0,0,0</trianglepickorigin>
        <orientation>
          <row0>-0.790538,-0.350520,-0.502179</row0>
          <row1>-0.476171,-0.163836,0.863955</row1>
          <row2>-0.385108,0.922113,-0.0373889</row2>
        </orientation>
      </transform>
      <snapped>true</snapped>
      <childlist count="1">
        <childid>9</childid>
      </childlist>
      <handles count="1">
        <weight channel="longer">0.0988698</weight>
      </handles>
    </blockref>
    <blockref>
      <blockid>Creature_parts~, ce_grasper_null</blockid>
      <transform>
        <basemusclescale>1.049998</basemusclescale>
        <scale>1</scale>
        <position>1.641448,0.0856397,-0.361017</position>
        <triangledirection>-0.983118,0.0428229,0.177888</triangledirection>
        <trianglepickorigin>0,0,0</trianglepickorigin>
        <orientation>
          <row0>-0.182968,-0.226025,-0.956783</row0>
          <row1>-0.983118,0.0428229,0.177888</row1>
          <row2>0.000765009,0.973179,-0.230045</row2>
        </orientation>
      </transform>
      <snapped>true</snapped>
    </blockref>
    <blockref>
      <blockid>flora_parts~, FE_muscle_branch_04</blockid>
      <transform>
        <limbtype>0</limbtype>
        <musclescale>0.5</musclescale>
        <basemusclescale>2.049998</basemusclescale>
        <scale>1</scale>
        <position>0.00344756,-0.000731274,0.600000</position>
        <triangledirection>0.969371,0.203148,0.138018</triangledirection>
        <trianglepickorigin>0,0,0</trianglepickorigin>
        <orientation>
          <row0>-0.0930224,-0.216400,0.971863</row0>
          <row1>0.969371,0.203148,0.138018</row1>
          <row2>-0.227299,0.954935,0.190875</row2>
        </orientation>
      </transform>
      <snapped>true</snapped>
      <childlist count="1">
        <childid>11</childid>
      </childlist>
      <handles count="1">
        <weight channel="longer">0.162245</weight>
      </handles>
    </blockref>
    <blockref>
      <blockid>flora_parts~, FE_muscle_branch_04</blockid>
      <transform>
        <limbtype>0</limbtype>
        <musclescale>0.624998</musclescale>
        <basemusclescale>1.049998</basemusclescale>
        <scale>1</scale>
        <position>-1.210448,-0.255123,0.427165</position>
        <triangledirection>0.369289,-0.151295,0.916916</triangledirection>
        <trianglepickorigin>0,0,0</trianglepickorigin>
        <orientation>
          <row0>-0.841670,-0.472737,0.260980</row0>
          <row1>0.369289,-0.151295,0.916916</row1>
          <row2>-0.393975,0.868118,0.301917</row2>
        </orientation>
      </transform>
      <snapped>true</snapped>
      <childlist count="1">
        <childid>12</childid>
      </childlist>
      <handles count="1">
        <weight channel="longer">0.109771</weight>
      </handles>
    </blockref>
    <blockref>
      <blockid>Creature_parts~, ce_grasper_null</blockid>
      <transform>
        <basemusclescale>1.199998</basemusclescale>
        <scale>1</scale>
        <position>-1.551278,-0.115488,-0.419091</position>
        <triangledirection>0.971224,0.206330,-0.118957</triangledirection>
        <trianglepickorigin>0,0,0</trianglepickorigin>
        <orientation>
          <row0>0.156772,-0.177849,0.971489</row0>
          <row1>0.971224,0.206330,-0.118957</row1>
          <row2>-0.179291,0.962183,0.205079</row2>
        </orientation>
      </transform>
      <snapped>true</snapped>
    </blockref>
    <blockref>
      <blockid>flora_parts~, fe_muscle_branch_01</blockid>
      <transform>
        <limbtype>0</limbtype>
        <musclescale>0.650000</musclescale>
        <basemusclescale>2.049998</basemusclescale>
        <scale>1</scale>
        <position>0.00344756,-0.000731274,0.600000</position>
        <triangledirection>0,0,-1</triangledirection>
        <trianglepickorigin>0,0,0</trianglepickorigin>
        <orientation>
          <row0>-0.863278,-0.504728,0</row0>
          <row1>0,0,-1</row1>
          <row2>0.504728,-0.863278,0</row2>
        </orientation>
      </transform>
      <snapped>true</snapped>
      <childlist count="1">
        <childid>16</childid>
      </childlist>
      <handles count="1">
        <weight channel="longer">0.554736</weight>
      </handles>
    </blockref>
    <blockref>
      <blockid>flora_parts~, FE_leaf_15</blockid>
      <transform>
        <scale>7</scale>
        <position>-1.021970,0.255407,7.742082</position>
        <triangledirection>0.599325,0.0902739,-0.795399</triangledirection>
        <trianglepickorigin>0,0,0</trianglepickorigin>
        <orientation>
          <row0>-0.241513,-0.970397,0</row0>
          <row1>0.589799,-0.146790,-0.794096</row1>
          <row2>0.770589,-0.191785,0.607791</row2>
        </orientation>
        <userorientation>
          <userorientation_row0>-0.946736,-0.235150,-0.219981</userorientation_row0>
          <userorientation_row1>-0.232347,0.971854,-0.0389163</userorientation_row1>
          <userorientation_row2>0.222940,0.0142683,-0.974727</userorientation_row2>
        </userorientation>
      </transform>
      <snapped>false</snapped>
      <childlist count="4">
        <childid>22</childid>
        <childid>19</childid>
        <childid>18</childid>
        <childid>15</childid>
      </childlist>
      <handles count="3">
        <weight channel="DeformAxisForward">0.276995</weight>
        <weight channel="DeformAxisUp">0.313162</weight>
        <weight channel="0x7c184950">0.411747</weight>
      </handles>
    </blockref>
    <blockref>
      <blockid>flora_parts~, FE_leaf_15</blockid>
      <transform>
        <scale>5,206976</scale>
        <position>0.324018,1.138984,12.012637</position>
        <triangledirection>-0.774200,-0.509856,-0.375044</triangledirection>
        <trianglepickorigin>0,0,0</trianglepickorigin>
        <orientation>
          <row0>-0.596268,0.800782,0.0566799</row0>
          <row1>-0.737945,-0.574538,0.354036</row1>
          <row2>0.316070,0.169273,0.933512</row2>
        </orientation>
        <userorientation>
          <userorientation_row0>0.996466,0.0295018,0.0786302</userorientation_row0>
          <userorientation_row1>0.0320897,0.731470,-0.681116</userorientation_row1>
          <userorientation_row2>-0.0776100,0.681232,0.727939</userorientation_row2>
        </userorientation>
      </transform>
      <snapped>false</snapped>
      <handles count="3">
        <weight channel="DeformAxisForward">0.454008</weight>
        <weight channel="DeformAxisUp">0.836979</weight>
        <weight channel="0x7c184950">0.0391222</weight>
      </handles>
    </blockref>
    <blockref>
      <blockid>flora_parts~, FE_muscle_branch_04</blockid>
      <transform>
        <limbtype>0</limbtype>
        <musclescale>1</musclescale>
        <basemusclescale>2.849998</basemusclescale>
        <scale>1</scale>
        <position>0.00344756,-0.000731274,4.315529</position>
        <triangledirection>0.248475,-0.0614947,-0.966684</triangledirection>
        <trianglepickorigin>0,0,0</trianglepickorigin>
        <orientation>
          <row0>-0.417174,-0.907477,-0.0495017</row0>
          <row1>0.248475,-0.0614947,-0.966684</row1>
          <row2>0.874199,-0.415576,0.251139</row2>
        </orientation>
      </transform>
      <snapped>true</snapped>
      <childlist count="7">
        <childid>26</childid>
        <childid>25</childid>
        <childid>24</childid>
        <childid>21</childid>
        <childid>20</childid>
        <childid>17</childid>
        <childid>14</childid>
      </childlist>
      <handles count="1">
        <weight channel="longer">0.477351</weight>
      </handles>
    </blockref>
    <blockref>
      <blockid>Creature_parts~, ce_grasper_null</blockid>
      <transform>
        <basemusclescale>2</basemusclescale>
        <scale>1</scale>
        <position>-0.799094,0.197888,7.437787</position>
        <triangledirection>0.182874,0.861715,-0.473289</triangledirection>
        <trianglepickorigin>0,0,0</trianglepickorigin>
        <orientation>
          <row0>-0.664396,-0.246519,-0.705553</row0>
          <row1>0.182874,0.861715,-0.473289</row1>
          <row2>0.724661,-0.443479,-0.527438</row2>
        </orientation>
      </transform>
      <snapped>true</snapped>
    </blockref>
    <blockref>
      <blockid>flora_parts~, FE_leaf_15</blockid>
      <transform>
        <scale>6,049644</scale>
        <position>-0.887380,-0.232277,9.376439</position>
        <triangledirection>-0.661014,0.692113,-0.289890</triangledirection>
        <trianglepickorigin>0,0,0</trianglepickorigin>
        <orientation>
          <row0>0.716741,0.696263,-0.0387181</row0>
          <row1>-0.658169,0.693785,0.292361</row1>
          <row2>0.230422,-0.184064,0.955523</row2>
        </orientation>
        <userorientation>
          <userorientation_row0>0.996466,0.0295019,0.0786302</userorientation_row0>
          <userorientation_row1>0.0193409,0.830484,-0.556702</userorientation_row1>
          <userorientation_row2>-0.0817250,0.556256,0.826980</userorientation_row2>
        </userorientation>
      </transform>
      <snapped>false</snapped>
      <handles count="3">
        <weight channel="DeformAxisForward">0.454008</weight>
        <weight channel="DeformAxisUp">0.836979</weight>
        <weight channel="0x7c184950">0.0391222</weight>
      </handles>
    </blockref>
    <blockref>
      <blockid>flora_parts~, fe_canopy_10</blockid>
      <transform>
        <scale>3,857426</scale>
        <position>-0.584722,0.456895,7.844636</position>
        <triangledirection>-0.741303,-0.474732,-0.474443</triangledirection>
        <trianglepickorigin>0,0,0</trianglepickorigin>
        <orientation>
          <row0>-0.539294,0.842117,1.02445e-8</row0>
          <row1>-0.841636,-0.538986,-0.0338007</row1>
          <row2>-0.0284641,-0.0182285,0.999428</row2>
        </orientation>
        <userorientation>
          <userorientation_row0>1,0,0</userorientation_row0>
          <userorientation_row1>0,0.895819,-0.444418</userorientation_row1>
          <userorientation_row2>0,0.444418,0.895819</userorientation_row2>
        </userorientation>
      </transform>
      <snapped>false</snapped>
      <childlist count="2">
        <childid>30</childid>
        <childid>29</childid>
      </childlist>
      <handles count="2">
        <weight channel="DeformAxisLeft">1</weight>
        <weight channel="DeformAxisForward">0.557847</weight>
      </handles>
    </blockref>
    <blockref>
      <blockid>flora_parts~, fe_canopy_10</blockid>
      <transform>
        <scale>3,578702</scale>
        <position>-0.478190,-0.143538,7.287827</position>
        <triangledirection>-0.625862,0.713197,-0.315664</triangledirection>
        <trianglepickorigin>0,0,0</trianglepickorigin>
        <orientation>
          <row0>0.601885,0.798582,3.94880e-7</row0>
          <row1>-0.779379,0.587412,-0.217977</row1>
          <row2>-0.174072,0.131196,0.975953</row2>
        </orientation>
        <userorientation>
          <userorientation_row0>0.979186,-0.184396,0.0847996</userorientation_row0>
          <userorientation_row1>0.192848,0.975533,-0.105559</userorientation_row1>
          <userorientation_row2>-0.0632601,0.119715,0.990790</userorientation_row2>
        </userorientation>
      </transform>
      <snapped>false</snapped>
      <childlist count="2">
        <childid>32</childid>
        <childid>31</childid>
      </childlist>
      <handles count="2">
        <weight channel="DeformAxisLeft">1</weight>
        <weight channel="DeformAxisForward">0.557847</weight>
      </handles>
    </blockref>
    <blockref>
      <blockid>flora_parts~, fe_canopy_10</blockid>
      <transform>
        <scale>3,578702</scale>
        <position>-1.031837,-0.223818,7.287984</position>
        <triangledirection>0.727751,0.590815,-0.348298</triangledirection>
        <trianglepickorigin>0,0,0</trianglepickorigin>
        <orientation>
          <row0>0.776522,-0.630089,4.69386e-7</row0>
          <row1>0.609700,0.751395,-0.252329</row1>
          <row2>0.158989,0.195939,0.967641</row2>
        </orientation>
        <userorientation>
          <userorientation_row0>0.979186,-0.184396,0.0847996</userorientation_row0>
          <userorientation_row1>0.192848,0.975533,-0.105559</userorientation_row1>
          <userorientation_row2>-0.0632601,0.119715,0.990790</userorientation_row2>
        </userorientation>
      </transform>
      <snapped>false</snapped>
      <childlist count="2">
        <childid>34</childid>
        <childid>33</childid>
      </childlist>
      <handles count="2">
        <weight channel="DeformAxisLeft">1</weight>
        <weight channel="DeformAxisForward">0.557847</weight>
      </handles>
    </blockref>
    <blockref>
      <blockid>flora_parts~, fe_canopy_10</blockid>
      <transform>
        <scale>3,320117</scale>
        <position>-1.487491,0.610430,7.554869</position>
        <triangledirection>0.564749,-0.735440,-0.374410</triangledirection>
        <trianglepickorigin>0,0,0</trianglepickorigin>
        <orientation>
          <row0>-0.880399,-0.474233,5.21540e-7</row0>
          <row1>0.439575,-0.816057,0.375264</row1>
          <row2>-0.177962,0.330382,0.926917</row2>
        </orientation>
        <userorientation>
          <userorientation_row0>0.954359,-0.0804479,-0.287620</userorientation_row0>
          <userorientation_row1>-0.148435,0.707908,-0.690529</userorientation_row1>
          <userorientation_row2>0.259159,0.701705,0.663659</userorientation_row2>
        </userorientation>
      </transform>
      <snapped>false</snapped>
      <childlist count="2">
        <childid>36</childid>
        <childid>35</childid>
      </childlist>
      <handles count="2">
        <weight channel="DeformAxisLeft">1</weight>
        <weight channel="DeformAxisForward">0.557847</weight>
      </handles>
    </blockref>
    <blockref>
      <blockid>flora_parts~, FE_leaf_15</blockid>
      <transform>
        <scale>1,077884</scale>
        <position>0.311646,0.527665,0.558597</position>
        <triangledirection>-0.786071,-0.617146,0.0349556</triangledirection>
        <trianglepickorigin>0,0,0</trianglepickorigin>
        <orientation>
          <row0>-0.586221,0.810150,-2.53319e-7</row0>
          <row1>-0.738049,-0.534049,-0.412401</row1>
          <row2>-0.334107,-0.241758,0.911002</row2>
        </orientation>
        <userorientation>
          <userorientation_row0>0.866690,0.251423,-0.430849</userorientation_row0>
          <userorientation_row1>-0.0391700,0.895329,0.443677</userorientation_row1>
          <userorientation_row2>0.497303,-0.367655,0.785822</userorientation_row2>
        </userorientation>
      </transform>
      <snapped>false</snapped>
      <handles count="3">
        <weight channel="DeformAxisForward">1</weight>
        <weight channel="DeformAxisUp">1</weight>
        <weight channel="0x7c184950">0.0391222</weight>
      </handles>
    </blockref>
    <blockref>
      <blockid>flora_parts~, fe_detail_03</blockid>
      <transform>
        <scale>2,459604</scale>
        <position>-0.414485,0.266930,7.146339</position>
        <triangledirection>-0.882398,-0.430814,0.189134</triangledirection>
        <trianglepickorigin>0,0,0</trianglepickorigin>
        <orientation>
          <row0>-0.438732,0.898617,1.34110e-7</row0>
          <row1>-0.882398,-0.430814,0.189134</row1>
          <row2>0.169959,0.0829792,0.981951</row2>
        </orientation>
      </transform>
      <snapped>false</snapped>
      <handles count="3">
        <weight channel="DeformAxisUp">0.5</weight>
        <weight channel="DeformAxisForward">0.200000</weight>
        <weight channel="DeformAxisLeft">0.5</weight>
      </handles>
    </blockref>
    <blockref>
      <blockid>flora_parts~, fe_detail_03</blockid>
      <transform>
        <scale>2,459604</scale>
        <position>-1.174924,0.130584,6.940392</position>
        <triangledirection>0.928171,-0.306494,0.211090</triangledirection>
        <trianglepickorigin>0,0,0</trianglepickorigin>
        <orientation>
          <row0>-0.313559,-0.949568,1.60187e-7</row0>
          <row1>0.928171,-0.306494,0.211090</row1>
          <row2>-0.200444,0.0661895,0.977466</row2>
        </orientation>
      </transform>
      <snapped>false</snapped>
      <handles count="3">
        <weight channel="DeformAxisUp">0.5</weight>
        <weight channel="DeformAxisForward">0.200000</weight>
        <weight channel="DeformAxisLeft">0.5</weight>
      </handles>
    </blockref>
    <blockref>
      <blockid>flora_parts~, fe_detail_03</blockid>
      <transform>
        <scale>2,459604</scale>
        <position>-0.637980,-0.364070,6.830410</position>
        <triangledirection>-0.0987609,0.990293,0.0977877</triangledirection>
        <trianglepickorigin>0,0,0</trianglepickorigin>
        <orientation>
          <row0>0.906114,0.423031,-3.53902e-8</row0>
          <row1>-0.422240,0.904419,-0.0611364</row1>
          <row2>-0.0258626,0.0553966,0.998129</row2>
        </orientation>
        <userorientation>
          <userorientation_row0>0.942761,-0.333467,0</userorientation_row0>
          <userorientation_row1>0.329437,0.931363,0.155018</userorientation_row1>
          <userorientation_row2>-0.0516937,-0.146145,0.987910</userorientation_row2>
        </userorientation>
      </transform>
      <snapped>false</snapped>
      <handles count="3">
        <weight channel="DeformAxisUp">0.5</weight>
        <weight channel="DeformAxisForward">0.200000</weight>
        <weight channel="DeformAxisLeft">0.5</weight>
      </handles>
    </blockref>
    <blockref>
      <blockid>flora_parts~, FE_leaf_15</blockid>
      <transform>
        <scale>0,860706</scale>
        <position>0.892090,0.0498151,0.609760</position>
        <triangledirection>-0.935248,-0.309597,-0.171633</triangledirection>
        <trianglepickorigin>0,0,0</trianglepickorigin>
        <orientation>
          <row0>-0.276266,0.961081,-7.30156e-7</row0>
          <row1>-0.775048,-0.222791,-0.591323</row1>
          <row2>-0.568310,-0.163362,0.806434</row2>
        </orientation>
        <userorientation>
          <userorientation_row0>0.832288,-0.216477,0.510324</userorientation_row0>
          <userorientation_row1>-0.0391700,0.895329,0.443677</userorientation_row1>
          <userorientation_row2>-0.552954,-0.389257,0.736693</userorientation_row2>
        </userorientation>
      </transform>
      <snapped>false</snapped>
      <handles count="3">
        <weight channel="DeformAxisForward">0.594933</weight>
        <weight channel="DeformAxisUp">0.851732</weight>
        <weight channel="0x7c184950">0.0391222</weight>
      </handles>
    </blockref>
    <blockref>
      <blockid>flora_parts~, FE_leaf_15</blockid>
      <transform>
        <scale>0,860706</scale>
        <position>0.618104,-0.259054,0.638829</position>
        <triangledirection>-0.224306,0.941133,0.252892</triangledirection>
        <trianglepickorigin>0,0,0</trianglepickorigin>
        <orientation>
          <row0>0.981342,0.192269,2.60770e-8</row0>
          <row1>-0.188274,0.960951,-0.202792</row1>
          <row2>-0.0389907,0.199008,0.979221</row2>
        </orientation>
        <userorientation>
          <userorientation_row0>0.832288,-0.216477,0.510324</userorientation_row0>
          <userorientation_row1>-0.0391700,0.895329,0.443677</userorientation_row1>
          <userorientation_row2>-0.552954,-0.389257,0.736693</userorientation_row2>
        </userorientation>
      </transform>
      <snapped>false</snapped>
      <handles count="3">
        <weight channel="DeformAxisForward">1</weight>
        <weight channel="DeformAxisUp">1</weight>
        <weight channel="0x7c184950">0.0391222</weight>
      </handles>
    </blockref>
    <blockref>
      <blockid>flora_parts~, fe_cap_01a</blockid>
      <transform>
        <scale>1</scale>
        <position>5.581066,1.595380,10.502764</position>
        <triangledirection>-0.641320,-0.344275,0.685698</triangledirection>
        <trianglepickorigin>0,0,0</trianglepickorigin>
        <orientation>
          <row0>-0.472979,0.881073,2.08616e-7</row0>
          <row1>-0.641320,-0.344275,0.685698</row1>
          <row2>0.604150,0.324321,0.727885</row2>
        </orientation>
      </transform>
      <snapped>false</snapped>
    </blockref>
    <blockref>
      <blockid>flora_parts~, fe_cap_01a</blockid>
      <transform>
        <scale>1</scale>
        <position>5.750344,5.260921,11.730097</position>
        <triangledirection>-0.868959,-0.170682,0.464518</triangledirection>
        <trianglepickorigin>0,0,0</trianglepickorigin>
        <orientation>
          <row0>-0.192738,0.981250,-2.98023e-7</row0>
          <row1>-0.868959,-0.170682,0.464518</row1>
          <row2>0.455808,0.0895309,0.885563</row2>
        </orientation>
      </transform>
      <snapped>false</snapped>
    </blockref>
    <blockref>
      <blockid>flora_parts~, fe_cap_01a</blockid>
      <transform>
        <scale>1</scale>
        <position>3.465893,-1.306682,9.191226</position>
        <triangledirection>-0.652325,-0.661393,0.370176</triangledirection>
        <trianglepickorigin>0,0,0</trianglepickorigin>
        <orientation>
          <row0>-0.711970,0.702209,2.98023e-7</row0>
          <row1>-0.652325,-0.661393,0.370176</row1>
          <row2>0.259941,0.263554,0.928961</row2>
        </orientation>
      </transform>
      <snapped>false</snapped>
    </blockref>
    <blockref>
      <blockid>flora_parts~, fe_cap_01a</blockid>
      <transform>
        <scale>1</scale>
        <position>1.778201,-5.615392,8.376786</position>
        <triangledirection>-0.444070,0.403906,0.799787</triangledirection>
        <trianglepickorigin>0,0,0</trianglepickorigin>
        <orientation>
          <row0>0.672860,0.739769,-1.34110e-7</row0>
          <row1>-0.444070,0.403906,0.799788</row1>
          <row2>0.591658,-0.538145,0.600282</row2>
        </orientation>
      </transform>
      <snapped>false</snapped>
    </blockref>
    <blockref>
      <blockid>flora_parts~, fe_cap_01a</blockid>
      <transform>
        <scale>1</scale>
        <position>-2.198620,-3.965017,9.289983</position>
        <triangledirection>-0.629421,0.685683,0.365604</triangledirection>
        <trianglepickorigin>0,0,0</trianglepickorigin>
        <orientation>
          <row0>0.736683,0.676237,-3.57627e-7</row0>
          <row1>-0.629421,0.685683,0.365604</row1>
          <row2>0.247235,-0.269334,0.930770</row2>
        </orientation>
      </transform>
      <snapped>false</snapped>
    </blockref>
    <blockref>
      <blockid>flora_parts~, fe_cap_01a</blockid>
      <transform>
        <scale>1</scale>
        <position>-6.693532,-2.344590,8.688825</position>
        <triangledirection>0.437118,0.450982,0.778165</triangledirection>
        <trianglepickorigin>0,0,0</trianglepickorigin>
        <orientation>
          <row0>0.718058,-0.695983,-2.08616e-7</row0>
          <row1>0.437118,0.450982,0.778165</row1>
          <row2>-0.541590,-0.558768,0.628058</row2>
        </orientation>
      </transform>
      <snapped>false</snapped>
    </blockref>
    <blockref>
      <blockid>flora_parts~, fe_cap_01a</blockid>
      <transform>
        <scale>1</scale>
        <position>-5.035326,3.720649,9.543970</position>
        <triangledirection>0.445782,-0.681088,0.580857</triangledirection>
        <trianglepickorigin>0,0,0</trianglepickorigin>
        <orientation>
          <row0>-0.836713,-0.547640,2.23517e-7</row0>
          <row1>0.445782,-0.681088,0.580857</row1>
          <row2>-0.318101,0.486011,0.814005</row2>
        </orientation>
      </transform>
      <snapped>false</snapped>
    </blockref>
    <blockref>
      <blockid>flora_parts~, fe_cap_01a</blockid>
      <transform>
        <scale>1</scale>
        <position>-1.328817,3.931544,9.460824</position>
        <triangledirection>-0.433758,-0.764844,0.476305</triangledirection>
        <trianglepickorigin>0,0,0</trianglepickorigin>
        <orientation>
          <row0>-0.869853,0.493310,-5.21540e-7</row0>
          <row1>-0.433758,-0.764844,0.476305</row1>
          <row2>0.234966,0.414315,0.879280</row2>
        </orientation>
      </transform>
      <snapped>false</snapped>
    </blockref>
  </blocks></sporemodel>