spore0005438f634740666200eae7cbcad816b417ffffffffffffffff0000000ebfdb7ea006KChangfffffffffffffffe08Laquerel0000000<?xml version="1.0" encoding="UTF-8"?><sporemodel>
  <properties>
    <modeltype>PlantMedium</modeltype>
    <skineffectseed1>1234</skineffectseed1>
    <skineffectseed2>1234</skineffectseed2>
    <skineffectseed3>1234</skineffectseed3>
    <skincolor1>0.694118,0.603922,0.411764</skincolor1>
    <skincolor2>0.431373,0.694118,0.411764</skincolor2>
    <skincolor3>0.576470,0.349020,0.262744</skincolor3>
    <zcorpscore>16</zcorpscore>
  </properties>
  <blocks count="38">
    <blockref>
      <blockid>flora_parts~, fe_root_dummy</blockid>
      <transform>
        <scale>1</scale>
        <position>0,0,0.600000</position>
        <triangledirection>0,1,0</triangledirection>
        <trianglepickorigin>0,0,0</trianglepickorigin>
        <orientation>
          <row0>1,0,0</row0>
          <row1>0,1,0</row1>
          <row2>0,0,1</row2>
        </orientation>
      </transform>
      <snapped>false</snapped>
      <childlist count="7">
        <childid>16</childid>
        <childid>13</childid>
        <childid>10</childid>
        <childid>7</childid>
        <childid>4</childid>
        <childid>3</childid>
        <childid>1</childid>
      </childlist>
    </blockref>
    <blockref>
      <blockid>flora_parts~, FE_muscle_branch_04</blockid>
      <transform>
        <limbtype>0</limbtype>
        <musclescale>0.474999</musclescale>
        <basemusclescale>2</basemusclescale>
        <scale>1</scale>
        <position>0,0,0.600000</position>
        <triangledirection>0.00436399,0.0160359,0.999861</triangledirection>
        <trianglepickorigin>0,0,0</trianglepickorigin>
        <orientation>
          <row0>-0.0934408,0.995503,-0.0155582</row0>
          <row1>0.00436399,0.0160359,0.999861</row1>
          <row2>0.995615,0.0933600,-0.00584279</row2>
        </orientation>
      </transform>
      <snapped>true</snapped>
      <childlist count="1">
        <childid>2</childid>
      </childlist>
      <handles count="1">
        <weight channel="longer">0.100851</weight>
      </handles>
    </blockref>
    <blockref>
      <blockid>Creature_parts~, ce_grasper_null</blockid>
      <transform>
        <basemusclescale>1.100000</basemusclescale>
        <scale>1</scale>
        <position>-0.00378299,-0.0139019,-0.266830</position>
        <triangledirection>0,0,-1</triangledirection>
        <trianglepickorigin>0,0,0</trianglepickorigin>
        <orientation>
          <row0>1,0,0</row0>
          <row1>0,0,-1</row1>
          <row2>0,1,0</row2>
        </orientation>
      </transform>
      <snapped>true</snapped>
    </blockref>
    <blockref>
      <blockid>flora_parts~, fe_muscle_branch_01</blockid>
      <transform>
        <limbtype>0</limbtype>
        <musclescale>1</musclescale>
        <basemusclescale>2</basemusclescale>
        <scale>1</scale>
        <position>0,0,0.600000</position>
        <triangledirection>0,0,-1</triangledirection>
        <trianglepickorigin>0,0,0</trianglepickorigin>
        <orientation>
          <row0>-0.788060,-0.615598,0</row0>
          <row1>0,0,-1</row1>
          <row2>0.615598,-0.788060,0</row2>
        </orientation>
      </transform>
      <snapped>true</snapped>
      <childlist count="1">
        <childid>19</childid>
      </childlist>
      <handles count="1">
        <weight channel="longer">0.00555499</weight>
      </handles>
    </blockref>
    <blockref>
      <blockid>flora_parts~, fe_muscle_branch_01</blockid>
      <transform>
        <limbtype>0</limbtype>
        <musclescale>1</musclescale>
        <basemusclescale>2</basemusclescale>
        <scale>1</scale>
        <position>0,0,0.600000</position>
        <triangledirection>-0.482682,0.541481,-0.688343</triangledirection>
        <trianglepickorigin>0,0,0</trianglepickorigin>
        <orientation>
          <row0>0.869183,0.199781,-0.452334</row0>
          <row1>-0.482682,0.541481,-0.688343</row1>
          <row2>0.107412,0.816630,0.567077</row2>
        </orientation>
      </transform>
      <snapped>true</snapped>
      <childlist count="1">
        <childid>5</childid>
      </childlist>
      <handles count="1">
        <weight channel="longer">0.129228</weight>
      </handles>
    </blockref>
    <blockref>
      <blockid>flora_parts~, fe_muscle_branch_01</blockid>
      <transform>
        <limbtype>0</limbtype>
        <musclescale>0.824999</musclescale>
        <basemusclescale>0.900000</basemusclescale>
        <scale>1</scale>
        <position>0.504419,-0.565867,1.319342</position>
        <triangledirection>0,0,-1</triangledirection>
        <trianglepickorigin>0,0,0</trianglepickorigin>
        <orientation>
          <row0>0.966449,0.256855,0</row0>
          <row1>0,0,-1</row1>
          <row2>-0.256855,0.966449,0</row2>
        </orientation>
      </transform>
      <snapped>true</snapped>
      <childlist count="2">
        <childid>28</childid>
        <childid>6</childid>
      </childlist>
      <handles count="1">
        <weight channel="longer">0.0967069</weight>
      </handles>
    </blockref>
    <blockref>
      <blockid>Creature_parts~, ce_grasper_null</blockid>
      <transform>
        <basemusclescale>0.600000</basemusclescale>
        <scale>1</scale>
        <position>0.504419,-0.565867,2.160275</position>
        <triangledirection>-0.644721,0.256964,0.719932</triangledirection>
        <trianglepickorigin>0,0,0</trianglepickorigin>
        <orientation>
          <row0>0.511386,0.845007,0.156354</row0>
          <row1>-0.644721,0.256964,0.719932</row1>
          <row2>0.568170,-0.468968,0.676202</row2>
        </orientation>
      </transform>
      <snapped>true</snapped>
    </blockref>
    <blockref>
      <blockid>flora_parts~, fe_muscle_branch_01</blockid>
      <transform>
        <limbtype>0</limbtype>
        <musclescale>0.574999</musclescale>
        <basemusclescale>2</basemusclescale>
        <scale>1</scale>
        <position>0,0,0.600000</position>
        <triangledirection>-0.719950,-0.382501,-0.579107</triangledirection>
        <trianglepickorigin>0,0,0</trianglepickorigin>
        <orientation>
          <row0>0.684426,-0.529602,-0.501080</row0>
          <row1>-0.719950,-0.382501,-0.579107</row1>
          <row2>0.115032,0.757108,-0.643081</row2>
        </orientation>
      </transform>
      <snapped>true</snapped>
      <childlist count="1">
        <childid>8</childid>
      </childlist>
      <handles count="1">
        <weight channel="longer">0.0967069</weight>
      </handles>
    </blockref>
    <blockref>
      <blockid>flora_parts~, fe_muscle_branch_01</blockid>
      <transform>
        <limbtype>0</limbtype>
        <musclescale>0.824999</musclescale>
        <basemusclescale>0.850000</basemusclescale>
        <scale>1</scale>
        <position>0.605430,0.321658,1.086991</position>
        <triangledirection>0,-9.99997e-7,-1</triangledirection>
        <trianglepickorigin>0,0,0</trianglepickorigin>
        <orientation>
          <row0>0.993791,0.111257,-1.11256e-7</row0>
          <row1>0,-9.99997e-7,-1</row1>
          <row2>-0.111257,0.993791,-9.93789e-7</row2>
        </orientation>
      </transform>
      <snapped>true</snapped>
      <childlist count="2">
        <childid>25</childid>
        <childid>9</childid>
      </childlist>
      <handles count="1">
        <weight channel="longer">0.0967069</weight>
      </handles>
    </blockref>
    <blockref>
      <blockid>Creature_parts~, ce_grasper_null</blockid>
      <transform>
        <basemusclescale>0.600000</basemusclescale>
        <scale>1</scale>
        <position>0.605430,0.321659,1.927926</position>
        <triangledirection>-0.911136,0.363066,-0.194969</triangledirection>
        <trianglepickorigin>0,0,0</trianglepickorigin>
        <orientation>
          <row0>0.381426,0.563838,-0.732529</row0>
          <row1>-0.911136,0.363066,-0.194969</row1>
          <row2>0.156025,0.741800,0.652217</row2>
        </orientation>
      </transform>
      <snapped>true</snapped>
    </blockref>
    <blockref>
      <blockid>flora_parts~, fe_muscle_branch_01</blockid>
      <transform>
        <limbtype>0</limbtype>
        <musclescale>0.850000</musclescale>
        <basemusclescale>2</basemusclescale>
        <scale>1</scale>
        <position>0,0,0.600000</position>
        <triangledirection>0.495322,0.682559,-0.537370</triangledirection>
        <trianglepickorigin>0,0,0</trianglepickorigin>
        <orientation>
          <row0>0.625761,0.148724,0.765704</row0>
          <row1>0.495322,0.682559,-0.537370</row1>
          <row2>-0.602559,0.715537,0.353453</row2>
        </orientation>
      </transform>
      <snapped>true</snapped>
      <childlist count="1">
        <childid>11</childid>
      </childlist>
      <handles count="1">
        <weight channel="longer">0.133246</weight>
      </handles>
    </blockref>
    <blockref>
      <blockid>flora_parts~, fe_muscle_branch_01</blockid>
      <transform>
        <limbtype>0</limbtype>
        <musclescale>0.850000</musclescale>
        <basemusclescale>0.950000</basemusclescale>
        <scale>1</scale>
        <position>-0.530119,-0.730508,1.175120</position>
        <triangledirection>0,0,-1</triangledirection>
        <trianglepickorigin>0,0,0</trianglepickorigin>
        <orientation>
          <row0>0.999166,0.0408270,0</row0>
          <row1>0,0,-1</row1>
          <row2>-0.0408270,0.999166,0</row2>
        </orientation>
      </transform>
      <snapped>true</snapped>
      <childlist count="2">
        <childid>27</childid>
        <childid>12</childid>
      </childlist>
      <handles count="1">
        <weight channel="longer">0.140413</weight>
      </handles>
    </blockref>
    <blockref>
      <blockid>Creature_parts~, ce_grasper_null</blockid>
      <transform>
        <basemusclescale>0.75</basemusclescale>
        <scale>1</scale>
        <position>-0.530119,-0.730508,2.290351</position>
        <triangledirection>-0.564662,0.779418,-0.271409</triangledirection>
        <trianglepickorigin>0,0,0</trianglepickorigin>
        <orientation>
          <row0>0.340902,0.519751,0.783354</row0>
          <row1>-0.564662,0.779418,-0.271409</row1>
          <row2>-0.751626,-0.349806,0.559190</row2>
        </orientation>
      </transform>
      <snapped>true</snapped>
    </blockref>
    <blockref>
      <blockid>flora_parts~, fe_muscle_branch_01</blockid>
      <transform>
        <limbtype>0</limbtype>
        <musclescale>0.574999</musclescale>
        <basemusclescale>2</basemusclescale>
        <scale>1</scale>
        <position>0,0,0.600000</position>
        <triangledirection>0.350472,-0.584257,-0.731992</triangledirection>
        <trianglepickorigin>0,0,0</trianglepickorigin>
        <orientation>
          <row0>0.901661,0.421884,0.0949710</row0>
          <row1>0.350472,-0.584257,-0.731992</row1>
          <row2>-0.253328,0.693294,-0.674661</row2>
        </orientation>
      </transform>
      <snapped>true</snapped>
      <childlist count="1">
        <childid>14</childid>
      </childlist>
      <handles count="1">
        <weight channel="longer">0.172348</weight>
      </handles>
    </blockref>
    <blockref>
      <blockid>flora_parts~, fe_muscle_branch_01</blockid>
      <transform>
        <limbtype>0</limbtype>
        <musclescale>1</musclescale>
        <basemusclescale>0.950000</basemusclescale>
        <scale>1</scale>
        <position>-0.461100,0.768682,1.563051</position>
        <triangledirection>-0.184049,-0.223481,-0.957173</triangledirection>
        <trianglepickorigin>0,0,0</trianglepickorigin>
        <orientation>
          <row0>0.949626,0.210864,-0.231831</row0>
          <row1>-0.184049,-0.223481,-0.957173</row1>
          <row2>-0.253643,0.951626,-0.173414</row2>
        </orientation>
      </transform>
      <snapped>true</snapped>
      <childlist count="2">
        <childid>23</childid>
        <childid>15</childid>
      </childlist>
      <handles count="1">
        <weight channel="longer">0.127121</weight>
      </handles>
    </blockref>
    <blockref>
      <blockid>Creature_parts~, ce_grasper_null</blockid>
      <transform>
        <basemusclescale>0.650000</basemusclescale>
        <scale>1</scale>
        <position>-0.271194,0.999274,2.550680</position>
        <triangledirection>-0.911132,0.363073,-0.194972</triangledirection>
        <trianglepickorigin>0,0,0</trianglepickorigin>
        <orientation>
          <row0>0.381434,0.563837,-0.732526</row0>
          <row1>-0.911132,0.363073,-0.194972</row1>
          <row2>0.156028,0.741798,0.652219</row2>
        </orientation>
      </transform>
      <snapped>true</snapped>
    </blockref>
    <blockref>
      <blockid>flora_parts~, fe_muscle_branch_01</blockid>
      <transform>
        <limbtype>0</limbtype>
        <musclescale>1</musclescale>
        <basemusclescale>2</basemusclescale>
        <scale>1</scale>
        <position>0,0,0.600000</position>
        <triangledirection>0.909799,0.186751,-0.370661</triangledirection>
        <trianglepickorigin>0,0,0</trianglepickorigin>
        <orientation>
          <row0>-0.0718575,0.950441,0.302486</row0>
          <row1>0.909799,0.186751,-0.370661</row1>
          <row2>-0.408781,0.248567,-0.878130</row2>
        </orientation>
      </transform>
      <snapped>true</snapped>
      <childlist count="1">
        <childid>17</childid>
      </childlist>
      <handles count="1">
        <weight channel="longer">0.0967069</weight>
      </handles>
    </blockref>
    <blockref>
      <blockid>flora_parts~, fe_muscle_branch_01</blockid>
      <transform>
        <limbtype>0</limbtype>
        <musclescale>1</musclescale>
        <basemusclescale>0.850000</basemusclescale>
        <scale>1</scale>
        <position>-0.765079,-0.157045,0.911701</position>
        <triangledirection>0.132718,-0.206244,-0.969457</triangledirection>
        <trianglepickorigin>0,0,0</trianglepickorigin>
        <orientation>
          <row0>0.985390,0.132783,0.106651</row0>
          <row1>0.132718,-0.206244,-0.969457</row1>
          <row2>-0.106732,0.969449,-0.220854</row2>
        </orientation>
      </transform>
      <snapped>true</snapped>
      <childlist count="2">
        <childid>30</childid>
        <childid>18</childid>
      </childlist>
      <handles count="1">
        <weight channel="longer">0.0967069</weight>
      </handles>
    </blockref>
    <blockref>
      <blockid>Creature_parts~, ce_grasper_null</blockid>
      <transform>
        <basemusclescale>0.600000</basemusclescale>
        <scale>1</scale>
        <position>-0.876687,0.0163929,1.726950</position>
        <triangledirection>-0.911130,0.363077,-0.194975</triangledirection>
        <trianglepickorigin>0,0,0</trianglepickorigin>
        <orientation>
          <row0>0.381439,0.563837,-0.732523</row0>
          <row1>-0.911130,0.363077,-0.194975</row1>
          <row2>0.156028,0.741796,0.652221</row2>
        </orientation>
      </transform>
      <snapped>true</snapped>
    </blockref>
    <blockref>
      <blockid>Creature_parts~, ce_grasper_null</blockid>
      <transform>
        <basemusclescale>1</basemusclescale>
        <scale>1</scale>
        <position>0,0,0.868863</position>
        <triangledirection>-0.156026,-0.741801,-0.652215</triangledirection>
        <trianglepickorigin>0,0,0</trianglepickorigin>
        <orientation>
          <row0>0.980054,-0.0339838,-0.195802</row0>
          <row1>-0.156026,-0.741801,-0.652215</row1>
          <row2>-0.123081,0.669757,-0.732308</row2>
        </orientation>
      </transform>
      <snapped>true</snapped>
    </blockref>
    <blockref>
      <blockid>flora_parts~, fe_cap_01a</blockid>
      <transform>
        <scale>0,927743</scale>
        <position>0.465343,-1.237444,3.062431</position>
        <triangledirection>-0.219908,-0.385691,0.896037</triangledirection>
        <trianglepickorigin>0,0,0</trianglepickorigin>
        <orientation>
          <row0>0.941759,0.336288,-1.19209e-7</row0>
          <row1>-0.219064,0.613480,0.758717</row1>
          <row2>0.255147,-0.714528,0.651419</row2>
        </orientation>
        <userorientation>
          <userorientation_row0>0.941505,0.186173,0.280907</userorientation_row0>
          <userorientation_row1>-0.336804,0.491398,0.803175</userorientation_row1>
          <userorientation_row2>0.0114919,-0.850803,0.525357</userorientation_row2>
        </userorientation>
      </transform>
      <snapped>false</snapped>
    </blockref>
    <blockref>
      <blockid>flora_parts~, fe_cap_01a</blockid>
      <transform>
        <scale>0,927743</scale>
        <position>-0.375939,-2.264529,2.727300</position>
        <triangledirection>0.422144,-0.163365,0.891686</triangledirection>
        <trianglepickorigin>0,0,0</trianglepickorigin>
        <orientation>
          <row0>-0.549949,-0.835197,-1.63912e-7</row0>
          <row1>0.507241,-0.334001,0.794448</row1>
          <row2>-0.663521,0.436906,0.607331</row2>
        </orientation>
        <userorientation>
          <userorientation_row0>0.995341,0.0961689,0.00685699</userorientation_row0>
          <userorientation_row1>-0.0957159,0.977092,0.190072</userorientation_row1>
          <userorientation_row2>0.0115790,-0.189842,0.981746</userorientation_row2>
        </userorientation>
      </transform>
      <snapped>false</snapped>
    </blockref>
    <blockref>
      <blockid>flora_parts~, fe_cap_01a</blockid>
      <transform>
        <scale>0,927743</scale>
        <position>0.0621990,1.686902,2.875075</position>
        <triangledirection>0.628336,-0.373985,0.682148</triangledirection>
        <trianglepickorigin>0,0,0</trianglepickorigin>
        <orientation>
          <row0>-0.0370583,-0.999313,-1.21071e-7</row0>
          <row1>0.968885,-0.0359300,0.244888</row1>
          <row2>-0.244719,0.00907503,0.969551</row2>
        </orientation>
        <userorientation>
          <userorientation_row0>0.889438,-0.449113,0.0848350</userorientation_row0>
          <userorientation_row1>0.350443,0.789273,0.504217</userorientation_row1>
          <userorientation_row2>-0.293407,-0.418740,0.859399</userorientation_row2>
        </userorientation>
      </transform>
      <snapped>false</snapped>
    </blockref>
    <blockref>
      <blockid>flora_parts~, FE_leaf_15</blockid>
      <transform>
        <scale>0,637627</scale>
        <position>-0.292041,1.087925,2.531813</position>
        <triangledirection>-0.177894,-0.770847,-0.611711</triangledirection>
        <trianglepickorigin>0,0,0</trianglepickorigin>
        <orientation>
          <row0>-0.985209,-0.110399,0.131048</row0>
          <row1>0.0695817,-0.956649,-0.282806</row1>
          <row2>0.156588,-0.269504,0.950182</row2>
        </orientation>
        <userorientation>
          <userorientation_row0>-0.960434,0.248770,0.125390</userorientation_row0>
          <userorientation_row1>0.180201,0.898048,-0.401346</userorientation_row1>
          <userorientation_row2>-0.212461,-0.362873,-0.907313</userorientation_row2>
        </userorientation>
      </transform>
      <snapped>false</snapped>
      <childlist count="3">
        <childid>37</childid>
        <childid>36</childid>
        <childid>35</childid>
      </childlist>
      <handles count="3">
        <weight channel="DeformAxisForward">1</weight>
        <weight channel="DeformAxisUp">0.0859199</weight>
        <weight channel="0x7c184950">0.410053</weight>
      </handles>
    </blockref>
    <blockref>
      <blockid>flora_parts~, fe_cap_01a</blockid>
      <transform>
        <scale>0,927743</scale>
        <position>-1.311330,1.176122,2.912346</position>
        <triangledirection>-0.541784,-0.0177676,0.840330</triangledirection>
        <trianglepickorigin>0,0,0</trianglepickorigin>
        <orientation>
          <row0>-0.392851,0.919602,4.47034e-7</row0>
          <row1>-0.625672,-0.267285,0.732865</row1>
          <row2>0.673944,0.287906,0.680373</row2>
        </orientation>
        <userorientation>
          <userorientation_row0>0.951285,-0.236370,0.197956</userorientation_row0>
          <userorientation_row1>0.196501,0.959578,0.201490</userorientation_row1>
          <userorientation_row2>-0.237580,-0.152775,0.959277</userorientation_row2>
        </userorientation>
      </transform>
      <snapped>false</snapped>
    </blockref>
    <blockref>
      <blockid>flora_parts~, FE_leaf_15</blockid>
      <transform>
        <scale>0,5</scale>
        <position>0.706673,0.320823,1.895825</position>
        <triangledirection>-0.797064,-0.161293,-0.581961</triangledirection>
        <trianglepickorigin>0,0,0</trianglepickorigin>
        <orientation>
          <row0>-0.00513522,0.999986,-3.10479e-7</row0>
          <row1>-0.991172,-0.00508999,-0.132478</row1>
          <row2>-0.132477,-0.000680001,0.991185</row2>
        </orientation>
        <userorientation>
          <userorientation_row0>0.952313,0.00689799,-0.305043</userorientation_row0>
          <userorientation_row1>-0.157198,0.867946,-0.471128</userorientation_row1>
          <userorientation_row2>0.261511,0.496613,0.827638</userorientation_row2>
        </userorientation>
      </transform>
      <snapped>false</snapped>
      <handles count="3">
        <weight channel="DeformAxisForward">0.801055</weight>
        <weight channel="DeformAxisUp">0.800575</weight>
        <weight channel="0x7c184950">0.635513</weight>
      </handles>
    </blockref>
    <blockref>
      <blockid>flora_parts~, fe_cap_01a</blockid>
      <transform>
        <scale>0,927743</scale>
        <position>-2.071630,-1.003952,2.705048</position>
        <triangledirection>-0.288631,0.388208,0.875205</triangledirection>
        <trianglepickorigin>0,0,0</trianglepickorigin>
        <orientation>
          <row0>0.301835,0.953360,6.70552e-8</row0>
          <row1>-0.896390,0.283798,0.340502</row1>
          <row2>0.324621,-0.102775,0.940243</row2>
        </orientation>
        <userorientation>
          <userorientation_row0>0.884162,-0.459926,0.0820049</userorientation_row0>
          <userorientation_row1>0.282983,0.666909,0.689312</userorientation_row1>
          <userorientation_row2>-0.371722,-0.586257,0.719807</userorientation_row2>
        </userorientation>
      </transform>
      <snapped>false</snapped>
    </blockref>
    <blockref>
      <blockid>flora_parts~, FE_leaf_15</blockid>
      <transform>
        <scale>0,999997</scale>
        <position>-0.655786,-0.801243,2.245239</position>
        <triangledirection>0.428937,0.899554,-0.0825530</triangledirection>
        <trianglepickorigin>0,0,0</trianglepickorigin>
        <orientation>
          <row0>0.541071,-0.840976,1.86264e-7</row0>
          <row1>0.816344,0.525223,-0.240253</row1>
          <row2>0.202047,0.129994,0.970710</row2>
        </orientation>
        <userorientation>
          <userorientation_row0>-0.847326,-0.502082,-0.173063</userorientation_row0>
          <userorientation_row1>-0.524417,0.842461,0.123468</userorientation_row1>
          <userorientation_row2>0.0838079,0.195375,-0.977141</userorientation_row2>
        </userorientation>
      </transform>
      <snapped>false</snapped>
      <childlist count="5">
        <childid>34</childid>
        <childid>33</childid>
        <childid>32</childid>
        <childid>31</childid>
        <childid>29</childid>
      </childlist>
      <handles count="3">
        <weight channel="DeformAxisForward">1</weight>
        <weight channel="DeformAxisUp">0.0243899</weight>
        <weight channel="0x7c184950">0.0981859</weight>
      </handles>
    </blockref>
    <blockref>
      <blockid>flora_parts~, FE_leaf_15</blockid>
      <transform>
        <scale>0,5</scale>
        <position>0.518333,-0.550149,2.181844</position>
        <triangledirection>-0.105075,0.168736,-0.980044</triangledirection>
        <trianglepickorigin>0,0,0</trianglepickorigin>
        <orientation>
          <row0>0.382249,0.867793,-0.317521</row0>
          <row1>-0.292629,-0.212250,-0.932371</row1>
          <row2>-0.876500,0.449315,0.172809</row2>
        </orientation>
        <userorientation>
          <userorientation_row0>-0.908699,0.417443,-0.00248899</userorientation_row0>
          <userorientation_row1>0.417447,0.908700,-0.00144599</userorientation_row1>
          <userorientation_row2>0.00165899,-0.00235299,-0.999996</userorientation_row2>
        </userorientation>
      </transform>
      <snapped>false</snapped>
      <handles count="3">
        <weight channel="DeformAxisForward">0</weight>
        <weight channel="DeformAxisUp">0.432354</weight>
        <weight channel="0x7c184950">0.362397</weight>
      </handles>
    </blockref>
    <blockref>
      <blockid>flora_parts~, FE_leaf_15</blockid>
      <transform>
        <scale>0,509156</scale>
        <position>-0.793442,-0.939842,3.079731</position>
        <triangledirection>-0.630392,-0.743265,0.223897</triangledirection>
        <trianglepickorigin>0,0,0</trianglepickorigin>
        <orientation>
          <row0>-0.987257,0.159132,-3.72529e-7</row0>
          <row1>-0.154482,-0.958405,0.239987</row1>
          <row2>0.0381896,0.236929,0.970775</row2>
        </orientation>
        <userorientation>
          <userorientation_row0>-0.855733,0.496685,0.144888</userorientation_row0>
          <userorientation_row1>0.504081,0.863467,0.0171779</userorientation_row1>
          <userorientation_row2>-0.116574,0.0877319,-0.989298</userorientation_row2>
        </userorientation>
      </transform>
      <snapped>false</snapped>
      <handles count="3">
        <weight channel="DeformAxisForward">1</weight>
        <weight channel="DeformAxisUp">0.0976599</weight>
        <weight channel="0x7c184950">0.540278</weight>
      </handles>
    </blockref>
    <blockref>
      <blockid>flora_parts~, FE_leaf_15</blockid>
      <transform>
        <scale>0,5</scale>
        <position>-0.889618,0.00147899,1.713614</position>
        <triangledirection>0.569267,-0.0711459,-0.819068</triangledirection>
        <trianglepickorigin>0,0,0</trianglepickorigin>
        <orientation>
          <row0>0.584374,-0.809907,0.0505686</row0>
          <row1>0.455738,0.275992,-0.846244</row1>
          <row2>0.671423,0.517570,0.530388</row2>
        </orientation>
        <userorientation>
          <userorientation_row0>-0.936725,0.350058,-0.00237799</userorientation_row0>
          <userorientation_row1>0.348867,0.932933,-0.0890280</userorientation_row1>
          <userorientation_row2>-0.0289469,-0.0842249,-0.996026</userorientation_row2>
        </userorientation>
      </transform>
      <snapped>false</snapped>
      <handles count="3">
        <weight channel="DeformAxisForward">0.650777</weight>
        <weight channel="DeformAxisUp">0.223622</weight>
        <weight channel="0x7c184950">0.271647</weight>
      </handles>
    </blockref>
    <blockref>
      <blockid>flora_parts~, FE_leaf_34</blockid>
      <transform>
        <scale>1</scale>
        <position>-0.465787,-1.127489,3.631759</position>
        <triangledirection>-0.956681,0.0767780,0.280828</triangledirection>
        <trianglepickorigin>0,0,0</trianglepickorigin>
        <orientation>
          <row0>-0.146209,0.989253,-3.90224e-7</row0>
          <row1>-0.987612,-0.145967,0.0575859</row1>
          <row2>0.0569671,0.00842001,0.998340</row2>
        </orientation>
        <userorientation>
          <userorientation_row0>0.975101,-0.221758,0.000750999</userorientation_row0>
          <userorientation_row1>0.215828,0.949795,0.226509</userorientation_row1>
          <userorientation_row2>-0.0509439,-0.220707,0.974008</userorientation_row2>
        </userorientation>
      </transform>
      <snapped>false</snapped>
      <childlist count="1">
        <childid>20</childid>
      </childlist>
      <handles count="3">
        <weight channel="DeformAxisForward">0.5</weight>
        <weight channel="DeformAxisLeft">0</weight>
        <weight channel="DeformAxisUp">0.0939470</weight>
      </handles>
    </blockref>
    <blockref>
      <blockid>flora_parts~, FE_leaf_34</blockid>
      <transform>
        <scale>1</scale>
        <position>-1.384149,-1.252122,3.527998</position>
        <triangledirection>0.823340,-0.122497,0.554169</triangledirection>
        <trianglepickorigin>0,0,0</trianglepickorigin>
        <orientation>
          <row0>0.148584,-0.988899,-1.95577e-7</row0>
          <row1>0.968060,0.145453,0.204213</row1>
          <row2>-0.201946,-0.0303430,0.978926</row2>
        </orientation>
        <userorientation>
          <userorientation_row0>0.965398,-0.260705,-0.00630499</userorientation_row0>
          <userorientation_row1>0.243473,0.892393,0.379938</userorientation_row1>
          <userorientation_row2>-0.0934259,-0.368326,0.924989</userorientation_row2>
        </userorientation>
      </transform>
      <snapped>false</snapped>
      <childlist count="1">
        <childid>26</childid>
      </childlist>
      <handles count="3">
        <weight channel="DeformAxisForward">0.5</weight>
        <weight channel="DeformAxisLeft">0</weight>
        <weight channel="DeformAxisUp">0.0764289</weight>
      </handles>
    </blockref>
    <blockref>
      <blockid>flora_parts~, FE_leaf_34</blockid>
      <transform>
        <scale>1</scale>
        <position>-0.895374,-1.687615,3.606158</position>
        <triangledirection>-0.325963,0.731886,0.598406</triangledirection>
        <trianglepickorigin>0,0,0</trianglepickorigin>
        <orientation>
          <row0>0.996791,-0.0800460,-5.27128e-7</row0>
          <row1>0.0795359,0.990438,0.112715</row1>
          <row2>-0.00902194,-0.112354,0.993627</row2>
        </orientation>
        <userorientation>
          <userorientation_row0>0.915013,0.390962,0.0994979</userorientation_row0>
          <userorientation_row1>-0.383501,0.766412,0.515302</userorientation_row1>
          <userorientation_row2>0.125208,-0.509666,0.851212</userorientation_row2>
        </userorientation>
      </transform>
      <snapped>false</snapped>
      <childlist count="1">
        <childid>21</childid>
      </childlist>
      <handles count="3">
        <weight channel="DeformAxisForward">0.5</weight>
        <weight channel="DeformAxisLeft">0</weight>
        <weight channel="DeformAxisUp">0.117853</weight>
      </handles>
    </blockref>
    <blockref>
      <blockid>flora_parts~, FE_leaf_34</blockid>
      <transform>
        <scale>1</scale>
        <position>-0.956797,-0.757037,3.588367</position>
        <triangledirection>0.168873,-0.952856,0.252086</triangledirection>
        <trianglepickorigin>0,0,0</trianglepickorigin>
        <orientation>
          <row0>-0.994173,-0.107790,2.68220e-7</row0>
          <row1>0.107194,-0.988680,0.104974</row1>
          <row2>-0.0113150,0.104363,0.994474</row2>
        </orientation>
        <userorientation>
          <userorientation_row0>0.997062,0.0583619,0.0495989</userorientation_row0>
          <userorientation_row1>-0.0651809,0.986635,0.149340</userorientation_row1>
          <userorientation_row2>-0.0402209,-0.152134,0.987541</userorientation_row2>
        </userorientation>
      </transform>
      <snapped>false</snapped>
      <handles count="3">
        <weight channel="DeformAxisForward">0.5</weight>
        <weight channel="DeformAxisLeft">0</weight>
        <weight channel="DeformAxisUp">0</weight>
      </handles>
    </blockref>
    <blockref>
      <blockid>flora_parts~, FE_leaf_34</blockid>
      <transform>
        <scale>1</scale>
        <position>-0.0435249,1.274000,3.468811</position>
        <triangledirection>-0.350478,-0.698421,0.623998</triangledirection>
        <trianglepickorigin>0,0,0</trianglepickorigin>
        <orientation>
          <row0>-0.740036,0.672566,2.57045e-7</row0>
          <row1>-0.672101,-0.739524,-0.0371819</row1>
          <row2>-0.0250071,-0.0275161,0.999308</row2>
        </orientation>
        <userorientation>
          <userorientation_row0>0.957078,0.0176339,0.289288</userorientation_row0>
          <userorientation_row1>-0.210368,0.728855,0.651549</userorientation_row1>
          <userorientation_row2>-0.199361,-0.684441,0.701281</userorientation_row2>
        </userorientation>
      </transform>
      <snapped>false</snapped>
      <childlist count="1">
        <childid>22</childid>
      </childlist>
      <handles count="3">
        <weight channel="DeformAxisForward">0.272970</weight>
        <weight channel="DeformAxisLeft">0</weight>
        <weight channel="DeformAxisUp">0.117320</weight>
      </handles>
    </blockref>
    <blockref>
      <blockid>flora_parts~, FE_leaf_34</blockid>
      <transform>
        <scale>0,860707</scale>
        <position>-0.535423,1.105195,3.527680</position>
        <triangledirection>0.871839,-0.301064,0.386336</triangledirection>
        <trianglepickorigin>0,0,0</trianglepickorigin>
        <orientation>
          <row0>-0.399984,-0.916522,1.78813e-7</row0>
          <row1>0.910635,-0.397415,-0.113155</row1>
          <row2>0.103709,-0.0452600,0.993577</row2>
        </orientation>
        <userorientation>
          <userorientation_row0>0.997331,0.0661749,0.0308110</userorientation_row0>
          <userorientation_row1>-0.0727899,0.869860,0.487899</userorientation_row1>
          <userorientation_row2>0.00548599,-0.488840,0.872355</userorientation_row2>
        </userorientation>
      </transform>
      <snapped>false</snapped>
      <childlist count="1">
        <childid>24</childid>
      </childlist>
      <handles count="3">
        <weight channel="DeformAxisForward">0.561362</weight>
        <weight channel="DeformAxisLeft">0</weight>
        <weight channel="DeformAxisUp">0.106953</weight>
      </handles>
    </blockref>
    <blockref>
      <blockid>flora_parts~, FE_leaf_34</blockid>
      <transform>
        <scale>0,927743</scale>
        <position>-0.101045,0.708966,3.423427</position>
        <triangledirection>-0.277346,0.812448,0.512839</triangledirection>
        <trianglepickorigin>0,0,0</trianglepickorigin>
        <orientation>
          <row0>0.920135,0.391600,-1.34110e-7</row0>
          <row1>-0.363086,0.853137,0.374600</row1>
          <row2>0.146693,-0.344682,0.927186</row2>
        </orientation>
        <userorientation>
          <userorientation_row0>0.997933,-0.0641799,0.00289699</userorientation_row0>
          <userorientation_row1>0.0629590,0.985940,0.154776</userorientation_row1>
          <userorientation_row2>-0.0127900,-0.154274,0.987944</userorientation_row2>
        </userorientation>
      </transform>
      <snapped>false</snapped>
      <handles count="3">
        <weight channel="DeformAxisForward">0.272970</weight>
        <weight channel="DeformAxisLeft">0</weight>
        <weight channel="DeformAxisUp">0</weight>
      </handles>
    </blockref>
  </blocks></sporemodel>