spore0005438f6347406662003a784030d816b417ffffffffffffffff0000000ebfdb7ec506KChangfffffffffffffffe06Fordes0000000<?xml version="1.0" encoding="UTF-8"?><sporemodel>
  <properties>
    <modeltype>PlantMedium</modeltype>
    <skineffectseed1>6435736</skineffectseed1>
    <skineffectseed2>6435736</skineffectseed2>
    <skineffectseed3>6435736</skineffectseed3>
    <skincolor1>0.600000,0.694118,0.694118</skincolor1>
    <skincolor2>0.329412,0.443136,0.321568</skincolor2>
    <skincolor3>0.576470,0.694118,0.411764</skincolor3>
    <zcorpscore>21</zcorpscore>
  </properties>
  <blocks count="28">
    <blockref>
      <blockid>flora_parts~, fe_root_dummy</blockid>
      <transform>
        <scale>1</scale>
        <position>0,0,0.600000</position>
        <triangledirection>0,1,0</triangledirection>
        <trianglepickorigin>0,0,0</trianglepickorigin>
        <orientation>
          <row0>1,0,0</row0>
          <row1>0,1,0</row1>
          <row2>0,0,1</row2>
        </orientation>
      </transform>
      <snapped>false</snapped>
      <childlist count="2">
        <childid>3</childid>
        <childid>1</childid>
      </childlist>
    </blockref>
    <blockref>
      <blockid>flora_parts~, FE_muscle_branch_04</blockid>
      <transform>
        <limbtype>0</limbtype>
        <musclescale>0.474999</musclescale>
        <basemusclescale>2.5</basemusclescale>
        <scale>1</scale>
        <position>0,0,0.600000</position>
        <triangledirection>-0.00436399,0.0160359,0.999861</triangledirection>
        <trianglepickorigin>0,0,0</trianglepickorigin>
        <orientation>
          <row0>-0.0934408,-0.995503,0.0155582</row0>
          <row1>-0.00436399,0.0160359,0.999861</row1>
          <row2>-0.995615,0.0933600,-0.00584279</row2>
        </orientation>
      </transform>
      <snapped>true</snapped>
      <childlist count="2">
        <childid>8</childid>
        <childid>2</childid>
      </childlist>
      <handles count="1">
        <weight channel="longer">0.0538759</weight>
      </handles>
    </blockref>
    <blockref>
      <blockid>Creature_parts~, ce_grasper_null</blockid>
      <transform>
        <basemusclescale>0.5</basemusclescale>
        <scale>1</scale>
        <position>0.00249699,-0.00917499,0.0279530</position>
        <triangledirection>0,0,-1</triangledirection>
        <trianglepickorigin>0,0,0</trianglepickorigin>
        <orientation>
          <row0>1,0,0</row0>
          <row1>0,0,-1</row1>
          <row2>0,1,0</row2>
        </orientation>
      </transform>
      <snapped>true</snapped>
    </blockref>
    <blockref>
      <blockid>flora_parts~, fe_trunk_01</blockid>
      <transform>
        <limbtype>2</limbtype>
        <musclescale>0</musclescale>
        <basemusclescale>2.5</basemusclescale>
        <scale>1,252320</scale>
        <position>0,0,0.600000</position>
        <triangledirection>0,9.99999e-7,-1</triangledirection>
        <trianglepickorigin>0,0,0</trianglepickorigin>
        <orientation>
          <row0>1,0,0</row0>
          <row1>0,9.99999e-7,-1</row1>
          <row2>0,1,9.99999e-7</row2>
        </orientation>
      </transform>
      <snapped>true</snapped>
      <childlist count="11">
        <childid>24</childid>
        <childid>19</childid>
        <childid>17</childid>
        <childid>16</childid>
        <childid>15</childid>
        <childid>14</childid>
        <childid>13</childid>
        <childid>11</childid>
        <childid>7</childid>
        <childid>6</childid>
        <childid>5</childid>
      </childlist>
      <handles count="3">
        <weight channel="DeformAxisLeft">0.651396</weight>
        <weight channel="DeformAxisForward">0.606301</weight>
        <weight channel="DeformBoneLength">0.241359</weight>
      </handles>
    </blockref>
    <blockref>
      <blockid>flora_parts~, FE_leaf_17</blockid>
      <transform>
        <scale>0,860706</scale>
        <position>-0.558969,0.226226,3.316154</position>
        <triangledirection>-0.323687,-0.682471,-0.655332</triangledirection>
        <trianglepickorigin>0,0,0</trianglepickorigin>
        <orientation>
          <row0>-0.331513,0.941444,-0.0614965</row0>
          <row1>0.414649,0.0868413,-0.905828</row1>
          <row2>-0.847446,-0.325793,-0.419158</row2>
        </orientation>
        <userorientation>
          <userorientation_row0>0.699262,0.710357,0.0801540</userorientation_row0>
          <userorientation_row1>-0.494901,0.400135,0.771339</userorientation_row1>
          <userorientation_row2>0.515855,-0.579036,0.631354</userorientation_row2>
        </userorientation>
      </transform>
      <snapped>false</snapped>
      <handles count="3">
        <weight channel="DeformAxisUp">0</weight>
        <weight channel="DeformAxisForward">0.477504</weight>
        <weight channel="DeformAxisLeft">0.249899</weight>
      </handles>
    </blockref>
    <blockref>
      <blockid>Creature_parts~, ce_grasper_null</blockid>
      <transform>
        <basemusclescale>0.860707</basemusclescale>
        <scale>1</scale>
        <position>0,-2.99999e-6,2.949108</position>
        <triangledirection>0.457000,-0.291437,-0.840366</triangledirection>
        <trianglepickorigin>0,0,0</trianglepickorigin>
        <orientation>
          <row0>0.888861,0.184480,0.419394</row0>
          <row1>0.457000,-0.291437,-0.840366</row1>
          <row2>-0.0328041,0.938632,-0.343354</row2>
        </orientation>
      </transform>
      <snapped>true</snapped>
    </blockref>
    <blockref>
      <blockid>flora_parts~, fe_detail_04</blockid>
      <transform>
        <scale>1,161830</scale>
        <position>-0.184646,0.0113189,2.918564</position>
        <triangledirection>0.932389,-0.100638,-0.347162</triangledirection>
        <trianglepickorigin>0,0,0</trianglepickorigin>
        <orientation>
          <row0>-0.392330,-0.919824,8.64267e-7</row0>
          <row1>0.881787,-0.376106,-0.284595</row1>
          <row2>0.261778,-0.111654,0.958647</row2>
        </orientation>
        <userorientation>
          <userorientation_row0>-0.327866,-0.0170939,0.944570</userorientation_row0>
          <userorientation_row1>-0.273235,0.958821,-0.0774900</userorientation_row1>
          <userorientation_row2>-0.904349,-0.283495,-0.319036</userorientation_row2>
        </userorientation>
      </transform>
      <snapped>false</snapped>
      <childlist count="4">
        <childid>27</childid>
        <childid>26</childid>
        <childid>25</childid>
        <childid>4</childid>
      </childlist>
      <handles count="4">
        <weight channel="Stretch">0.19,3241</weight>
        <weight channel="Thicken">0.89,5138</weight>
        <weight channel="tweak_side">0.80,5644</weight>
        <weight channel="tweak_top_bottom">0.61,0324</weight>
      </handles>
    </blockref>
    <blockref>
      <blockid>flora_parts~, FE_leaf_21</blockid>
      <transform>
        <scale>1,75</scale>
        <position>0.402245,-0.127650,0.818176</position>
        <triangledirection>-0.329155,0.635001,-0.698878</triangledirection>
        <trianglepickorigin>0,0,0</trianglepickorigin>
        <orientation>
          <row0>-0.147753,0.989024,-1.62050e-7</row0>
          <row1>-0.984934,-0.147142,-0.0908479</row1>
          <row2>-0.0898508,-0.0134229,0.995864</row2>
        </orientation>
        <userorientation>
          <userorientation_row0>0.292481,-0.948667,-0.120359</userorientation_row0>
          <userorientation_row1>0.676666,0.294252,-0.674936</userorientation_row1>
          <userorientation_row2>0.675706,0.115964,0.727992</userorientation_row2>
        </userorientation>
      </transform>
      <snapped>false</snapped>
      <handles count="4">
        <weight channel="Bend_vert">0.672614</weight>
        <weight channel="Length">0.206190</weight>
        <weight channel="tweak_sideways">0.480856</weight>
        <weight channel="WidthHeight">0</weight>
      </handles>
    </blockref>
    <blockref>
      <blockid>flora_parts~, FE_leaf_21</blockid>
      <transform>
        <scale>1,252320</scale>
        <position>-0.262766,-0.292748,0.781600</position>
        <triangledirection>0.615530,0.0928023,-0.782629</triangledirection>
        <trianglepickorigin>0,0,0</trianglepickorigin>
        <orientation>
          <row0>0.733645,-0.679532,-4.47034e-8</row0>
          <row1>0.613265,0.662101,-0.430730</row1>
          <row2>0.292695,0.316003,0.902480</row2>
        </orientation>
        <userorientation>
          <userorientation_row0>-0.826626,0.531759,0.184175</userorientation_row0>
          <userorientation_row1>0.388518,0.776029,-0.496820</userorientation_row1>
          <userorientation_row2>-0.407115,-0.339129,-0.848086</userorientation_row2>
        </userorientation>
      </transform>
      <snapped>false</snapped>
      <handles count="4">
        <weight channel="Bend_vert">0.373017</weight>
        <weight channel="Length">0.442526</weight>
        <weight channel="tweak_sideways">0.913578</weight>
        <weight channel="WidthHeight">0.231384</weight>
      </handles>
    </blockref>
    <blockref>
      <blockid>flora_parts~, fe_cap_01a</blockid>
      <transform>
        <scale>1</scale>
        <position>-0.499242,0.729062,2.082005</position>
        <triangledirection>-0.836232,-0.545609,-0.0550054</triangledirection>
        <trianglepickorigin>0,0,0</trianglepickorigin>
        <orientation>
          <row0>-0.609374,0.792882,-5.96046e-8</row0>
          <row1>-0.730574,-0.561487,-0.388576</row1>
          <row2>-0.308095,-0.236788,0.921416</row2>
        </orientation>
        <userorientation>
          <userorientation_row0>0.994465,-0.0964669,0.0416499</userorientation_row0>
          <userorientation_row1>0.0769749,0.938656,0.336151</userorientation_row1>
          <userorientation_row2>-0.0715219,-0.331083,0.940887</userorientation_row2>
        </userorientation>
      </transform>
      <snapped>false</snapped>
    </blockref>
    <blockref>
      <blockid>flora_parts~, fe_cap_01a</blockid>
      <transform>
        <scale>1</scale>
        <position>0.347831,0.374880,2.954718</position>
        <triangledirection>-0.396356,-0.813248,0.426062</triangledirection>
        <trianglepickorigin>0,0,0</trianglepickorigin>
        <orientation>
          <row0>-0.954120,-0.299421,5.51342e-7</row0>
          <row1>0.275057,-0.876482,0.395123</row1>
          <row2>-0.118307,0.376995,0.918628</row2>
        </orientation>
        <userorientation>
          <userorientation_row0>0.639492,-0.403246,-0.654554</userorientation_row0>
          <userorientation_row1>0.621675,0.772123,0.131693</userorientation_row1>
          <userorientation_row2>0.452291,-0.491137,0.744457</userorientation_row2>
        </userorientation>
      </transform>
      <snapped>false</snapped>
    </blockref>
    <blockref>
      <blockid>flora_parts~, fe_cap_01a</blockid>
      <transform>
        <scale>1</scale>
        <position>-0.428755,-1.284294,2.279094</position>
        <triangledirection>0.858569,0.271551,-0.434876</triangledirection>
        <trianglepickorigin>0,0,0</trianglepickorigin>
        <orientation>
          <row0>0.768484,-0.639869,3.87430e-7</row0>
          <row1>0.349038,0.419195,-0.838120</row1>
          <row2>0.536287,0.644082,0.545484</row2>
        </orientation>
        <userorientation>
          <userorientation_row0>0.859682,-0.343674,-0.377935</userorientation_row0>
          <userorientation_row1>0.486039,0.777986,0.398122</userorientation_row1>
          <userorientation_row2>0.157204,-0.525949,0.835861</userorientation_row2>
        </userorientation>
      </transform>
      <snapped>false</snapped>
    </blockref>
    <blockref>
      <blockid>flora_parts~, fe_cap_01a</blockid>
      <transform>
        <scale>1</scale>
        <position>0.0609909,-0.407822,2.842810</position>
        <triangledirection>0.317589,0.706714,0.632212</triangledirection>
        <trianglepickorigin>0,0,0</trianglepickorigin>
        <orientation>
          <row0>0.871259,-0.490822,1.49011e-8</row0>
          <row1>0.399694,0.709499,0.580391</row1>
          <row2>-0.284869,-0.505671,0.814337</row2>
        </orientation>
        <userorientation>
          <userorientation_row0>0.939229,0.0885430,-0.331672</userorientation_row0>
          <userorientation_row1>-0.0701680,0.995282,0.0669970</userorientation_row1>
          <userorientation_row2>0.336040,-0.0396529,0.941013</userorientation_row2>
        </userorientation>
      </transform>
      <snapped>false</snapped>
    </blockref>
    <blockref>
      <blockid>flora_parts~, fe_cap_01a</blockid>
      <transform>
        <scale>1</scale>
        <position>0.744475,0.145818,2.068888</position>
        <triangledirection>0.101669,-0.838387,-0.535509</triangledirection>
        <trianglepickorigin>0,0,0</trianglepickorigin>
        <orientation>
          <row0>-0.893329,-0.449402,2.23517e-7</row0>
          <row1>0.334886,-0.665693,-0.666861</row1>
          <row2>0.299688,-0.595726,0.745181</row2>
        </orientation>
        <userorientation>
          <userorientation_row0>0.833223,-0.178862,-0.523206</userorientation_row0>
          <userorientation_row1>0.285947,0.949267,0.130867</userorientation_row1>
          <userorientation_row2>0.473255,-0.258652,0.842096</userorientation_row2>
        </userorientation>
      </transform>
      <snapped>false</snapped>
    </blockref>
    <blockref>
      <blockid>flora_parts~, FE_leaf_17</blockid>
      <transform>
        <scale>1</scale>
        <position>0.918952,0.144624,2.121232</position>
        <triangledirection>-0.924132,-0.163846,-0.345157</triangledirection>
        <trianglepickorigin>0,0,0</trianglepickorigin>
        <orientation>
          <row0>-0.599045,0.800655,0.00979671</row0>
          <row1>-0.193449,-0.132843,-0.972074</row1>
          <row2>-0.776995,-0.584212,0.234466</row2>
        </orientation>
        <userorientation>
          <userorientation_row0>0.787856,-0.615859,0</userorientation_row0>
          <userorientation_row1>0.419031,0.536057,0.732839</userorientation_row1>
          <userorientation_row2>-0.451325,-0.577372,0.680401</userorientation_row2>
        </userorientation>
      </transform>
      <snapped>false</snapped>
      <handles count="3">
        <weight channel="DeformAxisUp">0</weight>
        <weight channel="DeformAxisForward">0.296629</weight>
        <weight channel="DeformAxisLeft">0.300000</weight>
      </handles>
    </blockref>
    <blockref>
      <blockid>flora_parts~, FE_leaf_17</blockid>
      <transform>
        <scale>1</scale>
        <position>-0.453354,-1.444592,2.125916</position>
        <triangledirection>-0.0104667,0.875041,0.483935</triangledirection>
        <trianglepickorigin>0,0,0</trianglepickorigin>
        <orientation>
          <row0>0.888947,0.453309,0.0654445</row0>
          <row1>-0.393114,0.828483,-0.398843</row1>
          <row2>-0.235019,0.328823,0.914680</row2>
        </orientation>
        <userorientation>
          <userorientation_row0>0.787856,-0.615859,0</userorientation_row0>
          <userorientation_row1>0.419031,0.536057,0.732839</userorientation_row1>
          <userorientation_row2>-0.451325,-0.577372,0.680401</userorientation_row2>
        </userorientation>
      </transform>
      <snapped>false</snapped>
      <handles count="3">
        <weight channel="DeformAxisUp">0</weight>
        <weight channel="DeformAxisForward">0.296629</weight>
        <weight channel="DeformAxisLeft">0.300000</weight>
      </handles>
    </blockref>
    <blockref>
      <blockid>flora_parts~, FE_leaf_17</blockid>
      <transform>
        <scale>1</scale>
        <position>-0.619268,0.729045,2.102656</position>
        <triangledirection>0.777662,-0.527587,-0.341893</triangledirection>
        <trianglepickorigin>0,0,0</trianglepickorigin>
        <orientation>
          <row0>0.687460,-0.725762,-0.0258324</row0>
          <row1>0.355251,0.367101,-0.859669</row1>
          <row2>0.633399,0.581811,0.510196</row2>
        </orientation>
        <userorientation>
          <userorientation_row0>0.337429,-0.816282,-0.468854</userorientation_row0>
          <userorientation_row1>0.926346,0.376504,0.0111819</userorientation_row1>
          <userorientation_row2>0.167398,-0.438095,0.883204</userorientation_row2>
        </userorientation>
      </transform>
      <snapped>false</snapped>
      <childlist count="1">
        <childid>9</childid>
      </childlist>
      <handles count="3">
        <weight channel="DeformAxisUp">0</weight>
        <weight channel="DeformAxisForward">0.296629</weight>
        <weight channel="DeformAxisLeft">0.300000</weight>
      </handles>
    </blockref>
    <blockref>
      <blockid>flora_parts~, fe_detail_04</blockid>
      <transform>
        <scale>1,161830</scale>
        <position>0.150123,0.0610559,2.972106</position>
        <triangledirection>-0.559042,-0.707830,-0.431795</triangledirection>
        <trianglepickorigin>0,0,0</trianglepickorigin>
        <orientation>
          <row0>-0.584163,0.811635,4.47034e-7</row0>
          <row1>-0.765724,-0.551119,-0.331563</row1>
          <row2>-0.269108,-0.193687,0.943432</row2>
        </orientation>
        <userorientation>
          <userorientation_row0>-0.221199,0.0642480,0.973110</userorientation_row0>
          <userorientation_row1>-0.247928,0.961338,-0.119828</userorientation_row1>
          <userorientation_row2>-0.943187,-0.267766,-0.196717</userorientation_row2>
        </userorientation>
      </transform>
      <snapped>false</snapped>
      <childlist count="2">
        <childid>18</childid>
        <childid>10</childid>
      </childlist>
      <handles count="4">
        <weight channel="Stretch">0.49,3355</weight>
        <weight channel="Thicken">0.94,2691</weight>
        <weight channel="tweak_side">0.84,4282</weight>
        <weight channel="tweak_top_bottom">0.54,7548</weight>
      </handles>
    </blockref>
    <blockref>
      <blockid>flora_parts~, FE_leaf_17</blockid>
      <transform>
        <scale>0,860705</scale>
        <position>0.570916,0.311233,3.749937</position>
        <triangledirection>0.130370,0.645689,-0.752450</triangledirection>
        <trianglepickorigin>0,0,0</trianglepickorigin>
        <orientation>
          <row0>0.786684,-0.543554,0.292705</row0>
          <row1>0.0762333,-0.384969,-0.919775</row1>
          <row2>0.612630,0.745887,-0.261412</row2>
        </orientation>
        <userorientation>
          <userorientation_row0>0.725528,0.687221,0.0374739</userorientation_row0>
          <userorientation_row1>-0.468653,0.453453,0.758180</userorientation_row1>
          <userorientation_row2>0.503971,-0.567629,0.651035</userorientation_row2>
        </userorientation>
      </transform>
      <snapped>false</snapped>
      <handles count="3">
        <weight channel="DeformAxisUp">0</weight>
        <weight channel="DeformAxisForward">0.557732</weight>
        <weight channel="DeformAxisLeft">0.249899</weight>
      </handles>
    </blockref>
    <blockref>
      <blockid>flora_parts~, fe_detail_04</blockid>
      <transform>
        <scale>1,161830</scale>
        <position>0.0510739,-0.156164,2.906491</position>
        <triangledirection>-0.347390,0.843506,-0.409655</triangledirection>
        <trianglepickorigin>0,0,0</trianglepickorigin>
        <orientation>
          <row0>0.993345,0.115174,1.75088e-7</row0>
          <row1>-0.109593,0.945208,-0.307523</row1>
          <row2>-0.0354189,0.305476,0.951540</row2>
        </orientation>
        <userorientation>
          <userorientation_row0>-0.221199,0.0642480,0.973110</userorientation_row0>
          <userorientation_row1>-0.247928,0.961338,-0.119828</userorientation_row1>
          <userorientation_row2>-0.943187,-0.267766,-0.196717</userorientation_row2>
        </userorientation>
      </transform>
      <snapped>false</snapped>
      <childlist count="5">
        <childid>23</childid>
        <childid>22</childid>
        <childid>21</childid>
        <childid>20</childid>
        <childid>12</childid>
      </childlist>
      <handles count="4">
        <weight channel="Stretch">0.52,0569</weight>
        <weight channel="Thicken">0.95,0428</weight>
        <weight channel="tweak_side">0.79,9803</weight>
        <weight channel="tweak_top_bottom">0.55,2788</weight>
      </handles>
    </blockref>
    <blockref>
      <blockid>flora_parts~, FE_leaf_17</blockid>
      <transform>
        <scale>0,860706</scale>
        <position>0.106457,-0.795014,3.679721</position>
        <triangledirection>0.506820,-0.147130,-0.849403</triangledirection>
        <trianglepickorigin>0,0,0</trianglepickorigin>
        <orientation>
          <row0>-0.787050,-0.578841,0.213294</row0>
          <row1>-0.472155,0.342717,-0.812166</row1>
          <row2>0.397015,-0.739923,-0.543039</row2>
        </orientation>
        <userorientation>
          <userorientation_row0>0.699262,0.710357,0.0801540</userorientation_row0>
          <userorientation_row1>-0.494901,0.400135,0.771339</userorientation_row1>
          <userorientation_row2>0.515855,-0.579036,0.631354</userorientation_row2>
        </userorientation>
      </transform>
      <snapped>false</snapped>
      <handles count="3">
        <weight channel="DeformAxisUp">0</weight>
        <weight channel="DeformAxisForward">0.346605</weight>
        <weight channel="DeformAxisLeft">0.243553</weight>
      </handles>
    </blockref>
    <blockref>
      <blockid>flora_parts~, FE_leaf_20</blockid>
      <transform>
        <scale>0,591554</scale>
        <position>0.171901,-0.886906,3.578170</position>
        <triangledirection>0.0993582,0.991840,0.0798833</triangledirection>
        <trianglepickorigin>0,0,0</trianglepickorigin>
        <orientation>
          <row0>0.896029,-0.443993,4.84287e-7</row0>
          <row1>0.423864,0.855406,-0.297686</row1>
          <row2>0.132170,0.266736,0.954663</row2>
        </orientation>
        <userorientation>
          <userorientation_row0>0.936176,0.329898,0.121418</userorientation_row0>
          <userorientation_row1>-0.351343,0.866761,0.353954</userorientation_row1>
          <userorientation_row2>0.0115280,-0.374022,0.927348</userorientation_row2>
        </userorientation>
      </transform>
      <snapped>false</snapped>
      <handles count="4">
        <weight channel="DeformAxisBack">0.791085</weight>
        <weight channel="DeformAxisFront">0.265655</weight>
        <weight channel="DeformAxisLeft">0.659010</weight>
        <weight channel="DeformAxisUp">0.805130</weight>
      </handles>
    </blockref>
    <blockref>
      <blockid>flora_parts~, FE_leaf_20</blockid>
      <transform>
        <scale>0,860707</scale>
        <position>0.299295,-0.827259,3.396846</position>
        <triangledirection>-0.729174,0.584046,0.356642</triangledirection>
        <trianglepickorigin>0,0,0</trianglepickorigin>
        <orientation>
          <row0>0.377911,0.925841,4.32133e-7</row0>
          <row1>-0.911790,0.372175,0.173563</row1>
          <row2>0.160691,-0.0655918,0.984822</row2>
        </orientation>
        <userorientation>
          <userorientation_row0>0.962212,-0.246078,-0.116591</userorientation_row0>
          <userorientation_row1>0.265170,0.944122,0.195748</userorientation_row1>
          <userorientation_row2>0.0619079,-0.219269,0.973698</userorientation_row2>
        </userorientation>
      </transform>
      <snapped>false</snapped>
      <handles count="4">
        <weight channel="DeformAxisBack">0.791085</weight>
        <weight channel="DeformAxisFront">0.517529</weight>
        <weight channel="DeformAxisLeft">0.659010</weight>
        <weight channel="DeformAxisUp">0.805130</weight>
      </handles>
    </blockref>
    <blockref>
      <blockid>flora_parts~, FE_leaf_20</blockid>
      <transform>
        <scale>1,252320</scale>
        <position>0.336929,-0.419476,3.080939</position>
        <triangledirection>-0.711189,0.398263,0.579305</triangledirection>
        <trianglepickorigin>0,0,0</trianglepickorigin>
        <orientation>
          <row0>0.178179,0.983998,3.79979e-7</row0>
          <row1>-0.890239,0.161201,0.426012</row1>
          <row2>0.419195,-0.0759071,0.904717</row2>
        </orientation>
        <userorientation>
          <userorientation_row0>0.962212,-0.246078,-0.116591</userorientation_row0>
          <userorientation_row1>0.265170,0.944122,0.195748</userorientation_row1>
          <userorientation_row2>0.0619079,-0.219269,0.973698</userorientation_row2>
        </userorientation>
      </transform>
      <snapped>false</snapped>
      <handles count="4">
        <weight channel="DeformAxisBack">0.791085</weight>
        <weight channel="DeformAxisFront">0.563929</weight>
        <weight channel="DeformAxisLeft">0.659010</weight>
        <weight channel="DeformAxisUp">0.805130</weight>
      </handles>
    </blockref>
    <blockref>
      <blockid>flora_parts~, FE_leaf_21</blockid>
      <transform>
        <scale>1,454989</scale>
        <position>-0.114013,0.371776,0.807155</position>
        <triangledirection>-0.0278620,-0.757361,-0.652402</triangledirection>
        <trianglepickorigin>0,0,0</trianglepickorigin>
        <orientation>
          <row0>-0.764195,-0.644984,-8.94069e-8</row0>
          <row1>0.629787,-0.746191,-0.215792</row1>
          <row2>0.139182,-0.164907,0.976439</row2>
        </orientation>
        <userorientation>
          <userorientation_row0>-0.758798,0.642416,0.107365</userorientation_row0>
          <userorientation_row1>0.509777,0.688372,-0.516014</userorientation_row1>
          <userorientation_row2>-0.405404,-0.336818,-0.849824</userorientation_row2>
        </userorientation>
      </transform>
      <snapped>false</snapped>
      <handles count="4">
        <weight channel="Bend_vert">0.361380</weight>
        <weight channel="Length">0.547395</weight>
        <weight channel="tweak_sideways">0.291222</weight>
        <weight channel="WidthHeight">0.178917</weight>
      </handles>
    </blockref>
    <blockref>
      <blockid>flora_parts~, FE_leaf_20</blockid>
      <transform>
        <scale>1,252320</scale>
        <position>-0.444950,-0.0355810,2.740718</position>
        <triangledirection>0.764944,0.469105,0.441361</triangledirection>
        <trianglepickorigin>0,0,0</trianglepickorigin>
        <orientation>
          <row0>0.818347,-0.574723,-2.53319e-7</row0>
          <row1>0.548204,0.780587,0.300256</row1>
          <row2>-0.172564,-0.245714,0.953858</row2>
        </orientation>
        <userorientation>
          <userorientation_row0>0.815958,-0.396387,0.420818</userorientation_row0>
          <userorientation_row1>0.356384,0.918046,0.173728</userorientation_row1>
          <userorientation_row2>-0.455193,0.00821699,0.890353</userorientation_row2>
        </userorientation>
      </transform>
      <snapped>false</snapped>
      <handles count="4">
        <weight channel="DeformAxisBack">0.791085</weight>
        <weight channel="DeformAxisFront">0.723811</weight>
        <weight channel="DeformAxisLeft">0.659010</weight>
        <weight channel="DeformAxisUp">0.841078</weight>
      </handles>
    </blockref>
    <blockref>
      <blockid>flora_parts~, FE_leaf_20</blockid>
      <transform>
        <scale>0,860707</scale>
        <position>-0.642224,0.0831959,2.981467</position>
        <triangledirection>0.849721,-0.212136,0.482673</triangledirection>
        <trianglepickorigin>0,0,0</trianglepickorigin>
        <orientation>
          <row0>-0.744850,-0.667231,1.19209e-7</row0>
          <row1>0.584143,-0.652098,0.483263</row1>
          <row2>-0.322448,0.359959,0.875474</row2>
        </orientation>
        <userorientation>
          <userorientation_row0>0.864145,0.496197,-0.0839119</userorientation_row0>
          <userorientation_row1>-0.491371,0.867951,0.0722159</userorientation_row1>
          <userorientation_row2>0.108665,-0.0211730,0.993853</userorientation_row2>
        </userorientation>
      </transform>
      <snapped>false</snapped>
      <handles count="4">
        <weight channel="DeformAxisBack">0.791085</weight>
        <weight channel="DeformAxisFront">0.517529</weight>
        <weight channel="DeformAxisLeft">0.659010</weight>
        <weight channel="DeformAxisUp">0.805130</weight>
      </handles>
    </blockref>
    <blockref>
      <blockid>flora_parts~, FE_leaf_20</blockid>
      <transform>
        <scale>0,687288</scale>
        <position>-0.621599,0.224187,3.168517</position>
        <triangledirection>0.425144,-0.820359,0.382440</triangledirection>
        <trianglepickorigin>0,0,0</trianglepickorigin>
        <orientation>
          <row0>-0.768761,-0.639535,-3.27825e-7</row0>
          <row1>0.619420,-0.744582,0.248830</row1>
          <row2>-0.159135,0.191290,0.968547</row2>
        </orientation>
        <userorientation>
          <userorientation_row0>0.976915,-0.182707,-0.110704</userorientation_row0>
          <userorientation_row1>0.197813,0.969331,0.145828</userorientation_row1>
          <userorientation_row2>0.0806659,-0.164361,0.983096</userorientation_row2>
        </userorientation>
      </transform>
      <snapped>false</snapped>
      <handles count="4">
        <weight channel="DeformAxisBack">0.791085</weight>
        <weight channel="DeformAxisFront">0.517529</weight>
        <weight channel="DeformAxisLeft">0.659010</weight>
        <weight channel="DeformAxisUp">0.805130</weight>
      </handles>
    </blockref>
  </blocks></sporemodel>