spore0005438f63474066620058000df2d816b417ffffffffffffffff0000000ebfdb7ee906KChangfffffffffffffffe09Criminsti0000000<?xml version="1.0" encoding="UTF-8"?><sporemodel>
  <properties>
    <modeltype>PlantLarge</modeltype>
    <skineffectseed1>4660</skineffectseed1>
    <skineffectseed2>1234</skineffectseed2>
    <skineffectseed3>1234</skineffectseed3>
    <skincolor1>0.282353,0.219608,0.0901959</skincolor1>
    <skincolor2>0.576469,0.549020,0.184312</skincolor2>
    <skincolor3>0.443135,0.266667,0.203922</skincolor3>
    <zcorpscore>6</zcorpscore>
  </properties>
  <blocks count="49">
    <blockref>
      <blockid>flora_parts~, fe_root_dummy</blockid>
      <transform>
        <scale>1</scale>
        <position>0.00229943,0.00122887,0.600000</position>
        <triangledirection>0,1,0</triangledirection>
        <trianglepickorigin>0,0,0</trianglepickorigin>
        <orientation>
          <row0>1,0,0</row0>
          <row1>0,1,0</row1>
          <row2>0,0,1</row2>
        </orientation>
      </transform>
      <snapped>false</snapped>
      <childlist count="7">
        <childid>13</childid>
        <childid>11</childid>
        <childid>9</childid>
        <childid>7</childid>
        <childid>5</childid>
        <childid>3</childid>
        <childid>1</childid>
      </childlist>
    </blockref>
    <blockref>
      <blockid>flora_parts~, FE_muscle_branch_04</blockid>
      <transform>
        <limbtype>0</limbtype>
        <musclescale>0.5</musclescale>
        <basemusclescale>2.149998</basemusclescale>
        <scale>1</scale>
        <position>0.00229943,0.00122887,0.600000</position>
        <triangledirection>0.0268859,0.0305509,0.999171</triangledirection>
        <trianglepickorigin>0,0,0</trianglepickorigin>
        <orientation>
          <row0>0.976802,-0.213226,-0.0197643</row0>
          <row1>0.0268859,0.0305509,0.999171</row1>
          <row2>-0.212446,-0.976525,0.0355750</row2>
        </orientation>
      </transform>
      <snapped>true</snapped>
      <childlist count="1">
        <childid>2</childid>
      </childlist>
      <handles count="1">
        <weight channel="longer">0.162245</weight>
      </handles>
    </blockref>
    <blockref>
      <blockid>Creature_parts~, ce_grasper_null</blockid>
      <transform>
        <basemusclescale>1.5</basemusclescale>
        <scale>3</scale>
        <position>-0.0313684,-0.0370281,-0.651212</position>
        <triangledirection>0,0,-1</triangledirection>
        <trianglepickorigin>0,0,0</trianglepickorigin>
        <orientation>
          <row0>1,0,0</row0>
          <row1>0,0,-1</row1>
          <row2>0,1,0</row2>
        </orientation>
      </transform>
      <snapped>true</snapped>
    </blockref>
    <blockref>
      <blockid>flora_parts~, fe_muscle_branch_01</blockid>
      <transform>
        <limbtype>0</limbtype>
        <musclescale>0.5</musclescale>
        <basemusclescale>2.149998</basemusclescale>
        <scale>1</scale>
        <position>0.00229943,0.00122887,0.600000</position>
        <triangledirection>0.145901,0.782367,0.605487</triangledirection>
        <trianglepickorigin>0,0,0</trianglepickorigin>
        <orientation>
          <row0>-0.519861,0.581354,-0.625916</row0>
          <row1>0.145901,0.782367,0.605487</row1>
          <row2>0.841699,0.223447,-0.491542</row2>
        </orientation>
      </transform>
      <snapped>true</snapped>
      <childlist count="1">
        <childid>4</childid>
      </childlist>
      <handles count="1">
        <weight channel="longer">0.188716</weight>
      </handles>
    </blockref>
    <blockref>
      <blockid>Creature_parts~, ce_grasper_null</blockid>
      <transform>
        <basemusclescale>0.800000</basemusclescale>
        <scale>1</scale>
        <position>-0.204642,-1.108466,-0.258811</position>
        <triangledirection>0,0,-1</triangledirection>
        <trianglepickorigin>0,0,0</trianglepickorigin>
        <orientation>
          <row0>1,0,0</row0>
          <row1>0,0,-1</row1>
          <row2>0,1,0</row2>
        </orientation>
      </transform>
      <snapped>true</snapped>
    </blockref>
    <blockref>
      <blockid>flora_parts~, fe_muscle_branch_01</blockid>
      <transform>
        <limbtype>0</limbtype>
        <musclescale>0.875</musclescale>
        <basemusclescale>2.149998</basemusclescale>
        <scale>1</scale>
        <position>0.00229943,0.00122887,0.600000</position>
        <triangledirection>-0.834134,0.295911,0.465464</triangledirection>
        <trianglepickorigin>0,0,0</trianglepickorigin>
        <orientation>
          <row0>-0.435327,0.164997,-0.885022</row0>
          <row1>-0.834134,0.295911,0.465464</row1>
          <row2>0.338688,0.940857,0.00881190</row2>
        </orientation>
      </transform>
      <snapped>true</snapped>
      <childlist count="2">
        <childid>25</childid>
        <childid>6</childid>
      </childlist>
      <handles count="1">
        <weight channel="longer">0.211769</weight>
      </handles>
    </blockref>
    <blockref>
      <blockid>Creature_parts~, ce_grasper_null</blockid>
      <transform>
        <basemusclescale>0.5</basemusclescale>
        <scale>1</scale>
        <position>1.306102,-0.461297,-0.127548</position>
        <triangledirection>0,0,-1</triangledirection>
        <trianglepickorigin>0,0,0</trianglepickorigin>
        <orientation>
          <row0>1,0,0</row0>
          <row1>0,0,-1</row1>
          <row2>0,1,0</row2>
        </orientation>
      </transform>
      <snapped>true</snapped>
    </blockref>
    <blockref>
      <blockid>flora_parts~, fe_muscle_branch_01</blockid>
      <transform>
        <limbtype>0</limbtype>
        <musclescale>0.650000</musclescale>
        <basemusclescale>2.149998</basemusclescale>
        <scale>1</scale>
        <position>0.00229943,0.00122887,0.600000</position>
        <triangledirection>0.162127,-0.766427,0.621532</triangledirection>
        <trianglepickorigin>0,0,0</trianglepickorigin>
        <orientation>
          <row0>0.902981,-0.138762,-0.406655</row0>
          <row1>0.162127,-0.766427,0.621532</row1>
          <row2>-0.397917,-0.627162,-0.669573</row2>
        </orientation>
      </transform>
      <snapped>true</snapped>
      <childlist count="1">
        <childid>8</childid>
      </childlist>
      <handles count="1">
        <weight channel="longer">0.162245</weight>
      </handles>
    </blockref>
    <blockref>
      <blockid>Creature_parts~, ce_grasper_null</blockid>
      <transform>
        <basemusclescale>0.550000</basemusclescale>
        <scale>1</scale>
        <position>-0.200725,0.960986,-0.178315</position>
        <triangledirection>0,0,-1</triangledirection>
        <trianglepickorigin>0,0,0</trianglepickorigin>
        <orientation>
          <row0>1,0,0</row0>
          <row1>0,0,-1</row1>
          <row2>0,1,0</row2>
        </orientation>
      </transform>
      <snapped>true</snapped>
    </blockref>
    <blockref>
      <blockid>flora_parts~, fe_muscle_branch_01</blockid>
      <transform>
        <limbtype>0</limbtype>
        <musclescale>0.675000</musclescale>
        <basemusclescale>2.149998</basemusclescale>
        <scale>1</scale>
        <position>0.00229943,0.00122887,0.600000</position>
        <triangledirection>-0.720638,-0.436850,0.538370</triangledirection>
        <trianglepickorigin>0,0,0</trianglepickorigin>
        <orientation>
          <row0>-0.00389909,-0.773954,-0.633229</row0>
          <row1>-0.720638,-0.436850,0.538370</row1>
          <row2>-0.693300,0.458428,-0.556037</row2>
        </orientation>
      </transform>
      <snapped>true</snapped>
      <childlist count="2">
        <childid>47</childid>
        <childid>10</childid>
      </childlist>
      <handles count="1">
        <weight channel="longer">0.210219</weight>
      </handles>
    </blockref>
    <blockref>
      <blockid>Creature_parts~, ce_grasper_null</blockid>
      <transform>
        <basemusclescale>0.699998</basemusclescale>
        <scale>1</scale>
        <position>1.121690,0.679803,-0.236269</position>
        <triangledirection>0,0,-1</triangledirection>
        <trianglepickorigin>0,0,0</trianglepickorigin>
        <orientation>
          <row0>1,0,0</row0>
          <row1>0,0,-1</row1>
          <row2>0,1,0</row2>
        </orientation>
      </transform>
      <snapped>true</snapped>
    </blockref>
    <blockref>
      <blockid>flora_parts~, fe_muscle_branch_01</blockid>
      <transform>
        <limbtype>0</limbtype>
        <musclescale>0.5</musclescale>
        <basemusclescale>2.149998</basemusclescale>
        <scale>1</scale>
        <position>0.00229943,0.00122887,0.600000</position>
        <triangledirection>0.784826,-0.240156,0.571290</triangledirection>
        <trianglepickorigin>0,0,0</trianglepickorigin>
        <orientation>
          <row0>-0.340728,0.602794,0.721485</row0>
          <row1>0.784826,-0.240156,0.571290</row1>
          <row2>0.517640,0.760896,-0.391261</row2>
        </orientation>
      </transform>
      <snapped>true</snapped>
      <childlist count="1">
        <childid>12</childid>
      </childlist>
      <handles count="1">
        <weight channel="longer">0.162245</weight>
      </handles>
    </blockref>
    <blockref>
      <blockid>Creature_parts~, ce_grasper_null</blockid>
      <transform>
        <basemusclescale>0.75</basemusclescale>
        <scale>1</scale>
        <position>-0.980498,0.301963,-0.115398</position>
        <triangledirection>-9.99998e-7,9.99998e-7,-1</triangledirection>
        <trianglepickorigin>0,0,0</trianglepickorigin>
        <orientation>
          <row0>1,10e-7,-9.99997e-7</row0>
          <row1>-9.99998e-7,9.99998e-7,-1</row1>
          <row2>-9.99998e-7,1,10e-7</row2>
        </orientation>
      </transform>
      <snapped>true</snapped>
    </blockref>
    <blockref>
      <blockid>flora_parts~, fe_muscle_branch_01</blockid>
      <transform>
        <limbtype>0</limbtype>
        <musclescale>0.875</musclescale>
        <basemusclescale>2.149998</basemusclescale>
        <scale>1</scale>
        <position>0.00229943,0.00122887,0.600000</position>
        <triangledirection>0.300391,-0.0942054,-0.949152</triangledirection>
        <trianglepickorigin>0,0,0</trianglepickorigin>
        <orientation>
          <row0>0.953574,0.00726520,0.301069</row0>
          <row1>0.300391,-0.0942054,-0.949152</row1>
          <row2>0.0214666,0.995526,-0.0920143</row2>
        </orientation>
      </transform>
      <snapped>true</snapped>
      <childlist count="2">
        <childid>24</childid>
        <childid>14</childid>
      </childlist>
      <handles count="1">
        <weight channel="longer">0.211769</weight>
      </handles>
    </blockref>
    <blockref>
      <blockid>flora_parts~, fe_muscle_branch_01</blockid>
      <transform>
        <limbtype>0</limbtype>
        <musclescale>1</musclescale>
        <basemusclescale>2.049998</basemusclescale>
        <scale>1</scale>
        <position>-0.467231,0.148477,2.083584</position>
        <triangledirection>-0.370771,0.206701,-0.905429</triangledirection>
        <trianglepickorigin>0,0,0</trianglepickorigin>
        <orientation>
          <row0>0.921245,0.205332,-0.330372</row0>
          <row1>-0.370771,0.206701,-0.905429</row1>
          <row2>-0.117626,0.956615,0.266553</row2>
        </orientation>
      </transform>
      <snapped>true</snapped>
      <childlist count="5">
        <childid>48</childid>
        <childid>46</childid>
        <childid>26</childid>
        <childid>18</childid>
        <childid>15</childid>
      </childlist>
      <handles count="1">
        <weight channel="longer">0.283385</weight>
      </handles>
    </blockref>
    <blockref>
      <blockid>flora_parts~, fe_muscle_branch_01</blockid>
      <transform>
        <limbtype>0</limbtype>
        <musclescale>1</musclescale>
        <basemusclescale>1.5</basemusclescale>
        <scale>1</scale>
        <position>0.278957,-0.267513,3.905791</position>
        <triangledirection>-0.0913457,0.653118,-0.751725</triangledirection>
        <trianglepickorigin>0,0,0</trianglepickorigin>
        <orientation>
          <row0>0.991624,0.128873,-0.00852806</row0>
          <row1>-0.0913457,0.653118,-0.751725</row1>
          <row2>-0.0913078,0.746208,0.659420</row2>
        </orientation>
      </transform>
      <snapped>true</snapped>
      <childlist count="2">
        <childid>21</childid>
        <childid>16</childid>
      </childlist>
      <handles count="1">
        <weight channel="longer">0.315713</weight>
      </handles>
    </blockref>
    <blockref>
      <blockid>Creature_parts~, ce_grasper_null</blockid>
      <transform>
        <basemusclescale>2</basemusclescale>
        <scale>1</scale>
        <position>0.481325,-1.714447,5.571180</position>
        <triangledirection>-0.0786571,0.687569,0.721845</triangledirection>
        <trianglepickorigin>0,0,0</trianglepickorigin>
        <orientation>
          <row0>0.581224,-0.556656,0.593558</row0>
          <row1>-0.0786571,0.687569,0.721845</row1>
          <row2>-0.809932,-0.466241,0.355847</row2>
        </orientation>
      </transform>
      <snapped>true</snapped>
    </blockref>
    <blockref>
      <blockid>flora_parts~, fe_muscle_branch_01</blockid>
      <transform>
        <limbtype>0</limbtype>
        <musclescale>1</musclescale>
        <basemusclescale>1.549998</basemusclescale>
        <scale>1</scale>
        <position>-0.375955,0.966346,4.945302</position>
        <triangledirection>0.656440,0.221920,-0.720997</triangledirection>
        <trianglepickorigin>0,0,0</trianglepickorigin>
        <orientation>
          <row0>0.695446,-0.548352,0.464396</row0>
          <row1>0.656440,0.221920,-0.720997</row1>
          <row2>0.292302,0.806263,0.514294</row2>
        </orientation>
      </transform>
      <snapped>true</snapped>
      <childlist count="2">
        <childid>28</childid>
        <childid>23</childid>
      </childlist>
      <handles count="1">
        <weight channel="longer">0.237612</weight>
      </handles>
    </blockref>
    <blockref>
      <blockid>flora_parts~, fe_muscle_branch_01</blockid>
      <transform>
        <limbtype>0</limbtype>
        <musclescale>1</musclescale>
        <basemusclescale>1.5</basemusclescale>
        <scale>1</scale>
        <position>0.278957,-0.267513,3.905791</position>
        <triangledirection>0.376119,-0.708611,-0.596995</triangledirection>
        <trianglepickorigin>0,0,0</trianglepickorigin>
        <orientation>
          <row0>0.874768,0.0591450,0.480918</row0>
          <row1>0.376119,-0.708611,-0.596995</row1>
          <row2>0.305475,0.703115,-0.642116</row2>
        </orientation>
      </transform>
      <snapped>true</snapped>
      <childlist count="2">
        <childid>19</childid>
        <childid>17</childid>
      </childlist>
      <handles count="1">
        <weight channel="longer">0.240159</weight>
      </handles>
    </blockref>
    <blockref>
      <blockid>flora_parts~, fe_muscle_branch_01</blockid>
      <transform>
        <limbtype>0</limbtype>
        <musclescale>1</musclescale>
        <basemusclescale>1.549998</basemusclescale>
        <scale>1</scale>
        <position>-0.375955,0.966346,4.945302</position>
        <triangledirection>-0.393446,-0.231421,-0.889743</triangledirection>
        <trianglepickorigin>0,0,0</trianglepickorigin>
        <orientation>
          <row0>0.653365,-0.751244,-0.0935215</row0>
          <row1>-0.393446,-0.231421,-0.889743</row1>
          <row2>0.646772,0.618123,-0.446776</row2>
        </orientation>
      </transform>
      <snapped>true</snapped>
      <childlist count="2">
        <childid>22</childid>
        <childid>20</childid>
      </childlist>
      <handles count="1">
        <weight channel="longer">0.222033</weight>
      </handles>
    </blockref>
    <blockref>
      <blockid>Creature_parts~, ce_grasper_null</blockid>
      <transform>
        <basemusclescale>1.699998</basemusclescale>
        <scale>1</scale>
        <position>0.264373,1.342983,6.393352</position>
        <triangledirection>-0.246028,0.931703,-0.267206</triangledirection>
        <trianglepickorigin>0,0,0</trianglepickorigin>
        <orientation>
          <row0>-0.870809,-0.0914141,0.483046</row0>
          <row1>-0.246028,0.931703,-0.267206</row1>
          <row2>-0.425629,-0.351528,-0.833826</row2>
        </orientation>
      </transform>
      <snapped>true</snapped>
    </blockref>
    <blockref>
      <blockid>flora_parts~, FE_leaf_16</blockid>
      <transform>
        <scale>2,651156</scale>
        <position>0.585869,-1.932476,5.764126</position>
        <triangledirection>-0.214754,0.496827,-0.840857</triangledirection>
        <trianglepickorigin>0,0,0</trianglepickorigin>
        <orientation>
          <row0>0.904791,0.425855,-6.10947e-7</row0>
          <row1>-0.329808,0.700724,-0.632622</row1>
          <row2>-0.269405,0.572391,0.774460</row2>
        </orientation>
        <userorientation>
          <userorientation_row0>0.995568,0.0122160,0.0932426</userorientation_row0>
          <userorientation_row1>0.0172696,0.950913,-0.308975</userorientation_row1>
          <userorientation_row2>-0.0924400,0.309217,0.946488</userorientation_row2>
        </userorientation>
      </transform>
      <snapped>false</snapped>
      <childlist count="4">
        <childid>37</childid>
        <childid>35</childid>
        <childid>30</childid>
        <childid>29</childid>
      </childlist>
      <handles count="3">
        <weight channel="DeformAxisLeft">0.857733</weight>
        <weight channel="DeformAxisForward">1</weight>
        <weight channel="DeformAxisUp">0.412137</weight>
      </handles>
    </blockref>
    <blockref>
      <blockid>flora_parts~, FE_leaf_16</blockid>
      <transform>
        <scale>3,024825</scale>
        <position>0.359120,1.373316,6.599205</position>
        <triangledirection>-0.441855,-0.168680,-0.881084</triangledirection>
        <trianglepickorigin>0,0,0</trianglepickorigin>
        <orientation>
          <row0>-0.311807,0.950145,1.63912e-7</row0>
          <row1>-0.423107,-0.138850,-0.895377</row1>
          <row2>-0.850738,-0.279185,0.445307</row2>
        </orientation>
        <userorientation>
          <userorientation_row0>0.974932,0.0151420,0.221982</userorientation_row0>
          <userorientation_row1>-0.0224971,0.999276,0.0306426</userorientation_row1>
          <userorientation_row2>-0.221358,-0.0348684,0.974569</userorientation_row2>
        </userorientation>
      </transform>
      <snapped>false</snapped>
      <childlist count="3">
        <childid>36</childid>
        <childid>32</childid>
        <childid>31</childid>
      </childlist>
      <handles count="3">
        <weight channel="DeformAxisLeft">0.828195</weight>
        <weight channel="DeformAxisForward">0.732918</weight>
        <weight channel="DeformAxisUp">0.365141</weight>
      </handles>
    </blockref>
    <blockref>
      <blockid>flora_parts~, FE_leaf_16</blockid>
      <transform>
        <scale>2,546236</scale>
        <position>-1.625928,0.436034,6.454266</position>
        <triangledirection>0.227805,0.288985,-0.929833</triangledirection>
        <trianglepickorigin>0,0,0</trianglepickorigin>
        <orientation>
          <row0>0.763484,-0.645794,-0.00633141</row0>
          <row1>0.370851,0.446419,-0.814357</row1>
          <row2>0.528734,0.619401,0.580328</row2>
        </orientation>
        <userorientation>
          <userorientation_row0>0.692789,-0.168608,-0.701151</userorientation_row0>
          <userorientation_row1>-0.00681235,0.970708,-0.240162</userorientation_row1>
          <userorientation_row2>0.721106,0.171158,0.671347</userorientation_row2>
        </userorientation>
      </transform>
      <snapped>false</snapped>
      <childlist count="3">
        <childid>38</childid>
        <childid>34</childid>
        <childid>33</childid>
      </childlist>
      <handles count="3">
        <weight channel="DeformAxisLeft">0.828195</weight>
        <weight channel="DeformAxisForward">1</weight>
        <weight channel="DeformAxisUp">0.418142</weight>
      </handles>
    </blockref>
    <blockref>
      <blockid>flora_parts~, fe_detail_03</blockid>
      <transform>
        <scale>1</scale>
        <position>-0.658584,-0.234638,1.580123</position>
        <triangledirection>0.553861,0.825326,-0.109878</triangledirection>
        <trianglepickorigin>0,0,0</trianglepickorigin>
        <orientation>
          <row0>0.777358,-0.559857,-0.286833</row0>
          <row1>0.553861,0.825326,-0.109878</row1>
          <row2>0.298247,-0.0734511,0.951658</row2>
        </orientation>
        <userorientation>
          <userorientation_row0>-0.974017,0,-0.226474</userorientation_row0>
          <userorientation_row1>0,1,0</userorientation_row1>
          <userorientation_row2>0.226474,0,-0.974017</userorientation_row2>
        </userorientation>
      </transform>
      <snapped>false</snapped>
      <handles count="3">
        <weight channel="DeformAxisUp">1</weight>
        <weight channel="DeformAxisForward">0.37,8457</weight>
        <weight channel="DeformAxisLeft">0.53,9864</weight>
      </handles>
    </blockref>
    <blockref>
      <blockid>flora_parts~, fe_detail_03</blockid>
      <transform>
        <scale>1,077880</scale>
        <position>0.238735,-0.289851,0.847722</position>
        <triangledirection>-0.314276,0.632970,-0.707516</triangledirection>
        <trianglepickorigin>0,0,0</trianglepickorigin>
        <orientation>
          <row0>0.895674,0.444711,-3.12924e-7</row0>
          <row1>-0.314276,0.632970,-0.707516</row1>
          <row2>-0.314640,0.633704,0.706697</row2>
        </orientation>
      </transform>
      <snapped>false</snapped>
      <handles count="3">
        <weight channel="DeformAxisUp">1</weight>
        <weight channel="DeformAxisForward">0.39,5599</weight>
        <weight channel="DeformAxisLeft">0.45,8345</weight>
      </handles>
    </blockref>
    <blockref>
      <blockid>flora_parts~, fe_detail_03</blockid>
      <transform>
        <scale>0,860706</scale>
        <position>-0.122971,-0.255348,2.489945</position>
        <triangledirection>-0.203977,0.947227,0.247291</triangledirection>
        <trianglepickorigin>0,0,0</trianglepickorigin>
        <orientation>
          <row0>0.900980,0.0828345,0.425879</row0>
          <row1>-0.203977,0.947227,0.247291</row1>
          <row2>-0.382920,-0.309674,0.870329</row2>
        </orientation>
        <userorientation>
          <userorientation_row0>-0.974017,0,-0.226474</userorientation_row0>
          <userorientation_row1>0,1,0</userorientation_row1>
          <userorientation_row2>0.226474,0,-0.974017</userorientation_row2>
        </userorientation>
      </transform>
      <snapped>false</snapped>
      <handles count="3">
        <weight channel="DeformAxisUp">1</weight>
        <weight channel="DeformAxisForward">0.37,8457</weight>
        <weight channel="DeformAxisLeft">0.53,9864</weight>
      </handles>
    </blockref>
    <blockref>
      <blockid>flora_parts~, fe_cap_06a</blockid>
      <transform>
        <scale>0,687287</scale>
        <position>2.660304,4.986472,6.577932</position>
        <triangledirection>-0.460614,0.249823,0.851716</triangledirection>
        <trianglepickorigin>0,0,0</trianglepickorigin>
        <orientation>
          <row0>0.240034,0.970764,4.54485e-7</row0>
          <row1>-0.418345,0.103441,0.902378</row1>
          <row2>0.875996,-0.216602,0.430944</row2>
        </orientation>
        <userorientation>
          <userorientation_row0>0.943029,-0.0968615,0.318295</userorientation_row0>
          <userorientation_row1>0.131956,0.987109,-0.0905668</userorientation_row1>
          <userorientation_row2>-0.305421,0.127409,0.943655</userorientation_row2>
        </userorientation>
      </transform>
      <snapped>false</snapped>
    </blockref>
    <blockref>
      <blockid>Creature_parts~, ce_grasper_null</blockid>
      <transform>
        <basemusclescale>2</basemusclescale>
        <scale>1</scale>
        <position>-1.508487,0.583474,6.189214</position>
        <triangledirection>0.464447,0.487236,-0.739519</triangledirection>
        <trianglepickorigin>0,0,0</trianglepickorigin>
        <orientation>
          <row0>0.885596,-0.257951,0.386236</row0>
          <row1>0.464447,0.487236,-0.739519</row1>
          <row2>0.00257191,0.834302,0.551300</row2>
        </orientation>
      </transform>
      <snapped>true</snapped>
    </blockref>
    <blockref>
      <blockid>flora_parts~, FE_leaf_20</blockid>
      <transform>
        <scale>6,049651</scale>
        <position>0.428773,-3.957380,8.359429</position>
        <triangledirection>0.872128,0.454110,0.182141</triangledirection>
        <trianglepickorigin>0,0,0</trianglepickorigin>
        <orientation>
          <row0>0.269502,-0.962999,3.12924e-7</row0>
          <row1>0.951947,0.266409,-0.151071</row1>
          <row2>0.145481,0.0407142,0.988523</row2>
        </orientation>
        <userorientation>
          <userorientation_row0>0.962563,0.248732,-0.107717</userorientation_row0>
          <userorientation_row1>-0.202268,0.923682,0.325418</userorientation_row1>
          <userorientation_row2>0.180439,-0.291446,0.939414</userorientation_row2>
        </userorientation>
      </transform>
      <snapped>false</snapped>
      <childlist count="1">
        <childid>43</childid>
      </childlist>
      <handles count="4">
        <weight channel="DeformAxisBack">0.585618</weight>
        <weight channel="DeformAxisFront">0.590296</weight>
        <weight channel="DeformAxisLeft">0.500829</weight>
        <weight channel="DeformAxisUp">0.849410</weight>
      </handles>
    </blockref>
    <blockref>
      <blockid>flora_parts~, FE_leaf_20</blockid>
      <transform>
        <scale>6,049652</scale>
        <position>1.936699,-3.336531,7.633259</position>
        <triangledirection>-0.862801,0.0108620,0.505424</triangledirection>
        <trianglepickorigin>0,0,0</trianglepickorigin>
        <orientation>
          <row0>0.342223,0.939618,-5.06639e-7</row0>
          <row1>-0.771427,0.280966,0.570926</row1>
          <row2>0.536453,-0.195384,0.821001</row2>
        </orientation>
        <userorientation>
          <userorientation_row0>0.958120,0.283077,-0.0432861</userorientation_row0>
          <userorientation_row1>-0.285064,0.957201,-0.0500206</userorientation_row1>
          <userorientation_row2>0.0272737,0.0602651,0.997808</userorientation_row2>
        </userorientation>
      </transform>
      <snapped>false</snapped>
      <handles count="4">
        <weight channel="DeformAxisBack">0.585618</weight>
        <weight channel="DeformAxisFront">0.603204</weight>
        <weight channel="DeformAxisLeft">0.500829</weight>
        <weight channel="DeformAxisUp">0.846460</weight>
      </handles>
    </blockref>
    <blockref>
      <blockid>flora_parts~, FE_leaf_20</blockid>
      <transform>
        <scale>6,520824</scale>
        <position>2.187980,1.923467,8.293585</position>
        <triangledirection>-0.930850,0.292248,0.219330</triangledirection>
        <trianglepickorigin>0,0,0</trianglepickorigin>
        <orientation>
          <row0>-0.607192,0.794555,2.23517e-7</row0>
          <row1>-0.641954,-0.490576,0.589262</row1>
          <row2>0.468201,0.357795,0.807941</row2>
        </orientation>
        <userorientation>
          <userorientation_row0>0.596874,-0.725077,0.343511</userorientation_row0>
          <userorientation_row1>0.797412,0.583436,-0.154053</userorientation_row1>
          <userorientation_row2>-0.0887155,0.365871,0.926427</userorientation_row2>
        </userorientation>
      </transform>
      <snapped>false</snapped>
      <childlist count="1">
        <childid>39</childid>
      </childlist>
      <handles count="4">
        <weight channel="DeformAxisBack">0.585618</weight>
        <weight channel="DeformAxisFront">0.603204</weight>
        <weight channel="DeformAxisLeft">0.500829</weight>
        <weight channel="DeformAxisUp">0.802044</weight>
      </handles>
    </blockref>
    <blockref>
      <blockid>flora_parts~, FE_leaf_20</blockid>
      <transform>
        <scale>5,612526</scale>
        <position>1.158014,2.749000,9.832488</position>
        <triangledirection>0.659771,-0.729038,0.182214</triangledirection>
        <trianglepickorigin>0,0,0</trianglepickorigin>
        <orientation>
          <row0>-0.616680,-0.787213,1.11758e-7</row0>
          <row1>0.761553,-0.596578,-0.253240</row1>
          <row2>0.199354,-0.156168,0.967403</row2>
        </orientation>
        <userorientation>
          <userorientation_row0>0.985551,-0.163092,-0.0457101</userorientation_row0>
          <userorientation_row1>0.167040,0.891235,0.421656</userorientation_row1>
          <userorientation_row2>-0.0280304,-0.423200,0.905602</userorientation_row2>
        </userorientation>
      </transform>
      <snapped>false</snapped>
      <childlist count="1">
        <childid>40</childid>
      </childlist>
      <handles count="4">
        <weight channel="DeformAxisBack">0.585618</weight>
        <weight channel="DeformAxisFront">0.753506</weight>
        <weight channel="DeformAxisLeft">0.500829</weight>
        <weight channel="DeformAxisUp">0.829300</weight>
      </handles>
    </blockref>
    <blockref>
      <blockid>flora_parts~, FE_leaf_20</blockid>
      <transform>
        <scale>5,612524</scale>
        <position>-2.130597,0.563040,8.254079</position>
        <triangledirection>0.481887,-0.698877,0.528538</triangledirection>
        <trianglepickorigin>0,0,0</trianglepickorigin>
        <orientation>
          <row0>-0.939948,-0.341317,-1.11758e-8</row0>
          <row1>0.340990,-0.939047,-0.0437760</row1>
          <row2>0.0149414,-0.0411471,0.999041</row2>
        </orientation>
        <userorientation>
          <userorientation_row0>0.968576,0.248107,0.0174057</userorientation_row0>
          <userorientation_row1>-0.214410,0.797459,0.563988</userorientation_row1>
          <userorientation_row2>0.126048,-0.549997,0.825598</userorientation_row2>
        </userorientation>
      </transform>
      <snapped>false</snapped>
      <childlist count="1">
        <childid>41</childid>
      </childlist>
      <handles count="4">
        <weight channel="DeformAxisBack">0.585618</weight>
        <weight channel="DeformAxisFront">0.603204</weight>
        <weight channel="DeformAxisLeft">0.500829</weight>
        <weight channel="DeformAxisUp">0.866772</weight>
      </handles>
    </blockref>
    <blockref>
      <blockid>flora_parts~, FE_leaf_20</blockid>
      <transform>
        <scale>5,612524</scale>
        <position>-2.790009,-0.596084,8.333018</position>
        <triangledirection>0.611460,0.390126,0.688414</triangledirection>
        <trianglepickorigin>0,0,0</trianglepickorigin>
        <orientation>
          <row0>0.563569,-0.826068,1.04308e-7</row0>
          <row1>0.704658,0.480739,0.521868</row1>
          <row2>-0.431099,-0.294108,0.853026</row2>
        </orientation>
        <userorientation>
          <userorientation_row0>0.974725,-0.0677476,0.212886</userorientation_row0>
          <userorientation_row1>0.0223287,0.977681,0.208896</userorientation_row1>
          <userorientation_row2>-0.222287,-0.198862,0.954485</userorientation_row2>
        </userorientation>
      </transform>
      <snapped>false</snapped>
      <handles count="4">
        <weight channel="DeformAxisBack">0.585618</weight>
        <weight channel="DeformAxisFront">0.597056</weight>
        <weight channel="DeformAxisLeft">0.500829</weight>
        <weight channel="DeformAxisUp">0.849410</weight>
      </handles>
    </blockref>
    <blockref>
      <blockid>flora_parts~, FE_leaf_20</blockid>
      <transform>
        <scale>5,612524</scale>
        <position>1.340327,-5.080178,9.701747</position>
        <triangledirection>-0.181528,0.876490,0.445883</triangledirection>
        <trianglepickorigin>0,0,0</trianglepickorigin>
        <orientation>
          <row0>0.976158,-0.217059,2.45869e-7</row0>
          <row1>0.206760,0.929842,0.304374</row1>
          <row2>-0.0660673,-0.297117,0.952552</row2>
        </orientation>
        <userorientation>
          <userorientation_row0>0.886123,0.401313,-0.231801</userorientation_row0>
          <userorientation_row1>-0.367450,0.913180,0.176300</userorientation_row1>
          <userorientation_row2>0.282427,-0.0710482,0.956652</userorientation_row2>
        </userorientation>
      </transform>
      <snapped>false</snapped>
      <childlist count="1">
        <childid>45</childid>
      </childlist>
      <handles count="4">
        <weight channel="DeformAxisBack">0.585618</weight>
        <weight channel="DeformAxisFront">0.506260</weight>
        <weight channel="DeformAxisLeft">0.500829</weight>
        <weight channel="DeformAxisUp">0.849410</weight>
      </handles>
    </blockref>
    <blockref>
      <blockid>flora_parts~, FE_leaf_20</blockid>
      <transform>
        <scale>5,206983</scale>
        <position>1.495160,2.307266,7.953208</position>
        <triangledirection>-0.271235,-0.729472,0.627932</triangledirection>
        <trianglepickorigin>0,0,0</trianglepickorigin>
        <orientation>
          <row0>-0.940502,0.339788,1.93715e-7</row0>
          <row1>-0.292234,-0.808877,0.510212</row1>
          <row2>0.173364,0.479855,0.860048</row2>
        </orientation>
        <userorientation>
          <userorientation_row0>0.992769,-0.0242398,0.117567</userorientation_row0>
          <userorientation_row1>0.00723165,0.989696,0.142988</userorientation_row1>
          <userorientation_row2>-0.119821,-0.141103,0.982716</userorientation_row2>
        </userorientation>
      </transform>
      <snapped>false</snapped>
      <childlist count="1">
        <childid>27</childid>
      </childlist>
      <handles count="4">
        <weight channel="DeformAxisBack">0.585618</weight>
        <weight channel="DeformAxisFront">0.603204</weight>
        <weight channel="DeformAxisLeft">0.500829</weight>
        <weight channel="DeformAxisUp">0.866772</weight>
      </handles>
    </blockref>
    <blockref>
      <blockid>flora_parts~, FE_leaf_20</blockid>
      <transform>
        <scale>5,612526</scale>
        <position>0.947361,-4.287458,8.001078</position>
        <triangledirection>0.379789,0.734041,0.562976</triangledirection>
        <trianglepickorigin>0,0,0</trianglepickorigin>
        <orientation>
          <row0>0.958022,-0.286694,-6.25848e-7</row0>
          <row1>0.224725,0.750943,0.620952</row1>
          <row2>-0.178023,-0.594886,0.783848</row2>
        </orientation>
        <userorientation>
          <userorientation_row0>0.978346,-0.142603,0.150006</userorientation_row0>
          <userorientation_row1>0.153401,0.986154,-0.0629942</userorientation_row1>
          <userorientation_row2>-0.138944,0.0846413,0.986675</userorientation_row2>
        </userorientation>
      </transform>
      <snapped>false</snapped>
      <childlist count="1">
        <childid>44</childid>
      </childlist>
      <handles count="4">
        <weight channel="DeformAxisBack">0.585618</weight>
        <weight channel="DeformAxisFront">0.603204</weight>
        <weight channel="DeformAxisLeft">0.500829</weight>
        <weight channel="DeformAxisUp">0.802044</weight>
      </handles>
    </blockref>
    <blockref>
      <blockid>flora_parts~, FE_leaf_20</blockid>
      <transform>
        <scale>6,049652</scale>
        <position>-3.432943,-1.008792,10.266949</position>
        <triangledirection>0.934604,-0.341023,0.101076</triangledirection>
        <trianglepickorigin>0,0,0</trianglepickorigin>
        <orientation>
          <row0>-0.0291235,-0.999575,-2.84053e-8</row0>
          <row1>0.980689,-0.0285733,0.193474</row1>
          <row2>-0.193391,0.00563462,0.981105</row2>
        </orientation>
        <userorientation>
          <userorientation_row0>0.947786,-0.317202,-0.0328768</userorientation_row0>
          <userorientation_row1>0.313659,0.945856,-0.0834994</userorientation_row1>
          <userorientation_row2>0.0575831,0.0688275,0.995965</userorientation_row2>
        </userorientation>
      </transform>
      <snapped>false</snapped>
      <childlist count="1">
        <childid>42</childid>
      </childlist>
      <handles count="4">
        <weight channel="DeformAxisBack">0.585618</weight>
        <weight channel="DeformAxisFront">0.485098</weight>
        <weight channel="DeformAxisLeft">0.500829</weight>
        <weight channel="DeformAxisUp">0.829300</weight>
      </handles>
    </blockref>
    <blockref>
      <blockid>flora_parts~, fe_cap_06a</blockid>
      <transform>
        <scale>0,687287</scale>
        <position>6.146564,0.641680,8.060907</position>
        <triangledirection>0.0200040,0.351421,0.936002</triangledirection>
        <trianglepickorigin>0,0,0</trianglepickorigin>
        <orientation>
          <row0>0.995952,0.0898797,-4.09781e-8</row0>
          <row1>-0.0530590,0.587944,0.807159</row1>
          <row2>0.0725473,-0.803892,0.590333</row2>
        </orientation>
        <userorientation>
          <userorientation_row0>0.936141,-0.141151,0.322047</userorientation_row0>
          <userorientation_row1>0.0515086,0.961058,0.271499</userorientation_row1>
          <userorientation_row2>-0.347829,-0.237573,0.906957</userorientation_row2>
        </userorientation>
      </transform>
      <snapped>false</snapped>
    </blockref>
    <blockref>
      <blockid>flora_parts~, fe_cap_06a</blockid>
      <transform>
        <scale>0,687287</scale>
        <position>-1.755822,6.082458,9.891998</position>
        <triangledirection>-0.216979,-0.589845,0.777818</triangledirection>
        <trianglepickorigin>0,0,0</trianglepickorigin>
        <orientation>
          <row0>-0.990081,0.140494,-4.84287e-7</row0>
          <row1>-0.0766560,-0.540202,0.838036</row1>
          <row2>0.117739,0.829724,0.545614</row2>
        </orientation>
        <userorientation>
          <userorientation_row0>0.943029,-0.0968615,0.318295</userorientation_row0>
          <userorientation_row1>0.131956,0.987109,-0.0905668</userorientation_row1>
          <userorientation_row2>-0.305421,0.127409,0.943655</userorientation_row2>
        </userorientation>
      </transform>
      <snapped>false</snapped>
    </blockref>
    <blockref>
      <blockid>flora_parts~, fe_cap_06a</blockid>
      <transform>
        <scale>0,687287</scale>
        <position>-4.171998,3.575336,7.268558</position>
        <triangledirection>0.624643,-0.355976,0.695054</triangledirection>
        <trianglepickorigin>0,0,0</trianglepickorigin>
        <orientation>
          <row0>-0.327255,-0.944936,1.93715e-7</row0>
          <row1>0.610363,-0.211384,0.763395</row1>
          <row2>-0.721360,0.249825,0.645931</row2>
        </orientation>
        <userorientation>
          <userorientation_row0>0.943029,-0.0968615,0.318295</userorientation_row0>
          <userorientation_row1>0.131956,0.987109,-0.0905668</userorientation_row1>
          <userorientation_row2>-0.305421,0.127409,0.943655</userorientation_row2>
        </userorientation>
      </transform>
      <snapped>false</snapped>
    </blockref>
    <blockref>
      <blockid>flora_parts~, fe_cap_06a</blockid>
      <transform>
        <scale>0,687287</scale>
        <position>-6.660882,-0.00399743,10.751078</position>
        <triangledirection>0.597665,-0.0615280,0.799380</triangledirection>
        <trianglepickorigin>0,0,0</trianglepickorigin>
        <orientation>
          <row0>0.118565,-0.992946,3.94880e-7</row0>
          <row1>0.511537,0.0610820,0.857087</row1>
          <row2>-0.851041,-0.101621,0.515171</row2>
        </orientation>
        <userorientation>
          <userorientation_row0>0.943029,-0.0968615,0.318295</userorientation_row0>
