spore0005438f634740666200a299a0b6d816b417ffffffffffffffff0000000ebfdb7ebd06KChangfffffffffffffffe07Trofeet0000000<?xml version="1.0" encoding="UTF-8"?><sporemodel>
  <properties>
    <modeltype>PlantMedium</modeltype>
    <skineffectseed1>1234</skineffectseed1>
    <skineffectseed2>1234</skineffectseed2>
    <skineffectseed3>1234</skineffectseed3>
    <skincolor1>0.282353,0.200000,0.168626</skincolor1>
    <skincolor2>0.274510,0.443136,0.262744</skincolor2>
    <skincolor3>0.576470,0.450979,0.184313</skincolor3>
    <zcorpscore>24</zcorpscore>
  </properties>
  <blocks count="49">
    <blockref>
      <blockid>flora_parts~, fe_root_dummy</blockid>
      <transform>
        <scale>1</scale>
        <position>0,0,0.600000</position>
        <triangledirection>0,1,0</triangledirection>
        <trianglepickorigin>0,0,0</trianglepickorigin>
        <orientation>
          <row0>1,0,0</row0>
          <row1>0,1,0</row1>
          <row2>0,0,1</row2>
        </orientation>
      </transform>
      <snapped>false</snapped>
      <childlist count="7">
        <childid>26</childid>
        <childid>10</childid>
        <childid>7</childid>
        <childid>5</childid>
        <childid>4</childid>
        <childid>2</childid>
        <childid>1</childid>
      </childlist>
    </blockref>
    <blockref>
      <blockid>flora_parts~, fe_muscle_branch_01</blockid>
      <transform>
        <limbtype>0</limbtype>
        <musclescale>0.5</musclescale>
        <basemusclescale>2.049999</basemusclescale>
        <scale>1</scale>
        <position>0,0,0.600000</position>
        <triangledirection>-0.787429,-0.609512,0.0919149</triangledirection>
        <trianglepickorigin>0,0,0</trianglepickorigin>
        <orientation>
          <row0>-0.00968544,0.161330,0.986852</row0>
          <row1>-0.787429,-0.609512,0.0919149</row1>
          <row2>0.616328,-0.776187,0.132940</row2>
        </orientation>
      </transform>
      <snapped>true</snapped>
      <childlist count="1">
        <childid>19</childid>
      </childlist>
      <handles count="1">
        <weight channel="longer">0.162245</weight>
      </handles>
    </blockref>
    <blockref>
      <blockid>flora_parts~, FE_muscle_branch_04</blockid>
      <transform>
        <limbtype>0</limbtype>
        <musclescale>1</musclescale>
        <basemusclescale>2.049999</basemusclescale>
        <scale>1</scale>
        <position>0,0,0.600000</position>
        <triangledirection>0.282383,-0.872082,0.399663</triangledirection>
        <trianglepickorigin>0,0,0</trianglepickorigin>
        <orientation>
          <row0>0.765134,0.456052,0.454517</row0>
          <row1>0.282383,-0.872082,0.399663</row1>
          <row2>0.578644,-0.177448,-0.796042</row2>
        </orientation>
      </transform>
      <snapped>true</snapped>
      <childlist count="1">
        <childid>3</childid>
      </childlist>
      <handles count="1">
        <weight channel="longer">0.258019</weight>
      </handles>
    </blockref>
    <blockref>
      <blockid>Creature_parts~, ce_grasper_null</blockid>
      <transform>
        <basemusclescale>0.600000</basemusclescale>
        <scale>1</scale>
        <position>-0.523352,1.616263,-0.140710</position>
        <triangledirection>-0.249491,-0.348942,-0.903323</triangledirection>
        <trianglepickorigin>0,0,0</trianglepickorigin>
        <orientation>
          <row0>0.967830,-0.0585125,-0.244704</row0>
          <row1>-0.249491,-0.348942,-0.903323</row1>
          <row2>-0.0325321,0.935315,-0.352315</row2>
        </orientation>
      </transform>
      <snapped>true</snapped>
    </blockref>
    <blockref>
      <blockid>flora_parts~, FE_muscle_branch_04</blockid>
      <transform>
        <limbtype>0</limbtype>
        <musclescale>0.5</musclescale>
        <basemusclescale>2.049999</basemusclescale>
        <scale>1</scale>
        <position>0,0,0.600000</position>
        <triangledirection>0.467000,0.873509,0.137442</triangledirection>
        <trianglepickorigin>0,0,0</trianglepickorigin>
        <orientation>
          <row0>0.584097,-0.188032,-0.789603</row0>
          <row1>0.467000,0.873509,0.137442</row1>
          <row2>0.663883,-0.449025,0.598026</row2>
        </orientation>
      </transform>
      <snapped>true</snapped>
      <childlist count="1">
        <childid>18</childid>
      </childlist>
      <handles count="1">
        <weight channel="longer">0.162245</weight>
      </handles>
    </blockref>
    <blockref>
      <blockid>flora_parts~, FE_muscle_branch_04</blockid>
      <transform>
        <limbtype>0</limbtype>
        <musclescale>0.474999</musclescale>
        <basemusclescale>2.049999</basemusclescale>
        <scale>1</scale>
        <position>0,0,0.600000</position>
        <triangledirection>-0.805141,0.336324,0.488501</triangledirection>
        <trianglepickorigin>0,0,0</trianglepickorigin>
        <orientation>
          <row0>-0.256282,0.545499,-0.797966</row0>
          <row1>-0.805141,0.336324,0.488501</row1>
          <row2>0.534852,0.767669,0.353009</row2>
        </orientation>
      </transform>
      <snapped>true</snapped>
      <childlist count="1">
        <childid>6</childid>
      </childlist>
      <handles count="1">
        <weight channel="longer">0.219175</weight>
      </handles>
    </blockref>
    <blockref>
      <blockid>Creature_parts~, ce_grasper_null</blockid>
      <transform>
        <basemusclescale>0.699999</basemusclescale>
        <scale>1</scale>
        <position>1.295909,-0.541328,-0.186264</position>
        <triangledirection>0.315340,0.119225,-0.941459</triangledirection>
        <trianglepickorigin>0,0,0</trianglepickorigin>
        <orientation>
          <row0>0.948534,-0.0699275,0.308855</row0>
          <row1>0.315340,0.119225,-0.941459</row1>
          <row2>0.0290104,0.990401,0.135140</row2>
        </orientation>
      </transform>
      <snapped>true</snapped>
    </blockref>
    <blockref>
      <blockid>flora_parts~, FE_muscle_branch_04</blockid>
      <transform>
        <limbtype>0</limbtype>
        <musclescale>0.625</musclescale>
        <basemusclescale>2.049999</basemusclescale>
        <scale>1</scale>
        <position>0,0,0.600000</position>
        <triangledirection>0.964728,-0.112475,0.238010</triangledirection>
        <trianglepickorigin>0,0,0</trianglepickorigin>
        <orientation>
          <row0>-0.238741,0.00711951,0.971057</row0>
          <row1>0.964728,-0.112475,0.238010</row1>
          <row2>0.110914,0.993629,0.0199840</row2>
        </orientation>
      </transform>
      <snapped>true</snapped>
      <childlist count="1">
        <childid>8</childid>
      </childlist>
      <handles count="1">
        <weight channel="longer">0.179371</weight>
      </handles>
    </blockref>
    <blockref>
      <blockid>flora_parts~, FE_muscle_branch_04</blockid>
      <transform>
        <limbtype>0</limbtype>
        <musclescale>0.524999</musclescale>
        <basemusclescale>1.049999</basemusclescale>
        <scale>1</scale>
        <position>-1.311771,0.152936,0.276369</position>
        <triangledirection>0.719938,-0.264769,0.641550</triangledirection>
        <trianglepickorigin>0,0,0</trianglepickorigin>
        <orientation>
          <row0>-0.339011,0.672438,0.657950</row0>
          <row1>0.719938,-0.264769,0.641550</row1>
          <row2>0.605607,0.691175,-0.394354</row2>
        </orientation>
      </transform>
      <snapped>true</snapped>
      <childlist count="1">
        <childid>9</childid>
      </childlist>
      <handles count="1">
        <weight channel="longer">0.104602</weight>
      </handles>
    </blockref>
    <blockref>
      <blockid>Creature_parts~, ce_grasper_null</blockid>
      <transform>
        <basemusclescale>0.650000</basemusclescale>
        <scale>1</scale>
        <position>-1.952864,0.388707,-0.294919</position>
        <triangledirection>0.971224,0.206330,-0.118957</triangledirection>
        <trianglepickorigin>0,0,0</trianglepickorigin>
        <orientation>
          <row0>0.156773,-0.177850,0.971489</row0>
          <row1>0.971224,0.206330,-0.118957</row1>
          <row2>-0.179291,0.962183,0.205079</row2>
        </orientation>
      </transform>
      <snapped>true</snapped>
    </blockref>
    <blockref>
      <blockid>flora_parts~, fe_muscle_branch_01</blockid>
      <transform>
        <limbtype>0</limbtype>
        <musclescale>0.774999</musclescale>
        <basemusclescale>2.049999</basemusclescale>
        <scale>1</scale>
        <position>0,0,0.600000</position>
        <triangledirection>0.260604,-0.298174,-0.918246</triangledirection>
        <trianglepickorigin>0,0,0</trianglepickorigin>
        <orientation>
          <row0>-0.698477,-0.714828,0.0338876</row0>
          <row1>0.260604,-0.298174,-0.918246</row1>
          <row2>0.666493,-0.632543,0.394556</row2>
        </orientation>
      </transform>
      <snapped>true</snapped>
      <childlist count="1">
        <childid>11</childid>
      </childlist>
      <handles count="1">
        <weight channel="longer">0.229673</weight>
      </handles>
    </blockref>
    <blockref>
      <blockid>flora_parts~, fe_muscle_branch_01</blockid>
      <transform>
        <limbtype>0</limbtype>
        <musclescale>0.524999</musclescale>
        <basemusclescale>1.399999</basemusclescale>
        <scale>1</scale>
        <position>-0.436626,0.499571,2.138459</position>
        <triangledirection>-0.0395329,0.392479,-0.918911</triangledirection>
        <trianglepickorigin>0,0,0</trianglepickorigin>
        <orientation>
          <row0>0.0231152,0.919743,0.391839</row0>
          <row1>-0.0395329,0.392479,-0.918911</row1>
          <row2>-0.998950,0.00575023,0.0454324</row2>
        </orientation>
      </transform>
      <snapped>true</snapped>
      <childlist count="1">
        <childid>12</childid>
      </childlist>
      <handles count="1">
        <weight channel="longer">0.0639770</weight>
      </handles>
    </blockref>
    <blockref>
      <blockid>flora_parts~, fe_muscle_branch_01</blockid>
      <transform>
        <limbtype>0</limbtype>
        <musclescale>0.675000</musclescale>
        <basemusclescale>1.25</basemusclescale>
        <scale>1</scale>
        <position>-0.411501,0.250143,2.722444</position>
        <triangledirection>-0.259474,-0.665782,-0.699575</triangledirection>
        <trianglepickorigin>0,0,0</trianglepickorigin>
        <orientation>
          <row0>-0.0232340,-0.719872,0.693717</row0>
          <row1>-0.259474,-0.665782,-0.699575</row1>
          <row2>0.965470,-0.196256,-0.171320</row2>
        </orientation>
      </transform>
      <snapped>true</snapped>
      <childlist count="4">
        <childid>39</childid>
        <childid>38</childid>
        <childid>32</childid>
        <childid>13</childid>
      </childlist>
      <handles count="1">
        <weight channel="longer">0.0890059</weight>
      </handles>
    </blockref>
    <blockref>
      <blockid>Creature_parts~, ce_grasper_null</blockid>
      <transform>
        <basemusclescale>1.25</basemusclescale>
        <scale>1</scale>
        <position>-0.205841,0.777843,3.276929</position>
        <triangledirection>-0.579881,0.379063,-0.721143</triangledirection>
        <trianglepickorigin>0,0,0</trianglepickorigin>
        <orientation>
          <row0>-0.158530,-0.920745,-0.356506</row0>
          <row1>-0.579881,0.379063,-0.721143</row1>
          <row2>0.799128,0.0924085,-0.594015</row2>
        </orientation>
      </transform>
      <snapped>true</snapped>
    </blockref>
    <blockref>
      <blockid>flora_parts~, fe_muscle_branch_01</blockid>
      <transform>
        <limbtype>0</limbtype>
        <musclescale>0.325000</musclescale>
        <basemusclescale>1.100000</basemusclescale>
        <scale>1</scale>
        <position>-0.0216439,0.384339,1.589952</position>
        <triangledirection>-0.730766,0.533558,-0.425789</triangledirection>
        <trianglepickorigin>0,0,0</trianglepickorigin>
        <orientation>
          <row0>-0.635894,-0.758902,0.140378</row0>
          <row1>-0.730766,0.533558,-0.425789</row1>
          <row2>0.248232,-0.373340,-0.893866</row2>
        </orientation>
      </transform>
      <snapped>true</snapped>
      <childlist count="1">
        <childid>15</childid>
      </childlist>
      <handles count="1">
        <weight channel="longer">0.176275</weight>
      </handles>
    </blockref>
    <blockref>
      <blockid>flora_parts~, fe_muscle_branch_01</blockid>
      <transform>
        <limbtype>0</limbtype>
        <musclescale>0.824999</musclescale>
        <basemusclescale>1.149999</basemusclescale>
        <scale>1</scale>
        <position>0.957802,-0.330787,2.160638</position>
        <triangledirection>0.0921019,0.439645,-0.893436</triangledirection>
        <trianglepickorigin>0,0,0</trianglepickorigin>
        <orientation>
          <row0>-0.801929,-0.499137,-0.328285</row0>
          <row1>0.0921019,0.439645,-0.893436</row1>
          <row2>0.590276,-0.746708,-0.306592</row2>
        </orientation>
      </transform>
      <snapped>true</snapped>
      <childlist count="3">
        <childid>44</childid>
        <childid>30</childid>
        <childid>16</childid>
      </childlist>
      <handles count="1">
        <weight channel="longer">0.0680829</weight>
      </handles>
    </blockref>
    <blockref>
      <blockid>Creature_parts~, ce_grasper_null</blockid>
      <transform>
        <basemusclescale>1.049999</basemusclescale>
        <scale>1</scale>
        <position>0.896896,-0.621520,2.751458</position>
        <triangledirection>-0.605096,0.302543,-0.736427</triangledirection>
        <trianglepickorigin>0,0,0</trianglepickorigin>
        <orientation>
          <row0>-0.680045,-0.677400,0.280475</row0>
          <row1>-0.605096,0.302543,-0.736427</row1>
          <row2>0.414000,-0.670519,-0.615636</row2>
        </orientation>
      </transform>
      <snapped>true</snapped>
    </blockref>
    <blockref>
      <blockid>flora_parts~, fe_muscle_branch_01</blockid>
      <transform>
        <limbtype>0</limbtype>
        <musclescale>0.774999</musclescale>
        <basemusclescale>1.100000</basemusclescale>
        <scale>1</scale>
        <position>-0.0216439,0.384339,1.589952</position>
        <triangledirection>0.863784,0.370233,-0.341766</triangledirection>
        <trianglepickorigin>0,0,0</trianglepickorigin>
        <orientation>
          <row0>0.0431791,-0.730189,-0.681878</row0>
          <row1>0.863784,0.370233,-0.341766</row1>
          <row2>0.502008,-0.574238,0.646712</row2>
        </orientation>
      </transform>
      <snapped>true</snapped>
      <childlist count="1">
        <childid>27</childid>
      </childlist>
      <handles count="1">
        <weight channel="longer">0.183311</weight>
      </handles>
    </blockref>
    <blockref>
      <blockid>flora_parts~, FE_muscle_branch_04</blockid>
      <transform>
        <limbtype>0</limbtype>
        <musclescale>0.550000</musclescale>
        <basemusclescale>1.25</basemusclescale>
        <scale>1</scale>
        <position>-0.584802,-1.093852,0.427887</position>
        <triangledirection>-0.190475,0.751432,0.631719</triangledirection>
        <trianglepickorigin>0,0,0</trianglepickorigin>
        <orientation>
          <row0>0.968413,0.249309,-0.00456000</row0>
          <row1>-0.190475,0.751432,0.631719</row1>
          <row2>0.160920,-0.610896,0.775184</row2>
        </orientation>
      </transform>
      <snapped>true</snapped>
      <childlist count="1">
        <childid>21</childid>
      </childlist>
      <handles count="1">
        <weight channel="longer">0.130831</weight>
      </handles>
    </blockref>
    <blockref>
      <blockid>flora_parts~, FE_muscle_branch_04</blockid>
      <transform>
        <limbtype>0</limbtype>
        <musclescale>0.550000</musclescale>
        <basemusclescale>1.100000</basemusclescale>
        <scale>1</scale>
        <position>0.986057,0.763262,0.484900</position>
        <triangledirection>-0.178228,-0.636829,0.750121</triangledirection>
        <trianglepickorigin>0,0,0</trianglepickorigin>
        <orientation>
          <row0>0.911825,0.179667,0.369181</row0>
          <row1>-0.178228,-0.636829,0.750121</row1>
          <row2>0.369877,-0.749778,-0.548655</row2>
        </orientation>
      </transform>
      <snapped>true</snapped>
      <childlist count="1">
        <childid>20</childid>
      </childlist>
      <handles count="1">
        <weight channel="longer">0.162245</weight>
      </handles>
    </blockref>
    <blockref>
      <blockid>Creature_parts~, ce_grasper_null</blockid>
      <transform>
        <basemusclescale>0.650000</basemusclescale>
        <scale>1</scale>
        <position>1.209245,1.560732,-0.454439</position>
        <triangledirection>0.120262,-0.944767,-0.304879</triangledirection>
        <trianglepickorigin>0,0,0</trianglepickorigin>
        <orientation>
          <row0>0.0822669,-0.296568,0.951461</row0>
          <row1>0.120262,-0.944767,-0.304879</row1>
          <row2>0.989327,0.139506,-0.0420570</row2>
        </orientation>
      </transform>
      <snapped>true</snapped>
    </blockref>
    <blockref>
      <blockid>Creature_parts~, ce_grasper_null</blockid>
      <transform>
        <basemusclescale>0.600000</basemusclescale>
        <scale>1</scale>
        <position>-0.383832,-1.886688,-0.238640</position>
        <triangledirection>-0.0951470,0.989685,0.107099</triangledirection>
        <trianglepickorigin>0,0,0</trianglepickorigin>
        <orientation>
          <row0>0.938620,0.0533581,0.340798</row0>
          <row1>-0.0951470,0.989685,0.107099</row1>
          <row2>-0.331569,-0.132951,0.934015</row2>
        </orientation>
      </transform>
      <snapped>true</snapped>
    </blockref>
    <blockref>
      <blockid>Creature_parts~, ce_grasper_null</blockid>
      <transform>
        <basemusclescale>1.100000</basemusclescale>
        <scale>1</scale>
        <position>-2.662068,1.649163,3.122989</position>
        <triangledirection>0.240942,-0.239479,-0.940530</triangledirection>
        <trianglepickorigin>0,0,0</trianglepickorigin>
        <orientation>
          <row0>-0.784656,-0.618398,-0.0435534</row0>
          <row1>0.240942,-0.239479,-0.940530</row1>
          <row2>0.571192,-0.748487,0.336907</row2>
        </orientation>
      </transform>
      <snapped>false</snapped>
    </blockref>
    <blockref>
      <blockid>Creature_parts~, ce_grasper_null</blockid>
      <transform>
        <basemusclescale>1</basemusclescale>
        <scale>1</scale>
        <position>-2.303666,-0.157962,2.944825</position>
        <triangledirection>0.240960,-0.239477,-0.940525</triangledirection>
        <trianglepickorigin>0,0,0</trianglepickorigin>
        <orientation>
          <row0>-0.784640,-0.618419,-0.0435605</row0>
          <row1>0.240960,-0.239477,-0.940525</row1>
          <row2>0.571207,-0.748470,0.336918</row2>
        </orientation>
      </transform>
      <snapped>false</snapped>
    </blockref>
    <blockref>
      <blockid>Creature_parts~, ce_grasper_null</blockid>
      <transform>
        <basemusclescale>1</basemusclescale>
        <scale>1</scale>
        <position>0.181384,-1.788166,3.307370</position>
        <triangledirection>0,0,-1</triangledirection>
        <trianglepickorigin>0,0,0</trianglepickorigin>
        <orientation>
          <row0>1,0,0</row0>
          <row1>0,0,-1</row1>
          <row2>0,1,0</row2>
        </orientation>
      </transform>
      <snapped>false</snapped>
    </blockref>
    <blockref>
      <blockid>Creature_parts~, ce_grasper_null</blockid>
      <transform>
        <basemusclescale>1</basemusclescale>
        <scale>1</scale>
        <position>0,0,3.150256</position>
        <triangledirection>-0.100535,0.991115,-0.0870820</triangledirection>
        <trianglepickorigin>0,0,0</trianglepickorigin>
        <orientation>
          <row0>0.987913,0.109821,0.109388</row0>
          <row1>-0.100535,0.991115,-0.0870820</row1>
          <row2>-0.117980,0.0750321,0.990177</row2>
        </orientation>
      </transform>
      <snapped>false</snapped>
    </blockref>
    <blockref>
      <blockid>flora_parts~, fe_muscle_branch_06</blockid>
      <transform>
        <limbtype>0</limbtype>
        <musclescale>0.325000</musclescale>
        <basemusclescale>2.049999</basemusclescale>
        <scale>1</scale>
        <position>0,0,0.600000</position>
        <triangledirection>0.0203770,-0.361846,-0.932015</triangledirection>
        <trianglepickorigin>0,0,0</trianglepickorigin>
        <orientation>
          <row0>0.996629,0.0814392,-0.00982833</row0>
          <row1>0.0203770,-0.361846,-0.932015</row1>
          <row2>-0.0794589,0.928673,-0.362286</row2>
        </orientation>
      </transform>
      <snapped>true</snapped>
      <childlist count="2">
        <childid>17</childid>
        <childid>14</childid>
      </childlist>
      <handles count="1">
        <weight channel="longer">0.131956</weight>
      </handles>
    </blockref>
    <blockref>
      <blockid>flora_parts~, fe_muscle_branch_01</blockid>
      <transform>
        <limbtype>0</limbtype>
        <musclescale>0.650000</musclescale>
        <basemusclescale>1.100000</basemusclescale>
        <scale>1</scale>
        <position>-1.217518,-0.128233,2.063114</position>
        <triangledirection>0.262882,0.380122,-0.886791</triangledirection>
        <trianglepickorigin>0,0,0</trianglepickorigin>
        <orientation>
          <row0>-0.248727,-0.861353,-0.442951</row0>
          <row1>0.262882,0.380122,-0.886791</row1>
          <row2>0.932216,-0.337013,0.131887</row2>
        </orientation>
      </transform>
      <snapped>true</snapped>
      <childlist count="3">
        <childid>33</childid>
        <childid>29</childid>
        <childid>28</childid>
      </childlist>
      <handles count="1">
        <weight channel="longer">0.0890059</weight>
      </handles>
    </blockref>
    <blockref>
      <blockid>Creature_parts~, ce_grasper_null</blockid>
      <transform>
        <basemusclescale>1.100000</basemusclescale>
        <scale>1</scale>
        <position>-1.425879,-0.429518,2.765987</position>
        <triangledirection>-0.0375998,0.941483,-0.334953</triangledirection>
        <trianglepickorigin>0,0,0</trianglepickorigin>
        <orientation>
          <row0>-0.0159264,-0.335712,-0.941829</row0>
          <row1>-0.0375998,0.941483,-0.334953</row1>
          <row2>0.999165,0.0300780,-0.0276172</row2>
        </orientation>
      </transform>
      <snapped>true</snapped>
    </blockref>
    <blockref>
      <blockid>flora_parts~, FE_leaf_24</blockid>
      <transform>
        <scale>1,454989</scale>
        <position>-1.435387,-0.417503,2.905104</position>
        <triangledirection>0.126059,0.416287,-0.900451</triangledirection>
        <trianglepickorigin>0,0,0</trianglepickorigin>
        <orientation>
          <row0>-0.906072,0.413104,-0.0915269</row0>
          <row1>0.0966385,-0.00855395,-0.995282</row1>
          <row2>-0.411938,-0.910643,-0.0321713</row2>
        </orientation>
        <userorientation>
          <userorientation_row0>0.827166,-0.330187,-0.454721</userorientation_row0>
          <userorientation_row1>0.140167,0.904825,-0.402050</userorientation_row1>
          <userorientation_row2>0.544196,0.268824,0.794722</userorientation_row2>
        </userorientation>
      </transform>
      <snapped>false</snapped>
      <childlist count="5">
        <childid>37</childid>
        <childid>36</childid>
        <childid>35</childid>
        <childid>34</childid>
        <childid>31</childid>
      </childlist>
      <handles count="4">
        <weight channel="bend">0.306090</weight>
        <weight channel="flatten">0.500196</weight>
        <weight channel="Length">0</weight>
        <weight channel="width">0.400180</weight>
      </handles>
    </blockref>
    <blockref>
      <blockid>flora_parts~, fe_cap_06a</blockid>
      <transform>
        <scale>0,927743</scale>
        <position>1.116834,-0.596862,2.386758</position>
        <triangledirection>-0.655617,0.748789,-0.0973660</triangledirection>
        <trianglepickorigin>0,0,0</trianglepickorigin>
        <orientation>
          <row0>0.752364,0.658747,1.04308e-7</row0>
          <row1>-0.655617,0.748789,-0.0973660</row1>
          <row2>-0.0641397,0.0732546,0.995248</row2>
        </orientation>
      </transform>
      <snapped>false</snapped>
    </blockref>
    <blockref>
      <blockid>flora_parts~, fe_cap_06a</blockid>
      <transform>
        <scale>0,927743</scale>
        <position>-1.659164,-0.369949,2.871665</position>
        <triangledirection>0.623455,-0.633412,0.458357</triangledirection>
        <trianglepickorigin>0,0,0</trianglepickorigin>
        <orientation>
          <row0>-0.734979,-0.674743,0.0672751</row0>
          <row1>0.623455,-0.633412,0.458357</row1>
          <row2>-0.266660,0.378826,0.886218</row2>
        </orientation>
      </transform>
      <snapped>false</snapped>
    </blockref>
    <blockref>
      <blockid>flora_parts~, fe_cap_06a</blockid>
      <transform>
        <scale>0,927743</scale>
        <position>0.126499,0.751448,3.191952</position>
        <triangledirection>-0.558887,0.739598,0.375018</triangledirection>
        <trianglepickorigin>0,0,0</trianglepickorigin>
        <orientation>
          <row0>0.0341354,0.999417,3.31085e-7</row0>
          <row1>-0.985965,0.0336759,0.163514</row1>
          <row2>0.163419,-0.00558198,0.986540</row2>
        </orientation>
        <userorientation>
          <userorientation_row0>0.662730,-0.748858,0</userorientation_row0>
          <userorientation_row1>0.720089,0.637271,0.274509</userorientation_row1>
          <userorientation_row2>-0.205568,-0.181925,0.961585</userorientation_row2>
        </userorientation>
      </transform>
      <snapped>false</snapped>
    </blockref>
    <blockref>
      <blockid>flora_parts~, fe_cap_06a</blockid>
      <transform>
        <scale>0,927743</scale>
        <position>-1.170327,-0.436140,2.561838</position>
        <triangledirection>-0.834125,0.549547,-0.0472349</triangledirection>
        <trianglepickorigin>0,0,0</trianglepickorigin>
        <orientation>
          <row0>0.550162,0.835057,-6.51925e-8</row0>
          <row1>-0.834125,0.549547,-0.0472349</row1>
          <row2>-0.0394439,0.0259869,0.998883</row2>
        </orientation>
      </transform>
      <snapped>false</snapped>
    </blockref>
    <blockref>
      <blockid>flora_parts~, FE_flatleaf_04</blockid>
      <transform>
        <scale>0,860707</scale>
        <position>-1.508946,-0.348081,3.020641</position>
        <triangledirection>0.370329,-0.854410,-0.364470</triangledirection>
        <trianglepickorigin>0,0,0</trianglepickorigin>
        <orientation>
          <row0>-0.889818,-0.438915,0.124803</row0>
          <row1>0.370329,-0.854410,-0.364470</row1>
          <row2>0.266605,-0.278094,0.922813</row2>
        </orientation>
        <userorientation>
          <userorientation_row0>0.909982,0,-0.414647</userorientation_row0>
          <userorientation_row1>0,1,0</userorientation_row1>
          <userorientation_row2>0.414647,0,0.909982</userorientation_row2>
        </userorientation>
      </transform>
      <snapped>false</snapped>
      <handles count="1">
        <weight channel="Leaf_bend">0.0805609</weight>
      </handles>
    </blockref>
    <blockref>
      <blockid>flora_parts~, FE_flatleaf_04</blockid>
      <transform>
        <scale>0,860707</scale>
        <position>-1.594400,-0.538506,3.054849</position>
        <triangledirection>0.965873,0.253909,-0.0683145</triangledirection>
        <trianglepickorigin>0,0,0</trianglepickorigin>
        <orientation>
          <row0>-0.224131,-0.972141,-0.0685976</row0>
          <row1>0.959955,-0.232365,0.156499</row1>
          <row2>-0.168079,-0.0307742,0.985293</row2>
        </orientation>
        <userorientation>
          <userorientation_row0>0.866809,0.370293,-0.336333</userorientation_row0>
          <userorientation_row1>-0.458631,0.857505,-0.237467</userorientation_row1>
          <userorientation_row2>0.200802,0.360087,0.911363</userorientation_row2>
        </userorientation>
      </transform>
      <snapped>false</snapped>
      <handles count="1">
        <weight channel="Leaf_bend">0.0805609</weight>
      </handles>
    </blockref>
    <blockref>
      <blockid>flora_parts~, FE_flatleaf_04</blockid>
      <transform>
        <scale>0,860707</scale>
        <position>-1.444334,-0.581579,2.942266</position>
        <triangledirection>0.00387908,0.931446,-0.363859</triangledirection>
        <trianglepickorigin>0,0,0</trianglepickorigin>
        <orientation>
          <row0>0.898605,0.419435,-0.128767</row0>
          <row1>-0.363977,0.876509,0.315041</row1>
          <row2>0.245005,-0.236229,0.940302</row2>
        </orientation>
        <userorientation>
          <userorientation_row0>0.878614,-0.209322,0.429211</userorientation_row0>
          <userorientation_row1>0.441020,0.700378,-0.561222</userorientation_row1>
          <userorientation_row2>-0.183134,0.682387,0.707677</userorientation_row2>
        </userorientation>
      </transform>
      <snapped>false</snapped>
      <handles count="1">
        <weight channel="Leaf_bend">0</weight>
      </handles>
    </blockref>
    <blockref>
      <blockid>flora_parts~, FE_flatleaf_04</blockid>
      <transform>
        <scale>0,860707</scale>
        <position>-1.315456,-0.481882,2.917241</position>
        <triangledirection>-0.683254,0.0699230,-0.726824</triangledirection>
        <trianglepickorigin>0,0,0</trianglepickorigin>
        <orientation>
          <row0>0.190468,0.978840,0.0747871</row0>
          <row1>-0.976777,0.196578,-0.0852234</row1>
          <row2>-0.0981216,-0.0568180,0.993551</row2>
        </orientation>
        <userorientation>
          <userorientation_row0>0.983831,0.177132,0.0264729</userorientation_row0>
          <userorientation_row1>-0.116051,0.743075,-0.659068</userorientation_row1>
          <userorientation_row2>-0.136413,0.645340,0.751616</userorientation_row2>
        </userorientation>
      </transform>
      <snapped>false</snapped>
      <handles count="1">
        <weight channel="Leaf_bend">0</weight>
      </handles>
    </blockref>
    <blockref>
      <blockid>flora_parts~, fe_cap_06a</blockid>
      <transform>
        <scale>0,927743</scale>
        <position>-0.286482,1.089127,3.168441</position>
        <triangledirection>0.256075,-0.669248,0.697518</triangledirection>
        <trianglepickorigin>0,0,0</trianglepickorigin>
        <orientation>
          <row0>-0.977929,-0.208935,-3.68803e-7</row0>
          <row1>0.203847,-0.954118,0.219324</row1>
          <row2>-0.0458250,0.214484,0.975651</row2>
        </orientation>
        <userorientation>
          <userorientation_row0>0.991519,0.129967,0</userorientation_row0>
          <userorientation_row1>-0.110594,0.843726,0.525256</userorientation_row1>
          <userorientation_row2>0.0682659,-0.520802,0.850943</userorientation_row2>
        </userorientation>
      </transform>
      <snapped>false</snapped>
    </blockref>
    <blockref>
      <blockid>flora_parts~, FE_leaf_24</blockid>
      <transform>
        <scale>1,349859</scale>
        <position>-0.0127550,0.962882,3.462529</position>
        <triangledirection>-0.460108,-0.249066,-0.852211</triangledirection>
        <trianglepickorigin>0,0,0</trianglepickorigin>
        <orientation>
          <row0>-0.694247,0.719735,-1.19209e-7</row0>
          <row1>-0.586394,-0.565628,-0.579833</row1>
          <row2>-0.417326,-0.402547,0.814735</row2>
        </orientation>
        <userorientation>
          <userorientation_row0>0.989926,-0.119881,0.0753209</userorientation_row0>
          <userorientation_row1>0.140167,0.904825,-0.402050</userorientation_row1>
          <userorientation_row2>-0.0199539,0.408556,0.912514</userorientation_row2>
        </userorientation>
      </transform>
      <snapped>false</snapped>
      <childlist count="4">
        <childid>43</childid>
        <childid>42</childid>
        <childid>41</childid>
        <childid>40</childid>
      </childlist>
      <handles count="4">
        <weight channel="bend">0.306090</weight>
        <weight channel="flatten">0.500196</weight>
        <weight channel="Length">0</weight>
        <weight channel="width">0.400180</weight>
      </handles>
    </blockref>
    <blockref>
      <blockid>flora_parts~, FE_flatleaf_04</blockid>
      <transform>
        <scale>0,927743</scale>
        <position>-0.0443000,1.080027,3.537210</position>
        <triangledirection>0.154392,-0.988596,0.000898167</triangledirection>
        <trianglepickorigin>0,0,0</trianglepickorigin>
        <orientation>
          <row0>-0.497458,-0.268517,0.824884</row0>
          <row1>0.460207,-0.887737,-0.0114424</row1>
          <row2>0.735353,0.373925,0.565185</row2>
        </orientation>
        <userorientation>
          <userorientation_row0>0.873682,-0.281695,-0.398106</userorientation_row0>
          <userorientation_row1>0.189392,0.948657,-0.255621</userorientation_row1>
          <userorientation_row2>0.449133,0.147808,0.881155</userorientation_row2>
        </userorientation>
      </transform>
      <snapped>false</snapped>
      <handles count="1">
        <weight channel="Leaf_bend">0.0805609</weight>
      </handles>
    </blockref>
    <blockref>
      <blockid>flora_parts~, FE_flatleaf_04</blockid>
      <transform>
        <scale>0,927743</scale>
        <position>-0.0417749,0.917044,3.608680</position>
        <triangledirection>0.675353,-0.0536464,-0.735540</triangledirection>
        <trianglepickorigin>0,0,0</trianglepickorigin>
        <orientation>
          <row0>0.888448,-0.458976,4.02331e-7</row0>
          <row1>0.401227,0.776661,-0.485607</row1>
          <row2>0.222882,0.431437,0.874177</row2>
        </orientation>
        <userorientation>
          <userorientation_row0>0.725778,-0.679693,0.106119</userorientation_row0>
          <userorientation_row1>0.624638,0.586488,-0.515613</userorientation_row1>
          <userorientation_row2>0.288221,0.440507,0.850224</userorientation_row2>
        </userorientation>
      </transform>
      <snapped>false</snapped>
      <handles count="1">
        <weight channel="Leaf_bend">0.0805609</weight>
      </handles>
    </blockref>
    <blockref>
      <blockid>flora_parts~, FE_flatleaf_04</blockid>
      <transform>
        <scale>0,927743</scale>
        <position>0.0537559,0.867119,3.566615</position>
        <triangledirection>-0.513605,0.488401,-0.705459</triangledirection>
        <trianglepickorigin>0,0,0</trianglepickorigin>
        <orientation>
          <row0>0.510067,0.251098,-0.822666</row0>
          <row1>-0.485648,0.873473,-0.0345046</row1>
          <row2>0.709913,0.417126,0.567476</row2>
        </orientation>
        <userorientation>
          <userorientation_row0>0.878614,-0.209322,0.429211</userorientation_row0>
          <userorientation_row1>0.441020,0.700378,-0.561222</userorientation_row1>
          <userorientation_row2>-0.183134,0.682387,0.707677</userorientation_row2>
        </userorientation>
      </transform>
      <snapped>false</snapped>
      <handles count="1">
        <weight channel="Leaf_bend">0</weight>
      </handles>
    </blockref>
    <blockref>
      <blockid>flora_parts~, FE_flatleaf_04</blockid>
      <transform>
        <scale>0,927743</scale>
        <position>0.104984,0.925002,3.434643</position>
        <triangledirection>-0.846649,-0.527619,-0.0776250</triangledirection>
        <trianglepickorigin>0,0,0</trianglepickorigin>
        <orientation>
          <row0>-0.184525,0.805507,-0.563123</row0>
          <row1>-0.903215,0.0869166,0.420295</row1>
          <row2>0.387495,0.586177,0.711507</row2>
        </orientation>
        <userorientation>
          <userorientation_row0>0.963831,0.263938,-0.0516889</userorientation_row0>
          <userorientation_row1>-0.225060,0.686222,-0.692582</userorientation_row1>
          <userorientation_row2>-0.147222,0.678553,0.719703</userorientation_row2>
        </userorientation>
      </transform>
      <snapped>false</snapped>
      <handles count="1">
        <weight channel="Leaf_bend">0.0749930</weight>
      </handles>
    </blockref>
    <blockref>
      <blockid>flora_parts~, FE_leaf_24</blockid>
      <transform>
        <scale>1,454989</scale>
        <position>0.996756,-0.669912,2.847770</position>
        <triangledirection>-0.170724,0.304576,-0.937062</triangledirection>
        <trianglepickorigin>0,0,0</trianglepickorigin>
        <orientation>
          <row0>0.602649,0.798005,1.34110e-7</row0>
          <row1>-0.542205,0.409470,-0.733720</row1>
          <row2>-0.585513,0.442176,0.679450</row2>
        </orientation>
        <userorientation>
          <userorientation_row0>0.872449,-0.304868,-0.381951</userorientation_row0>
          <userorientation_row1>0.140167,0.904825,-0.402050</userorientation_row1>
          <userorientation_row2>0.468171,0.297231,0.832146</userorientation_row2>
        </userorientation>
      </transform>
      <snapped>false</snapped>
      <childlist count="4">
        <childid>48</childid>
        <childid>47</childid>
        <childid>46</childid>
        <childid>45</childid>
      </childlist>
      <handles count="4">
        <weight channel="bend">0.306090</weight>
        <weight channel="flatten">0.500196</weight>
        <weight channel="Length">0</weight>
        <weight channel="width">0.400180</weight>
      </handles>
    </blockref>
    <blockref>
      <blockid>flora_parts~, FE_flatleaf_04</blockid>
      <transform>
        <scale>0,798516</scale>
        <position>1.139616,-0.719777,2.880324</position>
        <triangledirection>-0.996947,0.0766668,-0.0148185</triangledirection>
        <trianglepickorigin>0,0,0</trianglepickorigin>
        <orientation>
          <row0>-0.152902,0.988241,-2.71014e-7</row0>
          <row1>-0.984534,-0.152328,0.0865309</row1>
          <row2>0.0855134,0.0132310,0.996249</row2>
        </orientation>
        <userorientation>
          <userorientation_row0>0.969263,-0.216400,0.117050</userorientation_row0>
          <userorientation_row1>0.228201,0.968568,-0.0990009</userorientation_row1>
          <userorientation_row2>-0.0919480,0.122670,0.988179</userorientation_row2>
        </userorientation>
      </transform>
      <snapped>false</snapped>
      <handles count="1">
        <weight channel="Leaf_bend">0.0805609</weight>
      </handles>
    </blockref>
    <blockref>
      <blockid>flora_parts~, FE_flatleaf_04</blockid>
      <transform>
        <scale>0,798516</scale>
        <position>0.886369,-0.679077,2.974694</position>
        <triangledirection>0.559362,0.163756,-0.812587</triangledirection>
        <trianglepickorigin>0,0,0</trianglepickorigin>
        <orientation>
          <row0>0.0235052,-0.737312,-0.675143</row0>
          <row1>0.971816,0.175304,-0.157613</row1>
          <row2>0.234566,-0.652410,0.720652</row2>
        </orientation>
        <userorientation>
          <userorientation_row0>0.878614,-0.209322,0.429211</userorientation_row0>
          <userorientation_row1>0.441020,0.700378,-0.561222</userorientation_row1>
          <userorientation_row2>-0.183134,0.682387,0.707677</userorientation_row2>
        </userorientation>
      </transform>
      <snapped>false</snapped>
      <handles count="1">
        <weight channel="Leaf_bend">0.212343</weight>
      </handles>
    </blockref>
    <blockref>
      <blockid>flora_parts~, FE_flatleaf_04</blockid>
      <transform>
        <scale>0,860707</scale>
        <position>0.918347,-0.781821,2.849803</position>
        <triangledirection>-0.137361,0.941958,-0.306340</triangledirection>
        <trianglepickorigin>0,0,0</trianglepickorigin>
        <orientation>
