spore0005438f6347406662004950898dd816b417ffffffffffffffff0000000ebfdb7eb006KChangfffffffffffffffe06Pelham0000000<?xml version="1.0" encoding="UTF-8"?><sporemodel>
  <properties>
    <modeltype>PlantLarge</modeltype>
    <skineffectseed1>1234</skineffectseed1>
    <skineffectseed2>1234</skineffectseed2>
    <skineffectseed3>1234</skineffectseed3>
    <skincolor1>0.694118,0.572546,0.317647</skincolor1>
    <skincolor2>0.274510,0.443133,0.262741</skincolor2>
    <skincolor3>0.443133,0.223526,0.141176</skincolor3>
    <zcorpscore>5</zcorpscore>
  </properties>
  <blocks count="31">
    <blockref>
      <blockid>flora_parts~, fe_root_dummy</blockid>
      <transform>
        <scale>1</scale>
        <position>0.00462673,-0.00719096,0.600000</position>
        <triangledirection>0,1,0</triangledirection>
        <trianglepickorigin>0,0,0</trianglepickorigin>
        <orientation>
          <row0>1,0,0</row0>
          <row1>0,1,0</row1>
          <row2>0,0,1</row2>
        </orientation>
      </transform>
      <snapped>false</snapped>
      <childlist count="4">
        <childid>16</childid>
        <childid>14</childid>
        <childid>12</childid>
        <childid>1</childid>
      </childlist>
    </blockref>
    <blockref>
      <blockid>flora_parts~, fe_muscle_branch_01</blockid>
      <transform>
        <limbtype>0</limbtype>
        <musclescale>0.650000</musclescale>
        <basemusclescale>2.400000</basemusclescale>
        <scale>1</scale>
        <position>0.00462673,-0.00719096,0.600000</position>
        <triangledirection>-0.0810400,0.249551,-0.964964</triangledirection>
        <trianglepickorigin>0,0,0</trianglepickorigin>
        <orientation>
          <row0>-0.518027,-0.837661,-0.173123</row0>
          <row1>-0.0810400,0.249551,-0.964964</row1>
          <row2>0.851516,-0.485848,-0.197158</row2>
        </orientation>
      </transform>
      <snapped>true</snapped>
      <childlist count="1">
        <childid>2</childid>
      </childlist>
      <handles count="1">
        <weight channel="longer">0.450935</weight>
      </handles>
    </blockref>
    <blockref>
      <blockid>flora_parts~, fe_muscle_branch_01</blockid>
      <transform>
        <limbtype>0</limbtype>
        <musclescale>0.5</musclescale>
        <basemusclescale>1.599997</basemusclescale>
        <scale>1</scale>
        <position>0.252939,-0.771835,3.556728</position>
        <triangledirection>0.0931543,-0.628047,-0.772579</triangledirection>
        <trianglepickorigin>0,0,0</trianglepickorigin>
        <orientation>
          <row0>0.153770,0.775718,-0.612058</row0>
          <row1>0.0931543,-0.628047,-0.772579</row1>
          <row2>-0.983705,0.0617836,-0.168836</row2>
        </orientation>
      </transform>
      <snapped>true</snapped>
      <childlist count="1">
        <childid>3</childid>
      </childlist>
      <handles count="1">
        <weight channel="longer">0.202187</weight>
      </handles>
    </blockref>
    <blockref>
      <blockid>flora_parts~, fe_muscle_branch_01</blockid>
      <transform>
        <limbtype>0</limbtype>
        <musclescale>0.824996</musclescale>
        <basemusclescale>1.799998</basemusclescale>
        <scale>1</scale>
        <position>0.112934,0.172071,4.717857</position>
        <triangledirection>0.597453,0.125451,-0.792030</triangledirection>
        <trianglepickorigin>0,0,0</trianglepickorigin>
        <orientation>
          <row0>0.0561403,-0.991807,-0.114745</row0>
          <row1>0.597453,0.125451,-0.792030</row1>
          <row2>0.799936,-0.0240903,0.599601</row2>
        </orientation>
      </transform>
      <snapped>true</snapped>
      <childlist count="3">
        <childid>10</childid>
        <childid>7</childid>
        <childid>5</childid>
      </childlist>
      <handles count="1">
        <weight channel="longer">0.223041</weight>
      </handles>
    </blockref>
    <blockref>
      <blockid>flora_parts~, fe_muscle_branch_01</blockid>
      <transform>
        <limbtype>0</limbtype>
        <musclescale>0.699997</musclescale>
        <basemusclescale>1.649997</basemusclescale>
        <scale>1</scale>
        <position>-0.0207551,1.591946,6.564332</position>
        <triangledirection>-0.177925,-0.615616,-0.767696</triangledirection>
        <trianglepickorigin>0,0,0</trianglepickorigin>
        <orientation>
          <row0>0.159461,-0.787871,0.594836</row0>
          <row1>-0.177925,-0.615616,-0.767696</row1>
          <row2>0.971037,0.0165819,-0.238349</row2>
        </orientation>
      </transform>
      <snapped>true</snapped>
      <childlist count="2">
        <childid>18</childid>
        <childid>8</childid>
      </childlist>
      <handles count="1">
        <weight channel="longer">0.186388</weight>
      </handles>
    </blockref>
    <blockref>
      <blockid>flora_parts~, fe_muscle_branch_01</blockid>
      <transform>
        <limbtype>0</limbtype>
        <musclescale>0.649999</musclescale>
        <basemusclescale>2.199996</basemusclescale>
        <scale>1</scale>
        <position>-0.863197,-0.0328945,6.011895</position>
        <triangledirection>-0.493799,0.340128,-0.800296</triangledirection>
        <trianglepickorigin>0,0,0</trianglepickorigin>
        <orientation>
          <row0>-0.0505611,-0.930003,-0.364056</row0>
          <row1>-0.493799,0.340128,-0.800296</row1>
          <row2>0.868104,0.139307,-0.476432</row2>
        </orientation>
      </transform>
      <snapped>true</snapped>
      <childlist count="3">
        <childid>22</childid>
        <childid>9</childid>
        <childid>6</childid>
      </childlist>
      <handles count="1">
        <weight channel="longer">0.268199</weight>
      </handles>
    </blockref>
    <blockref>
      <blockid>Creature_parts~, ce_grasper_null</blockid>
      <transform>
        <basemusclescale>2</basemusclescale>
        <scale>1</scale>
        <position>0.0835309,-0.684997,7.546247</position>
        <triangledirection>3.99997e-6,-1.49173e-6,-1</triangledirection>
        <trianglepickorigin>0,0,0</trianglepickorigin>
        <orientation>
          <row0>0.00262634,-0.999996,1.50223e-6</row0>
          <row1>3.99997e-6,-1.49173e-6,-1</row1>
          <row2>0.999996,0.00262634,3.99604e-6</row2>
        </orientation>
      </transform>
      <snapped>true</snapped>
    </blockref>
    <blockref>
      <blockid>flora_parts~, fe_muscle_branch_01</blockid>
      <transform>
        <limbtype>0</limbtype>
        <musclescale>0.200000</musclescale>
        <basemusclescale>2.199996</basemusclescale>
        <scale>1</scale>
        <position>-0.863197,-0.0328945,6.011895</position>
        <triangledirection>-0.440652,-0.849898,-0.288960</triangledirection>
        <trianglepickorigin>0,0,0</trianglepickorigin>
        <orientation>
          <row0>0.462278,-0.490778,0.738536</row0>
          <row1>-0.440652,-0.849898,-0.288960</row1>
          <row2>0.769496,-0.191857,-0.609151</row2>
        </orientation>
      </transform>
      <snapped>true</snapped>
      <childlist count="1">
        <childid>4</childid>
      </childlist>
      <handles count="1">
        <weight channel="longer">0.267334</weight>
      </handles>
    </blockref>
    <blockref>
      <blockid>Creature_parts~, ce_grasper_null</blockid>
      <transform>
        <basemusclescale>1.999999</basemusclescale>
        <scale>1</scale>
        <position>0.229010,2.456134,7.642005</position>
        <triangledirection>-0.944062,-0.237208,0.229080</triangledirection>
        <trianglepickorigin>0,0,0</trianglepickorigin>
        <orientation>
          <row0>0.329057,-0.632129,0.701522</row0>
          <row1>-0.944062,-0.237208,0.229080</row1>
          <row2>0.0215986,-0.737661,-0.674824</row2>
        </orientation>
      </transform>
      <snapped>true</snapped>
    </blockref>
    <blockref>
      <blockid>flora_parts~, FE_leaf_11</blockid>
      <transform>
        <scale>4,830742</scale>
        <position>0.329617,-0.789106,7.728284</position>
        <triangledirection>-0.503247,0.293758,-0.812679</triangledirection>
        <trianglepickorigin>0,0,0</trianglepickorigin>
        <orientation>
          <row0>0.401583,0.915822,4.02331e-7</row0>
          <row1>-0.749258,0.328546,-0.575037</row1>
          <row2>-0.526632,0.230925,0.818126</row2>
        </orientation>
        <userorientation>
          <userorientation_row0>0.672628,0.203224,0.711525</userorientation_row0>
          <userorientation_row1>0.0669345,0.940897,-0.332012</userorientation_row1>
          <userorientation_row2>-0.736944,0.270945,0.619271</userorientation_row2>
        </userorientation>
      </transform>
      <snapped>false</snapped>
      <childlist count="1">
        <childid>29</childid>
      </childlist>
      <handles count="3">
        <weight channel="DeformAxisUp">0.926536</weight>
        <weight channel="DeformAxisForward">0.656795</weight>
        <weight channel="DeformAxisLeft">0.453189</weight>
      </handles>
    </blockref>
    <blockref>
      <blockid>flora_parts~, fe_muscle_branch_01</blockid>
      <transform>
        <limbtype>0</limbtype>
        <musclescale>0.425000</musclescale>
        <basemusclescale>2.199996</basemusclescale>
        <scale>1</scale>
        <position>-0.863197,-0.0328945,6.011895</position>
        <triangledirection>0.707493,-0.00318811,-0.706713</triangledirection>
        <trianglepickorigin>0,0,0</trianglepickorigin>
        <orientation>
          <row0>-0.108770,-0.988566,-0.104430</row0>
          <row1>0.707493,-0.00318811,-0.706713</row1>
          <row2>0.698299,-0.150753,0.699750</row2>
        </orientation>
      </transform>
      <snapped>true</snapped>
      <childlist count="2">
        <childid>19</childid>
        <childid>11</childid>
      </childlist>
      <handles count="1">
        <weight channel="longer">0.253357</weight>
      </handles>
    </blockref>
    <blockref>
      <blockid>Creature_parts~, ce_grasper_null</blockid>
      <transform>
        <basemusclescale>2</basemusclescale>
        <scale>1</scale>
        <position>-2.153723,-0.0270791,7.300999</position>
        <triangledirection>0.597453,0.125449,-0.792030</triangledirection>
        <trianglepickorigin>0,0,0</trianglepickorigin>
        <orientation>
          <row0>0.0561398,-0.991807,-0.114743</row0>
          <row1>0.597453,0.125449,-0.792030</row1>
          <row2>0.799936,-0.0240894,0.599601</row2>
        </orientation>
      </transform>
      <snapped>true</snapped>
    </blockref>
    <blockref>
      <blockid>flora_parts~, FE_muscle_branch_04</blockid>
      <transform>
        <limbtype>0</limbtype>
        <musclescale>1</musclescale>
        <basemusclescale>2.400000</basemusclescale>
        <scale>1</scale>
        <position>0.00462673,-0.00719096,0.600000</position>
        <triangledirection>0.117757,0.806377,0.579558</triangledirection>
        <trianglepickorigin>0,0,0</trianglepickorigin>
        <orientation>
          <row0>0.380480,0.502444,-0.776391</row0>
          <row1>0.117757,0.806377,0.579558</row1>
          <row2>0.917261,-0.311936,0.247644</row2>
        </orientation>
      </transform>
      <snapped>true</snapped>
      <childlist count="1">
        <childid>13</childid>
      </childlist>
      <handles count="1">
        <weight channel="longer">0.216649</weight>
      </handles>
    </blockref>
    <blockref>
      <blockid>Creature_parts~, ce_grasper_null</blockid>
      <transform>
        <basemusclescale>0.5</basemusclescale>
        <scale>1</scale>
        <position>-0.183045,-1.292326,-0.323651</position>
        <triangledirection>0,0,-1</triangledirection>
        <trianglepickorigin>0,0,0</trianglepickorigin>
        <orientation>
          <row0>1,0,0</row0>
          <row1>0,0,-1</row1>
          <row2>0,1,0</row2>
        </orientation>
      </transform>
      <snapped>true</snapped>
    </blockref>
    <blockref>
      <blockid>flora_parts~, fe_muscle_branch_01</blockid>
      <transform>
        <limbtype>0</limbtype>
        <musclescale>0.75</musclescale>
        <basemusclescale>2.400000</basemusclescale>
        <scale>1</scale>
        <position>0.00462673,-0.00719096,0.600000</position>
        <triangledirection>-0.676999,-0.389808,0.624275</triangledirection>
        <trianglepickorigin>0,0,0</trianglepickorigin>
        <orientation>
          <row0>0.0126761,-0.854270,-0.519674</row0>
          <row1>-0.676999,-0.389808,0.624275</row1>
          <row2>-0.735873,0.343906,-0.583282</row2>
        </orientation>
      </transform>
      <snapped>true</snapped>
      <childlist count="1">
        <childid>15</childid>
      </childlist>
      <handles count="1">
        <weight channel="longer">0.202262</weight>
      </handles>
    </blockref>
    <blockref>
      <blockid>Creature_parts~, ce_grasper_null</blockid>
      <transform>
        <basemusclescale>0.75</basemusclescale>
        <scale>1</scale>
        <position>1.022424,0.578846,-0.338533</position>
        <triangledirection>0,0,-1</triangledirection>
        <trianglepickorigin>0,0,0</trianglepickorigin>
        <orientation>
          <row0>1,0,0</row0>
          <row1>0,0,-1</row1>
          <row2>0,1,0</row2>
        </orientation>
      </transform>
      <snapped>true</snapped>
    </blockref>
    <blockref>
      <blockid>flora_parts~, fe_muscle_branch_01</blockid>
      <transform>
        <limbtype>0</limbtype>
        <musclescale>1</musclescale>
        <basemusclescale>2.400000</basemusclescale>
        <scale>1</scale>
        <position>0.00462673,-0.00719096,0.600000</position>
        <triangledirection>0.622346,-0.307965,0.719613</triangledirection>
        <trianglepickorigin>0,0,0</trianglepickorigin>
        <orientation>
          <row0>0.456209,0.889765,-0.0137623</row0>
          <row1>0.622346,-0.307965,0.719613</row1>
          <row2>0.636048,-0.336859,-0.694238</row2>
        </orientation>
      </transform>
      <snapped>true</snapped>
      <childlist count="1">
        <childid>17</childid>
      </childlist>
      <handles count="1">
        <weight channel="longer">0.202728</weight>
      </handles>
    </blockref>
    <blockref>
      <blockid>Creature_parts~, ce_grasper_null</blockid>
      <transform>
        <basemusclescale>0.699996</basemusclescale>
        <scale>1</scale>
        <position>-0.932825,0.456701,-0.483965</position>
        <triangledirection>0,0,-1</triangledirection>
        <trianglepickorigin>0,0,0</trianglepickorigin>
        <orientation>
          <row0>1,-10e-7,0</row0>
          <row1>0,0,-1</row1>
          <row2>10e-7,1,0</row2>
        </orientation>
      </transform>
      <snapped>true</snapped>
    </blockref>
    <blockref>
      <blockid>flora_parts~, FE_leaf_11</blockid>
      <transform>
        <scale>4,481688</scale>
        <position>0.325615,2.689575,7.848563</position>
        <triangledirection>-0.136451,-0.490668,-0.860595</triangledirection>
        <trianglepickorigin>0,0,0</trianglepickorigin>
        <orientation>
          <row0>-0.764979,0.577262,-0.285611</row0>
          <row1>-0.292991,-0.706827,-0.643856</row1>
          <row2>-0.573552,-0.408855,0.709841</row2>
        </orientation>
        <userorientation>
          <userorientation_row0>0.672628,0.203224,0.711525</userorientation_row0>
          <userorientation_row1>0.0669345,0.940897,-0.332012</userorientation_row1>
          <userorientation_row2>-0.736944,0.270945,0.619271</userorientation_row2>
        </userorientation>
      </transform>
      <snapped>false</snapped>
      <childlist count="1">
        <childid>20</childid>
      </childlist>
      <handles count="3">
        <weight channel="DeformAxisUp">0.926536</weight>
        <weight channel="DeformAxisForward">0.656795</weight>
        <weight channel="DeformAxisLeft">0.453189</weight>
      </handles>
    </blockref>
    <blockref>
      <blockid>flora_parts~, FE_leaf_11</blockid>
      <transform>
        <scale>4,830742</scale>
        <position>-2.305145,-0.147897,7.542212</position>
        <triangledirection>0.293317,-0.00186471,-0.956012</triangledirection>
        <trianglepickorigin>0,0,0</trianglepickorigin>
        <orientation>
          <row0>0.601227,-0.799078,-4.47034e-7</row0>
          <row1>0.504038,0.379239,-0.775965</row1>
          <row2>0.620057,0.466531,0.630775</row2>
        </orientation>
        <userorientation>
          <userorientation_row0>0.672628,0.203224,0.711525</userorientation_row0>
          <userorientation_row1>0.177840,0.888969,-0.422025</userorientation_row1>
          <userorientation_row2>-0.718289,0.410405,0.561805</userorientation_row2>
        </userorientation>
      </transform>
      <snapped>false</snapped>
      <childlist count="2">
        <childid>30</childid>
        <childid>21</childid>
      </childlist>
      <handles count="3">
        <weight channel="DeformAxisUp">0.926536</weight>
        <weight channel="DeformAxisForward">0.656795</weight>
        <weight channel="DeformAxisLeft">0.453189</weight>
      </handles>
    </blockref>
    <blockref>
      <blockid>flora_parts~, fe_canopy_10</blockid>
      <transform>
        <scale>2,651166</scale>
        <position>0.778069,2.851828,8.290599</position>
        <triangledirection>-0.951347,0.251053,-0.178629</triangledirection>
        <trianglepickorigin>0,0,0</trianglepickorigin>
        <orientation>
          <row0>0.268381,0.962151,0.0472841</row0>
          <row1>-0.960983,0.270821,-0.0562714</row1>
          <row2>-0.0669471,-0.0303370,0.997295</row2>
        </orientation>
        <userorientation>
          <userorientation_row0>0.983835,3.91155e-8,-0.179073</userorientation_row0>
          <userorientation_row1>-0.0222193,0.992271,-0.122073</userorientation_row1>
          <userorientation_row2>0.177689,0.124078,0.976231</userorientation_row2>
        </userorientation>
      </transform>
      <snapped>false</snapped>
      <childlist count="2">
        <childid>28</childid>
        <childid>27</childid>
      </childlist>
      <handles count="2">
        <weight channel="DeformAxisLeft">1</weight>
        <weight channel="DeformAxisForward">0.502569</weight>
      </handles>
    </blockref>
    <blockref>
      <blockid>flora_parts~, fe_canopy_10</blockid>
      <transform>
        <scale>3,320116</scale>
        <position>-2.504019,0.354210,7.687062</position>
        <triangledirection>0.275952,-0.947934,-0.158965</triangledirection>
        <trianglepickorigin>0,0,0</trianglepickorigin>
        <orientation>
          <row0>-0.993967,0.109679,-3.81842e-8</row0>
          <row1>-0.109318,-0.990687,-0.0811700</row1>
          <row2>-0.00890276,-0.0806803,0.996700</row2>
        </orientation>
        <userorientation>
          <userorientation_row0>0.917151,0.360836,-0.169206</userorientation_row0>
          <userorientation_row1>-0.378257,0.921842,-0.0844184</userorientation_row1>
          <userorientation_row2>0.125519,0.141428,0.981957</userorientation_row2>
        </userorientation>
      </transform>
      <snapped>false</snapped>
      <childlist count="2">
        <childid>26</childid>
        <childid>25</childid>
      </childlist>
      <handles count="2">
        <weight channel="DeformAxisLeft">1</weight>
        <weight channel="DeformAxisForward">0.502569</weight>
      </handles>
    </blockref>
    <blockref>
      <blockid>flora_parts~, fe_canopy_10</blockid>
      <transform>
        <scale>3,080218</scale>
        <position>-0.0835535,-0.917474,7.718408</position>
        <triangledirection>0.530494,0.764973,-0.365225</triangledirection>
        <trianglepickorigin>0,0,0</trianglepickorigin>
        <orientation>
          <row0>0.845001,-0.534764,2.83122e-7</row0>
          <row1>0.443957,0.701513,-0.557476</row1>
          <row2>0.298118,0.471068,0.830192</row2>
        </orientation>
        <userorientation>
          <userorientation_row0>0.983835,-7.45058e-8,-0.179074</userorientation_row0>
          <userorientation_row1>0.0391879,0.975761,0.215298</userorientation_row1>
          <userorientation_row2>0.174733,-0.218835,0.959989</userorientation_row2>
        </userorientation>
      </transform>
      <snapped>false</snapped>
      <childlist count="2">
        <childid>24</childid>
        <childid>23</childid>
      </childlist>
      <handles count="2">
        <weight channel="DeformAxisLeft">1</weight>
        <weight channel="DeformAxisForward">0.502569</weight>
      </handles>
    </blockref>
    <blockref>
      <blockid>flora_parts~, fe_cap_01a</blockid>
      <transform>
        <scale>1</scale>
        <position>-2.437803,-5.343698,8.937602</position>
        <triangledirection>0.707985,0.146185,0.690931</triangledirection>
        <trianglepickorigin>0,0,0</trianglepickorigin>
        <orientation>
          <row0>0.202214,-0.979341,2.68220e-7</row0>
          <row1>0.707985,0.146185,0.690931</row1>
          <row2>-0.676657,-0.139716,0.722920</row2>
        </orientation>
      </transform>
      <snapped>false</snapped>
    </blockref>
    <blockref>
      <blockid>flora_parts~, fe_cap_01a</blockid>
      <transform>
        <scale>1</scale>
        <position>-3.275534,-1.657089,9.376714</position>
        <triangledirection>0.777328,-0.0827935,0.623623</triangledirection>
        <trianglepickorigin>0,0,0</trianglepickorigin>
        <orientation>
          <row0>-0.105911,-0.994375,1.11758e-8</row0>
          <row1>0.777328,-0.0827935,0.623623</row1>
          <row2>-0.620115,0.0660487,0.781724</row2>
        </orientation>
      </transform>
      <snapped>false</snapped>
    </blockref>
    <blockref>
      <blockid>flora_parts~, fe_cap_01a</blockid>
      <transform>
        <scale>1</scale>
        <position>-5.682787,3.498368,8.500930</position>
        <triangledirection>0.711834,0.185252,0.677475</triangledirection>
        <trianglepickorigin>0,0,0</trianglepickorigin>
        <orientation>
          <row0>0.251857,-0.967764,-2.08616e-7</row0>
          <row1>0.711834,0.185252,0.677475</row1>
          <row2>-0.655636,-0.170627,0.735545</row2>
        </orientation>
      </transform>
      <snapped>false</snapped>
    </blockref>
    <blockref>
      <blockid>flora_parts~, fe_cap_01a</blockid>
      <transform>
        <scale>1</scale>
        <position>-1.224479,3.770951,8.803873</position>
        <triangledirection>-0.622544,-0.419906,0.660391</triangledirection>
        <trianglepickorigin>0,0,0</trianglepickorigin>
        <orientation>
          <row0>-0.559187,0.829041,4.91738e-7</row0>
          <row1>-0.622544,-0.419906,0.660391</row1>
          <row2>0.547491,0.369282,0.750921</row2>
        </orientation>
      </transform>
      <snapped>false</snapped>
    </blockref>
    <blockref>
      <blockid>flora_parts~, fe_cap_01a</blockid>
      <transform>
        <scale>1</scale>
        <position>4.129685,3.657359,9.015905</position>
        <triangledirection>0.0587059,-0.639888,0.766222</triangledirection>
        <trianglepickorigin>0,0,0</trianglepickorigin>
        <orientation>
          <row0>-0.995818,-0.0913603,-2.60770e-8</row0>
          <row1>0.0587059,-0.639888,0.766222</row1>
          <row2>-0.0700023,0.763017,0.642575</row2>
        </orientation>
      </transform>
      <snapped>false</snapped>
    </blockref>
    <blockref>
      <blockid>flora_parts~, fe_cap_01a</blockid>
      <transform>
        <scale>1</scale>
        <position>2.445700,0.744646,9.013254</position>
        <triangledirection>0.0403854,0.352595,0.934904</triangledirection>
        <trianglepickorigin>0,0,0</trianglepickorigin>
        <orientation>
          <row0>0.993504,-0.113793,-4.09781e-8</row0>
          <row1>0.0403854,0.352595,0.934904</row1>
          <row2>-0.106386,-0.928831,0.354900</row2>
        </orientation>
      </transform>
      <snapped>false</snapped>
    </blockref>
    <blockref>
      <blockid>flora_parts~, fe_cap_01a</blockid>
      <transform>
        <scale>1</scale>
        <position>1.544945,-1.910298,9.931455</position>
        <triangledirection>0.0597764,0.963699,0.260213</triangledirection>
        <trianglepickorigin>0,0,0</trianglepickorigin>
        <orientation>
          <row0>0.998081,-0.0619090,-9.49949e-8</row0>
          <row1>0.0597764,0.963699,0.260213</row1>
          <row2>-0.0161094,-0.259713,0.965551</row2>
        </orientation>
      </transform>
      <snapped>false</snapped>
    </blockref>
    <blockref>
      <blockid>flora_parts~, fe_cap_01a</blockid>
      <transform>
        <scale>1</scale>
        <position>-3.328101,0.0310862,9.926820</position>
        <triangledirection>0.840065,-0.500078,0.210267</triangledirection>
        <trianglepickorigin>0,0,0</trianglepickorigin>
        <orientation>
          <row0>-0.511513,-0.859275,-2.23517e-7</row0>
          <row1>0.840065,-0.500078,0.210267</row1>
          <row2>-0.180677,0.107554,0.977644</row2>
        </orientation>
      </transform>
      <snapped>false</snapped>
    </blockref>
  </blocks></sporemodel>