spore0005438f634740666200d3a8e592d816b417ffffffffffffffff0000000ebfdb7edd06KChangfffffffffffffffe0aPurtabella0000000<?xml version="1.0" encoding="UTF-8"?><sporemodel>
  <properties>
    <modeltype>PlantLarge</modeltype>
    <skineffectseed1>1234</skineffectseed1>
    <skineffectseed2>1234</skineffectseed2>
    <skineffectseed3>1234</skineffectseed3>
    <skincolor1>0.694118,0.635292,0.505882</skincolor1>
    <skincolor2>0.694118,0.513726,0.129412</skincolor2>
    <skincolor3>0.392157,0.443135,0.321567</skincolor3>
    <zcorpscore>11</zcorpscore>
  </properties>
  <blocks count="36">
    <blockref>
      <blockid>flora_parts~, fe_root_dummy</blockid>
      <transform>
        <scale>1</scale>
        <position>0.00106752,-0.00160674,0.600000</position>
        <triangledirection>0,1,0</triangledirection>
        <trianglepickorigin>0,0,0</trianglepickorigin>
        <orientation>
          <row0>1,0,0</row0>
          <row1>0,1,0</row1>
          <row2>0,0,1</row2>
        </orientation>
      </transform>
      <snapped>false</snapped>
      <childlist count="2">
        <childid>3</childid>
        <childid>1</childid>
      </childlist>
    </blockref>
    <blockref>
      <blockid>flora_parts~, FE_muscle_branch_04</blockid>
      <transform>
        <limbtype>0</limbtype>
        <musclescale>0.425000</musclescale>
        <basemusclescale>3</basemusclescale>
        <scale>1</scale>
        <position>0.00106752,-0.00160674,0.600000</position>
        <triangledirection>0.00436399,0.0160359,0.999861</triangledirection>
        <trianglepickorigin>0,0,0</trianglepickorigin>
        <orientation>
          <row0>-0.0934408,0.995503,-0.0155581</row0>
          <row1>0.00436399,0.0160359,0.999861</row1>
          <row2>0.995615,0.0933600,-0.00584277</row2>
        </orientation>
      </transform>
      <snapped>true</snapped>
      <childlist count="1">
        <childid>2</childid>
      </childlist>
      <handles count="1">
        <weight channel="longer">0.227402</weight>
      </handles>
    </blockref>
    <blockref>
      <blockid>Creature_parts~, ce_grasper_null</blockid>
      <transform>
        <basemusclescale>1.900000</basemusclescale>
        <scale>1</scale>
        <position>-0.00618184,-0.0282453,-1.060948</position>
        <triangledirection>0,0,-1</triangledirection>
        <trianglepickorigin>0,0,0</trianglepickorigin>
        <orientation>
          <row0>1,0,0</row0>
          <row1>0,0,-1</row1>
          <row2>0,1,0</row2>
        </orientation>
      </transform>
      <snapped>true</snapped>
    </blockref>
    <blockref>
      <blockid>flora_parts~, fe_muscle_branch_02</blockid>
      <transform>
        <limbtype>0</limbtype>
        <musclescale>0.224998</musclescale>
        <basemusclescale>3</basemusclescale>
        <scale>1</scale>
        <position>0.00106752,-0.00160674,0.600000</position>
        <triangledirection>-0.0342369,-0.326671,-0.944517</triangledirection>
        <trianglepickorigin>0,0,0</trianglepickorigin>
        <orientation>
          <row0>0.999413,-0.0111955,-0.0323547</row0>
          <row1>-0.0342369,-0.326671,-0.944517</row1>
          <row2>5.02012e-6,0.945071,-0.326863</row2>
        </orientation>
      </transform>
      <snapped>true</snapped>
      <childlist count="1">
        <childid>8</childid>
      </childlist>
      <handles count="1">
        <weight channel="longer">0.323351</weight>
      </handles>
    </blockref>
    <blockref>
      <blockid>flora_parts~, fe_muscle_branch_02</blockid>
      <transform>
        <limbtype>0</limbtype>
        <musclescale>0.249999</musclescale>
        <basemusclescale>2.149998</basemusclescale>
        <scale>1</scale>
        <position>-0.699374,0.726808,5.584009</position>
        <triangledirection>-0.431589,0.122519,-0.893711</triangledirection>
        <trianglepickorigin>0,0,0</trianglepickorigin>
        <orientation>
          <row0>0.901715,0.0308124,-0.431230</row0>
          <row1>-0.431589,0.122519,-0.893711</row1>
          <row2>0.0252966,0.991987,0.123775</row2>
        </orientation>
      </transform>
      <snapped>true</snapped>
      <childlist count="1">
        <childid>5</childid>
      </childlist>
      <handles count="1">
        <weight channel="longer">0.327613</weight>
      </handles>
    </blockref>
    <blockref>
      <blockid>flora_parts~, FE_muscle_branch_04</blockid>
      <transform>
        <limbtype>0</limbtype>
        <musclescale>0.5</musclescale>
        <basemusclescale>1.950000</basemusclescale>
        <scale>1</scale>
        <position>0.289007,0.446226,7.630697</position>
        <triangledirection>-0.0702909,0.529917,-0.845131</triangledirection>
        <trianglepickorigin>0,0,0</trianglepickorigin>
        <orientation>
          <row0>0.992328,0.123527,-0.00507915</row0>
          <row1>-0.0702909,0.529917,-0.845131</row1>
          <row2>-0.101705,0.839004,0.534534</row2>
        </orientation>
      </transform>
      <snapped>true</snapped>
      <childlist count="4">
        <childid>22</childid>
        <childid>15</childid>
        <childid>12</childid>
        <childid>6</childid>
      </childlist>
      <handles count="1">
        <weight channel="longer">0.192135</weight>
      </handles>
    </blockref>
    <blockref>
      <blockid>Creature_parts~, ce_grasper_null</blockid>
      <transform>
        <basemusclescale>1.100000</basemusclescale>
        <scale>1</scale>
        <position>0.390216,-0.316771,8.847552</position>
        <triangledirection>-0.514724,0.502593,-0.694592</triangledirection>
        <trianglepickorigin>0,0,0</trianglepickorigin>
        <orientation>
          <row0>0.817793,0.0445536,-0.573784</row0>
          <row1>-0.514724,0.502593,-0.694592</row1>
          <row2>0.257433,0.863374,0.433950</row2>
        </orientation>
      </transform>
      <snapped>true</snapped>
    </blockref>
    <blockref>
      <blockid>flora_parts~, FE_leaf_13</blockid>
      <transform>
        <scale>1,886298</scale>
        <position>0.506310,-0.649636,8.814217</position>
        <triangledirection>-0.0981207,0.765302,-0.636146</triangledirection>
        <trianglepickorigin>0,0,0</trianglepickorigin>
        <orientation>
          <row0>0.999429,-0.0337882,0</row0>
          <row1>0.0334066,0.988141,0.149871</row1>
          <row2>-0.00506388,-0.149785,0.988705</row2>
        </orientation>
        <userorientation>
          <userorientation_row0>0.942973,-0.155103,-0.294517</userorientation_row0>
          <userorientation_row1>-0.123923,0.657609,-0.743096</userorientation_row1>
          <userorientation_row2>0.308935,0.737217,0.600888</userorientation_row2>
        </userorientation>
      </transform>
      <snapped>false</snapped>
      <childlist count="2">
        <childid>29</childid>
        <childid>23</childid>
      </childlist>
      <handles count="4">
        <weight channel="DeformAxisForward">1</weight>
        <weight channel="DeformAxisLeft">0.868519</weight>
        <weight channel="DeformAxisUp">0.118680</weight>
        <weight channel="0x2697a2f2">0.404871</weight>
      </handles>
    </blockref>
    <blockref>
      <blockid>flora_parts~, fe_muscle_branch_02</blockid>
      <transform>
        <limbtype>0</limbtype>
        <musclescale>0.249999</musclescale>
        <basemusclescale>2.699998</basemusclescale>
        <scale>1</scale>
        <position>0.0785580,0.737767,2.737780</position>
        <triangledirection>0.263648,0.00371385,-0.964611</triangledirection>
        <trianglepickorigin>0,0,0</trianglepickorigin>
        <orientation>
          <row0>0.954495,0.143495,0.261435</row0>
          <row1>0.263648,0.00371385,-0.964611</row1>
          <row2>-0.139388,0.989644,-0.0342873</row2>
        </orientation>
      </transform>
      <snapped>true</snapped>
      <childlist count="2">
        <childid>9</childid>
        <childid>4</childid>
      </childlist>
      <handles count="1">
        <weight channel="longer">0.432862</weight>
      </handles>
    </blockref>
    <blockref>
      <blockid>flora_parts~, FE_muscle_branch_04</blockid>
      <transform>
        <limbtype>0</limbtype>
        <musclescale>0.524998</musclescale>
        <basemusclescale>2.149998</basemusclescale>
        <scale>1</scale>
        <position>-0.699374,0.726808,5.584009</position>
        <triangledirection>0.182969,-0.234046,-0.954853</triangledirection>
        <trianglepickorigin>0,0,0</trianglepickorigin>
        <orientation>
          <row0>0.965137,0.227670,0.129134</row0>
          <row1>0.182969,-0.234046,-0.954853</row1>
          <row2>-0.187168,0.945192,-0.267543</row2>
        </orientation>
      </transform>
      <snapped>true</snapped>
      <childlist count="6">
        <childid>21</childid>
        <childid>19</childid>
        <childid>18</childid>
        <childid>17</childid>
        <childid>16</childid>
        <childid>10</childid>
      </childlist>
      <handles count="1">
        <weight channel="longer">0.243582</weight>
      </handles>
    </blockref>
    <blockref>
      <blockid>Creature_parts~, ce_grasper_null</blockid>
      <transform>
        <basemusclescale>1.599998</basemusclescale>
        <scale>1</scale>
        <position>-1.021898,1.139369,7.267151</position>
        <triangledirection>-0.428321,0.194358,-0.882476</triangledirection>
        <trianglepickorigin>0,0,0</trianglepickorigin>
        <orientation>
          <row0>0.900831,0.0150845,-0.433907</row0>
          <row1>-0.428321,0.194358,-0.882477</row1>
          <row2>0.0710217,0.980814,0.181544</row2>
        </orientation>
      </transform>
      <snapped>true</snapped>
    </blockref>
    <blockref>
      <blockid>flora_parts~, FE_leaf_13</blockid>
      <transform>
        <scale>2,191565</scale>
        <position>-1.133545,1.220775,7.802748</position>
        <triangledirection>0.0533195,-0.822940,-0.565619</triangledirection>
        <trianglepickorigin>0,0,0</trianglepickorigin>
        <orientation>
          <row0>-0.819890,-0.572520,2.23517e-7</row0>
          <row1>0.497665,-0.712692,-0.494366</row1>
          <row2>0.283035,-0.405326,0.869253</row2>
        </orientation>
        <userorientation>
          <userorientation_row0>0.901605,-0.409293,0.139954</userorientation_row0>
          <userorientation_row1>0.427434,0.892661,-0.143016</userorientation_row1>
          <userorientation_row2>-0.0663976,0.188765,0.979773</userorientation_row2>
        </userorientation>
      </transform>
      <snapped>false</snapped>
      <childlist count="4">
        <childid>32</childid>
        <childid>28</childid>
        <childid>26</childid>
        <childid>24</childid>
      </childlist>
      <handles count="4">
        <weight channel="DeformAxisForward">1</weight>
        <weight channel="DeformAxisLeft">0.810099</weight>
        <weight channel="DeformAxisUp">0.772818</weight>
        <weight channel="0x2697a2f2">0.481339</weight>
      </handles>
    </blockref>
    <blockref>
      <blockid>flora_parts~, fe_detail_04</blockid>
      <transform>
        <scale>2,651168</scale>
        <position>0.554318,-0.290995,8.559165</position>
        <triangledirection>-0.592669,0.791439,0.149551</triangledirection>
        <trianglepickorigin>0,0,0</trianglepickorigin>
        <orientation>
          <row0>0.722575,0.691291,-5.06639e-7</row0>
          <row1>-0.603536,0.630849,0.487619</row1>
          <row2>0.337087,-0.352341,0.873056</row2>
        </orientation>
        <userorientation>
          <userorientation_row0>-0.946174,-0.000200851,-0.323656</userorientation_row0>
          <userorientation_row1>0.118867,0.929901,-0.348071</userorientation_row1>
          <userorientation_row2>0.301037,-0.367809,-0.879824</userorientation_row2>
        </userorientation>
      </transform>
      <snapped>false</snapped>
      <childlist count="1">
        <childid>14</childid>
      </childlist>
      <handles count="4">
        <weight channel="Stretch">1</weight>
        <weight channel="Thicken">1</weight>
        <weight channel="tweak_side">0.47,2435</weight>
        <weight channel="tweak_top_bottom">0.92,1908</weight>
      </handles>
    </blockref>
    <blockref>
      <blockid>flora_parts~, fe_detail_04</blockid>
      <transform>
        <scale>2,651167</scale>
        <position>0.762033,-0.329095,8.869763</position>
        <triangledirection>-0.430652,-0.0679592,-0.899955</triangledirection>
        <trianglepickorigin>0,0,0</trianglepickorigin>
        <orientation>
          <row0>0.420409,0.907334,-1.04308e-7</row0>
          <row1>-0.893548,0.414021,-0.173659</row1>
          <row2>-0.157566,0.0730079,0.984805</row2>
        </orientation>
        <userorientation>
          <userorientation_row0>-0.362521,-0.835232,-0.413477</userorientation_row0>
          <userorientation_row1>-0.242712,0.512957,-0.823386</userorientation_row1>
          <userorientation_row2>0.899816,-0.198138,-0.388678</userorientation_row2>
        </userorientation>
      </transform>
      <snapped>false</snapped>
      <handles count="4">
        <weight channel="Stretch">1</weight>
        <weight channel="Thicken">1</weight>
        <weight channel="tweak_side">0.472435</weight>
        <weight channel="tweak_top_bottom">0.921908</weight>
      </handles>
    </blockref>
    <blockref>
      <blockid>flora_parts~, fe_detail_04</blockid>
      <transform>
        <scale>2,651167</scale>
        <position>0.124007,-0.523015,8.477339</position>
        <triangledirection>0.539633,0.713659,-0.446638</triangledirection>
        <trianglepickorigin>0,0,0</trianglepickorigin>
        <orientation>
          <row0>0.797639,-0.603134,-7.45058e-8</row0>
          <row1>0.539633,0.713659,-0.446638</row1>
          <row2>0.269383,0.356256,0.894714</row2>
        </orientation>
        <userorientation>
          <userorientation_row0>-0.947332,0,0.320249</userorientation_row0>
          <userorientation_row1>0,1,0</userorientation_row1>
          <userorientation_row2>-0.320249,0,-0.947332</userorientation_row2>
        </userorientation>
      </transform>
      <snapped>false</snapped>
      <handles count="4">
        <weight channel="Stretch">1</weight>
        <weight channel="Thicken">1</weight>
        <weight channel="tweak_side">0.47,2435</weight>
        <weight channel="tweak_top_bottom">0.92,1908</weight>
      </handles>
    </blockref>
    <blockref>
      <blockid>flora_parts~, fe_detail_04</blockid>
      <transform>
        <scale>2,857651</scale>
        <position>0.304016,-0.217943,8.952370</position>
        <triangledirection>0.542758,-0.482313,-0.687595</triangledirection>
        <trianglepickorigin>0,0,0</trianglepickorigin>
        <orientation>
          <row0>-0.664256,-0.747505,1.53481e-6</row0>
          <row1>0.542758,-0.482313,-0.687595</row1>
          <row2>0.513981,-0.456738,0.726094</row2>
        </orientation>
        <userorientation>
          <userorientation_row0>-0.917352,0,0.398074</userorientation_row0>
          <userorientation_row1>0,1,0</userorientation_row1>
          <userorientation_row2>-0.398074,0,-0.917352</userorientation_row2>
        </userorientation>
      </transform>
      <snapped>false</snapped>
      <childlist count="2">
        <childid>13</childid>
        <childid>7</childid>
      </childlist>
      <handles count="4">
        <weight channel="Stretch">0.66,3650</weight>
        <weight channel="Thicken">1</weight>
        <weight channel="tweak_side">0.47,2435</weight>
        <weight channel="tweak_top_bottom">0.92,8262</weight>
      </handles>
    </blockref>
    <blockref>
      <blockid>flora_parts~, fe_detail_04</blockid>
      <transform>
        <scale>2,651161</scale>
        <position>-1.178705,1.058476,7.211028</position>
        <triangledirection>0.996722,-0.0226225,-0.0776663</triangledirection>
        <trianglepickorigin>0,0,0</trianglepickorigin>
        <orientation>
          <row0>0.396080,-0.918215,-5.77419e-7</row0>
          <row1>0.910806,0.392884,0.126784</row1>
          <row2>-0.116414,-0.0502172,0.991930</row2>
        </orientation>
        <userorientation>
          <userorientation_row0>-0.879518,0.338983,-0.333971</userorientation_row0>
          <userorientation_row1>0.415555,0.889086,-0.191936</userorientation_row1>
          <userorientation_row2>0.231866,-0.307595,-0.922833</userorientation_row2>
        </userorientation>
      </transform>
      <snapped>false</snapped>
      <handles count="4">
        <weight channel="Stretch">1</weight>
        <weight channel="Thicken">1</weight>
        <weight channel="tweak_side">0.472435</weight>
        <weight channel="tweak_top_bottom">0.921908</weight>
      </handles>
    </blockref>
    <blockref>
      <blockid>flora_parts~, fe_detail_04</blockid>
      <transform>
        <scale>2,459594</scale>
        <position>-1.074216,1.320652,7.272711</position>
        <triangledirection>0.379342,-0.916965,-0.123590</triangledirection>
        <trianglepickorigin>0,0,0</trianglepickorigin>
        <orientation>
          <row0>-0.924049,-0.382272,1.21071e-6</row0>
          <row1>0.379342,-0.916965,-0.123590</row1>
          <row2>0.0472462,-0.114202,0.992333</row2>
        </orientation>
        <userorientation>
          <userorientation_row0>-0.917352,0,0.398074</userorientation_row0>
          <userorientation_row1>0,1,0</userorientation_row1>
          <userorientation_row2>-0.398074,0,-0.917352</userorientation_row2>
        </userorientation>
      </transform>
      <snapped>false</snapped>
      <handles count="4">
        <weight channel="Stretch">0.66,3650</weight>
        <weight channel="Thicken">1</weight>
        <weight channel="tweak_side">0.32,0387</weight>
        <weight channel="tweak_top_bottom">0.90,4054</weight>
      </handles>
    </blockref>
    <blockref>
      <blockid>flora_parts~, fe_detail_04</blockid>
      <transform>
        <scale>2,651158</scale>
        <position>-0.943763,0.954462,7.320696</position>
        <triangledirection>0.181616,0.848325,-0.497352</triangledirection>
        <trianglepickorigin>0,0,0</trianglepickorigin>
        <orientation>
          <row0>0.972665,0.232210,-1.02818e-6</row0>
          <row1>-0.198212,0.830252,-0.520953</row1>
          <row2>-0.120970,0.506713,0.853585</row2>
        </orientation>
        <userorientation>
          <userorientation_row0>-0.914821,0.365482,-0.171822</userorientation_row0>
          <userorientation_row1>0.373643,0.927423,-0.0166448</userorientation_row1>
          <userorientation_row2>0.153270,-0.0794279,-0.984986</userorientation_row2>
        </userorientation>
      </transform>
      <snapped>false</snapped>
      <handles count="4">
        <weight channel="Stretch">1</weight>
        <weight channel="Thicken">1</weight>
        <weight channel="tweak_side">0.472435</weight>
        <weight channel="tweak_top_bottom">0.921908</weight>
      </handles>
    </blockref>
    <blockref>
      <blockid>flora_parts~, fe_detail_04</blockid>
      <transform>
        <scale>2,651157</scale>
        <position>-0.814377,1.206700,7.367681</position>
        <triangledirection>-0.738478,-0.307358,-0.600150</triangledirection>
        <trianglepickorigin>0,0,0</trianglepickorigin>
        <orientation>
          <row0>-0.384252,0.923228,2.53319e-7</row0>
          <row1>-0.738478,-0.307358,-0.600150</row1>
          <row2>-0.554075,-0.230609,0.799887</row2>
        </orientation>
        <userorientation>
          <userorientation_row0>-0.969080,0,0.246747</userorientation_row0>
          <userorientation_row1>0,1,0</userorientation_row1>
          <userorientation_row2>-0.246747,0,-0.969080</userorientation_row2>
        </userorientation>
      </transform>
      <snapped>false</snapped>
      <childlist count="1">
        <childid>11</childid>
      </childlist>
      <handles count="4">
        <weight channel="Stretch">0.663650</weight>
        <weight channel="Thicken">1</weight>
        <weight channel="tweak_side">0.472435</weight>
        <weight channel="tweak_top_bottom">0.928262</weight>
      </handles>
    </blockref>
    <blockref>
      <blockid>flora_parts~, fe_cap_01a</blockid>
      <transform>
        <scale>1</scale>
        <position>-6.377993,2.921169,12.122017</position>
        <triangledirection>0.768881,0.381336,0.513228</triangledirection>
        <trianglepickorigin>0,0,0</trianglepickorigin>
        <orientation>
          <row0>0.444317,-0.895869,1.49011e-8</row0>
          <row1>0.768881,0.381336,0.513228</row1>
          <row2>-0.459785,-0.228036,0.858251</row2>
        </orientation>
      </transform>
      <snapped>false</snapped>
    </blockref>
    <blockref>
      <blockid>flora_parts~, FE_leaf_13</blockid>
      <transform>
        <scale>3,188710</scale>
        <position>-0.944297,0.781975,6.686920</position>
        <triangledirection>0.973511,0.227847,-0.0189395</triangledirection>
        <trianglepickorigin>0,0,0</trianglepickorigin>
        <orientation>
          <row0>0.943522,-0.331310,-5.96046e-8</row0>
          <row1>0.263271,0.749757,-0.607084</row1>
          <row2>0.201133,0.572797,0.794637</row2>
        </orientation>
        <userorientation>
          <userorientation_row0>0.533794,-0.611432,-0.584133</userorientation_row0>
          <userorientation_row1>0.843041,0.438625,0.311265</userorientation_row1>
          <userorientation_row2>0.0658985,-0.658602,0.749599</userorientation_row2>
        </userorientation>
      </transform>
      <snapped>false</snapped>
      <childlist count="3">
        <childid>31</childid>
        <childid>27</childid>
        <childid>25</childid>
      </childlist>
      <handles count="4">
        <weight channel="DeformAxisForward">1</weight>
        <weight channel="DeformAxisLeft">0.851277</weight>
        <weight channel="DeformAxisUp">0.897521</weight>
        <weight channel="0x2697a2f2">0.439715</weight>
      </handles>
    </blockref>
    <blockref>
      <blockid>flora_parts~, FE_leaf_13</blockid>
      <transform>
        <scale>3,437061</scale>
        <position>0.599761,0.222553,8.097191</position>
        <triangledirection>-0.997985,0.0437347,-0.0459490</triangledirection>
        <trianglepickorigin>0,0,0</trianglepickorigin>
        <orientation>
          <row0>0.0310249,0.999518,-9.59262e-8</row0>
          <row1>-0.921298,0.0285969,-0.387804</row1>
          <row2>-0.387617,0.0120316,0.921741</row2>
        </orientation>
        <userorientation>
          <userorientation_row0>0.986998,-0.0670996,0.146047</userorientation_row0>
          <userorientation_row1>0.0127512,0.938512,0.345010</userorientation_row1>
          <userorientation_row2>-0.160218,-0.338661,0.927166</userorientation_row2>
        </userorientation>
      </transform>
      <snapped>false</snapped>
      <childlist count="2">
        <childid>33</childid>
        <childid>30</childid>
      </childlist>
      <handles count="4">
        <weight channel="DeformAxisForward">1</weight>
        <weight channel="DeformAxisLeft">0.820872</weight>
        <weight channel="DeformAxisUp">0.764346</weight>
        <weight channel="0x2697a2f2">0.0407477</weight>
      </handles>
    </blockref>
    <blockref>
      <blockid>flora_parts~, FE_leaf_13</blockid>
      <transform>
        <scale>2,033211</scale>
        <position>-0.184077,-4.837541,10.337146</position>
        <triangledirection>0.561372,0.769422,0.304711</triangledirection>
        <trianglepickorigin>0,0,0</trianglepickorigin>
        <orientation>
          <row0>0.815658,-0.578533,-3.35276e-8</row0>
          <row1>0.578008,0.814917,-0.0426053</row1>
          <row2>0.0246486,0.0347513,0.999091</row2>
        </orientation>
        <userorientation>
          <userorientation_row0>0.984472,0.0486297,-0.168669</userorientation_row0>
          <userorientation_row1>0.0127512,0.938512,0.345010</userorientation_row1>
          <userorientation_row2>0.175076,-0.341803,0.923319</userorientation_row2>
        </userorientation>
      </transform>
      <snapped>false</snapped>
      <childlist count="1">
        <childid>35</childid>
      </childlist>
      <handles count="4">
        <weight channel="DeformAxisForward">0.664748</weight>
        <weight channel="DeformAxisLeft">0.820872</weight>
        <weight channel="DeformAxisUp">0.764346</weight>
        <weight channel="0x2697a2f2">0.0407477</weight>
      </handles>
    </blockref>
    <blockref>
      <blockid>flora_parts~, FE_leaf_13</blockid>
      <transform>
        <scale>1,886299</scale>
        <position>1.241298,3.732093,11.401383</position>
        <triangledirection>-0.646436,-0.727494,0.229934</triangledirection>
        <trianglepickorigin>0,0,0</trianglepickorigin>
        <orientation>
          <row0>-0.674426,0.738341,1.34110e-7</row0>
          <row1>-0.692513,-0.632565,-0.346823</row1>
          <row2>-0.256074,-0.233906,0.937930</row2>
        </orientation>
        <userorientation>
          <userorientation_row0>0.994679,0.0733928,0.0722762</userorientation_row0>
          <userorientation_row1>-0.101166,0.828106,0.551364</userorientation_row1>
          <userorientation_row2>-0.0193863,-0.555742,0.831126</userorientation_row2>
        </userorientation>
      </transform>
      <snapped>false</snapped>
      <childlist count="1">
        <childid>34</childid>
      </childlist>
      <handles count="4">
        <weight channel="DeformAxisForward">0.581044</weight>
        <weight channel="DeformAxisLeft">0.820872</weight>
        <weight channel="DeformAxisUp">0.882910</weight>
        <weight channel="0x2697a2f2">0.336610</weight>
      </handles>
    </blockref>
    <blockref>
      <blockid>flora_parts~, FE_leaf_13</blockid>
      <transform>
        <scale>1,886299</scale>
        <position>-5.513759,1.978564,11.845391</position>
        <triangledirection>0.492748,-0.784858,0.375757</triangledirection>
        <trianglepickorigin>0,0,0</trianglepickorigin>
        <orientation>
          <row0>-0.899250,-0.437433,-1.93715e-7</row0>
          <row1>0.350159,-0.719837,-0.599351</row1>
          <row2>0.262176,-0.538967,0.800485</row2>
        </orientation>
        <userorientation>
          <userorientation_row0>0.994679,0.0733928,0.0722762</userorientation_row0>
          <userorientation_row1>-0.0997809,0.512299,0.852988</userorientation_row1>
          <userorientation_row2>0.0255760,-0.855664,0.516897</userorientation_row2>
        </userorientation>
      </transform>
      <snapped>false</snapped>
      <childlist count="1">
        <childid>20</childid>
      </childlist>
      <handles count="4">
        <weight channel="DeformAxisForward">0.581044</weight>
        <weight channel="DeformAxisLeft">0.820872</weight>
        <weight channel="DeformAxisUp">0.882910</weight>
        <weight channel="0x2697a2f2">0.362794</weight>
      </handles>
    </blockref>
    <blockref>
      <blockid>flora_parts~, FE_leaf_13</blockid>
      <transform>
        <scale>2,033211</scale>
        <position>-1.004404,2.326674,9.135411</position>
        <triangledirection>0.101543,-0.877666,0.468390</triangledirection>
        <trianglepickorigin>0,0,0</trianglepickorigin>
        <orientation>
          <row0>-0.808026,-0.589146,3.05473e-7</row0>
          <row1>0.570931,-0.783044,0.246735</row1>
          <row2>-0.145362,0.199368,0.969083</row2>
        </orientation>
        <userorientation>
          <userorientation_row0>0.899030,-0.431519,-0.0743879</userorientation_row0>
          <userorientation_row1>0.435023,0.860795,0.264168</userorientation_row1>
          <userorientation_row2>-0.0499612,-0.269857,0.961602</userorientation_row2>
        </userorientation>
      </transform>
      <snapped>false</snapped>
      <handles count="4">
        <weight channel="DeformAxisForward">1</weight>
        <weight channel="DeformAxisLeft">0.436785</weight>
        <weight channel="DeformAxisUp">0.916715</weight>
        <weight channel="0x2697a2f2">0.493679</weight>
      </handles>
    </blockref>
    <blockref>
      <blockid>flora_parts~, FE_leaf_13</blockid>
      <transform>
        <scale>2,546236</scale>
        <position>-5.956729,-2.715327,11.351465</position>
        <triangledirection>0.732767,0.654719,-0.185452</triangledirection>
        <trianglepickorigin>0,0,0</trianglepickorigin>
        <orientation>
          <row0>0.675898,-0.736995,-2.23517e-7</row0>
          <row1>0.632570,0.580130,-0.513129</row1>
          <row2>0.378174,0.346823,0.858311</row2>
        </orientation>
        <userorientation>
          <userorientation_row0>0.994648,-0.0472800,0.0918515</userorientation_row0>
          <userorientation_row1>0.0127512,0.938512,0.345010</userorientation_row1>
          <userorientation_row2>-0.102515,-0.341993,0.934092</userorientation_row2>
        </userorientation>
      </transform>
      <snapped>false</snapped>
      <handles count="4">
        <weight channel="DeformAxisForward">0.510687</weight>
        <weight channel="DeformAxisLeft">0.463593</weight>
        <weight channel="DeformAxisUp">0.764346</weight>
        <weight channel="0x2697a2f2">0.398692</weight>
      </handles>
    </blockref>
    <blockref>
      <blockid>flora_parts~, FE_leaf_13</blockid>
      <transform>
        <scale>2,546238</scale>
        <position>-0.319665,1.504184,12.922051</position>
        <triangledirection>0.400988,0.901892,-0.160613</triangledirection>
        <trianglepickorigin>0,0,0</trianglepickorigin>
        <orientation>
          <row0>0.992021,-0.126069,2.60770e-7</row0>
          <row1>0.0461830,0.363404,-0.930486</row1>
          <row2>0.117306,0.923062,0.366327</row2>
        </orientation>
        <userorientation>
          <userorientation_row0>0.900789,0.155220,-0.405565</userorientation_row0>
          <userorientation_row1>0.284087,0.495719,0.820703</userorientation_row1>
          <userorientation_row2>0.328438,-0.854498,0.402442</userorientation_row2>
        </userorientation>
      </transform>
      <snapped>false</snapped>
      <handles count="4">
        <weight channel="DeformAxisForward">0.992954</weight>
        <weight channel="DeformAxisLeft">0.463593</weight>
        <weight channel="DeformAxisUp">0.764346</weight>
        <weight channel="0x2697a2f2">1</weight>
      </handles>
    </blockref>
    <blockref>
      <blockid>flora_parts~, fe_cap_01a</blockid>
      <transform>
        <scale>1</scale>
        <position>0.137356,-3.089884,9.689058</position>
        <triangledirection>0.760803,0.0966613,0.641743</triangledirection>
        <trianglepickorigin>0,0,0</trianglepickorigin>
        <orientation>
          <row0>0.126038,-0.992025,-9.31322e-8</row0>
          <row1>0.760803,0.0966613,0.641743</row1>
          <row2>-0.636625,-0.0808844,0.766919</row2>
        </orientation>
      </transform>
      <snapped>false</snapped>
    </blockref>
    <blockref>
      <blockid>flora_parts~, fe_cap_01a</blockid>
      <transform>
        <scale>1</scale>
        <position>4.537943,-1.124380,10.714185</position>
        <triangledirection>0.0158963,0.992748,0.119159</triangledirection>
        <trianglepickorigin>0,0,0</trianglepickorigin>
        <orientation>
          <row0>0.999871,-0.0160103,1.38534e-8</row0>
          <row1>0.0158963,0.992748,0.119159</row1>
          <row2>-0.00190779,-0.119143,0.992875</row2>
        </orientation>
      </transform>
      <snapped>false</snapped>
    </blockref>
    <blockref>
      <blockid>flora_parts~, fe_cap_01a</blockid>
      <transform>
        <scale>1</scale>
        <position>-4.563349,-0.503986,9.582414</position>
        <triangledirection>0.903281,0.429044,0.00185440</triangledirection>
        <trianglepickorigin>0,0,0</trianglepickorigin>
        <orientation>
          <row0>0.429045,-0.903283,-4.30736e-9</row0>
          <row1>0.903281,0.429044,0.00185440</row1>
          <row2>-0.00167504,-0.000795625,0.999998</row2>
        </orientation>
      </transform>
      <snapped>false</snapped>
    </blockref>
    <blockref>
      <blockid>flora_parts~, fe_cap_01a</blockid>
      <transform>
        <scale>1</scale>
        <position>-1.030924,2.818449,10.563576</position>
        <triangledirection>0.566511,-0.714929,0.409804</triangledirection>
        <trianglepickorigin>0,0,0</trianglepickorigin>
        <orientation>
          <row0>-0.783765,-0.621056,3.57627e-7</row0>
          <row1>0.566511,-0.714929,0.409804</row1>
          <row2>-0.254511,0.321190,0.912173</row2>
        </orientation>
      </transform>
      <snapped>false</snapped>
    </blockref>
    <blockref>
      <blockid>flora_parts~, fe_cap_01a</blockid>
      <transform>
        <scale>1</scale>
        <position>4.372724,0.501195,10.884457</position>
        <triangledirection>0.345032,-0.874317,-0.341352</triangledirection>
        <trianglepickorigin>0,0,0</trianglepickorigin>
        <orientation>
          <row0>-0.930189,-0.367080,-3.72529e-7</row0>
          <row1>0.345032,-0.874317,-0.341352</row1>
          <row2>0.125303,-0.317522,0.939935</row2>
        </orientation>
      </transform>
      <snapped>false</snapped>
    </blockref>
    <blockref>
      <blockid>flora_parts~, fe_cap_01a</blockid>
      <transform>
        <scale>1</scale>
        <position>2.326275,4.962945,11.887601</position>
        <triangledirection>-0.0311218,-0.338219,0.940552</triangledirection>
        <trianglepickorigin>0,0,0</trianglepickorigin>
        <orientation>
          <row0>-0.995793,0.0916299,1.06170e-7</row0>
          <row1>-0.0311218,-0.338219,0.940552</row1>
          <row2>0.0861827,0.936595,0.339648</row2>
        </orientation>
      </transform>
      <snapped>false</snapped>
    </blockref>
    <blockref>
      <blockid>flora_parts~, fe_cap_01a</blockid>
      <transform>
        <scale>1</scale>
        <position>-1.207338,-6.532910,10.432633</position>
        <triangledirection>0.0952773,0.219748,0.970892</triangledirection>
        <trianglepickorigin>0,0,0</trianglepickorigin>
        <orientation>
          <row0>0.917475,-0.397792,-3.94880e-7</row0>
          <row1>0.0952773,0.219748,0.970892</row1>
          <row2>-0.386214,-0.890770,0.239514</row2>
        </orientation>
      </transform>
      <snapped>false</snapped>
    </blockref>
  </blocks></sporemodel>