spore0005438f634740666200a5edcf7dd816b417ffffffffffffffff0000000ebfdb7ece06KChangfffffffffffffffe09Frumptash0000000<?xml version="1.0" encoding="UTF-8"?><sporemodel>
  <properties>
    <modeltype>PlantMedium</modeltype>
    <skineffectseed1>1234</skineffectseed1>
    <skineffectseed2>1234</skineffectseed2>
    <skineffectseed3>1234</skineffectseed3>
    <skincolor1>0.392157,0.443136,0.321568</skincolor1>
    <skincolor2>0.541176,0.694118,0.317647</skincolor2>
    <skincolor3>0.803922,0.662744,0.368627</skincolor3>
    <zcorpscore>16</zcorpscore>
  </properties>
  <blocks count="25">
    <blockref>
      <blockid>flora_parts~, fe_root_dummy</blockid>
      <transform>
        <scale>1</scale>
        <position>0,0,0.600000</position>
        <triangledirection>0,1,0</triangledirection>
        <trianglepickorigin>0,0,0</trianglepickorigin>
        <orientation>
          <row0>1,0,0</row0>
          <row1>0,1,0</row1>
          <row2>0,0,1</row2>
        </orientation>
      </transform>
      <snapped>false</snapped>
      <childlist count="2">
        <childid>3</childid>
        <childid>1</childid>
      </childlist>
    </blockref>
    <blockref>
      <blockid>flora_parts~, FE_muscle_branch_04</blockid>
      <transform>
        <limbtype>0</limbtype>
        <musclescale>0.675000</musclescale>
        <basemusclescale>2.5</basemusclescale>
        <scale>1</scale>
        <position>0,0,0.600000</position>
        <triangledirection>-0.00436399,0.0160359,0.999861</triangledirection>
        <trianglepickorigin>0,0,0</trianglepickorigin>
        <orientation>
          <row0>-0.0934408,-0.995503,0.0155582</row0>
          <row1>-0.00436399,0.0160359,0.999861</row1>
          <row2>-0.995615,0.0933600,-0.00584279</row2>
        </orientation>
      </transform>
      <snapped>true</snapped>
      <childlist count="1">
        <childid>2</childid>
      </childlist>
      <handles count="1">
        <weight channel="longer">0.0356860</weight>
      </handles>
    </blockref>
    <blockref>
      <blockid>Creature_parts~, ce_grasper_null</blockid>
      <transform>
        <basemusclescale>1.399999</basemusclescale>
        <scale>1</scale>
        <position>0.00199899,-0.00734399,0.142098</position>
        <triangledirection>0,0,-1</triangledirection>
        <trianglepickorigin>0,0,0</trianglepickorigin>
        <orientation>
          <row0>1,0,0</row0>
          <row1>0,0,-1</row1>
          <row2>0,1,0</row2>
        </orientation>
      </transform>
      <snapped>true</snapped>
    </blockref>
    <blockref>
      <blockid>flora_parts~, fe_trunk_01</blockid>
      <transform>
        <limbtype>2</limbtype>
        <musclescale>0</musclescale>
        <basemusclescale>2.5</basemusclescale>
        <scale>1,568310</scale>
        <position>0,0,0.600000</position>
        <triangledirection>0,9.99999e-7,-1</triangledirection>
        <trianglepickorigin>0,0,0</trianglepickorigin>
        <orientation>
          <row0>1,0,0</row0>
          <row1>0,9.99999e-7,-1</row1>
          <row2>0,1,9.99999e-7</row2>
        </orientation>
        <userorientation>
          <userorientation_row0>0.449245,0,-0.893408</userorientation_row0>
          <userorientation_row1>0,1,0</userorientation_row1>
          <userorientation_row2>0.893408,0,0.449245</userorientation_row2>
        </userorientation>
      </transform>
      <snapped>true</snapped>
      <childlist count="9">
        <childid>21</childid>
        <childid>17</childid>
        <childid>15</childid>
        <childid>12</childid>
        <childid>11</childid>
        <childid>10</childid>
        <childid>7</childid>
        <childid>5</childid>
        <childid>4</childid>
      </childlist>
      <handles count="3">
        <weight channel="DeformAxisLeft">0</weight>
        <weight channel="DeformAxisForward">0.564616</weight>
        <weight channel="DeformBoneLength">0.319539</weight>
      </handles>
    </blockref>
    <blockref>
      <blockid>Creature_parts~, ce_grasper_null</blockid>
      <transform>
        <basemusclescale>1</basemusclescale>
        <scale>1</scale>
        <position>0,-3.99999e-6,3.885150</position>
        <triangledirection>0,1.00000e-6,-1</triangledirection>
        <trianglepickorigin>0,0,0</trianglepickorigin>
        <orientation>
          <row0>1,0,0</row0>
          <row1>0,1.00000e-6,-1</row1>
          <row2>0,1,1.00000e-6</row2>
        </orientation>
      </transform>
      <snapped>true</snapped>
    </blockref>
    <blockref>
      <blockid>flora_parts~, FE_leaf_03</blockid>
      <transform>
        <scale>1</scale>
        <position>-0.268839,0.107701,1.084949</position>
        <triangledirection>0.187180,-0.434985,-0.882472</triangledirection>
        <trianglepickorigin>0,0,0</trianglepickorigin>
        <orientation>
          <row0>-0.437789,-0.899077,-1.49011e-8</row0>
          <row1>0.844712,-0.411317,-0.342458</row1>
          <row2>0.307897,-0.149925,0.939532</row2>
        </orientation>
        <userorientation>
          <userorientation_row0>-0.952179,0.210548,-0.226211</userorientation_row0>
          <userorientation_row1>0.309139,0.639241,-0.706263</userorientation_row1>
          <userorientation_row2>-0.00409199,-0.741297,-0.672743</userorientation_row2>
        </userorientation>
      </transform>
      <snapped>false</snapped>
      <childlist count="1">
        <childid>9</childid>
      </childlist>
      <handles count="3">
        <weight channel="DeformAxisForward">1</weight>
        <weight channel="DeformAxisLeft">0.708811</weight>
        <weight channel="DeformAxisUp">0.555388</weight>
      </handles>
    </blockref>
    <blockref>
      <blockid>flora_parts~, fe_cap_01a</blockid>
      <transform>
        <scale>0,798516</scale>
        <position>0.718626,0.348528,2.390280</position>
        <triangledirection>-0.790488,0.520265,0.323191</triangledirection>
        <trianglepickorigin>0,0,0</trianglepickorigin>
        <orientation>
          <row0>0.0762998,0.997084,4.28408e-8</row0>
          <row1>-0.942306,0.0721080,0.326894</row1>
          <row2>0.325941,-0.0249420,0.945061</row2>
        </orientation>
        <userorientation>
          <userorientation_row0>0.873282,-0.457390,0.167846</userorientation_row0>
          <userorientation_row1>0.458434,0.888046,0.0348059</userorientation_row1>
          <userorientation_row2>-0.164976,0.0465510,0.985198</userorientation_row2>
        </userorientation>
      </transform>
      <snapped>false</snapped>
    </blockref>
    <blockref>
      <blockid>flora_parts~, fe_cap_01a</blockid>
      <transform>
        <scale>0,798516</scale>
        <position>-0.598114,0.0648769,2.340415</position>
        <triangledirection>0.977976,0.166017,0.126494</triangledirection>
        <trianglepickorigin>0,0,0</trianglepickorigin>
        <orientation>
          <row0>-0.155880,-0.987776,6.51925e-9</row0>
          <row1>0.985885,-0.155581,0.0618359</row1>
          <row2>-0.0610800,0.00963901,0.998086</row2>
        </orientation>
        <userorientation>
          <userorientation_row0>0.944755,0.320805,-0.0672470</userorientation_row0>
          <userorientation_row1>-0.316435,0.946166,0.0681179</userorientation_row1>
          <userorientation_row2>0.0854789,-0.0430759,0.995407</userorientation_row2>
        </userorientation>
      </transform>
      <snapped>false</snapped>
    </blockref>
    <blockref>
      <blockid>flora_parts~, fe_cap_01a</blockid>
      <transform>
        <scale>0,798516</scale>
        <position>-0.0293219,-1.064283,2.176630</position>
        <triangledirection>0.804901,0.0863475,0.587092</triangledirection>
        <trianglepickorigin>0,0,0</trianglepickorigin>
        <orientation>
          <row0>0.841086,-0.540900,-4.17232e-7</row0>
          <row1>0.450287,0.700186,0.554058</row1>
          <row2>-0.299689,-0.466010,0.832478</row2>
        </orientation>
        <userorientation>
          <userorientation_row0>0.772375,-0.631309,-0.0698779</userorientation_row0>
          <userorientation_row1>0.630285,0.748180,0.207282</userorientation_row1>
          <userorientation_row2>-0.0785780,-0.204142,0.975782</userorientation_row2>
        </userorientation>
      </transform>
      <snapped>false</snapped>
    </blockref>
    <blockref>
      <blockid>flora_parts~, fe_cap_01a</blockid>
      <transform>
        <scale>0,798516</scale>
        <position>0.0769959,0.829257,2.790235</position>
        <triangledirection>0.141080,-0.602948,0.785206</triangledirection>
        <trianglepickorigin>0,0,0</trianglepickorigin>
        <orientation>
          <row0>-0.200813,0.979629,-4.69386e-7</row0>
          <row1>-0.928009,-0.190232,0.320329</row1>
          <row2>0.313803,0.0643269,0.947306</row2>
        </orientation>
        <userorientation>
          <userorientation_row0>0.710582,0.574168,0.406698</userorientation_row0>
          <userorientation_row1>-0.618996,0.235301,0.749316</userorientation_row1>
          <userorientation_row2>0.334537,-0.784196,0.522608</userorientation_row2>
        </userorientation>
      </transform>
      <snapped>false</snapped>
    </blockref>
    <blockref>
      <blockid>flora_parts~, fe_cap_01a</blockid>
      <transform>
        <scale>0,798516</scale>
        <position>0.129959,-0.664584,2.614885</position>
        <triangledirection>0.855004,-0.499089,-0.140984</triangledirection>
        <trianglepickorigin>0,0,0</trianglepickorigin>
        <orientation>
          <row0>0.956233,-0.292603,2.83122e-7</row0>
          <row1>0.280721,0.917403,0.282072</row1>
          <row2>-0.0825359,-0.269727,0.959392</row2>
        </orientation>
        <userorientation>
          <userorientation_row0>-0.259663,-0.965470,-0.0210180</userorientation_row0>
          <userorientation_row1>0.963620,-0.257616,-0.0712100</userorientation_row1>
          <userorientation_row2>0.0633370,-0.0387449,0.997239</userorientation_row2>
        </userorientation>
      </transform>
      <snapped>false</snapped>
    </blockref>
    <blockref>
      <blockid>flora_parts~, FE_leaf_03</blockid>
      <transform>
        <scale>1</scale>
        <position>0.278271,0.200957,1.003669</position>
        <triangledirection>-0.268629,-0.0189897,-0.972954</triangledirection>
        <trianglepickorigin>0,0,0</trianglepickorigin>
        <orientation>
          <row0>-0.816126,0.577873,1.34110e-7</row0>
          <row1>-0.542426,-0.766065,-0.344841</row1>
          <row2>-0.199274,-0.281434,0.938660</row2>
        </orientation>
        <userorientation>
          <userorientation_row0>0.944105,-0.347787,0.0283189</userorientation_row0>
          <userorientation_row1>0.208262,0.495775,-0.854399</userorientation_row1>
          <userorientation_row2>0.280414,0.804803,0.535346</userorientation_row2>
        </userorientation>
      </transform>
      <snapped>false</snapped>
      <childlist count="1">
        <childid>6</childid>
      </childlist>
      <handles count="3">
        <weight channel="DeformAxisForward">1</weight>
        <weight channel="DeformAxisLeft">0.708811</weight>
        <weight channel="DeformAxisUp">0.422195</weight>
      </handles>
    </blockref>
    <blockref>
      <blockid>flora_parts~, FE_leaf_03</blockid>
      <transform>
        <scale>1</scale>
        <position>0.104327,-0.349253,1.016550</position>
        <triangledirection>0.0340275,0.518332,-0.859305</triangledirection>
        <trianglepickorigin>0,0,0</trianglepickorigin>
        <orientation>
          <row0>0.843533,0.537077,-1.78813e-7</row0>
          <row1>-0.530844,0.833744,-0.151899</row1>
          <row2>-0.0815818,0.128132,0.988395</row2>
        </orientation>
        <userorientation>
          <userorientation_row0>0.119153,0.796274,0.598526</userorientation_row0>
          <userorientation_row1>0.307087,0.544622,-0.785694</userorientation_row1>
          <userorientation_row2>-0.947695,0.276280,-0.178897</userorientation_row2>
        </userorientation>
      </transform>
      <snapped>false</snapped>
      <childlist count="1">
        <childid>8</childid>
      </childlist>
      <handles count="3">
        <weight channel="DeformAxisForward">1</weight>
        <weight channel="DeformAxisLeft">0.708811</weight>
        <weight channel="DeformAxisUp">0.587503</weight>
      </handles>
    </blockref>
    <blockref>
      <blockid>flora_parts~, FE_leaf_01</blockid>
      <transform>
        <scale>0,580916</scale>
        <position>-0.332874,-0.399665,4.219573</position>
        <triangledirection>0.505036,0.653590,-0.563699</triangledirection>
        <trianglepickorigin>0,0,0</trianglepickorigin>
        <orientation>
          <row0>0.675931,-0.736677,-0.0205760</row0>
          <row1>0.728905,0.672396,-0.128761</row1>
          <row2>0.108691,0.0720362,0.991462</row2>
        </orientation>
        <userorientation>
          <userorientation_row0>0.991237,0.128182,-0.0318839</userorientation_row0>
          <userorientation_row1>-0.128517,0.880178,-0.456911</userorientation_row1>
          <userorientation_row2>-0.0305039,0.457004,0.888940</userorientation_row2>
        </userorientation>
      </transform>
      <snapped>false</snapped>
      <handles count="3">
        <weight channel="DeformAxisLeft">1</weight>
        <weight channel="DeformAxisUp">0.110030</weight>
        <weight channel="DeformAxisForward">0.975935</weight>
      </handles>
    </blockref>
    <blockref>
      <blockid>flora_parts~, FE_leaf_01</blockid>
      <transform>
        <scale>0,538941</scale>
        <position>-0.377719,-0.365915,4.145599</position>
        <triangledirection>0.915204,0.115761,-0.386005</triangledirection>
        <trianglepickorigin>0,0,0</trianglepickorigin>
        <orientation>
          <row0>0.678835,-0.734126,-0.0155427</row0>
          <row1>0.733124,0.678797,-0.0419759</row1>
          <row2>0.0413660,0.0171000,0.998997</row2>
        </orientation>
        <userorientation>
          <userorientation_row0>0.816968,-0.576665,0.00421399</userorientation_row0>
          <userorientation_row1>0.542288,0.765739,-0.345780</userorientation_row1>
          <userorientation_row2>0.196173,0.284777,0.938306</userorientation_row2>
        </userorientation>
      </transform>
      <snapped>false</snapped>
      <handles count="3">
        <weight channel="DeformAxisLeft">0.669812</weight>
        <weight channel="DeformAxisUp">0.147490</weight>
        <weight channel="DeformAxisForward">0.465122</weight>
      </handles>
    </blockref>
    <blockref>
      <blockid>flora_parts~, fe_detail_03</blockid>
      <transform>
        <scale>0,5</scale>
        <position>-0.305454,-0.395203,4.129452</position>
        <triangledirection>0.629271,0.776973,-0.0181391</triangledirection>
        <trianglepickorigin>0,0,0</trianglepickorigin>
        <orientation>
          <row0>0.551168,-0.834393,0</row0>
          <row1>0.825308,0.545167,-0.147172</row1>
          <row2>0.122799,0.0811166,0.989110</row2>
        </orientation>
        <userorientation>
          <userorientation_row0>0.953476,0.298974,0.0386869</userorientation_row0>
          <userorientation_row1>-0.301467,0.945593,0.122358</userorientation_row1>
          <userorientation_row2>0,-0.128329,0.991732</userorientation_row2>
        </userorientation>
      </transform>
      <snapped>false</snapped>
      <childlist count="3">
        <childid>16</childid>
        <childid>14</childid>
        <childid>13</childid>
      </childlist>
      <handles count="3">
        <weight channel="DeformAxisUp">0.5</weight>
        <weight channel="DeformAxisForward">0.0108709</weight>
        <weight channel="DeformAxisLeft">0.5</weight>
      </handles>
    </blockref>
    <blockref>
      <blockid>flora_parts~, FE_leaf_01</blockid>
      <transform>
        <scale>0,580916</scale>
        <position>-0.302640,-0.440625,4.151511</position>
        <triangledirection>0.124842,0.945822,-0.299724</triangledirection>
        <trianglepickorigin>0,0,0</trianglepickorigin>
        <orientation>
          <row0>0.799026,-0.601292,-0.00201395</row0>
          <row1>0.595358,0.791601,-0.137530</row1>
          <row2>0.0842906,0.108691,0.990495</row2>
        </orientation>
        <userorientation>
          <userorientation_row0>0.865505,0.407033,-0.291933</userorientation_row0>
          <userorientation_row1>-0.468359,0.864262,-0.183550</userorientation_row1>
          <userorientation_row2>0.177596,0.295592,0.938661</userorientation_row2>
        </userorientation>
      </transform>
      <snapped>false</snapped>
      <handles count="3">
        <weight channel="DeformAxisLeft">1</weight>
        <weight channel="DeformAxisUp">0.146568</weight>
        <weight channel="DeformAxisForward">0.465122</weight>
      </handles>
    </blockref>
    <blockref>
      <blockid>flora_parts~, fe_detail_03</blockid>
      <transform>
        <scale>0,5</scale>
        <position>-0.279071,0.461617,4.104661</position>
        <triangledirection>0.358143,-0.933628,-0.00846908</triangledirection>
        <trianglepickorigin>0,0,0</trianglepickorigin>
        <orientation>
          <row0>-0.998197,-0.0600140,1.49011e-7</row0>
          <row1>0.0594470,-0.988767,-0.137132</row1>
          <row2>0.00822998,-0.136884,0.990552</row2>
        </orientation>
        <userorientation>
          <userorientation_row0>0.953476,0.298974,0.0386869</userorientation_row0>
          <userorientation_row1>-0.301467,0.945593,0.122358</userorientation_row1>
          <userorientation_row2>0,-0.128329,0.991732</userorientation_row2>
        </userorientation>
      </transform>
      <snapped>false</snapped>
      <childlist count="3">
        <childid>20</childid>
        <childid>19</childid>
        <childid>18</childid>
      </childlist>
      <handles count="3">
        <weight channel="DeformAxisUp">0.5</weight>
        <weight channel="DeformAxisForward">0.0108709</weight>
        <weight channel="DeformAxisLeft">0.5</weight>
      </handles>
    </blockref>
    <blockref>
      <blockid>flora_parts~, FE_leaf_01</blockid>
      <transform>
        <scale>0,5</scale>
        <position>-0.269277,0.488503,4.194522</position>
        <triangledirection>0.313758,-0.769873,-0.555741</triangledirection>
        <trianglepickorigin>0,0,0</trianglepickorigin>
        <orientation>
          <row0>-0.975960,-0.217122,-0.0189691</row0>
          <row1>0.217823,-0.968727,-0.118826</row1>
          <row2>0.00742398,-0.120101,0.992733</row2>
        </orientation>
        <userorientation>
          <userorientation_row0>0.991237,0.128182,-0.0318839</userorientation_row0>
          <userorientation_row1>-0.128517,0.880178,-0.456911</userorientation_row1>
          <userorientation_row2>-0.0305039,0.457004,0.888940</userorientation_row2>
        </userorientation>
      </transform>
      <snapped>false</snapped>
      <handles count="3">
        <weight channel="DeformAxisLeft">1</weight>
        <weight channel="DeformAxisUp">0.151776</weight>
        <weight channel="DeformAxisForward">0.869682</weight>
      </handles>
    </blockref>
    <blockref>
      <blockid>flora_parts~, FE_leaf_01</blockid>
      <transform>
        <scale>0,5</scale>
        <position>-0.217579,0.509712,4.120359</position>
        <triangledirection>-0.357213,-0.854295,-0.377593</triangledirection>
        <trianglepickorigin>0,0,0</trianglepickorigin>
        <orientation>
          <row0>-0.975205,-0.220863,-0.0139033</row0>
          <row1>0.221205,-0.974703,-0.0319730</row1>
          <row2>-0.00649001,-0.0342557,0.999392</row2>
        </orientation>
        <userorientation>
          <userorientation_row0>0.816968,-0.576665,0.00421399</userorientation_row0>
          <userorientation_row1>0.542288,0.765739,-0.345780</userorientation_row1>
          <userorientation_row2>0.196173,0.284777,0.938306</userorientation_row2>
        </userorientation>
      </transform>
      <snapped>false</snapped>
      <handles count="3">
        <weight channel="DeformAxisLeft">1</weight>
        <weight channel="DeformAxisUp">0.111074</weight>
        <weight channel="DeformAxisForward">0.465122</weight>
      </handles>
    </blockref>
    <blockref>
      <blockid>flora_parts~, FE_leaf_01</blockid>
      <transform>
        <scale>0,5</scale>
        <position>-0.319826,0.482118,4.126488</position>
        <triangledirection>0.756794,-0.584120,-0.293370</triangledirection>
        <trianglepickorigin>0,0,0</trianglepickorigin>
        <orientation>
          <row0>-0.920292,-0.391227,0.00140188</row0>
          <row1>0.387841,-0.912786,-0.128057</row1>
          <row2>0.0513790,-0.117306,0.991765</row2>
        </orientation>
        <userorientation>
          <userorientation_row0>0.865505,0.407033,-0.291933</userorientation_row0>
          <userorientation_row1>-0.468359,0.864262,-0.183550</userorientation_row1>
          <userorientation_row2>0.177596,0.295592,0.938661</userorientation_row2>
        </userorientation>
      </transform>
      <snapped>false</snapped>
      <handles count="3">
        <weight channel="DeformAxisLeft">1</weight>
        <weight channel="DeformAxisUp">0.146568</weight>
        <weight channel="DeformAxisForward">0.465122</weight>
      </handles>
    </blockref>
    <blockref>
      <blockid>flora_parts~, fe_detail_03</blockid>
      <transform>
        <scale>0,5</scale>
        <position>0.436446,-0.181074,4.101251</position>
        <triangledirection>-0.984729,0.173054,-0.0189746</triangledirection>
        <trianglepickorigin>0,0,0</trianglepickorigin>
        <orientation>
          <row0>0.462000,0.886879,-2.86847e-7</row0>
          <row1>-0.877107,0.456909,-0.148038</row1>
          <row2>-0.131292,0.0683943,0.988981</row2>
        </orientation>
        <userorientation>
          <userorientation_row0>0.953476,0.298974,0.0386869</userorientation_row0>
          <userorientation_row1>-0.301467,0.945593,0.122358</userorientation_row1>
          <userorientation_row2>0,-0.128329,0.991732</userorientation_row2>
        </userorientation>
      </transform>
      <snapped>false</snapped>
      <childlist count="3">
        <childid>24</childid>
        <childid>23</childid>
        <childid>22</childid>
      </childlist>
      <handles count="3">
        <weight channel="DeformAxisUp">0.5</weight>
        <weight channel="DeformAxisForward">0.0108709</weight>
        <weight channel="DeformAxisLeft">0.5</weight>
      </handles>
    </blockref>
    <blockref>
      <blockid>flora_parts~, FE_leaf_01</blockid>
      <transform>
        <scale>0,626161</scale>
        <position>0.453584,-0.202842,4.191396</position>
        <triangledirection>-0.816134,0.124095,-0.564379</triangledirection>
        <trianglepickorigin>0,0,0</trianglepickorigin>
        <orientation>
          <row0>0.316023,0.948525,-0.0207191</row0>
          <row1>-0.941571,0.310875,-0.129615</row1>
          <row2>-0.116502,0.0604700,0.991347</row2>
        </orientation>
        <userorientation>
          <userorientation_row0>0.991237,0.128182,-0.0318839</userorientation_row0>
          <userorientation_row1>-0.128517,0.880178,-0.456911</userorientation_row1>
          <userorientation_row2>-0.0305039,0.457004,0.888940</userorientation_row2>
        </userorientation>
      </transform>
      <snapped>false</snapped>
      <handles count="3">
        <weight channel="DeformAxisLeft">1</weight>
        <weight channel="DeformAxisUp">0.151776</weight>
        <weight channel="DeformAxisForward">0.623876</weight>
      </handles>
    </blockref>
    <blockref>
      <blockid>flora_parts~, FE_leaf_01</blockid>
      <transform>
        <scale>0,674929</scale>
        <position>0.445903,-0.258465,4.117436</position>
        <triangledirection>-0.545122,0.743828,-0.386730</triangledirection>
        <trianglepickorigin>0,0,0</trianglepickorigin>
        <orientation>
          <row0>0.312381,0.949827,-0.0156869</row0>
          <row1>-0.949281,0.311494,-0.0428374</row1>
          <row2>-0.0358017,0.0282729,0.998958</row2>
        </orientation>
        <userorientation>
          <userorientation_row0>0.816968,-0.576665,0.00421399</userorientation_row0>
          <userorientation_row1>0.542288,0.765739,-0.345780</userorientation_row1>
          <userorientation_row2>0.196173,0.284777,0.938306</userorientation_row2>
        </userorientation>
      </transform>
      <snapped>false</snapped>
      <handles count="3">
        <weight channel="DeformAxisLeft">1</weight>
        <weight channel="DeformAxisUp">0.111074</weight>
        <weight channel="DeformAxisForward">0.465122</weight>
      </handles>
    </blockref>
    <blockref>
      <blockid>flora_parts~, FE_leaf_01</blockid>
      <transform>
        <scale>0,580916</scale>
        <position>0.474775,-0.156556,4.123328</position>
        <triangledirection>-0.887292,-0.350066,-0.300277</triangledirection>
        <trianglepickorigin>0,0,0</trianglepickorigin>
        <orientation>
          <row0>0.137866,0.990448,-0.00230149</row0>
          <row1>-0.980969,0.136226,-0.138350</row1>
          <row2>-0.136715,0.0213317,0.990380</row2>
        </orientation>
        <userorientation>
          <userorientation_row0>0.865505,0.407033,-0.291933</userorientation_row0>
          <userorientation_row1>-0.468359,0.864262,-0.183550</userorientation_row1>
          <userorientation_row2>0.177596,0.295592,0.938661</userorientation_row2>
        </userorientation>
      </transform>
      <snapped>false</snapped>
      <handles count="3">
        <weight channel="DeformAxisLeft">0.956328</weight>
        <weight channel="DeformAxisUp">0.0924219</weight>
        <weight channel="DeformAxisForward">0.459207</weight>
      </handles>
    </blockref>
  </blocks></sporemodel>