spore0005438f6347406662005a024fb4d816b417ffffffffffffffff0000000ebfdb7eec06KChangfffffffffffffffe08Irvingst0000000<?xml version="1.0" encoding="UTF-8"?><sporemodel>
  <properties>
    <modeltype>PlantMedium</modeltype>
    <skineffectseed1>18016</skineffectseed1>
    <skineffectseed2>4660</skineffectseed2>
    <skineffectseed3>18016</skineffectseed3>
    <skincolor1>0.282353,0.219608,0.0901959</skincolor1>
    <skincolor2>0.576470,0.549020,0.184313</skincolor2>
    <skincolor3>0.345097,0.443136,0.203922</skincolor3>
    <zcorpscore>22</zcorpscore>
  </properties>
  <blocks count="36">
    <blockref>
      <blockid>flora_parts~, fe_root_dummy</blockid>
      <transform>
        <scale>1</scale>
        <position>0,0,0.600000</position>
        <triangledirection>0,1,0</triangledirection>
        <trianglepickorigin>0,0,0</trianglepickorigin>
        <orientation>
          <row0>1,0,0</row0>
          <row1>0,1,0</row1>
          <row2>0,0,1</row2>
        </orientation>
      </transform>
      <snapped>false</snapped>
      <childlist count="5">
        <childid>13</childid>
        <childid>10</childid>
        <childid>7</childid>
        <childid>4</childid>
        <childid>1</childid>
      </childlist>
    </blockref>
    <blockref>
      <blockid>flora_parts~, FE_muscle_branch_04</blockid>
      <transform>
        <limbtype>0</limbtype>
        <musclescale>0.5</musclescale>
        <basemusclescale>2.149999</basemusclescale>
        <scale>1</scale>
        <position>0,0,0.600000</position>
        <triangledirection>-0.0951470,0.989685,0.107099</triangledirection>
        <trianglepickorigin>0,0,0</trianglepickorigin>
        <orientation>
          <row0>0.938620,0.0533581,0.340798</row0>
          <row1>-0.0951470,0.989685,0.107099</row1>
          <row2>-0.331569,-0.132951,0.934015</row2>
        </orientation>
      </transform>
      <snapped>true</snapped>
      <childlist count="1">
        <childid>2</childid>
      </childlist>
      <handles count="1">
        <weight channel="longer">0.162245</weight>
      </handles>
    </blockref>
    <blockref>
      <blockid>flora_parts~, FE_muscle_branch_04</blockid>
      <transform>
        <limbtype>0</limbtype>
        <musclescale>0.425000</musclescale>
        <basemusclescale>0.900000</basemusclescale>
        <scale>1</scale>
        <position>0.119148,-1.239334,0.465885</position>
        <triangledirection>-0.0630600,0.771010,0.633692</triangledirection>
        <trianglepickorigin>0,0,0</trianglepickorigin>
        <orientation>
          <row0>0.956770,-0.133935,0.258169</row0>
          <row1>-0.0630600,0.771010,0.633692</row1>
          <row2>-0.283924,-0.622578,0.729234</row2>
        </orientation>
      </transform>
      <snapped>true</snapped>
      <childlist count="1">
        <childid>3</childid>
      </childlist>
      <handles count="1">
        <weight channel="longer">0.162245</weight>
      </handles>
    </blockref>
    <blockref>
      <blockid>Creature_parts~, ce_grasper_null</blockid>
      <transform>
        <basemusclescale>0.950000</basemusclescale>
        <scale>1</scale>
        <position>0.198115,-2.204831,-0.327656</position>
        <triangledirection>-0.0951471,0.989685,0.107099</triangledirection>
        <trianglepickorigin>0,0,0</trianglepickorigin>
        <orientation>
          <row0>0.938620,0.0533581,0.340798</row0>
          <row1>-0.0951471,0.989685,0.107099</row1>
          <row2>-0.331569,-0.132951,0.934015</row2>
        </orientation>
      </transform>
      <snapped>true</snapped>
    </blockref>
    <blockref>
      <blockid>flora_parts~, fe_muscle_branch_01</blockid>
      <transform>
        <limbtype>0</limbtype>
        <musclescale>0.5</musclescale>
        <basemusclescale>2.149999</basemusclescale>
        <scale>1</scale>
        <position>0,0,0.600000</position>
        <triangledirection>0.450499,-0.878579,0.158578</triangledirection>
        <trianglepickorigin>0,0,0</trianglepickorigin>
        <orientation>
          <row0>-0.00935368,0.172969,0.984882</row0>
          <row1>0.450499,-0.878579,0.158578</row1>
          <row2>0.892727,0.445172,-0.0697049</row2>
        </orientation>
      </transform>
      <snapped>true</snapped>
      <childlist count="2">
        <childid>26</childid>
        <childid>5</childid>
      </childlist>
      <handles count="1">
        <weight channel="longer">0.162245</weight>
      </handles>
    </blockref>
    <blockref>
      <blockid>flora_parts~, FE_muscle_branch_04</blockid>
      <transform>
        <limbtype>0</limbtype>
        <musclescale>0.5</musclescale>
        <basemusclescale>0.850000</basemusclescale>
        <scale>1</scale>
        <position>-0.564139,1.100201,0.401419</position>
        <triangledirection>0.638756,-0.618453,0.457718</triangledirection>
        <trianglepickorigin>0,0,0</trianglepickorigin>
        <orientation>
          <row0>-0.217429,0.425554,0.878423</row0>
          <row1>0.638756,-0.618453,0.457718</row1>
          <row2>0.738048,0.660619,-0.137355</row2>
        </orientation>
      </transform>
      <snapped>true</snapped>
      <childlist count="1">
        <childid>6</childid>
      </childlist>
      <handles count="1">
        <weight channel="longer">0.162245</weight>
      </handles>
    </blockref>
    <blockref>
      <blockid>Creature_parts~, ce_grasper_null</blockid>
      <transform>
        <basemusclescale>0.950000</basemusclescale>
        <scale>1</scale>
        <position>-1.364021,1.874659,-0.171758</position>
        <triangledirection>0.450499,-0.878580,0.158578</triangledirection>
        <trianglepickorigin>0,0,0</trianglepickorigin>
        <orientation>
          <row0>-0.00935180,0.172969,0.984882</row0>
          <row1>0.450499,-0.878580,0.158578</row1>
          <row2>0.892727,0.445172,-0.0697065</row2>
        </orientation>
      </transform>
      <snapped>true</snapped>
    </blockref>
    <blockref>
      <blockid>flora_parts~, FE_muscle_branch_04</blockid>
      <transform>
        <limbtype>0</limbtype>
        <musclescale>0.5</musclescale>
        <basemusclescale>2.149999</basemusclescale>
        <scale>1</scale>
        <position>0,0,0.600000</position>
        <triangledirection>-0.983118,0.0428249,0.177890</triangledirection>
        <trianglepickorigin>0,0,0</trianglepickorigin>
        <orientation>
          <row0>-0.182970,-0.226023,-0.956783</row0>
          <row1>-0.983118,0.0428249,0.177890</row1>
          <row2>0.000766859,0.973179,-0.230043</row2>
        </orientation>
      </transform>
      <snapped>true</snapped>
      <childlist count="2">
        <childid>25</childid>
        <childid>8</childid>
      </childlist>
      <handles count="1">
        <weight channel="longer">0.162245</weight>
      </handles>
    </blockref>
    <blockref>
      <blockid>flora_parts~, FE_muscle_branch_04</blockid>
      <transform>
        <limbtype>0</limbtype>
        <musclescale>0.5</musclescale>
        <basemusclescale>0.850000</basemusclescale>
        <scale>1</scale>
        <position>1.231110,-0.0536279,0.377238</position>
        <triangledirection>-0.878030,-0.221744,0.424135</triangledirection>
        <trianglepickorigin>0,0,0</trianglepickorigin>
        <orientation>
          <row0>-0.376024,-0.228625,-0.897962</row0>
          <row1>-0.878030,-0.221744,0.424135</row1>
          <row2>-0.296086,0.947923,-0.117358</row2>
        </orientation>
      </transform>
      <snapped>true</snapped>
      <childlist count="1">
        <childid>9</childid>
      </childlist>
      <handles count="1">
        <weight channel="longer">0.162245</weight>
      </handles>
    </blockref>
    <blockref>
      <blockid>Creature_parts~, ce_grasper_null</blockid>
      <transform>
        <basemusclescale>0.900000</basemusclescale>
        <scale>1</scale>
        <position>2.330624,0.224052,-0.153887</position>
        <triangledirection>-0.983118,0.0428229,0.177888</triangledirection>
        <trianglepickorigin>0,0,0</trianglepickorigin>
        <orientation>
          <row0>-0.182968,-0.226026,-0.956783</row0>
          <row1>-0.983118,0.0428229,0.177888</row1>
          <row2>0.000764789,0.973179,-0.230045</row2>
        </orientation>
      </transform>
      <snapped>true</snapped>
    </blockref>
    <blockref>
      <blockid>flora_parts~, FE_muscle_branch_04</blockid>
      <transform>
        <limbtype>0</limbtype>
        <musclescale>0.5</musclescale>
        <basemusclescale>2.149999</basemusclescale>
        <scale>1</scale>
        <position>0,0,0.600000</position>
        <triangledirection>0.969371,0.203148,0.138018</triangledirection>
        <trianglepickorigin>0,0,0</trianglepickorigin>
        <orientation>
          <row0>-0.0930231,-0.216400,0.971862</row0>
          <row1>0.969371,0.203148,0.138018</row1>
          <row2>-0.227300,0.954935,0.190875</row2>
        </orientation>
      </transform>
      <snapped>true</snapped>
      <childlist count="2">
        <childid>29</childid>
        <childid>11</childid>
      </childlist>
      <handles count="1">
        <weight channel="longer">0.162245</weight>
      </handles>
    </blockref>
    <blockref>
      <blockid>flora_parts~, FE_muscle_branch_04</blockid>
      <transform>
        <limbtype>0</limbtype>
        <musclescale>0.5</musclescale>
        <basemusclescale>0.75</basemusclescale>
        <scale>1</scale>
        <position>-1.213896,-0.254393,0.427165</position>
        <triangledirection>0.787857,0.0656290,0.612351</triangledirection>
        <trianglepickorigin>0,0,0</trianglepickorigin>
        <orientation>
          <row0>-0.511293,-0.484568,0.709769</row0>
          <row1>0.787857,0.0656290,0.612351</row1>
          <row2>-0.343307,0.872288,0.348214</row2>
        </orientation>
      </transform>
      <snapped>true</snapped>
      <childlist count="1">
        <childid>12</childid>
      </childlist>
      <handles count="1">
        <weight channel="longer">0.162245</weight>
      </handles>
    </blockref>
    <blockref>
      <blockid>Creature_parts~, ce_grasper_null</blockid>
      <transform>
        <basemusclescale>0.900000</basemusclescale>
        <scale>1</scale>
        <position>-2.200489,-0.336577,-0.339651</position>
        <triangledirection>0.971224,0.206330,-0.118957</triangledirection>
        <trianglepickorigin>0,0,0</trianglepickorigin>
        <orientation>
          <row0>0.156773,-0.177850,0.971489</row0>
          <row1>0.971224,0.206330,-0.118957</row1>
          <row2>-0.179291,0.962183,0.205079</row2>
        </orientation>
      </transform>
      <snapped>true</snapped>
    </blockref>
    <blockref>
      <blockid>flora_parts~, fe_muscle_branch_01</blockid>
      <transform>
        <limbtype>0</limbtype>
        <musclescale>0.325000</musclescale>
        <basemusclescale>2.149999</basemusclescale>
        <scale>1</scale>
        <position>0,0,0.600000</position>
        <triangledirection>0.263925,-0.166941,-0.949986</triangledirection>
        <trianglepickorigin>0,0,0</trianglepickorigin>
        <orientation>
          <row0>-0.775841,-0.621916,-0.106254</row0>
          <row1>0.263925,-0.166941,-0.949986</row1>
          <row2>0.573073,-0.765082,0.293659</row2>
        </orientation>
      </transform>
      <snapped>true</snapped>
      <childlist count="3">
        <childid>20</childid>
        <childid>17</childid>
        <childid>14</childid>
      </childlist>
      <handles count="1">
        <weight channel="longer">0.162245</weight>
      </handles>
    </blockref>
    <blockref>
      <blockid>flora_parts~, fe_muscle_branch_01</blockid>
      <transform>
        <limbtype>0</limbtype>
        <musclescale>0.699999</musclescale>
        <basemusclescale>1.349999</basemusclescale>
        <scale>1</scale>
        <position>-0.330500,0.209051,1.789620</position>
        <triangledirection>0.136106,-0.832605,-0.536881</triangledirection>
        <trianglepickorigin>0,0,0</trianglepickorigin>
        <orientation>
          <row0>0.237214,0.553550,-0.798318</row0>
          <row1>0.136106,-0.832605,-0.536881</row1>
          <row2>-0.961875,0.0186993,-0.272847</row2>
        </orientation>
      </transform>
      <snapped>true</snapped>
      <childlist count="1">
        <childid>15</childid>
      </childlist>
      <handles count="1">
        <weight channel="longer">0.123054</weight>
      </handles>
    </blockref>
    <blockref>
      <blockid>flora_parts~, fe_muscle_branch_01</blockid>
      <transform>
        <limbtype>0</limbtype>
        <musclescale>0.174999</musclescale>
        <basemusclescale>0.850000</basemusclescale>
        <scale>1</scale>
        <position>-0.467463,1.046892,2.329876</position>
        <triangledirection>0,0,-1</triangledirection>
        <trianglepickorigin>0,0,0</trianglepickorigin>
        <orientation>
          <row0>0.0282750,-0.999600,0</row0>
          <row1>0,0,-1</row1>
          <row2>0.999600,0.0282750,0</row2>
        </orientation>
      </transform>
      <snapped>true</snapped>
      <childlist count="4">
        <childid>34</childid>
        <childid>31</childid>
        <childid>24</childid>
        <childid>16</childid>
      </childlist>
      <handles count="1">
        <weight channel="longer">0.0890059</weight>
      </handles>
    </blockref>
    <blockref>
      <blockid>Creature_parts~, ce_grasper_null</blockid>
      <transform>
        <basemusclescale>1.149999</basemusclescale>
        <scale>1</scale>
        <position>-0.467463,1.046892,3.122479</position>
        <triangledirection>-0.579881,0.379063,-0.721143</triangledirection>
        <trianglepickorigin>0,0,0</trianglepickorigin>
        <orientation>
          <row0>-0.158530,-0.920745,-0.356506</row0>
          <row1>-0.579881,0.379063,-0.721143</row1>
          <row2>0.799128,0.0924085,-0.594015</row2>
        </orientation>
      </transform>
      <snapped>true</snapped>
    </blockref>
    <blockref>
      <blockid>flora_parts~, fe_muscle_branch_01</blockid>
      <transform>
        <limbtype>0</limbtype>
        <musclescale>0.650000</musclescale>
        <basemusclescale>1.349999</basemusclescale>
        <scale>1</scale>
        <position>-0.330500,0.209051,1.789620</position>
        <triangledirection>-0.740930,0.407984,-0.533450</triangledirection>
        <trianglepickorigin>0,0,0</trianglepickorigin>
        <orientation>
          <row0>-0.608222,-0.744449,0.275427</row0>
          <row1>-0.740930,0.407984,-0.533450</row1>
          <row2>0.284756,-0.528529,-0.799731</row2>
        </orientation>
      </transform>
      <snapped>true</snapped>
      <childlist count="1">
        <childid>18</childid>
      </childlist>
      <handles count="1">
        <weight channel="longer">0.106358</weight>
      </handles>
    </blockref>
    <blockref>
      <blockid>flora_parts~, fe_muscle_branch_01</blockid>
      <transform>
        <limbtype>0</limbtype>
        <musclescale>0.650000</musclescale>
        <basemusclescale>0.800000</basemusclescale>
        <scale>1</scale>
        <position>0.337456,-0.158749,2.270530</position>
        <triangledirection>0,0,-1</triangledirection>
        <trianglepickorigin>0,0,0</trianglepickorigin>
        <orientation>
          <row0>-0.782758,-0.622326,0</row0>
          <row1>0,0,-1</row1>
          <row2>0.622326,-0.782758,0</row2>
        </orientation>
      </transform>
      <snapped>true</snapped>
      <childlist count="4">
        <childid>33</childid>
        <childid>32</childid>
        <childid>23</childid>
        <childid>19</childid>
      </childlist>
      <handles count="1">
        <weight channel="longer">0.0415929</weight>
      </handles>
    </blockref>
    <blockref>
      <blockid>Creature_parts~, ce_grasper_null</blockid>
      <transform>
        <basemusclescale>0.900000</basemusclescale>
        <scale>1</scale>
        <position>0.337456,-0.158749,2.765569</position>
        <triangledirection>-0.605099,0.302550,-0.736422</triangledirection>
        <trianglepickorigin>0,0,0</trianglepickorigin>
        <orientation>
          <row0>-0.680050,-0.677394,0.280480</row0>
          <row1>-0.605099,0.302550,-0.736422</row1>
          <row2>0.413989,-0.670522,-0.615639</row2>
        </orientation>
      </transform>
      <snapped>true</snapped>
    </blockref>
    <blockref>
      <blockid>flora_parts~, fe_muscle_branch_01</blockid>
      <transform>
        <limbtype>0</limbtype>
        <musclescale>0.0750000</musclescale>
        <basemusclescale>1.349999</basemusclescale>
        <scale>1</scale>
        <position>-0.330500,0.209051,1.789620</position>
        <triangledirection>0.560729,0.577127,-0.593721</triangledirection>
        <trianglepickorigin>0,0,0</trianglepickorigin>
        <orientation>
          <row0>-0.0694389,-0.681753,-0.728279</row0>
          <row1>0.560729,0.577127,-0.593721</row1>
          <row2>0.825082,-0.449595,0.342204</row2>
        </orientation>
      </transform>
      <snapped>true</snapped>
      <childlist count="3">
        <childid>35</childid>
        <childid>22</childid>
        <childid>21</childid>
      </childlist>
      <handles count="1">
        <weight channel="longer">0.110615</weight>
      </handles>
    </blockref>
    <blockref>
      <blockid>Creature_parts~, ce_grasper_null</blockid>
      <transform>
        <basemusclescale>0.950000</basemusclescale>
        <scale>1</scale>
        <position>-0.850983,-0.326654,2.340728</position>
        <triangledirection>0,9.99999e-7,-1</triangledirection>
        <trianglepickorigin>0,0,0</trianglepickorigin>
        <orientation>
          <row0>-0.821252,-0.570565,-5.70565e-7</row0>
          <row1>0,9.99999e-7,-1</row1>
          <row2>0.570565,-0.821252,-8.21252e-7</row2>
        </orientation>
      </transform>
      <snapped>true</snapped>
    </blockref>
    <blockref>
      <blockid>flora_parts~, FE_leaf_16</blockid>
      <transform>
        <scale>1</scale>
        <position>-0.915511,-0.432741,2.413677</position>
        <triangledirection>0.455294,0.733606,-0.504507</triangledirection>
        <trianglepickorigin>0,0,0</trianglepickorigin>
        <orientation>
          <row0>0.849664,-0.527323,3.42726e-7</row0>
          <row1>0.455294,0.733606,-0.504507</row1>
          <row2>0.266038,0.428662,0.863407</row2>
        </orientation>
      </transform>
      <snapped>false</snapped>
      <handles count="3">
        <weight channel="DeformAxisLeft">0.265704</weight>
        <weight channel="DeformAxisForward">0.00248999</weight>
        <weight channel="DeformAxisUp">0.492391</weight>
      </handles>
    </blockref>
    <blockref>
      <blockid>flora_parts~, FE_leaf_16</blockid>
      <transform>
        <scale>0,927742</scale>
        <position>0.367605,-0.163962,2.863928</position>
        <triangledirection>-0.187644,0.476015,-0.859185</triangledirection>
        <trianglepickorigin>0,0,0</trianglepickorigin>
        <orientation>
          <row0>0.216499,0.976282,-6.78002e-7</row0>
          <row1>-0.263446,0.0584209,-0.962903</row1>
          <row2>-0.940065,0.208467,0.269846</row2>
        </orientation>
        <userorientation>
          <userorientation_row0>0.791368,-0.393672,0.467716</userorientation_row0>
          <userorientation_row1>0.424101,0.904556,0.0437839</userorientation_row1>
          <userorientation_row2>-0.440311,0.163709,0.882793</userorientation_row2>
        </userorientation>
      </transform>
      <snapped>false</snapped>
      <handles count="3">
        <weight channel="DeformAxisLeft">0.827888</weight>
        <weight channel="DeformAxisForward">0.114714</weight>
        <weight channel="DeformAxisUp">0.531653</weight>
      </handles>
    </blockref>
    <blockref>
      <blockid>flora_parts~, FE_leaf_16</blockid>
      <transform>
        <scale>1,349859</scale>
        <position>-0.464014,1.054518,3.125097</position>
        <triangledirection>0.332530,-0.271885,-0.903052</triangledirection>
        <trianglepickorigin>0,0,0</trianglepickorigin>
        <orientation>
          <row0>-0.765933,0.642919,-5.96046e-7</row0>
          <row1>-0.203755,-0.242742,-0.948451</row1>
          <row2>-0.609777,-0.726450,0.316923</row2>
        </orientation>
        <userorientation>
          <userorientation_row0>0.889724,0.455784,0.0255519</userorientation_row0>
          <userorientation_row1>-0.429496,0.854744,-0.291456</userorientation_row1>
          <userorientation_row2>-0.154680,0.248342,0.956242</userorientation_row2>
        </userorientation>
      </transform>
      <snapped>false</snapped>
      <handles count="3">
        <weight channel="DeformAxisLeft">0.346419</weight>
        <weight channel="DeformAxisForward">0</weight>
        <weight channel="DeformAxisUp">0.620923</weight>
      </handles>
    </blockref>
    <blockref>
      <blockid>flora_parts~, FE_muscle_branch_04</blockid>
      <transform>
        <limbtype>0</limbtype>
        <musclescale>0.5</musclescale>
        <basemusclescale>0.850000</basemusclescale>
        <scale>1</scale>
        <position>1.231109,-0.0536279,0.377237</position>
        <triangledirection>-0.0631049,0.922456,0.380908</triangledirection>
        <trianglepickorigin>0,0,0</trianglepickorigin>
        <orientation>
          <row0>0.941977,-0.0710310,0.328074</row0>
          <row1>-0.0631049,0.922456,0.380908</row1>
          <row2>-0.329690,-0.379510,0.864450</row2>
        </orientation>
      </transform>
      <snapped>true</snapped>
      <childlist count="1">
        <childid>28</childid>
      </childlist>
      <handles count="1">
        <weight channel="longer">0.162245</weight>
      </handles>
    </blockref>
    <blockref>
      <blockid>flora_parts~, FE_muscle_branch_04</blockid>
      <transform>
        <limbtype>0</limbtype>
        <musclescale>0.550000</musclescale>
        <basemusclescale>0.850000</basemusclescale>
        <scale>1</scale>
        <position>-0.564137,1.100201,0.401419</position>
        <triangledirection>-0.723872,-0.525190,0.447420</triangledirection>
        <trianglepickorigin>0,0,0</trianglepickorigin>
        <orientation>
          <row0>0.359778,0.266001,0.894316</row0>
          <row1>-0.723872,-0.525190,0.447420</row1>
          <row2>0.588700,-0.808342,0.00359913</row2>
        </orientation>
      </transform>
      <snapped>true</snapped>
      <childlist count="1">
        <childid>27</childid>
      </childlist>
      <handles count="1">
        <weight channel="longer">0.162245</weight>
      </handles>
    </blockref>
    <blockref>
      <blockid>Creature_parts~, ce_grasper_null</blockid>
      <transform>
        <basemusclescale>0.950000</basemusclescale>
        <scale>1</scale>
        <position>0.342330,1.757870,-0.158862</position>
        <triangledirection>0.120262,-0.944767,-0.304879</triangledirection>
        <trianglepickorigin>0,0,0</trianglepickorigin>
        <orientation>
          <row0>0.0822669,-0.296568,0.951461</row0>
          <row1>0.120262,-0.944767,-0.304879</row1>
          <row2>0.989327,0.139506,-0.0420570</row2>
        </orientation>
      </transform>
      <snapped>true</snapped>
    </blockref>
    <blockref>
      <blockid>Creature_parts~, ce_grasper_null</blockid>
      <transform>
        <basemusclescale>0.850000</basemusclescale>
        <scale>1</scale>
        <position>1.310132,-1.208773,-0.0997559</position>
        <triangledirection>-0.0951470,0.989685,0.107099</triangledirection>
        <trianglepickorigin>0,0,0</trianglepickorigin>
        <orientation>
          <row0>0.938620,0.0533581,0.340798</row0>
          <row1>-0.0951470,0.989685,0.107099</row1>
          <row2>-0.331569,-0.132951,0.934015</row2>
        </orientation>
      </transform>
      <snapped>true</snapped>
    </blockref>
    <blockref>
      <blockid>flora_parts~, FE_muscle_branch_04</blockid>
      <transform>
        <limbtype>0</limbtype>
        <musclescale>0.550000</musclescale>
        <basemusclescale>0.75</basemusclescale>
        <scale>1</scale>
        <position>-1.213896,-0.254393,0.427165</position>
        <triangledirection>0.402105,0.812416,0.422243</triangledirection>
        <trianglepickorigin>0,0,0</trianglepickorigin>
        <orientation>
          <row0>-0.157809,-0.392772,0.905994</row0>
          <row1>0.402105,0.812416,0.422243</row1>
          <row2>-0.901890,0.430939,0.0297289</row2>
        </orientation>
      </transform>
      <snapped>true</snapped>
      <childlist count="1">
        <childid>30</childid>
      </childlist>
      <handles count="1">
        <weight channel="longer">0.162245</weight>
      </handles>
    </blockref>
    <blockref>
      <blockid>Creature_parts~, ce_grasper_null</blockid>
      <transform>
        <basemusclescale>0.900000</basemusclescale>
        <scale>1</scale>
        <position>-1.717432,-1.271742,-0.101589</position>
        <triangledirection>0.0302189,0.747218,0.663890</triangledirection>
        <trianglepickorigin>0,0,0</trianglepickorigin>
        <orientation>
          <row0>-0.514215,-0.557938,0.651373</row0>
          <row1>0.0302189,0.747218,0.663890</row1>
          <row2>-0.857128,0.361066,-0.367371</row2>
        </orientation>
      </transform>
      <snapped>true</snapped>
    </blockref>
    <blockref>
      <blockid>flora_parts~, fe_cap_06a</blockid>
      <transform>
        <scale>0,591554</scale>
        <position>-0.262930,1.165652,2.437819</position>
        <triangledirection>-0.761128,-0.416874,0.496889</triangledirection>
        <trianglepickorigin>0,0,0</trianglepickorigin>
        <orientation>
          <row0>-0.578301,0.815823,1.05798e-6</row0>
          <row1>-0.710232,-0.503453,0.492042</row1>
          <row2>0.401419,0.284547,0.870571</row2>
        </orientation>
        <userorientation>
          <userorientation_row0>0.994980,-0.100069,0</userorientation_row0>
          <userorientation_row1>0.100065,0.994944,0.00842500</userorientation_row1>
          <userorientation_row2>-0.000842999,-0.00838299,0.999963</userorientation_row2>
        </userorientation>
      </transform>
      <snapped>false</snapped>
    </blockref>
    <blockref>
      <blockid>flora_parts~, fe_cap_06a</blockid>
      <transform>
        <scale>0,591554</scale>
        <position>0.483436,-0.134656,2.407876</position>
        <triangledirection>-0.642833,-0.535077,0.548141</triangledirection>
        <trianglepickorigin>0,0,0</trianglepickorigin>
        <orientation>
          <row0>-0.310137,0.950691,5.81145e-7</row0>
          <row1>-0.904070,-0.294929,0.309312</row1>
          <row2>0.294060,0.0959288,0.950960</row2>
        </orientation>
        <userorientation>
          <userorientation_row0>0.946960,0.321333,0.00349199</userorientation_row0>
          <userorientation_row1>-0.309325,0.908523,0.280900</userorientation_row1>
          <userorientation_row2>0.0870900,-0.267080,0.959731</userorientation_row2>
        </userorientation>
      </transform>
      <snapped>false</snapped>
    </blockref>
    <blockref>
      <blockid>flora_parts~, fe_cap_06a</blockid>
      <transform>
        <scale>0,591554</scale>
        <position>0.223701,-0.206578,2.799219</position>
        <triangledirection>0.563437,0.821887,-0.0838979</triangledirection>
        <trianglepickorigin>0,0,0</trianglepickorigin>
        <orientation>
          <row0>0.404347,-0.914605,1.49011e-8</row0>
          <row1>0.849326,0.375487,-0.371018</row1>
          <row2>0.339335,0.150020,0.928625</row2>
        </orientation>
        <userorientation>
          <userorientation_row0>0.849099,0.523747,0.0687019</userorientation_row0>
          <userorientation_row1>-0.523878,0.818277,0.236583</userorientation_row1>
          <userorientation_row2>0.0676930,-0.236873,0.969179</userorientation_row2>
        </userorientation>
      </transform>
      <snapped>false</snapped>
    </blockref>
    <blockref>
      <blockid>flora_parts~, fe_cap_06a</blockid>
      <transform>
        <scale>0,591554</scale>
        <position>-0.713349,0.956313,2.796653</position>
        <triangledirection>0.971818,-0.156205,0.176546</triangledirection>
        <trianglepickorigin>0,0,0</trianglepickorigin>
        <orientation>
          <row0>-0.0575008,-0.998345,-1.28522e-6</row0>
          <row1>0.983968,-0.0566730,0.169098</row1>
          <row2>-0.168818,0.00972202,0.985599</row2>
        </orientation>
        <userorientation>
          <userorientation_row0>0.994980,-0.100069,0</userorientation_row0>
          <userorientation_row1>0.100065,0.994944,0.00842500</userorientation_row1>
          <userorientation_row2>-0.000842999,-0.00838299,0.999963</userorientation_row2>
        </userorientation>
      </transform>
      <snapped>false</snapped>
    </blockref>
    <blockref>
      <blockid>flora_parts~, fe_cap_06a</blockid>
      <transform>
        <scale>0,591554</scale>
        <position>-0.987504,-0.233292,2.282490</position>
        <triangledirection>0.920845,-0.377732,0.0967527</triangledirection>
        <trianglepickorigin>0,0,0</trianglepickorigin>
        <orientation>
          <row0>-0.284574,-0.958654,-4.09781e-8</row0>
          <row1>0.954865,-0.283449,0.0888099</row1>
          <row2>-0.0851380,0.0252730,0.996048</row2>
        </orientation>
        <userorientation>
          <userorientation_row0>0.994980,-0.100069,0</userorientation_row0>
          <userorientation_row1>0.100065,0.994944,0.00842500</userorientation_row1>
          <userorientation_row2>-0.000842999,-0.00838299,0.999963</userorientation_row2>
        </userorientation>
      </transform>
      <snapped>false</snapped>
    </blockref>
  </blocks></sporemodel>