spore0005438f63474066620018beb5e9d816b417ffffffffffffffff0000000ebfdb7ed906KChangfffffffffffffffe07Cormond0000000<?xml version="1.0" encoding="UTF-8"?><sporemodel>
  <properties>
    <modeltype>PlantSmall</modeltype>
    <skineffectseed1>4660</skineffectseed1>
    <skineffectseed2>4660</skineffectseed2>
    <skineffectseed3>4660</skineffectseed3>
    <skincolor1>0.576470,0.525489,0.419607</skincolor1>
    <skincolor2>0.274510,0.443136,0.262744</skincolor2>
    <skincolor3>0.623529,0.803922,0.368627</skincolor3>
    <zcorpscore>25</zcorpscore>
  </properties>
  <blocks count="20">
    <blockref>
      <blockid>flora_parts~, fe_root_dummy</blockid>
      <transform>
        <scale>1</scale>
        <position>0,0,0.600000</position>
        <triangledirection>0,1,0</triangledirection>
        <trianglepickorigin>0,0,0</trianglepickorigin>
        <orientation>
          <row0>1,0,0</row0>
          <row1>0,1,0</row1>
          <row2>0,0,1</row2>
        </orientation>
      </transform>
      <snapped>false</snapped>
      <childlist count="1">
        <childid>1</childid>
      </childlist>
    </blockref>
    <blockref>
      <blockid>flora_parts~, FE_muscle_branch_04</blockid>
      <transform>
        <limbtype>0</limbtype>
        <musclescale>0.75</musclescale>
        <basemusclescale>2.25</basemusclescale>
        <scale>1</scale>
        <position>0,0,0.600000</position>
        <triangledirection>0.00436399,0.0160359,0.999861</triangledirection>
        <trianglepickorigin>0,0,0</trianglepickorigin>
        <orientation>
          <row0>-0.0934408,0.995503,-0.0155582</row0>
          <row1>0.00436399,0.0160359,0.999861</row1>
          <row2>0.995615,0.0933600,-0.00584279</row2>
        </orientation>
      </transform>
      <snapped>true</snapped>
      <childlist count="9">
        <childid>16</childid>
        <childid>12</childid>
        <childid>10</childid>
        <childid>8</childid>
        <childid>6</childid>
        <childid>5</childid>
        <childid>4</childid>
        <childid>3</childid>
        <childid>2</childid>
      </childlist>
      <handles count="1">
        <weight channel="longer">0.0601279</weight>
      </handles>
    </blockref>
    <blockref>
      <blockid>Creature_parts~, ce_grasper_null</blockid>
      <transform>
        <basemusclescale>0.900000</basemusclescale>
        <scale>1</scale>
        <position>-0.00266799,-0.00980399,-0.0112759</position>
        <triangledirection>0,0,-1</triangledirection>
        <trianglepickorigin>0,0,0</trianglepickorigin>
        <orientation>
          <row0>1,0,0</row0>
          <row1>0,0,-1</row1>
          <row2>0,1,0</row2>
        </orientation>
      </transform>
      <snapped>true</snapped>
    </blockref>
    <blockref>
      <blockid>flora_parts~, FE_leaf_03</blockid>
      <transform>
        <scale>0,911060</scale>
        <position>-0.0303219,-0.0722640,0.893169</position>
        <triangledirection>-0.265385,0.493989,-0.827976</triangledirection>
        <trianglepickorigin>0,0,0</trianglepickorigin>
        <orientation>
          <row0>0.936242,-0.351354,-2.68220e-7</row0>
          <row1>0.0964319,0.256959,-0.961598</row1>
          <row2>0.337861,0.900289,0.274458</row2>
        </orientation>
        <userorientation>
          <userorientation_row0>0.899535,0.432112,-0.0641580</userorientation_row0>
          <userorientation_row1>-0.422030,0.897525,0.127825</userorientation_row1>
          <userorientation_row2>0.112818,-0.0879059,0.989719</userorientation_row2>
        </userorientation>
      </transform>
      <snapped>false</snapped>
      <handles count="3">
        <weight channel="DeformAxisForward">0.249892</weight>
        <weight channel="DeformAxisLeft">1</weight>
        <weight channel="DeformAxisUp">0.323848</weight>
      </handles>
    </blockref>
    <blockref>
      <blockid>flora_parts~, fe_cap_02a</blockid>
      <transform>
        <scale>0,927743</scale>
        <position>0.305161,-0.228886,0.707826</position>
        <triangledirection>-0.463936,0.546524,0.697189</triangledirection>
        <trianglepickorigin>0,0,0</trianglepickorigin>
        <orientation>
          <row0>0.612920,0.790144,-8.94069e-8</row0>
          <row1>-0.759441,0.589103,-0.276056</row1>
          <row2>-0.218124,0.169200,0.961141</row2>
        </orientation>
        <userorientation>
          <userorientation_row0>-0.911225,0.405781,-0.0707729</userorientation_row0>
          <userorientation_row1>0.147478,0.481828,0.863766</userorientation_row1>
          <userorientation_row2>0.384601,0.776647,-0.498897</userorientation_row2>
        </userorientation>
      </transform>
      <snapped>false</snapped>
    </blockref>
    <blockref>
      <blockid>flora_parts~, fe_cap_02a</blockid>
      <transform>
        <scale>1</scale>
        <position>-0.383940,-0.0742740,0.702565</position>
        <triangledirection>0.847188,0.0307285,0.530403</triangledirection>
        <trianglepickorigin>0,0,0</trianglepickorigin>
        <orientation>
          <row0>0.209563,-0.977795,5.81145e-7</row0>
          <row1>0.941968,0.201885,-0.268212</row1>
          <row2>0.262256,0.0562080,0.963359</row2>
        </orientation>
        <userorientation>
          <userorientation_row0>-0.911789,0.378913,-0.158319</userorientation_row0>
          <userorientation_row1>0.147494,0.661967,0.734876</userorientation_row1>
          <userorientation_row2>0.383257,0.646702,-0.659463</userorientation_row2>
        </userorientation>
      </transform>
      <snapped>false</snapped>
    </blockref>
    <blockref>
      <blockid>flora_parts~, fe_cap_02a</blockid>
      <transform>
        <scale>1</scale>
        <position>0.0952930,0.368161,0.747278</position>
        <triangledirection>-0.267134,-0.721756,0.638519</triangledirection>
        <trianglepickorigin>0,0,0</trianglepickorigin>
        <orientation>
          <row0>-0.965741,0.259507,-2.83122e-7</row0>
          <row1>-0.240643,-0.895540,-0.374295</row1>
          <row2>-0.0971329,-0.361472,0.927309</row2>
        </orientation>
        <userorientation>
          <userorientation_row0>-0.931227,0.347016,-0.111326</userorientation_row0>
          <userorientation_row1>0.0706809,0.471651,0.878947</userorientation_row1>
          <userorientation_row2>0.357517,0.810631,-0.463743</userorientation_row2>
        </userorientation>
      </transform>
      <snapped>false</snapped>
    </blockref>
    <blockref>
      <blockid>flora_parts~, FE_flatleaf_03</blockid>
      <transform>
        <scale>0,927743</scale>
        <position>-0.172554,-0.442467,0.719842</position>
        <triangledirection>0.394216,0.705455,-0.589005</triangledirection>
        <trianglepickorigin>0,0,0</trianglepickorigin>
        <orientation>
          <row0>0.874866,-0.484332,0.00545230</row0>
          <row1>0.394216,0.705455,-0.589005</row1>
          <row2>0.281428,0.517450,0.808111</row2>
        </orientation>
      </transform>
      <snapped>false</snapped>
      <handles count="1">
        <weight channel="Leaf_bend">0.0406329</weight>
      </handles>
    </blockref>
    <blockref>
      <blockid>flora_parts~, FE_leaf_03</blockid>
      <transform>
        <scale>0,911060</scale>
        <position>-0.00757499,0.0339640,1.008100</position>
        <triangledirection>0.000442527,-0.382290,-0.924041</triangledirection>
        <trianglepickorigin>0,0,0</trianglepickorigin>
        <orientation>
          <row0>-0.966423,-0.256953,1.11758e-8</row0>
          <row1>0.0162950,-0.0612870,-0.997987</row1>
          <row2>0.256435,-0.964478,0.0634162</row2>
        </orientation>
        <userorientation>
          <userorientation_row0>0.547734,-0.311406,0.776538</userorientation_row0>
          <userorientation_row1>0.0978029,0.945618,0.310225</userorientation_row1>
          <userorientation_row2>-0.830914,-0.0939729,0.548405</userorientation_row2>
        </userorientation>
      </transform>
      <snapped>false</snapped>
      <handles count="3">
        <weight channel="DeformAxisForward">0.249892</weight>
        <weight channel="DeformAxisLeft">1</weight>
        <weight channel="DeformAxisUp">0.444409</weight>
      </handles>
    </blockref>
    <blockref>
      <blockid>flora_parts~, FE_flatleaf_03</blockid>
      <transform>
        <scale>0,687288</scale>
        <position>-0.264187,-0.414095,0.657232</position>
        <triangledirection>0.633552,0.485007,-0.602809</triangledirection>
        <trianglepickorigin>0,0,0</trianglepickorigin>
        <orientation>
          <row0>0.596014,-0.802608,0.0242227</row0>
          <row1>0.784317,0.575437,-0.231774</row1>
          <row2>0.172085,0.157139,0.972468</row2>
        </orientation>
        <userorientation>
          <userorientation_row0>0.997942,0.000557999,-0.0640970</userorientation_row0>
          <userorientation_row1>-0.0262659,0.915713,-0.400974</userorientation_row1>
          <userorientation_row2>0.0584709,0.401833,0.913844</userorientation_row2>
        </userorientation>
      </transform>
      <snapped>false</snapped>
      <handles count="1">
        <weight channel="Leaf_bend">0.0807409</weight>
      </handles>
    </blockref>
    <blockref>
      <blockid>flora_parts~, fe_detail_02</blockid>
      <transform>
        <scale>0,637627</scale>
        <position>-0.155760,-0.363858,0.541603</position>
        <triangledirection>0.376825,0.919137,0.114841</triangledirection>
        <trianglepickorigin>0,0,0</trianglepickorigin>
        <orientation>
          <row0>0.925259,-0.379334,-2.68220e-7</row0>
          <row1>0.376824,0.919137,0.114841</row1>
          <row2>-0.0435632,-0.106258,0.993383</row2>
        </orientation>
      </transform>
      <snapped>false</snapped>
      <childlist count="3">
        <childid>11</childid>
        <childid>9</childid>
        <childid>7</childid>
      </childlist>
      <handles count="3">
        <weight channel="DeformAxisUp">0.5</weight>
        <weight channel="DeformAxisForward">0</weight>
        <weight channel="DeformAxisLeft">0.656624</weight>
      </handles>
    </blockref>
    <blockref>
      <blockid>flora_parts~, FE_flatleaf_03</blockid>
      <transform>
        <scale>0,687288</scale>
        <position>-0.117669,-0.493819,0.642013</position>
        <triangledirection>0.113121,0.752653,-0.648626</triangledirection>
        <trianglepickorigin>0,0,0</trianglepickorigin>
        <orientation>
          <row0>0.988034,0.152324,-0.0241854</row0>
          <row1>-0.147423,0.886652,-0.438306</row1>
          <row2>-0.0453209,0.436627,0.898499</row2>
        </orientation>
        <userorientation>
          <userorientation_row0>0.970008,-0.239219,0.0431240</userorientation_row0>
          <userorientation_row1>0.242103,0.934962,-0.259287</userorientation_row1>
          <userorientation_row2>0.0217070,0.261951,0.964837</userorientation_row2>
        </userorientation>
      </transform>
      <snapped>false</snapped>
      <handles count="1">
        <weight channel="Leaf_bend">0.00481399</weight>
      </handles>
    </blockref>
    <blockref>
      <blockid>flora_parts~, fe_detail_02</blockid>
      <transform>
        <scale>0,637627</scale>
        <position>-0.273378,0.286701,0.614803</position>
        <triangledirection>0.696302,-0.713870,-0.0745039</triangledirection>
        <trianglepickorigin>0,0,0</trianglepickorigin>
        <orientation>
          <row0>-0.715860,-0.698243,3.76254e-7</row0>
          <row1>0.696302,-0.713870,-0.0745039</row1>
          <row2>0.0520221,-0.0533341,0.997220</row2>
        </orientation>
      </transform>
      <snapped>false</snapped>
      <childlist count="3">
        <childid>15</childid>
        <childid>14</childid>
        <childid>13</childid>
      </childlist>
      <handles count="3">
        <weight channel="DeformAxisUp">0.5</weight>
        <weight channel="DeformAxisForward">0</weight>
        <weight channel="DeformAxisLeft">0.656624</weight>
      </handles>
    </blockref>
    <blockref>
      <blockid>flora_parts~, FE_flatleaf_03</blockid>
      <transform>
        <scale>0,927743</scale>
        <position>-0.314381,0.308287,0.804758</position>
        <triangledirection>0.403055,-0.552356,-0.729690</triangledirection>
        <trianglepickorigin>0,0,0</trianglepickorigin>
        <orientation>
          <row0>-0.790002,-0.612496,0.0272738</row0>
          <row1>0.403055,-0.552356,-0.729690</row1>
          <row2>0.461997,-0.565464,0.683233</row2>
        </orientation>
      </transform>
      <snapped>false</snapped>
      <handles count="1">
        <weight channel="Leaf_bend">0.0765249</weight>
      </handles>
    </blockref>
    <blockref>
      <blockid>flora_parts~, FE_flatleaf_03</blockid>
      <transform>
        <scale>0,687288</scale>
        <position>-0.260059,0.389435,0.744876</position>
        <triangledirection>0.105232,-0.683936,-0.721912</triangledirection>
        <trianglepickorigin>0,0,0</trianglepickorigin>
        <orientation>
          <row0>-0.963731,-0.237780,0.121173</row0>
          <row1>0.175364,-0.906490,-0.384087</row1>
          <row2>0.201171,-0.348907,0.915310</row2>
        </orientation>
        <userorientation>
          <userorientation_row0>0.997942,0.000557999,-0.0640970</userorientation_row0>
          <userorientation_row1>-0.0262659,0.915713,-0.400974</userorientation_row1>
          <userorientation_row2>0.0584709,0.401833,0.913844</userorientation_row2>
        </userorientation>
      </transform>
      <snapped>false</snapped>
      <handles count="1">
        <weight channel="Leaf_bend">0.0524229</weight>
      </handles>
    </blockref>
    <blockref>
      <blockid>flora_parts~, FE_flatleaf_03</blockid>
      <transform>
        <scale>0,687288</scale>
        <position>-0.393232,0.288497,0.733356</position>
        <triangledirection>0.551020,-0.305969,-0.776375</triangledirection>
        <trianglepickorigin>0,0,0</trianglepickorigin>
        <orientation>
          <row0>-0.262636,-0.957280,-0.120975</row0>
          <row1>0.804920,-0.148224,-0.574571</row1>
          <row2>0.532094,-0.248279,0.809464</row2>
        </orientation>
        <userorientation>
          <userorientation_row0>0.970008,-0.239219,0.0431240</userorientation_row0>
          <userorientation_row1>0.242103,0.934962,-0.259287</userorientation_row1>
          <userorientation_row2>0.0217070,0.261951,0.964837</userorientation_row2>
        </userorientation>
      </transform>
      <snapped>false</snapped>
      <handles count="1">
        <weight channel="Leaf_bend">0.0221739</weight>
      </handles>
    </blockref>
    <blockref>
      <blockid>flora_parts~, fe_detail_02</blockid>
      <transform>
        <scale>0,637627</scale>
        <position>0.371836,0.133536,0.647559</position>
        <triangledirection>-0.940287,-0.314977,-0.129027</triangledirection>
        <trianglepickorigin>0,0,0</trianglepickorigin>
        <orientation>
          <row0>-0.317633,0.948213,1.49011e-7</row0>
          <row1>-0.940287,-0.314977,-0.129027</row1>
          <row2>-0.122346,-0.0409836,0.991640</row2>
        </orientation>
      </transform>
      <snapped>false</snapped>
      <childlist count="3">
        <childid>19</childid>
        <childid>18</childid>
        <childid>17</childid>
      </childlist>
      <handles count="3">
        <weight channel="DeformAxisUp">0.5</weight>
        <weight channel="DeformAxisForward">0</weight>
        <weight channel="DeformAxisLeft">0.656624</weight>
      </handles>
    </blockref>
    <blockref>
      <blockid>flora_parts~, FE_flatleaf_03</blockid>
      <transform>
        <scale>0,927743</scale>
        <position>0.399170,0.157753,0.839642</position>
        <triangledirection>-0.633763,-0.109879,-0.765682</triangledirection>
        <trianglepickorigin>0,0,0</trianglepickorigin>
        <orientation>
          <row0>-0.209791,0.977174,0.0334172</row0>
          <row1>-0.633763,-0.109879,-0.765682</row1>
          <row2>-0.744534,-0.181812,0.642349</row2>
        </orientation>
      </transform>
      <snapped>false</snapped>
      <handles count="1">
        <weight channel="Leaf_bend">0</weight>
      </handles>
    </blockref>
    <blockref>
      <blockid>flora_parts~, FE_flatleaf_03</blockid>
      <transform>
        <scale>0,687288</scale>
        <position>0.451715,0.0745900,0.780954</position>
        <triangledirection>-0.623375,0.215352,-0.751682</triangledirection>
        <trianglepickorigin>0,0,0</trianglepickorigin>
        <orientation>
          <row0>0.197763,0.968931,0.148529</row0>
          <row1>-0.871543,0.243154,-0.425778</row1>
          <row2>-0.448665,-0.0452462,0.892553</row2>
        </orientation>
        <userorientation>
          <userorientation_row0>0.997942,0.000557999,-0.0640970</userorientation_row0>
          <userorientation_row1>-0.0262659,0.915713,-0.400974</userorientation_row1>
          <userorientation_row2>0.0584709,0.401833,0.913844</userorientation_row2>
        </userorientation>
      </transform>
      <snapped>false</snapped>
      <handles count="1">
        <weight channel="Leaf_bend">0</weight>
      </handles>
    </blockref>
    <blockref>
      <blockid>flora_parts~, FE_flatleaf_03</blockid>
      <transform>
        <scale>0,687288</scale>
        <position>0.419271,0.238588,0.770594</position>
        <triangledirection>-0.473863,-0.349455,-0.808291</triangledirection>
        <trianglepickorigin>0,0,0</trianglepickorigin>
        <orientation>
          <row0>-0.740955,0.654973,-0.148307</row0>
          <row1>-0.452557,-0.650161,-0.610312</row1>
          <row2>-0.496162,-0.385096,0.778154</row2>
        </orientation>
        <userorientation>
          <userorientation_row0>0.970008,-0.239219,0.0431240</userorientation_row0>
          <userorientation_row1>0.242103,0.934962,-0.259287</userorientation_row1>
          <userorientation_row2>0.0217070,0.261951,0.964837</userorientation_row2>
        </userorientation>
      </transform>
      <snapped>false</snapped>
      <handles count="1">
        <weight channel="Leaf_bend">0</weight>
      </handles>
    </blockref>
  </blocks></sporemodel>