spore0005438f634740666200c9a69762d816b417ffffffffffffffff0000000ebfdb7ee006KChangfffffffffffffffe05Xylus0000000<?xml version="1.0" encoding="UTF-8"?><sporemodel>
  <properties>
    <modeltype>PlantMedium</modeltype>
    <skineffectseed1>1234</skineffectseed1>
    <skineffectseed2>1234</skineffectseed2>
    <skineffectseed3>4660</skineffectseed3>
    <skincolor1>0.694118,0.635293,0.505882</skincolor1>
    <skincolor2>0.803922,0.627451,0.258823</skincolor2>
    <skincolor3>0.219608,0.282353,0.129412</skincolor3>
    <zcorpscore>16</zcorpscore>
  </properties>
  <blocks count="24">
    <blockref>
      <blockid>flora_parts~, fe_root_dummy</blockid>
      <transform>
        <scale>1</scale>
        <position>0,0,0.600000</position>
        <triangledirection>0,1,0</triangledirection>
        <trianglepickorigin>0,0,0</trianglepickorigin>
        <orientation>
          <row0>1,0,0</row0>
          <row1>0,1,0</row1>
          <row2>0,0,1</row2>
        </orientation>
      </transform>
      <snapped>false</snapped>
      <childlist count="7">
        <childid>22</childid>
        <childid>11</childid>
        <childid>9</childid>
        <childid>7</childid>
        <childid>5</childid>
        <childid>3</childid>
        <childid>1</childid>
      </childlist>
    </blockref>
    <blockref>
      <blockid>flora_parts~, FE_muscle_branch_04</blockid>
      <transform>
        <limbtype>0</limbtype>
        <musclescale>0.5</musclescale>
        <basemusclescale>2</basemusclescale>
        <scale>1</scale>
        <position>0,0,0.600000</position>
        <triangledirection>0,0,-1</triangledirection>
        <trianglepickorigin>0,0,0</trianglepickorigin>
        <orientation>
          <row0>0.574728,0.818343,0</row0>
          <row1>0,0,-1</row1>
          <row2>-0.818343,0.574728,0</row2>
        </orientation>
      </transform>
      <snapped>true</snapped>
      <childlist count="1">
        <childid>2</childid>
      </childlist>
      <handles count="1">
        <weight channel="longer">0.0407590</weight>
      </handles>
    </blockref>
    <blockref>
      <blockid>Creature_parts~, ce_grasper_null</blockid>
      <transform>
        <basemusclescale>0.950000</basemusclescale>
        <scale>1</scale>
        <position>0,0,1.089800</position>
        <triangledirection>0,0,-1</triangledirection>
        <trianglepickorigin>0,0,0</trianglepickorigin>
        <orientation>
          <row0>1,0,0</row0>
          <row1>0,0,-1</row1>
          <row2>0,1,0</row2>
        </orientation>
      </transform>
      <snapped>true</snapped>
    </blockref>
    <blockref>
      <blockid>flora_parts~, fe_muscle_branch_01</blockid>
      <transform>
        <limbtype>0</limbtype>
        <musclescale>0.5</musclescale>
        <basemusclescale>2</basemusclescale>
        <scale>1</scale>
        <position>0,0,0.600000</position>
        <triangledirection>0.703584,0.520922,0.483332</triangledirection>
        <trianglepickorigin>0,0,0</trianglepickorigin>
        <orientation>
          <row0>-0.278676,0.827945,-0.486668</row0>
          <row1>0.703584,0.520922,0.483332</row1>
          <row2>0.653688,-0.207718,-0.727697</row2>
        </orientation>
      </transform>
      <snapped>true</snapped>
      <childlist count="1">
        <childid>4</childid>
      </childlist>
      <handles count="1">
        <weight channel="longer">0.231802</weight>
      </handles>
    </blockref>
    <blockref>
      <blockid>Creature_parts~, ce_grasper_null</blockid>
      <transform>
        <basemusclescale>0.699999</basemusclescale>
        <scale>1</scale>
        <position>-1.188206,-0.879728,-0.216246</position>
        <triangledirection>0,0,-1</triangledirection>
        <trianglepickorigin>0,0,0</trianglepickorigin>
        <orientation>
          <row0>1,0,0</row0>
          <row1>0,0,-1</row1>
          <row2>0,1,0</row2>
        </orientation>
      </transform>
      <snapped>true</snapped>
    </blockref>
    <blockref>
      <blockid>flora_parts~, fe_muscle_branch_01</blockid>
      <transform>
        <limbtype>0</limbtype>
        <musclescale>0.574999</musclescale>
        <basemusclescale>2</basemusclescale>
        <scale>1</scale>
        <position>0,0,0.600000</position>
        <triangledirection>-0.475615,0.748251,0.462505</triangledirection>
        <trianglepickorigin>0,0,0</trianglepickorigin>
        <orientation>
          <row0>-0.484933,0.215641,-0.847548</row0>
          <row1>-0.475615,0.748251,0.462505</row1>
          <row2>0.733914,0.627390,-0.260289</row2>
        </orientation>
      </transform>
      <snapped>true</snapped>
      <childlist count="1">
        <childid>6</childid>
      </childlist>
      <handles count="1">
        <weight channel="longer">0.217870</weight>
      </handles>
    </blockref>
    <blockref>
      <blockid>Creature_parts~, ce_grasper_null</blockid>
      <transform>
        <basemusclescale>0.800000</basemusclescale>
        <scale>1</scale>
        <position>0.761628,-1.198215,-0.140634</position>
        <triangledirection>0,0,-1</triangledirection>
        <trianglepickorigin>0,0,0</trianglepickorigin>
        <orientation>
          <row0>1,0,0</row0>
          <row1>0,0,-1</row1>
          <row2>0,1,0</row2>
        </orientation>
      </transform>
      <snapped>true</snapped>
    </blockref>
    <blockref>
      <blockid>flora_parts~, fe_muscle_branch_01</blockid>
      <transform>
        <limbtype>0</limbtype>
        <musclescale>0.400000</musclescale>
        <basemusclescale>2</basemusclescale>
        <scale>1</scale>
        <position>0,0,0.600000</position>
        <triangledirection>0.535863,-0.695622,0.478495</triangledirection>
        <trianglepickorigin>0,0,0</trianglepickorigin>
        <orientation>
          <row0>0.765913,0.162026,-0.622192</row0>
          <row1>0.535863,-0.695622,0.478495</row1>
          <row2>-0.355282,-0.699897,-0.619611</row2>
        </orientation>
      </transform>
      <snapped>true</snapped>
      <childlist count="1">
        <childid>8</childid>
      </childlist>
      <handles count="1">
        <weight channel="longer">0.162245</weight>
      </handles>
    </blockref>
    <blockref>
      <blockid>Creature_parts~, ce_grasper_null</blockid>
      <transform>
        <basemusclescale>0.850000</basemusclescale>
        <scale>1</scale>
        <position>-0.671036,0.871092,0.000802999</position>
        <triangledirection>0,0,-1</triangledirection>
        <trianglepickorigin>0,0,0</trianglepickorigin>
        <orientation>
          <row0>1,0,0</row0>
          <row1>0,0,-1</row1>
          <row2>0,1,0</row2>
        </orientation>
      </transform>
      <snapped>true</snapped>
    </blockref>
    <blockref>
      <blockid>flora_parts~, fe_muscle_branch_01</blockid>
      <transform>
        <limbtype>0</limbtype>
        <musclescale>0.699999</musclescale>
        <basemusclescale>2</basemusclescale>
        <scale>1</scale>
        <position>0,0,0.600000</position>
        <triangledirection>-0.714356,-0.550213,0.432390</triangledirection>
        <trianglepickorigin>0,0,0</trianglepickorigin>
        <orientation>
          <row0>0.109201,-0.697971,-0.707750</row0>
          <row1>-0.714356,-0.550213,0.432390</row1>
          <row2>-0.691209,0.458368,-0.558684</row2>
        </orientation>
      </transform>
      <snapped>true</snapped>
      <childlist count="1">
        <childid>10</childid>
      </childlist>
      <handles count="1">
        <weight channel="longer">0.210219</weight>
      </handles>
    </blockref>
    <blockref>
      <blockid>Creature_parts~, ce_grasper_null</blockid>
      <transform>
        <basemusclescale>0.5</basemusclescale>
        <scale>1</scale>
        <position>1.109632,0.854665,-0.0716450</position>
        <triangledirection>0,-9.99999e-7,-1</triangledirection>
        <trianglepickorigin>0,0,0</trianglepickorigin>
        <orientation>
          <row0>1,-9.99999e-7,9.99999e-13</row0>
          <row1>0,-9.99999e-7,-1</row1>
          <row2>9.99999e-7,1,-9.99999e-7</row2>
        </orientation>
      </transform>
      <snapped>true</snapped>
    </blockref>
    <blockref>
      <blockid>flora_parts~, fe_trunk_02</blockid>
      <transform>
        <limbtype>2</limbtype>
        <musclescale>0</musclescale>
        <basemusclescale>2</basemusclescale>
        <scale>1</scale>
        <position>0,0,0.600000</position>
        <triangledirection>0,9.99999e-7,-1</triangledirection>
        <trianglepickorigin>0,0,0</trianglepickorigin>
        <orientation>
          <row0>1,0,0</row0>
          <row1>0,9.99999e-7,-1</row1>
          <row2>0,1,9.99999e-7</row2>
        </orientation>
      </transform>
      <snapped>true</snapped>
      <childlist count="7">
        <childid>19</childid>
        <childid>17</childid>
        <childid>16</childid>
        <childid>15</childid>
        <childid>14</childid>
        <childid>13</childid>
        <childid>12</childid>
      </childlist>
      <handles count="3">
        <weight channel="DeformAxisForward">0.241422</weight>
        <weight channel="DeformAxisLeft">0.861427</weight>
        <weight channel="DeformAxisUp">0.372591</weight>
      </handles>
    </blockref>
    <blockref>
      <blockid>Creature_parts~, ce_grasper_null</blockid>
      <transform>
        <basemusclescale>1</basemusclescale>
        <scale>1</scale>
        <position>0,-1.99999e-6,2.555269</position>
        <triangledirection>0,1.00000e-6,-1</triangledirection>
        <trianglepickorigin>0,0,0</trianglepickorigin>
        <orientation>
          <row0>1,0,0</row0>
          <row1>0,1.00000e-6,-1</row1>
          <row2>0,1,1.00000e-6</row2>
        </orientation>
      </transform>
      <snapped>true</snapped>
    </blockref>
    <blockref>
      <blockid>flora_parts~, FE_leaf_18</blockid>
      <transform>
        <scale>1,690459</scale>
        <position>-0.259143,0.289616,2.602432</position>
        <triangledirection>0.540240,-0.625100,-0.563372</triangledirection>
        <trianglepickorigin>0,0,0</trianglepickorigin>
        <orientation>
          <row0>-0.167293,-0.985907,-0.000196348</row0>
          <row1>0.374213,-0.0633140,-0.925178</row1>
          <row2>0.912127,-0.154849,0.379531</row2>
        </orientation>
        <userorientation>
          <userorientation_row0>0.827452,-0.561221,-0.0188100</userorientation_row0>
          <userorientation_row1>0.526022,0.762962,0.375747</userorientation_row1>
          <userorientation_row2>-0.196526,-0.320808,0.926531</userorientation_row2>
        </userorientation>
      </transform>
      <snapped>false</snapped>
      <childlist count="1">
        <childid>21</childid>
      </childlist>
      <handles count="3">
        <weight channel="DeformAxisLeft">0.895915</weight>
        <weight channel="DeformAxisForward">0</weight>
        <weight channel="DeformAxisUp">0.489956</weight>
      </handles>
    </blockref>
    <blockref>
      <blockid>flora_parts~, FE_leaf_18</blockid>
      <transform>
        <scale>1,568310</scale>
        <position>0.258263,0.199929,2.631114</position>
        <triangledirection>-0.805284,-0.281470,-0.521815</triangledirection>
        <trianglepickorigin>0,0,0</trianglepickorigin>
        <orientation>
          <row0>-0.986119,0.166031,-0.00114148</row0>
          <row1>-0.0619140,-0.374090,-0.925323</row1>
          <row2>-0.154060,-0.912408,0.379177</row2>
        </orientation>
        <userorientation>
          <userorientation_row0>-0.616046,0.564688,0.549194</userorientation_row0>
          <userorientation_row1>0.747969,0.638002,0.183017</userorientation_row1>
          <userorientation_row2>-0.247039,0.523527,-0.815407</userorientation_row2>
        </userorientation>
      </transform>
      <snapped>false</snapped>
      <childlist count="1">
        <childid>20</childid>
      </childlist>
      <handles count="3">
        <weight channel="DeformAxisLeft">0.917768</weight>
        <weight channel="DeformAxisForward">0</weight>
        <weight channel="DeformAxisUp">0.486777</weight>
      </handles>
    </blockref>
    <blockref>
      <blockid>flora_parts~, FE_leaf_18</blockid>
      <transform>
        <scale>1,454989</scale>
        <position>-0.0972470,-0.473387,2.607500</position>
        <triangledirection>0.282996,0.727350,-0.625200</triangledirection>
        <trianglepickorigin>0,0,0</trianglepickorigin>
        <orientation>
          <row0>0.979368,-0.202084,-0.000239592</row0>
          <row1>0.0546900,0.266187,-0.962368</row1>
          <row2>0.194543,0.942499,0.271747</row2>
        </orientation>
        <userorientation>
          <userorientation_row0>0.839139,-0.396765,0.372050</userorientation_row0>
          <userorientation_row1>0.130320,0.810762,0.570685</userorientation_row1>
          <userorientation_row2>-0.528071,-0.430399,0.732049</userorientation_row2>
        </userorientation>
      </transform>
      <snapped>false</snapped>
      <childlist count="1">
        <childid>18</childid>
      </childlist>
      <handles count="3">
        <weight channel="DeformAxisLeft">0.901004</weight>
        <weight channel="DeformAxisForward">0</weight>
        <weight channel="DeformAxisUp">0.513796</weight>
      </handles>
    </blockref>
    <blockref>
      <blockid>flora_parts~, FE_leaf_24</blockid>
      <transform>
        <scale>1,252320</scale>
        <position>0.00197799,-0.0479139,2.686878</position>
        <triangledirection>-0.0525730,0.0970481,-0.993890</triangledirection>
        <trianglepickorigin>0,0,0</trianglepickorigin>
        <orientation>
          <row0>0.879266,0.476330,1.29267e-6</row0>
          <row1>-0.0525730,0.0970481,-0.993890</row1>
          <row2>-0.473420,0.873894,0.110373</row2>
        </orientation>
      </transform>
      <snapped>false</snapped>
      <handles count="4">
        <weight channel="bend">0.313881</weight>
        <weight channel="flatten">0.410207</weight>
        <weight channel="Length">0.402810</weight>
        <weight channel="width">0.951979</weight>
      </handles>
    </blockref>
    <blockref>
      <blockid>flora_parts~, fe_cap_05a</blockid>
      <transform>
        <scale>0,548812</scale>
        <position>-0.640916,-0.145554,2.519263</position>
        <triangledirection>0.935202,0.249166,0.251618</triangledirection>
        <trianglepickorigin>0,0,0</trianglepickorigin>
        <orientation>
          <row0>0.211613,-0.977353,3.05995e-5</row0>
          <row1>0.458664,0.0992810,-0.883045</row1>
          <row2>0.863044,0.186878,0.469286</row2>
        </orientation>
        <userorientation>
          <userorientation_row0>0.981133,0.193328,0</userorientation_row0>
          <userorientation_row1>-0.0456139,0.231491,0.971767</userorientation_row1>
          <userorientation_row2>0.187870,-0.953434,0.235941</userorientation_row2>
        </userorientation>
      </transform>
      <snapped>false</snapped>
    </blockref>
    <blockref>
      <blockid>flora_parts~, fe_cap_05a</blockid>
      <transform>
        <scale>0,509156</scale>
        <position>-0.813280,-1.045276,2.986850</position>
        <triangledirection>0.0680264,0.373392,0.925175</triangledirection>
        <trianglepickorigin>0,0,0</trianglepickorigin>
        <orientation>
          <row0>-0.153314,-0.988176,0.00152547</row0>
          <row1>0.504226,-0.0769023,0.860140</row1>
          <row2>-0.849853,0.132641,0.510054</row2>
        </orientation>
        <userorientation>
          <userorientation_row0>0.880369,0.466083,-0.0878509</userorientation_row0>
          <userorientation_row1>-0.377995,0.801366,0.463605</userorientation_row1>
          <userorientation_row2>0.286479,-0.374936,0.881675</userorientation_row2>
        </userorientation>
      </transform>
      <snapped>false</snapped>
    </blockref>
    <blockref>
      <blockid>flora_parts~, fe_cap_05a</blockid>
      <transform>
        <scale>0,509156</scale>
        <position>0.343463,-0.403827,2.538310</position>
        <triangledirection>-0.708512,0.619122,-0.338669</triangledirection>
        <trianglepickorigin>0,0,0</trianglepickorigin>
        <orientation>
          <row0>0.486753,0.873539,-6.97821e-5</row0>
          <row1>-0.500656,0.278910,-0.819483</row1>
          <row2>-0.715831,0.398921,0.573103</row2>
        </orientation>
        <userorientation>
          <userorientation_row0>0.967161,-0.252925,0.0250739</userorientation_row0>
          <userorientation_row1>0.195980,0.804934,0.560064</userorientation_row1>
          <userorientation_row2>-0.161836,-0.536757,0.828069</userorientation_row2>
        </userorientation>
      </transform>
      <snapped>false</snapped>
    </blockref>
    <blockref>
      <blockid>flora_parts~, fe_cap_05a</blockid>
      <transform>
        <scale>0,548812</scale>
        <position>0.850215,0.432361,2.993534</position>
        <triangledirection>-0.366624,-0.625356,0.688851</triangledirection>
        <trianglepickorigin>0,0,0</trianglepickorigin>
        <orientation>
          <row0>-0.686533,0.681540,0.253328</row0>
          <row1>-0.366624,-0.625356,0.688851</row1>
          <row2>0.627900,0.380042,0.679197</row2>
        </orientation>
      </transform>
      <snapped>false</snapped>
    </blockref>
    <blockref>
      <blockid>flora_parts~, fe_cap_05a</blockid>
      <transform>
        <scale>0,548812</scale>
        <position>-0.991373,1.174418,3.059479</position>
        <triangledirection>-0.277280,-0.539864,0.794771</triangledirection>
        <trianglepickorigin>0,0,0</trianglepickorigin>
        <orientation>
          <row0>0.163328,0.986571,-0.000289693</row0>
          <row1>-0.477841,0.0793645,0.874853</row1>
          <row2>0.863128,-0.142750,0.484387</row2>
        </orientation>
        <userorientation>
          <userorientation_row0>0.806256,0.591508,0.00813899</userorientation_row0>
          <userorientation_row1>-0.578132,0.784958,0.222715</userorientation_row1>
          <userorientation_row2>0.125349,-0.184271,0.974849</userorientation_row2>
        </userorientation>
      </transform>
      <snapped>false</snapped>
    </blockref>
    <blockref>
      <blockid>flora_parts~, fe_muscle_branch_01</blockid>
      <transform>
        <limbtype>0</limbtype>
        <musclescale>0.824999</musclescale>
        <basemusclescale>2</basemusclescale>
        <scale>1</scale>
        <position>0,0,0.600000</position>
        <triangledirection>0,0,-1</triangledirection>
        <trianglepickorigin>0,0,0</trianglepickorigin>
        <orientation>
          <row0>1,0,0</row0>
          <row1>0,0,-1</row1>
          <row2>0,1,0</row2>
        </orientation>
      </transform>
      <snapped>true</snapped>
      <childlist count="1">
        <childid>23</childid>
      </childlist>
      <handles count="1">
        <weight channel="longer">0.0366849</weight>
      </handles>
    </blockref>
    <blockref>
      <blockid>Creature_parts~, ce_grasper_null</blockid>
      <transform>
        <basemusclescale>0.699999</basemusclescale>
        <scale>1</scale>
        <position>0,0,1.064234</position>
        <triangledirection>0.486666,0.727698,0.483332</triangledirection>
        <trianglepickorigin>0,0,0</trianglepickorigin>
        <orientation>
          <row0>-0.278677,0.653688,-0.703583</row0>
          <row1>0.486666,0.727698,0.483332</row1>
          <row2>0.827945,-0.207716,-0.520922</row2>
        </orientation>
      </transform>
      <snapped>true</snapped>
    </blockref>
  </blocks></sporemodel>