spore0005438f6347406662000f21e061d816b417ffffffffffffffff0000000ebfdb7eb306KChangfffffffffffffffe06Paddel0000000<?xml version="1.0" encoding="UTF-8"?><sporemodel>
  <properties>
    <modeltype>PlantMedium</modeltype>
    <skineffectseed1>1234</skineffectseed1>
    <skineffectseed2>98326</skineffectseed2>
    <skineffectseed3>98326</skineffectseed3>
    <skincolor1>0.443136,0.266667,0.203922</skincolor1>
    <skincolor2>0.576470,0.294117,0.184313</skincolor2>
    <skincolor3>0.803922,0.627451,0.258823</skincolor3>
    <zcorpscore>16</zcorpscore>
  </properties>
  <blocks count="19">
    <blockref>
      <blockid>flora_parts~, fe_root_dummy</blockid>
      <transform>
        <scale>1</scale>
        <position>0,0,0.600000</position>
        <triangledirection>0,1,0</triangledirection>
        <trianglepickorigin>0,0,0</trianglepickorigin>
        <orientation>
          <row0>1,0,0</row0>
          <row1>0,1,0</row1>
          <row2>0,0,1</row2>
        </orientation>
      </transform>
      <snapped>false</snapped>
      <childlist count="2">
        <childid>3</childid>
        <childid>1</childid>
      </childlist>
    </blockref>
    <blockref>
      <blockid>flora_parts~, FE_muscle_branch_04</blockid>
      <transform>
        <limbtype>0</limbtype>
        <musclescale>0.774999</musclescale>
        <basemusclescale>1.299999</basemusclescale>
        <scale>1</scale>
        <position>0,0,0.600000</position>
        <triangledirection>0.00436399,0.0160369,0.999861</triangledirection>
        <trianglepickorigin>0,0,0</trianglepickorigin>
        <orientation>
          <row0>-0.0934408,0.995503,-0.0155592</row0>
          <row1>0.00436399,0.0160369,0.999861</row1>
          <row2>0.995615,0.0933600,-0.00584288</row2>
        </orientation>
      </transform>
      <snapped>true</snapped>
      <childlist count="1">
        <childid>2</childid>
      </childlist>
      <handles count="1">
        <weight channel="longer">0.0984399</weight>
      </handles>
    </blockref>
    <blockref>
      <blockid>Creature_parts~, ce_grasper_null</blockid>
      <transform>
        <basemusclescale>0.900000</basemusclescale>
        <scale>1</scale>
        <position>-0.00371699,-0.0136609,-0.251693</position>
        <triangledirection>0,0,-1</triangledirection>
        <trianglepickorigin>0,0,0</trianglepickorigin>
        <orientation>
          <row0>1,0,0</row0>
          <row1>0,0,-1</row1>
          <row2>0,1,0</row2>
        </orientation>
      </transform>
      <snapped>true</snapped>
    </blockref>
    <blockref>
      <blockid>flora_parts~, fe_muscle_branch_02</blockid>
      <transform>
        <limbtype>0</limbtype>
        <musclescale>0.850000</musclescale>
        <basemusclescale>1.299999</basemusclescale>
        <scale>1</scale>
        <position>0,0,0.600000</position>
        <triangledirection>0,0,-1</triangledirection>
        <trianglepickorigin>0,0,0</trianglepickorigin>
        <orientation>
          <row0>0.999943,-0.0106410,0</row0>
          <row1>0,0,-1</row1>
          <row2>0.0106410,0.999943,0</row2>
        </orientation>
      </transform>
      <snapped>true</snapped>
      <childlist count="5">
        <childid>14</childid>
        <childid>13</childid>
        <childid>10</childid>
        <childid>5</childid>
        <childid>4</childid>
      </childlist>
      <handles count="1">
        <weight channel="longer">0.0897430</weight>
      </handles>
    </blockref>
    <blockref>
      <blockid>Creature_parts~, ce_grasper_null</blockid>
      <transform>
        <basemusclescale>0.850000</basemusclescale>
        <scale>1</scale>
        <position>0,0,1.397227</position>
        <triangledirection>0,0,-1</triangledirection>
        <trianglepickorigin>0,0,0</trianglepickorigin>
        <orientation>
          <row0>1,0,0</row0>
          <row1>0,0,-1</row1>
          <row2>0,1,0</row2>
        </orientation>
      </transform>
      <snapped>true</snapped>
    </blockref>
    <blockref>
      <blockid>flora_parts~, FE_leaf_24</blockid>
      <transform>
        <scale>0,798516</scale>
        <position>0.194258,0.139826,1.340965</position>
        <triangledirection>-0.789692,-0.141570,-0.596946</triangledirection>
        <trianglepickorigin>0,0,0</trianglepickorigin>
        <orientation>
          <row0>-0.616613,0.787265,2.08616e-7</row0>
          <row1>-0.651086,-0.509953,-0.562169</row1>
          <row2>-0.442576,-0.346641,0.827022</row2>
        </orientation>
        <userorientation>
          <userorientation_row0>0.926586,-0.375752,0.0157269</userorientation_row0>
          <userorientation_row1>0.375481,0.921936,-0.0951140</userorientation_row1>
          <userorientation_row2>0.0212399,0.0940359,0.995342</userorientation_row2>
        </userorientation>
      </transform>
      <snapped>false</snapped>
      <childlist count="2">
        <childid>9</childid>
        <childid>7</childid>
      </childlist>
      <handles count="4">
        <weight channel="bend">0.533172</weight>
        <weight channel="flatten">0.501907</weight>
        <weight channel="Length">0.639036</weight>
        <weight channel="width">1</weight>
      </handles>
    </blockref>
    <blockref>
      <blockid>flora_parts~, FE_leaf_11</blockid>
      <transform>
        <scale>0,5</scale>
        <position>-0.291713,0.560243,2.156230</position>
        <triangledirection>0.102219,-0.583786,-0.805446</triangledirection>
        <trianglepickorigin>0,0,0</trianglepickorigin>
        <orientation>
          <row0>-0.952310,-0.305129,-6.25848e-7</row0>
          <row1>0.280849,-0.876532,-0.390913</row1>
          <row2>0.119278,-0.372271,0.920427</row2>
        </orientation>
        <userorientation>
          <userorientation_row0>0.993318,-0.111550,-0.0296189</userorientation_row0>
          <userorientation_row1>0.0807859,0.855276,-0.511834</userorientation_row1>
          <userorientation_row2>0.0824279,0.506022,0.858573</userorientation_row2>
        </userorientation>
      </transform>
      <snapped>false</snapped>
      <childlist count="1">
        <childid>16</childid>
      </childlist>
      <handles count="3">
        <weight channel="DeformAxisUp">1</weight>
        <weight channel="DeformAxisForward">0.724566</weight>
        <weight channel="DeformAxisLeft">1</weight>
      </handles>
    </blockref>
    <blockref>
      <blockid>flora_parts~, FE_leaf_11</blockid>
      <transform>
        <scale>0,5</scale>
        <position>0.839917,0.121860,2.621852</position>
        <triangledirection>0.118199,0.202660,-0.972089</triangledirection>
        <trianglepickorigin>0,0,0</trianglepickorigin>
        <orientation>
          <row0>0.967102,0.253641,-0.0194724</row0>
          <row1>-0.215957,0.778139,-0.589797</row1>
          <row2>-0.134444,0.574599,0.807316</row2>
        </orientation>
        <userorientation>
          <userorientation_row0>-0.146835,-0.668579,-0.728999</userorientation_row0>
          <userorientation_row1>0.184642,0.705507,-0.684226</userorientation_row1>
          <userorientation_row2>0.971774,-0.235073,0.0198539</userorientation_row2>
        </userorientation>
      </transform>
      <snapped>false</snapped>
      <childlist count="1">
        <childid>18</childid>
      </childlist>
      <handles count="3">
        <weight channel="DeformAxisUp">1</weight>
        <weight channel="DeformAxisForward">0.67,2638</weight>
        <weight channel="DeformAxisLeft">1</weight>
      </handles>
    </blockref>
    <blockref>
      <blockid>flora_parts~, FE_leaf_11</blockid>
      <transform>
        <scale>0,5</scale>
        <position>-0.684276,-0.317793,1.992145</position>
        <triangledirection>0.577028,0.0530649,-0.814999</triangledirection>
        <trianglepickorigin>0,0,0</trianglepickorigin>
        <orientation>
          <row0>-0.468595,-0.877974,-0.0978719</row0>
          <row1>0.825776,-0.395965,-0.401626</row1>
          <row2>0.313863,-0.269020,0.910558</row2>
        </orientation>
        <userorientation>
          <userorientation_row0>-0.450058,0.436234,0.779196</userorientation_row0>
          <userorientation_row1>-0.237217,0.782809,-0.575271</userorientation_row1>
          <userorientation_row2>-0.860916,-0.443743,-0.248828</userorientation_row2>
        </userorientation>
      </transform>
      <snapped>false</snapped>
      <childlist count="1">
        <childid>15</childid>
      </childlist>
      <handles count="3">
        <weight channel="DeformAxisUp">1</weight>
        <weight channel="DeformAxisForward">0.673015</weight>
        <weight channel="DeformAxisLeft">1</weight>
      </handles>
    </blockref>
    <blockref>
      <blockid>flora_parts~, FE_leaf_11</blockid>
      <transform>
        <scale>0,5</scale>
        <position>1.060949,0.408023,2.549556</position>
        <triangledirection>-0.268033,-0.562137,-0.782406</triangledirection>
        <trianglepickorigin>0,0,0</trianglepickorigin>
        <orientation>
          <row0>-0.915827,0.390718,0.0927285</row0>
          <row1>-0.369171,-0.728314,-0.577294</row1>
          <row2>-0.158024,-0.562935,0.811253</row2>
        </orientation>
        <userorientation>
          <userorientation_row0>0.947762,0.129857,0.291347</userorientation_row0>
          <userorientation_row1>-0.0467169,0.960043,-0.275927</userorientation_row1>
          <userorientation_row2>-0.315537,0.247902,0.915959</userorientation_row2>
        </userorientation>
      </transform>
      <snapped>false</snapped>
      <childlist count="1">
        <childid>11</childid>
      </childlist>
      <handles count="3">
        <weight channel="DeformAxisUp">1</weight>
        <weight channel="DeformAxisForward">0.695082</weight>
        <weight channel="DeformAxisLeft">1</weight>
      </handles>
    </blockref>
    <blockref>
      <blockid>flora_parts~, FE_leaf_24</blockid>
      <transform>
        <scale>0,5</scale>
        <position>-0.218700,-0.0740199,1.347965</position>
        <triangledirection>0.690167,0.421453,-0.588257</triangledirection>
        <trianglepickorigin>0,0,0</trianglepickorigin>
        <orientation>
          <row0>0.276015,-0.961153,2.23517e-7</row0>
          <row1>0.773240,0.222052,-0.593963</row1>
          <row2>0.570889,0.163943,0.804492</row2>
        </orientation>
        <userorientation>
          <userorientation_row0>0.840328,0.189907,0.507723</userorientation_row0>
          <userorientation_row1>-0.214585,0.976652,-0.0101450</userorientation_row1>
          <userorientation_row2>-0.497797,-0.100424,0.861460</userorientation_row2>
        </userorientation>
      </transform>
      <snapped>false</snapped>
      <childlist count="1">
        <childid>8</childid>
      </childlist>
      <handles count="4">
        <weight channel="bend">0.451605</weight>
        <weight channel="flatten">0.467995</weight>
        <weight channel="Length">0.568902</weight>
        <weight channel="width">0.838592</weight>
      </handles>
    </blockref>
    <blockref>
      <blockid>flora_parts~, fe_cap_02a</blockid>
      <transform>
        <scale>1</scale>
        <position>1.303787,0.664034,2.866292</position>
        <triangledirection>-0.247187,-0.883502,0.397897</triangledirection>
        <trianglepickorigin>0,0,0</trianglepickorigin>
        <orientation>
          <row0>-0.949050,-0.315124,1.19209e-7</row0>
          <row1>0.305233,-0.919259,0.248587</row1>
          <row2>-0.0783358,0.235921,0.968609</row2>
        </orientation>
        <userorientation>
          <userorientation_row0>0.845268,-0.531608,0.0539899</userorientation_row0>
          <userorientation_row1>0.513006,0.835629,0.196333</userorientation_row1>
          <userorientation_row2>-0.149488,-0.138257,0.979050</userorientation_row2>
        </userorientation>
      </transform>
      <snapped>false</snapped>
    </blockref>
    <blockref>
      <blockid>flora_parts~, FE_leaf_11</blockid>
      <transform>
        <scale>0,5</scale>
        <position>0.216974,-0.439033,1.756393</position>
        <triangledirection>-0.205361,0.704712,-0.679122</triangledirection>
        <trianglepickorigin>0,0,0</trianglepickorigin>
        <orientation>
          <row0>0.892119,0.451800,-5.32716e-7</row0>
          <row1>-0.448146,0.884904,-0.126924</row1>
          <row2>-0.0573437,0.113231,0.991912</row2>
        </orientation>
        <userorientation>
          <userorientation_row0>0.707972,0.332813,0.622903</userorientation_row0>
          <userorientation_row1>0.135182,0.801832,-0.582057</userorientation_row1>
          <userorientation_row2>-0.693181,0.496287,0.522684</userorientation_row2>
        </userorientation>
      </transform>
      <snapped>false</snapped>
      <childlist count="1">
        <childid>17</childid>
      </childlist>
      <handles count="3">
        <weight channel="DeformAxisUp">1</weight>
        <weight channel="DeformAxisForward">0.72,5689</weight>
        <weight channel="DeformAxisLeft">1</weight>
      </handles>
    </blockref>
    <blockref>
      <blockid>flora_parts~, FE_leaf_24</blockid>
      <transform>
        <scale>1</scale>
        <position>-0.156976,0.178529,1.348588</position>
        <triangledirection>0.157016,-0.521761,-0.838517</triangledirection>
        <trianglepickorigin>0,0,0</trianglepickorigin>
        <orientation>
          <row0>-0.736092,-0.676881,8.94069e-8</row0>
          <row1>0.551228,-0.599447,-0.580354</row1>
          <row2>0.392830,-0.427193,0.814364</row2>
        </orientation>
        <userorientation>
          <userorientation_row0>-0.741977,0.430155,0.514233</userorientation_row0>
          <userorientation_row1>0.237591,0.885956,-0.398283</userorientation_row1>
          <userorientation_row2>-0.626912,-0.173341,-0.759561</userorientation_row2>
        </userorientation>
      </transform>
      <snapped>false</snapped>
      <childlist count="1">
        <childid>6</childid>
      </childlist>
      <handles count="4">
        <weight channel="bend">0.284603</weight>
        <weight channel="flatten">0.516198</weight>
        <weight channel="Length">0.207190</weight>
        <weight channel="width">0.837746</weight>
      </handles>
    </blockref>
    <blockref>
      <blockid>flora_parts~, FE_leaf_24</blockid>
      <transform>
        <scale>0,5</scale>
        <position>0.120096,-0.213509,1.334217</position>
        <triangledirection>-0.245680,0.531596,-0.810583</triangledirection>
        <trianglepickorigin>0,0,0</trianglepickorigin>
        <orientation>
          <row0>0.882326,0.470637,0</row0>
          <row1>-0.387521,0.726505,-0.567464</row1>
          <row2>-0.267070,0.500689,0.823397</row2>
        </orientation>
        <userorientation>
          <userorientation_row0>-0.698500,-0.218205,-0.681531</userorientation_row0>
          <userorientation_row1>0.0334189,0.941392,-0.335654</userorientation_row1>
          <userorientation_row2>0.714829,-0.257230,-0.650269</userorientation_row2>
        </userorientation>
      </transform>
      <snapped>false</snapped>
      <childlist count="1">
        <childid>12</childid>
      </childlist>
      <handles count="4">
        <weight channel="bend">0.329066</weight>
        <weight channel="flatten">0.495505</weight>
        <weight channel="Length">0.211572</weight>
        <weight channel="width">0.913130</weight>
      </handles>
    </blockref>
    <blockref>
      <blockid>flora_parts~, fe_cap_02a</blockid>
      <transform>
        <scale>1</scale>
        <position>-1.068030,-0.442834,2.302769</position>
        <triangledirection>0.483723,0.796050,0.363751</triangledirection>
        <trianglepickorigin>0,0,0</trianglepickorigin>
        <orientation>
          <row0>0.697162,0.353818,0.623519</row0>
          <row1>-0.352308,0.926549,-0.131854</row1>
          <row2>-0.624374,-0.127746,0.770608</row2>
        </orientation>
        <userorientation>
          <userorientation_row0>0.530454,-0.843144,0.0878970</userorientation_row0>
          <userorientation_row1>0.845697,0.519196,-0.123407</userorientation_row1>
          <userorientation_row2>0.0584139,0.139796,0.988456</userorientation_row2>
        </userorientation>
      </transform>
      <snapped>false</snapped>
    </blockref>
    <blockref>
      <blockid>flora_parts~, fe_cap_02a</blockid>
      <transform>
        <scale>1</scale>
        <position>-0.299277,1.118623,2.586958</position>
        <triangledirection>-0.514924,-0.824194,0.235701</triangledirection>
        <trianglepickorigin>0,0,0</trianglepickorigin>
        <orientation>
          <row0>-0.455602,0.890183,2.68220e-7</row0>
          <row1>-0.563631,-0.288470,0.774017</row1>
          <row2>0.689018,0.352644,0.633163</row2>
        </orientation>
        <userorientation>
          <userorientation_row0>0.755521,0.637167,0.152335</userorientation_row0>
          <userorientation_row1>-0.499083,0.710421,-0.496202</userorientation_row1>
          <userorientation_row2>-0.424385,0.298862,0.854737</userorientation_row2>
        </userorientation>
      </transform>
      <snapped>false</snapped>
    </blockref>
    <blockref>
      <blockid>flora_parts~, fe_cap_02a</blockid>
      <transform>
        <scale>1</scale>
        <position>0.282030,-0.701536,2.288955</position>
        <triangledirection>0.857174,-0.404397,-0.318925</triangledirection>
        <trianglepickorigin>0,0,0</trianglepickorigin>
        <orientation>
          <row0>-0.0881966,-0.996103,2.76602e-7</row0>
          <row1>0.983254,-0.0870590,-0.160100</row1>
          <row2>0.159476,-0.0141200,0.987100</row2>
        </orientation>
        <userorientation>
          <userorientation_row0>0.942678,-0.333591,-0.00852899</userorientation_row0>
          <userorientation_row1>0.327222,0.929086,-0.172403</userorientation_row1>
          <userorientation_row2>0.0654370,0.159729,0.984990</userorientation_row2>
        </userorientation>
      </transform>
      <snapped>false</snapped>
    </blockref>
    <blockref>
      <blockid>flora_parts~, fe_cap_02a</blockid>
      <transform>
        <scale>1</scale>
        <position>0.912524,0.0184469,3.092685</position>
        <triangledirection>-0.210111,0.746628,0.631189</triangledirection>
        <trianglepickorigin>0,0,0</trianglepickorigin>
        <orientation>
          <row0>0.542814,0.839852,3.27825e-7</row0>
          <row1>-0.695347,0.449417,0.560818</row1>
          <row2>0.471004,-0.304420,0.827939</row2>
        </orientation>
        <userorientation>
          <userorientation_row0>0.845268,-0.531608,0.0539899</userorientation_row0>
          <userorientation_row1>0.513006,0.835629,0.196333</userorientation_row1>
          <userorientation_row2>-0.149488,-0.138257,0.979050</userorientation_row2>
        </userorientation>
      </transform>
      <snapped>false</snapped>
    </blockref>
  </blocks></sporemodel>