spore0005438f63474066620039658fb2d816b417ffffffffffffffff0000000ebfdb7ed706KChangfffffffffffffffe08Stirrups0000000<?xml version="1.0" encoding="UTF-8"?><sporemodel>
  <properties>
    <modeltype>PlantMedium</modeltype>
    <skineffectseed1>1234</skineffectseed1>
    <skineffectseed2>1234</skineffectseed2>
    <skineffectseed3>105076534</skineffectseed3>
    <skincolor1>0.254902,0.243137,0.282353</skincolor1>
    <skincolor2>0.576470,0.349020,0.262744</skincolor2>
    <skincolor3>0.803922,0.698038,0.474510</skincolor3>
    <zcorpscore>22</zcorpscore>
  </properties>
  <blocks count="41">
    <blockref>
      <blockid>flora_parts~, fe_root_dummy</blockid>
      <transform>
        <scale>1</scale>
        <position>0,0,0.600000</position>
        <triangledirection>0,1,0</triangledirection>
        <trianglepickorigin>0,0,0</trianglepickorigin>
        <orientation>
          <row0>1,0,0</row0>
          <row1>0,1,0</row1>
          <row2>0,0,1</row2>
        </orientation>
      </transform>
      <snapped>false</snapped>
      <childlist count="5">
        <childid>28</childid>
        <childid>10</childid>
        <childid>7</childid>
        <childid>4</childid>
        <childid>1</childid>
      </childlist>
    </blockref>
    <blockref>
      <blockid>flora_parts~, fe_muscle_branch_01</blockid>
      <transform>
        <limbtype>0</limbtype>
        <musclescale>0.224999</musclescale>
        <basemusclescale>2.299999</basemusclescale>
        <scale>1</scale>
        <position>0,0,0.600000</position>
        <triangledirection>-0.955195,-0.203314,0.215089</triangledirection>
        <trianglepickorigin>0,0,0</trianglepickorigin>
        <orientation>
          <row0>0.159096,0.260091,0.952386</row0>
          <row1>-0.955195,-0.203314,0.215089</row1>
          <row2>0.249577,-0.943936,0.216091</row2>
        </orientation>
      </transform>
      <snapped>true</snapped>
      <childlist count="3">
        <childid>39</childid>
        <childid>18</childid>
        <childid>2</childid>
      </childlist>
      <handles count="1">
        <weight channel="longer">0.162245</weight>
      </handles>
    </blockref>
    <blockref>
      <blockid>flora_parts~, FE_muscle_branch_04</blockid>
      <transform>
        <limbtype>0</limbtype>
        <musclescale>0</musclescale>
        <basemusclescale>1.399999</basemusclescale>
        <scale>1</scale>
        <position>1.196144,0.254601,0.330654</position>
        <triangledirection>-0.800209,-0.434549,0.413316</triangledirection>
        <trianglepickorigin>0,0,0</trianglepickorigin>
        <orientation>
          <row0>0.542266,-0.229916,0.808137</row0>
          <row1>-0.800209,-0.434549,0.413316</row1>
          <row2>0.256147,-0.870807,-0.419622</row2>
        </orientation>
      </transform>
      <snapped>true</snapped>
      <childlist count="1">
        <childid>3</childid>
      </childlist>
      <handles count="1">
        <weight channel="longer">0.162245</weight>
      </handles>
    </blockref>
    <blockref>
      <blockid>Creature_parts~, ce_grasper_null</blockid>
      <transform>
        <basemusclescale>0.900000</basemusclescale>
        <scale>1</scale>
        <position>2.198205,0.798766,-0.186921</position>
        <triangledirection>0.450499,-0.878580,0.158578</triangledirection>
        <trianglepickorigin>0,0,0</trianglepickorigin>
        <orientation>
          <row0>-0.00935180,0.172969,0.984882</row0>
          <row1>0.450499,-0.878580,0.158578</row1>
          <row2>0.892727,0.445172,-0.0697065</row2>
        </orientation>
      </transform>
      <snapped>true</snapped>
    </blockref>
    <blockref>
      <blockid>flora_parts~, FE_muscle_branch_04</blockid>
      <transform>
        <limbtype>0</limbtype>
        <musclescale>4.47035e-8</musclescale>
        <basemusclescale>2.299999</basemusclescale>
        <scale>1</scale>
        <position>0,0,0.600000</position>
        <triangledirection>0.435507,0.847805,0.302585</triangledirection>
        <trianglepickorigin>0,0,0</trianglepickorigin>
        <orientation>
          <row0>0.576022,-0.00415372,-0.817423</row0>
          <row1>0.435507,0.847805,0.302585</row1>
          <row2>0.691759,-0.530290,0.490164</row2>
        </orientation>
      </transform>
      <snapped>true</snapped>
      <childlist count="2">
        <childid>17</childid>
        <childid>5</childid>
      </childlist>
      <handles count="1">
        <weight channel="longer">0.162245</weight>
      </handles>
    </blockref>
    <blockref>
      <blockid>flora_parts~, FE_muscle_branch_04</blockid>
      <transform>
        <limbtype>0</limbtype>
        <musclescale>0.174999</musclescale>
        <basemusclescale>1.399999</basemusclescale>
        <scale>1</scale>
        <position>-0.545365,-1.061663,0.221087</position>
        <triangledirection>0.547092,0.696568,0.464199</triangledirection>
        <trianglepickorigin>0,0,0</trianglepickorigin>
        <orientation>
          <row0>0.0520707,0.525157,-0.849410</row0>
          <row1>0.547092,0.696568,0.464199</row1>
          <row2>0.835450,-0.488877,-0.251039</row2>
        </orientation>
      </transform>
      <snapped>true</snapped>
      <childlist count="1">
        <childid>6</childid>
      </childlist>
      <handles count="1">
        <weight channel="longer">0.162245</weight>
      </handles>
    </blockref>
    <blockref>
      <blockid>Creature_parts~, ce_grasper_null</blockid>
      <transform>
        <basemusclescale>0.950000</basemusclescale>
        <scale>1</scale>
        <position>-1.230460,-1.933942,-0.360208</position>
        <triangledirection>-0.983118,0.0428229,0.177888</triangledirection>
        <trianglepickorigin>0,0,0</trianglepickorigin>
        <orientation>
          <row0>-0.182968,-0.226026,-0.956783</row0>
          <row1>-0.983118,0.0428229,0.177888</row1>
          <row2>0.000764789,0.973179,-0.230045</row2>
        </orientation>
      </transform>
      <snapped>true</snapped>
    </blockref>
    <blockref>
      <blockid>flora_parts~, FE_muscle_branch_04</blockid>
      <transform>
        <limbtype>0</limbtype>
        <musclescale>0</musclescale>
        <basemusclescale>2.299999</basemusclescale>
        <scale>1</scale>
        <position>0,0,0.600000</position>
        <triangledirection>0.887173,-0.461409,-0.00500500</triangledirection>
        <trianglepickorigin>0,0,0</trianglepickorigin>
        <orientation>
          <row0>0.0217797,0.0310375,0.999280</row0>
          <row1>0.887173,-0.461409,-0.00500500</row1>
          <row2>0.460922,0.886644,-0.0375850</row2>
        </orientation>
      </transform>
      <snapped>true</snapped>
      <childlist count="2">
        <childid>21</childid>
        <childid>8</childid>
      </childlist>
      <handles count="1">
        <weight channel="longer">0.179371</weight>
      </handles>
    </blockref>
    <blockref>
      <blockid>flora_parts~, FE_muscle_branch_04</blockid>
      <transform>
        <limbtype>0</limbtype>
        <musclescale>0.524999</musclescale>
        <basemusclescale>1.100000</basemusclescale>
        <scale>1</scale>
        <position>-1.206318,0.627392,0.606805</position>
        <triangledirection>0.124212,-0.693890,0.709286</triangledirection>
        <trianglepickorigin>0,0,0</trianglepickorigin>
        <orientation>
          <row0>0.229599,0.715522,0.659781</row0>
          <row1>0.124212,-0.693890,0.709286</row1>
          <row2>0.965326,-0.0808988,-0.248193</row2>
        </orientation>
      </transform>
      <snapped>true</snapped>
      <childlist count="1">
        <childid>9</childid>
      </childlist>
      <handles count="1">
        <weight channel="longer">0.162245</weight>
      </handles>
    </blockref>
    <blockref>
      <blockid>Creature_parts~, ce_grasper_null</blockid>
      <transform>
        <basemusclescale>0.650000</basemusclescale>
        <scale>1</scale>
        <position>-1.361862,1.496317,-0.281398</position>
        <triangledirection>0.971224,0.206330,-0.118957</triangledirection>
        <trianglepickorigin>0,0,0</trianglepickorigin>
        <orientation>
          <row0>0.156773,-0.177850,0.971489</row0>
          <row1>0.971224,0.206330,-0.118957</row1>
          <row2>-0.179291,0.962183,0.205079</row2>
        </orientation>
      </transform>
      <snapped>true</snapped>
    </blockref>
    <blockref>
      <blockid>flora_parts~, fe_muscle_branch_01</blockid>
      <transform>
        <limbtype>0</limbtype>
        <musclescale>0.774999</musclescale>
        <basemusclescale>2.299999</basemusclescale>
        <scale>1</scale>
        <position>0,0,0.600000</position>
        <triangledirection>0.260604,-0.298174,-0.918246</triangledirection>
        <trianglepickorigin>0,0,0</trianglepickorigin>
        <orientation>
          <row0>-0.698477,-0.714828,0.0338876</row0>
          <row1>0.260604,-0.298174,-0.918246</row1>
          <row2>0.666493,-0.632543,0.394556</row2>
        </orientation>
      </transform>
      <snapped>true</snapped>
      <childlist count="3">
        <childid>38</childid>
        <childid>36</childid>
        <childid>11</childid>
      </childlist>
      <handles count="1">
        <weight channel="longer">0.229673</weight>
      </handles>
    </blockref>
    <blockref>
      <blockid>flora_parts~, fe_muscle_branch_01</blockid>
      <transform>
        <limbtype>0</limbtype>
        <musclescale>0.524999</musclescale>
        <basemusclescale>1.399999</basemusclescale>
        <scale>1</scale>
        <position>-0.436626,0.499571,2.138459</position>
        <triangledirection>-0.742644,0.102032,-0.661866</triangledirection>
        <trianglepickorigin>0,0,0</trianglepickorigin>
        <orientation>
          <row0>-0.0111434,0.986305,0.164551</row0>
          <row1>-0.742644,0.102032,-0.661866</row1>
          <row2>-0.669592,-0.129578,0.731337</row2>
        </orientation>
      </transform>
      <snapped>true</snapped>
      <childlist count="1">
        <childid>12</childid>
      </childlist>
      <handles count="1">
        <weight channel="longer">0.133210</weight>
      </handles>
    </blockref>
    <blockref>
      <blockid>flora_parts~, fe_muscle_branch_01</blockid>
      <transform>
        <limbtype>0</limbtype>
        <musclescale>0.675000</musclescale>
        <basemusclescale>1.049999</basemusclescale>
        <scale>1</scale>
        <position>0.358024,0.390393,2.846675</position>
        <triangledirection>-0.259474,-0.665782,-0.699575</triangledirection>
        <trianglepickorigin>0,0,0</trianglepickorigin>
        <orientation>
          <row0>-0.0232340,-0.719872,0.693717</row0>
          <row1>-0.259474,-0.665782,-0.699575</row1>
          <row2>0.965470,-0.196256,-0.171320</row2>
        </orientation>
      </transform>
      <snapped>true</snapped>
      <childlist count="3">
        <childid>35</childid>
        <childid>29</childid>
        <childid>23</childid>
      </childlist>
      <handles count="1">
        <weight channel="longer">0.0890059</weight>
      </handles>
    </blockref>
    <blockref>
      <blockid>flora_parts~, fe_muscle_branch_01</blockid>
      <transform>
        <limbtype>0</limbtype>
        <musclescale>0.300000</musclescale>
        <basemusclescale>1.149999</basemusclescale>
        <scale>1</scale>
        <position>-0.0216439,0.384339,1.589952</position>
        <triangledirection>-0.604566,0.744590,-0.282994</triangledirection>
        <trianglepickorigin>0,0,0</trianglepickorigin>
        <orientation>
          <row0>-0.783478,-0.619958,0.0425791</row0>
          <row1>-0.604566,0.744590,-0.282994</row1>
          <row2>0.143740,-0.247461,-0.958176</row2>
        </orientation>
      </transform>
      <snapped>true</snapped>
      <childlist count="1">
        <childid>14</childid>
      </childlist>
      <handles count="1">
        <weight channel="longer">0.176275</weight>
      </handles>
    </blockref>
    <blockref>
      <blockid>flora_parts~, fe_muscle_branch_01</blockid>
      <transform>
        <limbtype>0</limbtype>
        <musclescale>0.824999</musclescale>
        <basemusclescale>0.950000</basemusclescale>
        <scale>1</scale>
        <position>0.788656,-0.613636,1.969249</position>
        <triangledirection>-0.227681,0.132910,-0.964622</triangledirection>
        <trianglepickorigin>0,0,0</trianglepickorigin>
        <orientation>
          <row0>-0.765233,-0.637021,0.0928473</row0>
          <row1>-0.227681,0.132910,-0.964622</row1>
          <row2>0.602145,-0.759301,-0.246745</row2>
        </orientation>
      </transform>
      <snapped>true</snapped>
      <childlist count="3">
        <childid>33</childid>
        <childid>27</childid>
        <childid>15</childid>
      </childlist>
      <handles count="1">
        <weight channel="longer">0.0680829</weight>
      </handles>
    </blockref>
    <blockref>
      <blockid>Creature_parts~, ce_grasper_null</blockid>
      <transform>
        <basemusclescale>0.699999</basemusclescale>
        <scale>1</scale>
        <position>0.939220,-0.701528,2.607143</position>
        <triangledirection>-0.605096,0.302543,-0.736427</triangledirection>
        <trianglepickorigin>0,0,0</trianglepickorigin>
        <orientation>
          <row0>-0.680045,-0.677400,0.280475</row0>
          <row1>-0.605096,0.302543,-0.736427</row1>
          <row2>0.414000,-0.670519,-0.615636</row2>
        </orientation>
      </transform>
      <snapped>true</snapped>
    </blockref>
    <blockref>
      <blockid>flora_parts~, fe_muscle_branch_01</blockid>
      <transform>
        <limbtype>0</limbtype>
        <musclescale>0.774999</musclescale>
        <basemusclescale>1.149999</basemusclescale>
        <scale>1</scale>
        <position>-0.0216439,0.384339,1.589952</position>
        <triangledirection>0.863784,0.370233,-0.341766</triangledirection>
        <trianglepickorigin>0,0,0</trianglepickorigin>
        <orientation>
          <row0>0.0431791,-0.730189,-0.681878</row0>
          <row1>0.863784,0.370233,-0.341766</row1>
          <row2>0.502008,-0.574238,0.646712</row2>
        </orientation>
      </transform>
      <snapped>true</snapped>
      <childlist count="1">
        <childid>30</childid>
      </childlist>
      <handles count="1">
        <weight channel="longer">0.183311</weight>
      </handles>
    </blockref>
    <blockref>
      <blockid>flora_parts~, FE_muscle_branch_04</blockid>
      <transform>
        <limbtype>0</limbtype>
        <musclescale>0</musclescale>
        <basemusclescale>1.399999</basemusclescale>
        <scale>1</scale>
        <position>-0.545365,-1.061663,0.221087</position>
        <triangledirection>0.892217,-0.00624099,0.451562</triangledirection>
        <trianglepickorigin>0,0,0</trianglepickorigin>
        <orientation>
          <row0>0.332170,-0.668356,-0.665554</row0>
          <row1>0.892217,-0.00624099,0.451562</row1>
          <row2>-0.305958,-0.743815,0.594246</row2>
        </orientation>
      </transform>
      <snapped>true</snapped>
      <childlist count="1">
        <childid>20</childid>
      </childlist>
      <handles count="1">
        <weight channel="longer">0.162245</weight>
      </handles>
    </blockref>
    <blockref>
      <blockid>flora_parts~, FE_muscle_branch_04</blockid>
      <transform>
        <limbtype>0</limbtype>
        <musclescale>0.550000</musclescale>
        <basemusclescale>1.399999</basemusclescale>
        <scale>1</scale>
        <position>1.196144,0.254601,0.330654</position>
        <triangledirection>-0.0617680,0.843523,0.533529</triangledirection>
        <trianglepickorigin>0,0,0</trianglepickorigin>
        <orientation>
          <row0>0.785547,-0.288671,0.547341</row0>
          <row1>-0.0617680,0.843523,0.533529</row1>
          <row2>-0.615710,-0.452920,0.644797</row2>
        </orientation>
      </transform>
      <snapped>true</snapped>
      <childlist count="1">
        <childid>19</childid>
      </childlist>
      <handles count="1">
        <weight channel="longer">0.162245</weight>
      </handles>
    </blockref>
    <blockref>
      <blockid>Creature_parts~, ce_grasper_null</blockid>
      <transform>
        <basemusclescale>0.950000</basemusclescale>
        <scale>1</scale>
        <position>1.273493,-0.801699,-0.337458</position>
        <triangledirection>0.120262,-0.944767,-0.304879</triangledirection>
        <trianglepickorigin>0,0,0</trianglepickorigin>
        <orientation>
          <row0>0.0822669,-0.296568,0.951461</row0>
          <row1>0.120262,-0.944767,-0.304879</row1>
          <row2>0.989327,0.139506,-0.0420570</row2>
        </orientation>
      </transform>
      <snapped>true</snapped>
    </blockref>
    <blockref>
      <blockid>Creature_parts~, ce_grasper_null</blockid>
      <transform>
        <basemusclescale>1</basemusclescale>
        <scale>1</scale>
        <position>-1.662644,-1.053848,-0.344383</position>
        <triangledirection>-0.0951470,0.989685,0.107099</triangledirection>
        <trianglepickorigin>0,0,0</trianglepickorigin>
        <orientation>
          <row0>0.938620,0.0533581,0.340798</row0>
          <row1>-0.0951470,0.989685,0.107099</row1>
          <row2>-0.331569,-0.132951,0.934015</row2>
        </orientation>
      </transform>
      <snapped>true</snapped>
    </blockref>
    <blockref>
      <blockid>flora_parts~, FE_muscle_branch_04</blockid>
      <transform>
        <limbtype>0</limbtype>
        <musclescale>0.550000</musclescale>
        <basemusclescale>1.100000</basemusclescale>
        <scale>1</scale>
        <position>-1.206318,0.627392,0.606805</position>
        <triangledirection>0.0753259,-0.838869,0.539094</triangledirection>
        <trianglepickorigin>0,0,0</trianglepickorigin>
        <orientation>
          <row0>-0.312741,-0.533227,-0.786041</row0>
          <row1>0.0753259,-0.838869,0.539094</row1>
          <row2>-0.946846,0.109388,0.302515</row2>
        </orientation>
      </transform>
      <snapped>true</snapped>
      <childlist count="1">
        <childid>22</childid>
      </childlist>
      <handles count="1">
        <weight channel="longer">0.162245</weight>
      </handles>
    </blockref>
    <blockref>
      <blockid>Creature_parts~, ce_grasper_null</blockid>
      <transform>
        <basemusclescale>0.850000</basemusclescale>
        <scale>1</scale>
        <position>-1.300644,1.677867,-0.0682770</position>
        <triangledirection>0.0302189,0.747218,0.663890</triangledirection>
        <trianglepickorigin>0,0,0</trianglepickorigin>
        <orientation>
          <row0>-0.514215,-0.557938,0.651373</row0>
          <row1>0.0302189,0.747218,0.663890</row1>
          <row2>-0.857128,0.361066,-0.367371</row2>
        </orientation>
      </transform>
      <snapped>true</snapped>
    </blockref>
    <blockref>
      <blockid>Creature_parts~, ce_grasper_null</blockid>
      <transform>
        <basemusclescale>0.75</basemusclescale>
        <scale>1</scale>
        <position>0.563683,0.918094,3.401160</position>
        <triangledirection>-0.259474,-0.665782,-0.699575</triangledirection>
        <trianglepickorigin>0,0,0</trianglepickorigin>
        <orientation>
          <row0>-0.0232340,-0.719872,0.693717</row0>
          <row1>-0.259474,-0.665782,-0.699575</row1>
          <row2>0.965470,-0.196256,-0.171320</row2>
        </orientation>
      </transform>
      <snapped>true</snapped>
    </blockref>
    <blockref>
      <blockid>Creature_parts~, ce_grasper_null</blockid>
      <transform>
        <basemusclescale>1</basemusclescale>
        <scale>1</scale>
        <position>-2.303666,-0.157962,2.944825</position>
        <triangledirection>0.240960,-0.239477,-0.940525</triangledirection>
        <trianglepickorigin>0,0,0</trianglepickorigin>
        <orientation>
          <row0>-0.784640,-0.618419,-0.0435605</row0>
          <row1>0.240960,-0.239477,-0.940525</row1>
          <row2>0.571207,-0.748470,0.336918</row2>
        </orientation>
      </transform>
      <snapped>false</snapped>
    </blockref>
    <blockref>
      <blockid>Creature_parts~, ce_grasper_null</blockid>
      <transform>
        <basemusclescale>1</basemusclescale>
        <scale>1</scale>
        <position>0.181384,-1.788166,3.307370</position>
        <triangledirection>0,0,-1</triangledirection>
        <trianglepickorigin>0,0,0</trianglepickorigin>
        <orientation>
          <row0>1,0,0</row0>
          <row1>0,0,-1</row1>
          <row2>0,1,0</row2>
        </orientation>
      </transform>
      <snapped>false</snapped>
    </blockref>
    <blockref>
      <blockid>Creature_parts~, ce_grasper_null</blockid>
      <transform>
        <basemusclescale>1</basemusclescale>
        <scale>1</scale>
        <position>0,0,3.150256</position>
        <triangledirection>-0.100535,0.991115,-0.0870820</triangledirection>
        <trianglepickorigin>0,0,0</trianglepickorigin>
        <orientation>
          <row0>0.987913,0.109821,0.109388</row0>
          <row1>-0.100535,0.991115,-0.0870820</row1>
          <row2>-0.117980,0.0750321,0.990177</row2>
        </orientation>
      </transform>
      <snapped>false</snapped>
    </blockref>
    <blockref>
      <blockid>flora_parts~, FE_leaf_03</blockid>
      <transform>
        <scale>1,252320</scale>
        <position>1.010421,-0.674423,2.712654</position>
        <triangledirection>0.100165,0.135126,-0.985778</triangledirection>
        <trianglepickorigin>0,0,0</trianglepickorigin>
        <orientation>
          <row0>0.522530,0.736299,-0.429913</row0>
          <row1>-0.500211,-0.143601,-0.853912</row1>
          <row2>-0.690471,0.661243,0.293269</row2>
        </orientation>
        <userorientation>
          <userorientation_row0>-0.812839,0.576268,-0.0851219</userorientation_row0>
          <userorientation_row1>0.575632,0.772260,-0.268908</userorientation_row1>
          <userorientation_row2>-0.0892160,-0.267574,-0.959433</userorientation_row2>
        </userorientation>
      </transform>
      <snapped>false</snapped>
      <handles count="3">
        <weight channel="DeformAxisForward">0.341859</weight>
        <weight channel="DeformAxisLeft">0.596471</weight>
        <weight channel="DeformAxisUp">0.825436</weight>
      </handles>
    </blockref>
    <blockref>
      <blockid>flora_parts~, fe_muscle_branch_06</blockid>
      <transform>
        <limbtype>0</limbtype>
        <musclescale>0.100000</musclescale>
        <basemusclescale>2.299999</basemusclescale>
        <scale>1</scale>
        <position>0,0,0.600000</position>
        <triangledirection>0.0203770,-0.361846,-0.932015</triangledirection>
        <trianglepickorigin>0,0,0</trianglepickorigin>
        <orientation>
          <row0>0.996629,0.0814392,-0.00982833</row0>
          <row1>0.0203770,-0.361846,-0.932015</row1>
          <row2>-0.0794589,0.928673,-0.362286</row2>
        </orientation>
      </transform>
      <snapped>true</snapped>
      <childlist count="2">
        <childid>16</childid>
        <childid>13</childid>
      </childlist>
      <handles count="1">
        <weight channel="longer">0.131956</weight>
      </handles>
    </blockref>
    <blockref>
      <blockid>flora_parts~, FE_leaf_03</blockid>
      <transform>
        <scale>1,397399</scale>
        <position>0.602039,1.047905,3.436825</position>
        <triangledirection>0.0935793,-0.749175,-0.655727</triangledirection>
        <trianglepickorigin>0,0,0</trianglepickorigin>
        <orientation>
          <row0>-0.959471,0.260190,0.108239</row0>
          <row1>-0.281590,-0.900219,-0.332133</row1>
          <row2>0.0110210,-0.349151,0.937001</row2>
        </orientation>
        <userorientation>
          <userorientation_row0>0.932574,0.304023,-0.194610</userorientation_row0>
          <userorientation_row1>-0.355690,0.865860,-0.351810</userorientation_row1>
          <userorientation_row2>0.0615479,0.397311,0.915618</userorientation_row2>
        </userorientation>
      </transform>
      <snapped>false</snapped>
      <handles count="3">
        <weight channel="DeformAxisForward">0.282119</weight>
        <weight channel="DeformAxisLeft">0.623157</weight>
        <weight channel="DeformAxisUp">0.793316</weight>
      </handles>
    </blockref>
    <blockref>
      <blockid>flora_parts~, fe_muscle_branch_01</blockid>
      <transform>
        <limbtype>0</limbtype>
        <musclescale>0.650000</musclescale>
        <basemusclescale>1.25</basemusclescale>
        <scale>1</scale>
        <position>-1.217518,-0.128233,2.063114</position>
        <triangledirection>0.262882,0.380122,-0.886791</triangledirection>
        <trianglepickorigin>0,0,0</trianglepickorigin>
        <orientation>
          <row0>-0.248727,-0.861353,-0.442951</row0>
          <row1>0.262882,0.380122,-0.886791</row1>
          <row2>0.932216,-0.337013,0.131887</row2>
        </orientation>
      </transform>
      <snapped>true</snapped>
      <childlist count="3">
        <childid>37</childid>
        <childid>32</childid>
        <childid>31</childid>
      </childlist>
      <handles count="1">
        <weight channel="longer">0.0890059</weight>
      </handles>
    </blockref>
    <blockref>
      <blockid>Creature_parts~, ce_grasper_null</blockid>
      <transform>
        <basemusclescale>0.699999</basemusclescale>
        <scale>1</scale>
        <position>-1.425879,-0.429518,2.765987</position>
        <triangledirection>-0.0375998,0.941483,-0.334953</triangledirection>
        <trianglepickorigin>0,0,0</trianglepickorigin>
        <orientation>
          <row0>-0.0159264,-0.335712,-0.941829</row0>
          <row1>-0.0375998,0.941483,-0.334953</row1>
          <row2>0.999165,0.0300780,-0.0276172</row2>
        </orientation>
      </transform>
      <snapped>true</snapped>
    </blockref>
    <blockref>
      <blockid>flora_parts~, FE_leaf_03</blockid>
      <transform>
        <scale>1,454989</scale>
        <position>-1.435387,-0.417503,2.905104</position>
        <triangledirection>0.142084,0.521883,-0.841100</triangledirection>
        <trianglepickorigin>0,0,0</trianglepickorigin>
        <orientation>
          <row0>-0.906072,0.413104,-0.0915269</row0>
          <row1>0.0966385,-0.00855395,-0.995282</row1>
          <row2>-0.411938,-0.910643,-0.0321713</row2>
        </orientation>
        <userorientation>
          <userorientation_row0>-0.901907,0.336629,0.270669</userorientation_row0>
          <userorientation_row1>0.163837,0.846399,-0.506721</userorientation_row1>
          <userorientation_row2>-0.399672,-0.412673,-0.818524</userorientation_row2>
        </userorientation>
      </transform>
      <snapped>false</snapped>
      <childlist count="1">
        <childid>34</childid>
      </childlist>
      <handles count="3">
        <weight channel="DeformAxisForward">0.282119</weight>
        <weight channel="DeformAxisLeft">0.521977</weight>
        <weight channel="DeformAxisUp">0.578302</weight>
      </handles>
    </blockref>
    <blockref>
      <blockid>flora_parts~, fe_cap_01a</blockid>
      <transform>
        <scale>1</scale>
        <position>0.915326,-0.800489,2.555970</position>
        <triangledirection>0.0893719,0.993539,-0.0699389</triangledirection>
        <trianglepickorigin>0,0,0</trianglepickorigin>
        <orientation>
          <row0>0.962754,-0.104166,-0.249504</row0>
          <row1>0.0893719,0.993539,-0.0699389</row1>
          <row2>0.255177,0.0450353,0.965844</row2>
        </orientation>
      </transform>
      <snapped>false</snapped>
    </blockref>
    <blockref>
      <blockid>flora_parts~, fe_cap_01a</blockid>
      <transform>
        <scale>1</scale>
        <position>-1.351812,-0.423935,2.898204</position>
        <triangledirection>-0.945368,-0.182058,-0.270429</triangledirection>
        <trianglepickorigin>0,0,0</trianglepickorigin>
        <orientation>
          <row0>-0.189102,0.981957,-9.12323e-6</row0>
          <row1>-0.945368,-0.182058,-0.270429</row1>
          <row2>-0.265552,-0.0511302,0.962739</row2>
        </orientation>
      </transform>
      <snapped>false</snapped>
    </blockref>
    <blockref>
      <blockid>flora_parts~, fe_cap_01a</blockid>
      <transform>
        <scale>1</scale>
        <position>0.614587,0.823747,3.125849</position>
        <triangledirection>-0.842939,-0.178245,0.507622</triangledirection>
        <trianglepickorigin>0,0,0</trianglepickorigin>
        <orientation>
          <row0>-0.483186,0.875517,1.93715e-7</row0>
          <row1>-0.791850,-0.437011,0.426605</row1>
          <row2>0.373501,0.206130,0.904437</row2>
        </orientation>
        <userorientation>
          <userorientation_row0>0.967543,-0.252705,0</userorientation_row0>
          <userorientation_row1>0.251239,0.961932,0.107532</userorientation_row1>
          <userorientation_row2>-0.0271739,-0.104042,0.994202</userorientation_row2>
        </userorientation>
      </transform>
      <snapped>false</snapped>
    </blockref>
    <blockref>
      <blockid>flora_parts~, fe_cap_01a</blockid>
      <transform>
        <scale>1</scale>
        <position>-0.352097,0.713072,2.064302</position>
        <triangledirection>-0.894608,-0.216925,-0.390666</triangledirection>
        <trianglepickorigin>0,0,0</trianglepickorigin>
        <orientation>
          <row0>-0.977020,0.213144,7.07805e-8</row0>
          <row1>-0.212624,-0.974640,-0.0697559</row1>
          <row2>-0.0148680,-0.0681530,0.997564</row2>
        </orientation>
        <userorientation>
          <userorientation_row0>0.431647,-0.898685,-0.0777470</userorientation_row0>
          <userorientation_row1>0.827814,0.428892,-0.361630</userorientation_row1>
          <userorientation_row2>0.358337,0.0917370,0.929073</userorientation_row2>
        </userorientation>
      </transform>
      <snapped>false</snapped>
    </blockref>
    <blockref>
      <blockid>flora_parts~, fe_cap_01a</blockid>
      <transform>
        <scale>1</scale>
        <position>-1.387740,-0.202356,2.179988</position>
        <triangledirection>0.993486,0.0975019,0.0589679</triangledirection>
        <trianglepickorigin>0,0,0</trianglepickorigin>
        <orientation>
          <row0>0.0976719,-0.995218,-4.83356e-7</row0>
          <row1>0.993486,0.0975019,0.0589679</row1>
          <row2>-0.0586859,-0.00576000,0.998259</row2>
        </orientation>
      </transform>
      <snapped>false</snapped>
    </blockref>
    <blockref>
      <blockid>flora_parts~, FE_leaf_03</blockid>
      <transform>
        <scale>0,999997</scale>
        <position>-0.152216,0.744156,1.950219</position>
        <triangledirection>0.0261900,-0.970837,0.238304</triangledirection>
        <trianglepickorigin>0,0,0</trianglepickorigin>
        <orientation>
          <row0>-0.861146,0.508356,-9.68575e-8</row0>
          <row1>-0.498509,-0.844465,-0.195876</row1>
          <row2>-0.0995749,-0.168677,0.980628</row2>
        </orientation>
        <userorientation>
          <userorientation_row0>0.762900,0.617486,-0.191551</userorientation_row0>
          <userorientation_row1>-0.516084,0.760104,0.394839</userorientation_row1>
          <userorientation_row2>0.389407,-0.202365,0.898559</userorientation_row2>
        </userorientation>
      </transform>
      <snapped>false</snapped>
      <handles count="3">
        <weight channel="DeformAxisForward">1</weight>
        <weight channel="DeformAxisLeft">0.666399</weight>
        <weight channel="DeformAxisUp">0.844214</weight>
      </handles>
    </blockref>
    <blockref>
      <blockid>flora_parts~, FE_muscle_branch_04</blockid>
      <transform>
        <limbtype>0</limbtype>
        <musclescale>1</musclescale>
        <basemusclescale>1.399999</basemusclescale>
        <scale>1</scale>
        <position>1.196144,0.254601,0.330654</position>
        <triangledirection>0.467479,-0.740792,0.482380</triangledirection>
        <trianglepickorigin>0,0,0</trianglepickorigin>
        <orientation>
          <row0>0.283742,0.642543,0.711778</row0>
          <row1>0.467479,-0.740792,0.482380</row1>
          <row2>0.837229,0.195869,-0.510569</row2>
        </orientation>
      </transform>
      <snapped>true</snapped>
      <childlist count="1">
        <childid>40</childid>
      </childlist>
      <handles count="1">
        <weight channel="longer">0.0860599</weight>
      </handles>
    </blockref>
    <blockref>
      <blockid>Creature_parts~, ce_grasper_null</blockid>
      <transform>
        <basemusclescale>1.049999</basemusclescale>
        <scale>1</scale>
        <position>0.834262,0.828056,-0.0427620</position>
        <triangledirection>0.170162,-0.427324,-0.887940</triangledirection>
        <trianglepickorigin>0,0,0</trianglepickorigin>
        <orientation>
          <row0>-0.598565,-0.760621,0.251344</row0>
          <row1>0.170162,-0.427324,-0.887940</row1>
          <row2>0.782792,-0.488721,0.385211</row2>
        </orientation>
      </transform>
      <snapped>true</snapped>
    </blockref>
  </blocks></sporemodel>