spore0005438f6347406662001941c3f2d816b417ffffffffffffffff0000000ebfdb7ef406KChangfffffffffffffffe05Umtee0000000<?xml version="1.0" encoding="UTF-8"?><sporemodel>
  <properties>
    <modeltype>PlantMedium</modeltype>
    <skineffectseed1>1234</skineffectseed1>
    <skineffectseed2>1234</skineffectseed2>
    <skineffectseed3>1234</skineffectseed3>
    <skincolor1>0.203922,0.282353,0.0901959</skincolor1>
    <skincolor2>0.576470,0.474510,0.262744</skincolor2>
    <skincolor3>1,0.913726,0.729412</skincolor3>
    <zcorpscore>31</zcorpscore>
  </properties>
  <blocks count="32">
    <blockref>
      <blockid>flora_parts~, fe_root_dummy</blockid>
      <transform>
        <scale>1</scale>
        <position>0,0,0.600000</position>
        <triangledirection>0,1,0</triangledirection>
        <trianglepickorigin>0,0,0</trianglepickorigin>
        <orientation>
          <row0>1,0,0</row0>
          <row1>0,1,0</row1>
          <row2>0,0,1</row2>
        </orientation>
      </transform>
      <snapped>false</snapped>
      <childlist count="7">
        <childid>16</childid>
        <childid>13</childid>
        <childid>10</childid>
        <childid>7</childid>
        <childid>4</childid>
        <childid>3</childid>
        <childid>1</childid>
      </childlist>
    </blockref>
    <blockref>
      <blockid>flora_parts~, FE_muscle_branch_04</blockid>
      <transform>
        <limbtype>0</limbtype>
        <musclescale>0.449999</musclescale>
        <basemusclescale>2.299999</basemusclescale>
        <scale>1</scale>
        <position>0,0,0.600000</position>
        <triangledirection>0.00436399,0.0160359,0.999861</triangledirection>
        <trianglepickorigin>0,0,0</trianglepickorigin>
        <orientation>
          <row0>-0.0934408,0.995503,-0.0155582</row0>
          <row1>0.00436399,0.0160359,0.999861</row1>
          <row2>0.995615,0.0933600,-0.00584279</row2>
        </orientation>
      </transform>
      <snapped>true</snapped>
      <childlist count="1">
        <childid>2</childid>
      </childlist>
      <handles count="1">
        <weight channel="longer">0.130675</weight>
      </handles>
    </blockref>
    <blockref>
      <blockid>Creature_parts~, ce_grasper_null</blockid>
      <transform>
        <basemusclescale>1.200000</basemusclescale>
        <scale>1</scale>
        <position>-0.00459999,-0.0169039,-0.453969</position>
        <triangledirection>0,0,-1</triangledirection>
        <trianglepickorigin>0,0,0</trianglepickorigin>
        <orientation>
          <row0>1,0,0</row0>
          <row1>0,0,-1</row1>
          <row2>0,1,0</row2>
        </orientation>
      </transform>
      <snapped>true</snapped>
    </blockref>
    <blockref>
      <blockid>flora_parts~, fe_muscle_branch_01</blockid>
      <transform>
        <limbtype>0</limbtype>
        <musclescale>1</musclescale>
        <basemusclescale>2.299999</basemusclescale>
        <scale>1</scale>
        <position>0,0,0.600000</position>
        <triangledirection>0,0,-1</triangledirection>
        <trianglepickorigin>0,0,0</trianglepickorigin>
        <orientation>
          <row0>-0.788060,-0.615598,0</row0>
          <row1>0,0,-1</row1>
          <row2>0.615598,-0.788060,0</row2>
        </orientation>
      </transform>
      <snapped>true</snapped>
      <childlist count="1">
        <childid>19</childid>
      </childlist>
      <handles count="1">
        <weight channel="longer">0.00555499</weight>
      </handles>
    </blockref>
    <blockref>
      <blockid>flora_parts~, fe_muscle_branch_01</blockid>
      <transform>
        <limbtype>0</limbtype>
        <musclescale>1</musclescale>
        <basemusclescale>2.299999</basemusclescale>
        <scale>1</scale>
        <position>0,0,0.600000</position>
        <triangledirection>-0.767786,0.297553,-0.567421</triangledirection>
        <trianglepickorigin>0,0,0</trianglepickorigin>
        <orientation>
          <row0>0.639481,0.301159,-0.707365</row0>
          <row1>-0.767786,0.297553,-0.567421</row1>
          <row2>0.0395946,0.905961,0.421505</row2>
        </orientation>
      </transform>
      <snapped>true</snapped>
      <childlist count="1">
        <childid>5</childid>
      </childlist>
      <handles count="1">
        <weight channel="longer">0.0967069</weight>
      </handles>
    </blockref>
    <blockref>
      <blockid>flora_parts~, fe_muscle_branch_01</blockid>
      <transform>
        <limbtype>0</limbtype>
        <musclescale>1</musclescale>
        <basemusclescale>1.25</basemusclescale>
        <scale>1</scale>
        <position>0.645657,-0.250221,1.077162</position>
        <triangledirection>-0.0749539,0.397439,-0.914561</triangledirection>
        <trianglepickorigin>0,0,0</trianglepickorigin>
        <orientation>
          <row0>0.988290,0.151845,-0.0150091</row0>
          <row1>-0.0749539,0.397439,-0.914561</row1>
          <row2>-0.132906,0.904977,0.404167</row2>
        </orientation>
      </transform>
      <snapped>true</snapped>
      <childlist count="2">
        <childid>22</childid>
        <childid>6</childid>
      </childlist>
      <handles count="1">
        <weight channel="longer">0.0967069</weight>
      </handles>
    </blockref>
    <blockref>
      <blockid>Creature_parts~, ce_grasper_null</blockid>
      <transform>
        <basemusclescale>0.75</basemusclescale>
        <scale>1</scale>
        <position>0.708687,-0.584442,1.846248</position>
        <triangledirection>-0.644721,0.256964,0.719932</triangledirection>
        <trianglepickorigin>0,0,0</trianglepickorigin>
        <orientation>
          <row0>0.511386,0.845007,0.156354</row0>
          <row1>-0.644721,0.256964,0.719932</row1>
          <row2>0.568170,-0.468968,0.676202</row2>
        </orientation>
      </transform>
      <snapped>true</snapped>
    </blockref>
    <blockref>
      <blockid>flora_parts~, fe_muscle_branch_01</blockid>
      <transform>
        <limbtype>0</limbtype>
        <musclescale>1</musclescale>
        <basemusclescale>2.299999</basemusclescale>
        <scale>1</scale>
        <position>0,0,0.600000</position>
        <triangledirection>-0.719950,-0.382501,-0.579107</triangledirection>
        <trianglepickorigin>0,0,0</trianglepickorigin>
        <orientation>
          <row0>0.684426,-0.529602,-0.501080</row0>
          <row1>-0.719950,-0.382501,-0.579107</row1>
          <row2>0.115032,0.757108,-0.643081</row2>
        </orientation>
      </transform>
      <snapped>true</snapped>
      <childlist count="1">
        <childid>8</childid>
      </childlist>
      <handles count="1">
        <weight channel="longer">0.0967069</weight>
      </handles>
    </blockref>
    <blockref>
      <blockid>flora_parts~, fe_muscle_branch_01</blockid>
      <transform>
        <limbtype>0</limbtype>
        <musclescale>1</musclescale>
        <basemusclescale>0.900000</basemusclescale>
        <scale>1</scale>
        <position>0.605430,0.321658,1.086991</position>
        <triangledirection>0,-9.99997e-7,-1</triangledirection>
        <trianglepickorigin>0,0,0</trianglepickorigin>
        <orientation>
          <row0>0.993791,0.111257,-1.11256e-7</row0>
          <row1>0,-9.99997e-7,-1</row1>
          <row2>-0.111257,0.993791,-9.93789e-7</row2>
        </orientation>
      </transform>
      <snapped>true</snapped>
      <childlist count="2">
        <childid>20</childid>
        <childid>9</childid>
      </childlist>
      <handles count="1">
        <weight channel="longer">0.0967069</weight>
      </handles>
    </blockref>
    <blockref>
      <blockid>Creature_parts~, ce_grasper_null</blockid>
      <transform>
        <basemusclescale>0.699999</basemusclescale>
        <scale>1</scale>
        <position>0.605430,0.321659,1.927926</position>
        <triangledirection>-0.911136,0.363066,-0.194969</triangledirection>
        <trianglepickorigin>0,0,0</trianglepickorigin>
        <orientation>
          <row0>0.381426,0.563838,-0.732529</row0>
          <row1>-0.911136,0.363066,-0.194969</row1>
          <row2>0.156025,0.741800,0.652217</row2>
        </orientation>
      </transform>
      <snapped>true</snapped>
    </blockref>
    <blockref>
      <blockid>flora_parts~, fe_muscle_branch_01</blockid>
      <transform>
        <limbtype>0</limbtype>
        <musclescale>1</musclescale>
        <basemusclescale>2.299999</basemusclescale>
        <scale>1</scale>
        <position>0,0,0.600000</position>
        <triangledirection>-0.134045,0.935068,-0.328143</triangledirection>
        <trianglepickorigin>0,0,0</trianglepickorigin>
        <orientation>
          <row0>0.532973,0.347189,0.771620</row0>
          <row1>-0.134045,0.935068,-0.328143</row1>
          <row2>-0.835446,0.0714593,0.544906</row2>
        </orientation>
      </transform>
      <snapped>true</snapped>
      <childlist count="1">
        <childid>11</childid>
      </childlist>
      <handles count="1">
        <weight channel="longer">0.0967069</weight>
      </handles>
    </blockref>
    <blockref>
      <blockid>flora_parts~, fe_muscle_branch_01</blockid>
      <transform>
        <limbtype>0</limbtype>
        <musclescale>1</musclescale>
        <basemusclescale>1.149999</basemusclescale>
        <scale>1</scale>
        <position>0.112723,-0.786329,0.875946</position>
        <triangledirection>0,0,-1</triangledirection>
        <trianglepickorigin>0,0,0</trianglepickorigin>
        <orientation>
          <row0>0.999166,0.0408270,0</row0>
          <row1>0,0,-1</row1>
          <row2>-0.0408270,0.999166,0</row2>
        </orientation>
      </transform>
      <snapped>true</snapped>
      <childlist count="2">
        <childid>23</childid>
        <childid>12</childid>
      </childlist>
      <handles count="1">
        <weight channel="longer">0.0967069</weight>
      </handles>
    </blockref>
    <blockref>
      <blockid>Creature_parts~, ce_grasper_null</blockid>
      <transform>
        <basemusclescale>0.800000</basemusclescale>
        <scale>1</scale>
        <position>0.112723,-0.786329,1.716880</position>
        <triangledirection>-0.564662,0.779418,-0.271409</triangledirection>
        <trianglepickorigin>0,0,0</trianglepickorigin>
        <orientation>
          <row0>0.340902,0.519751,0.783354</row0>
          <row1>-0.564662,0.779418,-0.271409</row1>
          <row2>-0.751626,-0.349806,0.559190</row2>
        </orientation>
      </transform>
      <snapped>true</snapped>
    </blockref>
    <blockref>
      <blockid>flora_parts~, fe_muscle_branch_01</blockid>
      <transform>
        <limbtype>0</limbtype>
        <musclescale>1</musclescale>
        <basemusclescale>2.299999</basemusclescale>
        <scale>1</scale>
        <position>0,0,0.600000</position>
        <triangledirection>0.425497,-0.828466,-0.364137</triangledirection>
        <trianglepickorigin>0,0,0</trianglepickorigin>
        <orientation>
          <row0>0.898408,0.435039,0.0600183</row0>
          <row1>0.425497,-0.828466,-0.364137</row1>
          <row2>-0.108690,0.352681,-0.929409</row2>
        </orientation>
      </transform>
      <snapped>true</snapped>
      <childlist count="2">
        <childid>25</childid>
        <childid>14</childid>
      </childlist>
      <handles count="1">
        <weight channel="longer">0.0967069</weight>
      </handles>
    </blockref>
    <blockref>
      <blockid>flora_parts~, fe_muscle_branch_01</blockid>
      <transform>
        <limbtype>0</limbtype>
        <musclescale>1</musclescale>
        <basemusclescale>1.200000</basemusclescale>
        <scale>1</scale>
        <position>-0.357815,0.696684,0.906215</position>
        <triangledirection>-1.99996e-6,-4.99990e-6,-1</triangledirection>
        <trianglepickorigin>0,0,0</trianglepickorigin>
        <orientation>
          <row0>0.993791,0.111254,-2.54380e-6</row0>
          <row1>-1.99996e-6,-4.99990e-6,-1</row1>
          <row2>-0.111254,0.993791,-4.74636e-6</row2>
        </orientation>
      </transform>
      <snapped>true</snapped>
      <childlist count="2">
        <childid>21</childid>
        <childid>15</childid>
      </childlist>
      <handles count="1">
        <weight channel="longer">0.0967069</weight>
      </handles>
    </blockref>
    <blockref>
      <blockid>Creature_parts~, ce_grasper_null</blockid>
      <transform>
        <basemusclescale>0.75</basemusclescale>
        <scale>1</scale>
        <position>-0.357813,0.696688,1.747164</position>
        <triangledirection>-0.911132,0.363073,-0.194972</triangledirection>
        <trianglepickorigin>0,0,0</trianglepickorigin>
        <orientation>
          <row0>0.381434,0.563837,-0.732526</row0>
          <row1>-0.911132,0.363073,-0.194972</row1>
          <row2>0.156028,0.741798,0.652219</row2>
        </orientation>
      </transform>
      <snapped>true</snapped>
    </blockref>
    <blockref>
      <blockid>flora_parts~, fe_muscle_branch_01</blockid>
      <transform>
        <limbtype>0</limbtype>
        <musclescale>1</musclescale>
        <basemusclescale>2.299999</basemusclescale>
        <scale>1</scale>
        <position>0,0,0.600000</position>
        <triangledirection>0.937933,-0.304795,-0.165472</triangledirection>
        <trianglepickorigin>0,0,0</trianglepickorigin>
        <orientation>
          <row0>0.336690,0.914673,0.223633</row0>
          <row1>0.937933,-0.304795,-0.165472</row1>
          <row2>-0.0831904,0.265466,-0.960524</row2>
        </orientation>
      </transform>
      <snapped>true</snapped>
      <childlist count="2">
        <childid>26</childid>
        <childid>17</childid>
      </childlist>
      <handles count="1">
        <weight channel="longer">0.0967069</weight>
      </handles>
    </blockref>
    <blockref>
      <blockid>flora_parts~, fe_muscle_branch_01</blockid>
      <transform>
        <limbtype>0</limbtype>
        <musclescale>1</musclescale>
        <basemusclescale>1.049999</basemusclescale>
        <scale>1</scale>
        <position>-0.788738,0.256312,0.739151</position>
        <triangledirection>-3.99987e-6,-7.99975e-6,-1</triangledirection>
        <trianglepickorigin>0,0,0</trianglepickorigin>
        <orientation>
          <row0>0.993792,0.111252,-4.86503e-6</row0>
          <row1>-3.99987e-6,-7.99975e-6,-1</row1>
          <row2>-0.111252,0.993792,-7.50509e-6</row2>
        </orientation>
      </transform>
      <snapped>true</snapped>
      <childlist count="2">
        <childid>24</childid>
        <childid>18</childid>
      </childlist>
      <handles count="1">
        <weight channel="longer">0.0967069</weight>
      </handles>
    </blockref>
    <blockref>
      <blockid>Creature_parts~, ce_grasper_null</blockid>
      <transform>
        <basemusclescale>0.699999</basemusclescale>
        <scale>1</scale>
        <position>-0.788735,0.256319,1.580111</position>
        <triangledirection>-0.911130,0.363077,-0.194975</triangledirection>
        <trianglepickorigin>0,0,0</trianglepickorigin>
        <orientation>
          <row0>0.381439,0.563837,-0.732523</row0>
          <row1>-0.911130,0.363077,-0.194975</row1>
          <row2>0.156028,0.741796,0.652221</row2>
        </orientation>
      </transform>
      <snapped>true</snapped>
    </blockref>
    <blockref>
      <blockid>Creature_parts~, ce_grasper_null</blockid>
      <transform>
        <basemusclescale>1</basemusclescale>
        <scale>1</scale>
        <position>0,0,0.868863</position>
        <triangledirection>-0.156026,-0.741801,-0.652215</triangledirection>
        <trianglepickorigin>0,0,0</trianglepickorigin>
        <orientation>
          <row0>0.980054,-0.0339838,-0.195802</row0>
          <row1>-0.156026,-0.741801,-0.652215</row1>
          <row2>-0.123081,0.669757,-0.732308</row2>
        </orientation>
      </transform>
      <snapped>true</snapped>
    </blockref>
    <blockref>
      <blockid>flora_parts~, FE_leaf_14</blockid>
      <transform>
        <scale>0,798516</scale>
        <position>0.602804,0.321478,1.963521</position>
        <triangledirection>0.0354949,0.00192299,-0.999368</triangledirection>
        <trianglepickorigin>0,0,0</trianglepickorigin>
        <orientation>
          <row0>0.0540971,-0.998535,-5.12227e-9</row0>
          <row1>0.0354949,0.00192299,-0.999368</row1>
          <row2>0.997904,0.0540629,0.0355470</row2>
        </orientation>
      </transform>
      <snapped>false</snapped>
      <childlist count="1">
        <childid>27</childid>
      </childlist>
      <handles count="4">
        <weight channel="DeformForwardb">0.606671</weight>
        <weight channel="DeformAxisForward">1</weight>
        <weight channel="DeformAxisLeft">1</weight>
        <weight channel="DeformAxisUp">0.635329</weight>
      </handles>
    </blockref>
    <blockref>
      <blockid>flora_parts~, FE_leaf_14</blockid>
      <transform>
        <scale>1</scale>
        <position>-0.362174,0.759845,1.824912</position>
        <triangledirection>-0.126680,-0.266958,-0.955345</triangledirection>
        <trianglepickorigin>0,0,0</trianglepickorigin>
        <orientation>
          <row0>-0.997237,-0.0742782,-3.72529e-8</row0>
          <row1>0.0418329,-0.561636,-0.826325</row1>
          <row2>0.0613780,-0.824043,0.563192</row2>
        </orientation>
        <userorientation>
          <userorientation_row0>-0.943262,0.230856,0.238667</userorientation_row0>
          <userorientation_row1>0.146160,0.934061,-0.325834</userorientation_row1>
          <userorientation_row2>-0.298149,-0.272463,-0.914806</userorientation_row2>
        </userorientation>
      </transform>
      <snapped>false</snapped>
      <childlist count="1">
        <childid>31</childid>
      </childlist>
      <handles count="4">
        <weight channel="DeformForwardb">0.606671</weight>
        <weight channel="DeformAxisForward">1</weight>
        <weight channel="DeformAxisLeft">1</weight>
        <weight channel="DeformAxisUp">0.0763259</weight>
      </handles>
    </blockref>
    <blockref>
      <blockid>flora_parts~, FE_leaf_14</blockid>
      <transform>
        <scale>1</scale>
        <position>0.726250,-0.613660,1.905933</position>
        <triangledirection>0.0970308,0.321241,-0.942013</triangledirection>
        <trianglepickorigin>0,0,0</trianglepickorigin>
        <orientation>
          <row0>0.175906,0.908029,0.380183</row0>
          <row1>-0.245814,0.414488,-0.876227</row1>
          <row2>-0.953221,0.0606800,0.296117</row2>
        </orientation>
        <userorientation>
          <userorientation_row0>0.972455,-0.0353800,-0.230387</userorientation_row0>
          <userorientation_row1>-0.0493729,0.934716,-0.351945</userorientation_row1>
          <userorientation_row2>0.227797,0.353626,0.907223</userorientation_row2>
        </userorientation>
      </transform>
      <snapped>false</snapped>
      <childlist count="1">
        <childid>28</childid>
      </childlist>
      <handles count="4">
        <weight channel="DeformForwardb">0.606671</weight>
        <weight channel="DeformAxisForward">1</weight>
        <weight channel="DeformAxisLeft">1</weight>
        <weight channel="DeformAxisUp">0</weight>
      </handles>
    </blockref>
    <blockref>
      <blockid>flora_parts~, FE_leaf_14</blockid>
      <transform>
        <scale>0,798516</scale>
        <position>0.120962,-0.716984,1.740692</position>
        <triangledirection>0.236062,-0.345468,-0.908252</triangledirection>
        <trianglepickorigin>0,0,0</trianglepickorigin>
        <orientation>
          <row0>-0.978630,0.205626,-2.01165e-7</row0>
          <row1>-0.149028,-0.709266,-0.689008</row1>
          <row2>-0.141678,-0.674284,0.724753</row2>
        </orientation>
        <userorientation>
          <userorientation_row0>0.935752,0.168031,-0.310043</userorientation_row0>
          <userorientation_row1>-0.302055,0.835641,-0.458759</userorientation_row1>
          <userorientation_row2>0.181999,0.522934,0.832712</userorientation_row2>
        </userorientation>
      </transform>
      <snapped>false</snapped>
      <childlist count="1">
        <childid>30</childid>
      </childlist>
      <handles count="4">
        <weight channel="DeformForwardb">0.606671</weight>
        <weight channel="DeformAxisForward">1</weight>
        <weight channel="DeformAxisLeft">1</weight>
        <weight channel="DeformAxisUp">0.788532</weight>
      </handles>
    </blockref>
    <blockref>
      <blockid>flora_parts~, FE_leaf_14</blockid>
      <transform>
        <scale>0,798516</scale>
        <position>-0.805386,0.248391,1.582774</position>
        <triangledirection>0.419826,-0.438156,-0.794836</triangledirection>
        <trianglepickorigin>0,0,0</trianglepickorigin>
        <orientation>
          <row0>0.498538,-0.866867,-1.78813e-7</row0>
          <row1>0.419927,0.241501,-0.874835</row1>
          <row2>0.758366,0.436138,0.484419</row2>
        </orientation>
        <userorientation>
          <userorientation_row0>-0.787241,0.615885,0.0305819</userorientation_row0>
          <userorientation_row1>0.589123,0.765832,-0.257748</userorientation_row1>
          <userorientation_row2>-0.182164,-0.184893,-0.965728</userorientation_row2>
        </userorientation>
      </transform>
      <snapped>false</snapped>
      <childlist count="1">
        <childid>29</childid>
      </childlist>
      <handles count="4">
        <weight channel="DeformForwardb">0.606671</weight>
        <weight channel="DeformAxisForward">1</weight>
        <weight channel="DeformAxisLeft">1</weight>
        <weight channel="DeformAxisUp">0.0805319</weight>
      </handles>
    </blockref>
    <blockref>
      <blockid>flora_parts~, FE_leaf_24</blockid>
      <transform>
        <scale>1,161830</scale>
        <position>0.0608789,0.539913,0.889001</position>
        <triangledirection>-0.374111,-0.740993,-0.557646</triangledirection>
        <trianglepickorigin>0,0,0</trianglepickorigin>
        <orientation>
          <row0>-0.998069,0.0621132,3.81842e-7</row0>
          <row1>-0.0577970,-0.928711,-0.366272</row1>
          <row2>-0.0227499,-0.365564,0.930507</row2>
        </orientation>
        <userorientation>
          <userorientation_row0>0.915840,-0.369310,-0.157627</userorientation_row0>
          <userorientation_row1>0.327363,0.914042,-0.239501</userorientation_row1>
          <userorientation_row2>0.232528,0.167743,0.958015</userorientation_row2>
        </userorientation>
      </transform>
      <snapped>false</snapped>
      <handles count="4">
        <weight channel="bend">0.515452</weight>
        <weight channel="flatten">0.476770</weight>
        <weight channel="Length">0.476482</weight>
        <weight channel="width">0.857142</weight>
      </handles>
    </blockref>
    <blockref>
      <blockid>flora_parts~, FE_leaf_24</blockid>
      <transform>
        <scale>0,927740</scale>
        <position>-0.362096,-0.337494,0.715905</position>
        <triangledirection>0.599431,0.495218,-0.628841</triangledirection>
        <trianglepickorigin>0,0,0</trianglepickorigin>
        <orientation>
          <row0>0.675143,-0.737686,-3.94880e-7</row0>
          <row1>0.717893,0.657029,-0.230092</row1>
          <row2>0.169735,0.155344,0.973168</row2>
        </orientation>
        <userorientation>
          <userorientation_row0>0.995569,-0.0724179,-0.0599869</userorientation_row0>
          <userorientation_row1>0.0393869,0.900392,-0.433293</userorientation_row1>
          <userorientation_row2>0.0853900,0.429011,0.899253</userorientation_row2>
        </userorientation>
      </transform>
      <snapped>false</snapped>
      <handles count="4">
        <weight channel="bend">0.571892</weight>
        <weight channel="flatten">0.519943</weight>
        <weight channel="Length">0.536696</weight>
        <weight channel="width">0.857142</weight>
      </handles>
    </blockref>
    <blockref>
      <blockid>flora_parts~, fe_cap_02a</blockid>
      <transform>
        <scale>0,798516</scale>
        <position>0.673310,0.337313,2.051171</position>
        <triangledirection>-0.681814,-0.720735,0.125177</triangledirection>
        <trianglepickorigin>0,0,0</trianglepickorigin>
        <orientation>
          <row0>-0.545655,0.838009,-4.84287e-8</row0>
          <row1>-0.837791,-0.545513,0.0227939</row1>
          <row2>0.0191015,0.0124377,0.999740</row2>
        </orientation>
        <userorientation>
          <userorientation_row0>0.939382,0.195203,0.281881</userorientation_row0>
          <userorientation_row1>-0.231947,0.967242,0.103157</userorientation_row1>
          <userorientation_row2>-0.252511,-0.162285,0.953888</userorientation_row2>
        </userorientation>
      </transform>
      <snapped>false</snapped>
    </blockref>
    <blockref>
      <blockid>flora_parts~, fe_cap_02a</blockid>
      <transform>
        <scale>0,860707</scale>
        <position>0.973946,-0.790799,2.348801</position>
        <triangledirection>-0.208211,-0.868645,-0.449558</triangledirection>
        <trianglepickorigin>0,0,0</trianglepickorigin>
        <orientation>
          <row0>-0.922371,0.386304,1.34110e-7</row0>
          <row1>-0.361606,-0.863400,-0.351822</row1>
          <row2>-0.135910,-0.324511,0.936066</row2>
        </orientation>
        <userorientation>
          <userorientation_row0>0.989266,0.145662,0.0115529</userorientation_row0>
          <userorientation_row1>-0.143513,0.983445,-0.110633</userorientation_row1>
          <userorientation_row2>-0.0274769,0.107786,0.993794</userorientation_row2>
        </userorientation>
      </transform>
      <snapped>false</snapped>
    </blockref>
    <blockref>
      <blockid>flora_parts~, fe_cap_02a</blockid>
      <transform>
        <scale>0,798516</scale>
        <position>-0.773416,0.216896,1.648343</position>
        <triangledirection>0.477596,0.560291,-0.676738</triangledirection>
        <trianglepickorigin>0,0,0</trianglepickorigin>
        <orientation>
          <row0>0.986637,0.162932,2.23517e-7</row0>
          <row1>-0.146617,0.887843,-0.436161</row1>
          <row2>-0.0710651,0.430332,0.899868</row2>
        </orientation>
        <userorientation>
          <userorientation_row0>0.725130,-0.664636,-0.180119</userorientation_row0>
          <userorientation_row1>0.562503,0.722593,-0.401805</userorientation_row1>
          <userorientation_row2>0.397208,0.190043,0.897835</userorientation_row2>
        </userorientation>
      </transform>
      <snapped>false</snapped>
    </blockref>
    <blockref>
      <blockid>flora_parts~, fe_cap_02a</blockid>
      <transform>
        <scale>0,798516</scale>
        <position>0.0797449,-0.794317,1.770708</position>
        <triangledirection>-0.604543,0.788267,-0.114721</triangledirection>
        <trianglepickorigin>0,0,0</trianglepickorigin>
        <orientation>
          <row0>0.978692,0.178008,0.102338</row0>
          <row1>-0.130958,0.925029,-0.356608</row1>
          <row2>-0.158145,0.335607,0.928632</row2>
        </orientation>
        <userorientation>
          <userorientation_row0>0.886086,0.450079,0.110801</userorientation_row0>
          <userorientation_row1>-0.463083,0.849252,0.253619</userorientation_row1>
          <userorientation_row2>0.0200510,-0.276040,0.960936</userorientation_row2>
        </userorientation>
      </transform>
      <snapped>false</snapped>
    </blockref>
    <blockref>
      <blockid>flora_parts~, fe_cap_02a</blockid>
      <transform>
        <scale>0,798516</scale>
        <position>-0.382265,0.856896,1.997441</position>
        <triangledirection>0.167859,-0.816807,-0.551951</triangledirection>
        <trianglepickorigin>0,0,0</trianglepickorigin>
        <orientation>
          <row0>-0.904508,-0.426455,4.61935e-7</row0>
          <row1>0.295614,-0.626995,-0.720756</row1>
          <row2>0.307370,-0.651929,0.693188</row2>
        </orientation>
        <userorientation>
          <userorientation_row0>0.964390,-0.226249,0.136980</userorientation_row0>
          <userorientation_row1>0.196501,0.959578,0.201490</userorientation_row1>
          <userorientation_row2>-0.177030,-0.167397,0.969865</userorientation_row2>
        </userorientation>
      </transform>
      <snapped>false</snapped>
    </blockref>
  </blocks></sporemodel>