spore0005438f6347406662000b41ad08d816b417ffffffffffffffff0000000ebfdb7ef606KChangfffffffffffffffe0aManateeves0000000<?xml version="1.0" encoding="UTF-8"?><sporemodel>
  <properties>
    <modeltype>PlantSmall</modeltype>
    <skineffectseed1>18016</skineffectseed1>
    <skineffectseed2>18016</skineffectseed2>
    <skineffectseed3>18016</skineffectseed3>
    <skincolor1>0.203922,0.282353,0.0901959</skincolor1>
    <skincolor2>0.694118,0.572548,0.317647</skincolor2>
    <skincolor3>1,0.913726,0.729412</skincolor3>
    <zcorpscore>26</zcorpscore>
  </properties>
  <blocks count="11">
    <blockref>
      <blockid>flora_parts~, fe_root_dummy</blockid>
      <transform>
        <scale>1</scale>
        <position>0,0,0.600000</position>
        <triangledirection>0,1,0</triangledirection>
        <trianglepickorigin>0,0,0</trianglepickorigin>
        <orientation>
          <row0>1,0,0</row0>
          <row1>0,1,0</row1>
          <row2>0,0,1</row2>
        </orientation>
      </transform>
      <snapped>false</snapped>
      <childlist count="1">
        <childid>1</childid>
      </childlist>
    </blockref>
    <blockref>
      <blockid>flora_parts~, FE_muscle_branch_04</blockid>
      <transform>
        <limbtype>0</limbtype>
        <musclescale>0.375</musclescale>
        <basemusclescale>2.649999</basemusclescale>
        <scale>1</scale>
        <position>0,0,0.600000</position>
        <triangledirection>-0.00436399,0.0160359,0.999861</triangledirection>
        <trianglepickorigin>0,0,0</trianglepickorigin>
        <orientation>
          <row0>-0.0934408,-0.995503,0.0155582</row0>
          <row1>-0.00436399,0.0160359,0.999861</row1>
          <row2>-0.995615,0.0933600,-0.00584279</row2>
        </orientation>
      </transform>
      <snapped>true</snapped>
      <childlist count="8">
        <childid>9</childid>
        <childid>8</childid>
        <childid>7</childid>
        <childid>6</childid>
        <childid>5</childid>
        <childid>4</childid>
        <childid>3</childid>
        <childid>2</childid>
      </childlist>
      <handles count="1">
        <weight channel="longer">0.128675</weight>
      </handles>
    </blockref>
    <blockref>
      <blockid>Creature_parts~, ce_grasper_null</blockid>
      <transform>
        <basemusclescale>0.5</basemusclescale>
        <scale>1</scale>
        <position>0.00454499,-0.0167030,-0.441421</position>
        <triangledirection>0,0,-1</triangledirection>
        <trianglepickorigin>0,0,0</trianglepickorigin>
        <orientation>
          <row0>1,0,0</row0>
          <row1>0,0,-1</row1>
          <row2>0,1,0</row2>
        </orientation>
      </transform>
      <snapped>true</snapped>
    </blockref>
    <blockref>
      <blockid>flora_parts~, FE_leaf_09</blockid>
      <transform>
        <scale>0,637625</scale>
        <position>0.0571429,0.170563,0.707755</position>
        <triangledirection>-0.180181,-0.577834,-0.796017</triangledirection>
        <trianglepickorigin>0,0,0</trianglepickorigin>
        <orientation>
          <row0>-0.952741,0.303781,2.83122e-7</row0>
          <row1>-0.186724,-0.585618,-0.788786</row1>
          <row2>-0.239618,-0.751509,0.614667</row2>
        </orientation>
        <userorientation>
          <userorientation_row0>0.934612,0.00783599,0.355581</userorientation_row0>
          <userorientation_row1>-0.00386999,0.999922,-0.0118619</userorientation_row1>
          <userorientation_row2>-0.355646,0.00971099,0.934570</userorientation_row2>
        </userorientation>
      </transform>
      <snapped>false</snapped>
      <handles count="3">
        <weight channel="DeformAxisLeft">1</weight>
        <weight channel="DeformAxisUp">0.767872</weight>
        <weight channel="DeformAxisForward">0.904528</weight>
      </handles>
    </blockref>
    <blockref>
      <blockid>flora_parts~, FE_leaf_09</blockid>
      <transform>
        <scale>0,687286</scale>
        <position>-0.223788,-0.0317820,0.686102</position>
        <triangledirection>0.616874,0.132788,-0.775779</triangledirection>
        <trianglepickorigin>0,0,0</trianglepickorigin>
        <orientation>
          <row0>0.102479,-0.994735,4.76837e-7</row0>
          <row1>0.752728,0.0775470,-0.653748</row1>
          <row2>0.650306,0.0669960,0.756712</row2>
        </orientation>
        <userorientation>
          <userorientation_row0>-0.801500,0.0511799,0.595800</userorientation_row0>
          <userorientation_row1>-0.0688729,0.981800,-0.176988</userorientation_row1>
          <userorientation_row2>-0.594016,-0.182890,-0.783387</userorientation_row2>
        </userorientation>
      </transform>
      <snapped>false</snapped>
      <handles count="3">
        <weight channel="DeformAxisLeft">1</weight>
        <weight channel="DeformAxisUp">0.849418</weight>
        <weight channel="DeformAxisForward">0.686348</weight>
      </handles>
    </blockref>
    <blockref>
      <blockid>flora_parts~, FE_leaf_09</blockid>
      <transform>
        <scale>0,740816</scale>
        <position>0.0847669,-0.197406,0.693642</position>
        <triangledirection>-0.584653,0.373589,-0.720145</triangledirection>
        <trianglepickorigin>0,0,0</trianglepickorigin>
        <orientation>
          <row0>0.910214,0.414137,-1.04308e-7</row0>
          <row1>-0.293839,0.645816,-0.704684</row1>
          <row2>-0.291835,0.641413,0.709521</row2>
        </orientation>
        <userorientation>
          <userorientation_row0>-0.336275,-0.237580,-0.911303</userorientation_row0>
          <userorientation_row1>-0.377443,0.920540,-0.100709</userorientation_row1>
          <userorientation_row2>0.862819,0.310099,-0.399228</userorientation_row2>
        </userorientation>
      </transform>
      <snapped>false</snapped>
      <handles count="3">
        <weight channel="DeformAxisLeft">1</weight>
        <weight channel="DeformAxisUp">0.787509</weight>
        <weight channel="DeformAxisForward">0.713545</weight>
      </handles>
    </blockref>
    <blockref>
      <blockid>flora_parts~, FE_leaf_24</blockid>
      <transform>
        <scale>1,077880</scale>
        <position>0.246764,0.0575849,0.671312</position>
        <triangledirection>-0.710096,-0.348681,-0.611705</triangledirection>
        <trianglepickorigin>0,0,0</trianglepickorigin>
        <orientation>
          <row0>-0.258740,0.965946,8.94069e-8</row0>
          <row1>-0.816151,-0.218616,-0.534887</row1>
          <row2>-0.516672,-0.138397,0.844923</row2>
        </orientation>
        <userorientation>
          <userorientation_row0>0.882835,0.0897839,-0.461019</userorientation_row0>
          <userorientation_row1>-0.153077,0.982966,-0.101700</userorientation_row1>
          <userorientation_row2>0.444036,0.160356,0.881542</userorientation_row2>
        </userorientation>
      </transform>
      <snapped>false</snapped>
      <childlist count="1">
        <childid>10</childid>
      </childlist>
      <handles count="4">
        <weight channel="bend">0.302217</weight>
        <weight channel="flatten">0.402423</weight>
        <weight channel="Length">0.428125</weight>
        <weight channel="width">0.588169</weight>
      </handles>
    </blockref>
    <blockref>
      <blockid>flora_parts~, FE_leaf_24</blockid>
      <transform>
        <scale>1,077880</scale>
        <position>-0.0829869,-0.274814,0.651575</position>
        <triangledirection>0.0316175,0.858805,-0.511325</triangledirection>
        <trianglepickorigin>0,0,0</trianglepickorigin>
        <orientation>
          <row0>0.954215,-0.299121,-3.87430e-7</row0>
          <row1>0.276360,0.881605,-0.382619</row1>
          <row2>0.114449,0.365100,0.923906</row2>
        </orientation>
        <userorientation>
          <userorientation_row0>0.971972,0.233539,0.0269789</userorientation_row0>
          <userorientation_row1>-0.226716,0.961508,-0.155248</userorientation_row1>
          <userorientation_row2>-0.0621969,0.144779,0.987506</userorientation_row2>
        </userorientation>
      </transform>
      <snapped>false</snapped>
      <handles count="4">
        <weight channel="bend">0.399529</weight>
        <weight channel="flatten">0.496546</weight>
        <weight channel="Length">0.317730</weight>
        <weight channel="width">0.594948</weight>
      </handles>
    </blockref>
    <blockref>
      <blockid>flora_parts~, fe_cap_02a</blockid>
      <transform>
        <scale>1</scale>
        <position>-0.243316,0.360763,0.651814</position>
        <triangledirection>0.457937,-0.761582,0.458568</triangledirection>
        <trianglepickorigin>0,0,0</trianglepickorigin>
        <orientation>
          <row0>-0.837170,-0.546942,-5.69969e-7</row0>
          <row1>0.542547,-0.830442,-0.126521</row1>
          <row2>0.0691997,-0.105920,0.991963</row2>
        </orientation>
        <userorientation>
          <userorientation_row0>0.994861,0.0271379,-0.0975430</userorientation_row0>
          <userorientation_row1>0.0331699,0.822883,0.567239</userorientation_row1>
          <userorientation_row2>0.0956609,-0.567561,0.817756</userorientation_row2>
        </userorientation>
      </transform>
      <snapped>false</snapped>
    </blockref>
    <blockref>
      <blockid>flora_parts~, fe_cap_02a</blockid>
      <transform>
        <scale>1,077880</scale>
        <position>-0.00508800,-0.466840,0.633668</position>
        <triangledirection>4.45637e-7,0.807108,0.590403</triangledirection>
        <trianglepickorigin>0,0,0</trianglepickorigin>
        <orientation>
          <row0>0.999816,-0.0191630,3.39583e-7</row0>
          <row1>0.0190689,0.994908,-0.0989589</row1>
          <row2>0.00189601,0.0989408,0.995091</row2>
        </orientation>
        <userorientation>
          <userorientation_row0>0.995992,0.0702759,-0.0553239</userorientation_row0>
          <userorientation_row1>-0.0154659,0.744574,0.667361</userorientation_row1>
          <userorientation_row2>0.0880919,-0.663830,0.742676</userorientation_row2>
        </userorientation>
      </transform>
      <snapped>false</snapped>
    </blockref>
    <blockref>
      <blockid>flora_parts~, fe_cap_02a</blockid>
      <transform>
        <scale>1</scale>
        <position>0.489593,0.193019,0.756789</position>
        <triangledirection>-0.684093,0.190235,0.704149</triangledirection>
        <trianglepickorigin>0,0,0</trianglepickorigin>
        <orientation>
          <row0>0.0986283,0.995124,3.57627e-7</row0>
          <row1>-0.660964,0.0655089,0.747551</row1>
          <row2>0.743907,-0.0737300,0.664203</row2>
        </orientation>
        <userorientation>
          <userorientation_row0>0.984620,-0.113655,0.132688</userorientation_row0>
          <userorientation_row1>0.121837,0.991012,-0.0552299</userorientation_row1>
          <userorientation_row2>-0.125218,0.0705470,0.989618</userorientation_row2>
        </userorientation>
      </transform>
      <snapped>false</snapped>
    </blockref>
  </blocks></sporemodel>