spore0005438f634740666200f8dde393d816b417ffffffffffffffff0000000ebfdb7eb506KChangfffffffffffffffe07Mesabba0000000<?xml version="1.0" encoding="UTF-8"?><sporemodel>
  <properties>
    <modeltype>PlantSmall</modeltype>
    <skineffectseed1>4660</skineffectseed1>
    <skineffectseed2>18016</skineffectseed2>
    <skineffectseed3>18016</skineffectseed3>
    <skincolor1>0.282353,0.200000,0.168626</skincolor1>
    <skincolor2>0.235293,0.282353,0.168626</skincolor2>
    <skincolor3>0.541176,0.694118,0.317647</skincolor3>
    <zcorpscore>48</zcorpscore>
  </properties>
  <blocks count="14">
    <blockref>
      <blockid>flora_parts~, fe_root_dummy</blockid>
      <transform>
        <scale>1</scale>
        <position>0,0,0.600000</position>
        <triangledirection>0,1,0</triangledirection>
        <trianglepickorigin>0,0,0</trianglepickorigin>
        <orientation>
          <row0>1,0,0</row0>
          <row1>0,1,0</row1>
          <row2>0,0,1</row2>
        </orientation>
      </transform>
      <snapped>false</snapped>
      <childlist count="2">
        <childid>9</childid>
        <childid>1</childid>
      </childlist>
    </blockref>
    <blockref>
      <blockid>flora_parts~, FE_muscle_branch_04</blockid>
      <transform>
        <limbtype>0</limbtype>
        <musclescale>0.774999</musclescale>
        <basemusclescale>2.649999</basemusclescale>
        <scale>1</scale>
        <position>0,0,0.600000</position>
        <triangledirection>0.00436399,0.0160359,0.999861</triangledirection>
        <trianglepickorigin>0,0,0</trianglepickorigin>
        <orientation>
          <row0>-0.0934408,0.995503,-0.0155582</row0>
          <row1>0.00436399,0.0160359,0.999861</row1>
          <row2>0.995615,0.0933600,-0.00584279</row2>
        </orientation>
      </transform>
      <snapped>true</snapped>
      <childlist count="10">
        <childid>13</childid>
        <childid>12</childid>
        <childid>11</childid>
        <childid>8</childid>
        <childid>7</childid>
        <childid>6</childid>
        <childid>5</childid>
        <childid>4</childid>
        <childid>3</childid>
        <childid>2</childid>
      </childlist>
      <handles count="1">
        <weight channel="longer">0.136573</weight>
      </handles>
    </blockref>
    <blockref>
      <blockid>Creature_parts~, ce_grasper_null</blockid>
      <transform>
        <basemusclescale>0.75</basemusclescale>
        <scale>1</scale>
        <position>-0.00476199,-0.0174969,-0.490985</position>
        <triangledirection>0,0,-1</triangledirection>
        <trianglepickorigin>0,0,0</trianglepickorigin>
        <orientation>
          <row0>1,0,0</row0>
          <row1>0,0,-1</row1>
          <row2>0,1,0</row2>
        </orientation>
      </transform>
      <snapped>true</snapped>
    </blockref>
    <blockref>
      <blockid>flora_parts~, FE_leaf_24</blockid>
      <transform>
        <scale>0,999996</scale>
        <position>0.269795,0.468075,0.626626</position>
        <triangledirection>-0.372198,-0.521063,-0.768090</triangledirection>
        <trianglepickorigin>0,0,0</trianglepickorigin>
        <orientation>
          <row0>-0.859103,0.511802,2.12341e-7</row0>
          <row1>-0.510907,-0.857600,-0.0591210</row1>
          <row2>-0.0302581,-0.0507911,0.998250</row2>
        </orientation>
        <userorientation>
          <userorientation_row0>0.998590,-0.0355890,0.0393849</userorientation_row0>
          <userorientation_row1>0.0530749,0.682432,-0.729018</userorientation_row1>
          <userorientation_row2>-0.000931999,0.730080,0.683360</userorientation_row2>
        </userorientation>
      </transform>
      <snapped>false</snapped>
      <handles count="4">
        <weight channel="bend">0.0170169</weight>
        <weight channel="flatten">0.500787</weight>
        <weight channel="Length">0.5</weight>
        <weight channel="width">0.400000</weight>
      </handles>
    </blockref>
    <blockref>
      <blockid>flora_parts~, FE_leaf_24</blockid>
      <transform>
        <scale>1,252320</scale>
        <position>-0.169828,0.284260,0.617722</position>
        <triangledirection>0.490062,-0.829846,-0.266821</triangledirection>
        <trianglepickorigin>0,0,0</trianglepickorigin>
        <orientation>
          <row0>-0.862940,-0.505306,-3.61353e-7</row0>
          <row1>0.502612,-0.858340,-0.103111</row1>
          <row2>0.0521027,-0.0889796,0.994669</row2>
        </orientation>
        <userorientation>
          <userorientation_row0>0.998183,0.0134979,0.0587220</userorientation_row0>
          <userorientation_row1>-0.00356799,0.986115,-0.166025</userorientation_row1>
          <userorientation_row2>-0.0601469,0.165514,0.984372</userorientation_row2>
        </userorientation>
      </transform>
      <snapped>false</snapped>
      <handles count="4">
        <weight channel="bend">0.527226</weight>
        <weight channel="flatten">0.500787</weight>
        <weight channel="Length">0.241488</weight>
        <weight channel="width">0.649401</weight>
      </handles>
    </blockref>
    <blockref>
      <blockid>flora_parts~, FE_leaf_24</blockid>
      <transform>
        <scale>0,999996</scale>
        <position>-0.534416,-0.0104569,0.455405</position>
        <triangledirection>0.595498,0.0601261,-0.801103</triangledirection>
        <trianglepickorigin>0,0,0</trianglepickorigin>
        <orientation>
          <row0>0.0339035,-0.999425,-1.14087e-7</row0>
          <row1>0.973350,0.0330189,0.226934</row1>
          <row2>-0.226804,-0.00769401,0.973909</row2>
        </orientation>
        <userorientation>
          <userorientation_row0>0.979241,-0.166627,-0.115420</userorientation_row0>
          <userorientation_row1>-0.0399019,0.399815,-0.915727</userorientation_row1>
          <userorientation_row2>0.198731,0.901323,0.384865</userorientation_row2>
        </userorientation>
      </transform>
      <snapped>false</snapped>
      <handles count="4">
        <weight channel="bend">0.0395249</weight>
        <weight channel="flatten">0.500787</weight>
        <weight channel="Length">0.5</weight>
        <weight channel="width">0.400000</weight>
      </handles>
    </blockref>
    <blockref>
      <blockid>flora_parts~, FE_leaf_24</blockid>
      <transform>
        <scale>1,077880</scale>
        <position>-0.172763,-0.260097,0.719182</position>
        <triangledirection>0.423878,0.864009,-0.271688</triangledirection>
        <trianglepickorigin>0,0,0</trianglepickorigin>
        <orientation>
          <row0>0.845583,-0.533843,2.98023e-8</row0>
          <row1>0.503925,0.798195,-0.330063</row1>
          <row2>0.176202,0.279096,0.943958</row2>
        </orientation>
        <userorientation>
          <userorientation_row0>0.990794,0.0969509,0.0944909</userorientation_row0>
          <userorientation_row1>-0.102820,0.992926,0.0593679</userorientation_row1>
          <userorientation_row2>-0.0880670,-0.0685370,0.993754</userorientation_row2>
        </userorientation>
      </transform>
      <snapped>false</snapped>
      <handles count="4">
        <weight channel="bend">0.542956</weight>
        <weight channel="flatten">0.500787</weight>
        <weight channel="Length">0.305503</weight>
        <weight channel="width">0.650758</weight>
      </handles>
    </blockref>
    <blockref>
      <blockid>flora_parts~, FE_leaf_24</blockid>
      <transform>
        <scale>0,999996</scale>
        <position>0.250117,-0.454816,0.508121</position>
        <triangledirection>-0.277612,0.569486,-0.773702</triangledirection>
        <trianglepickorigin>0,0,0</trianglepickorigin>
        <orientation>
          <row0>0.877991,0.478675,4.06056e-7</row0>
          <row1>-0.473306,0.868143,0.149356</row1>
          <row2>0.0714932,-0.131134,0.988783</row2>
        </orientation>
        <userorientation>
          <userorientation_row0>0.985154,-0.160102,-0.0619629</userorientation_row0>
          <userorientation_row1>0.0288580,0.510233,-0.859551</userorientation_row1>
          <userorientation_row2>0.169232,0.845002,0.507278</userorientation_row2>
        </userorientation>
      </transform>
      <snapped>false</snapped>
      <handles count="4">
        <weight channel="bend">0.0636170</weight>
        <weight channel="flatten">0.500787</weight>
        <weight channel="Length">0.433921</weight>
        <weight channel="width">0.400000</weight>
      </handles>
    </blockref>
    <blockref>
      <blockid>flora_parts~, FE_leaf_24</blockid>
      <transform>
        <scale>1,077880</scale>
        <position>0.409501,0.00568299,0.841529</position>
        <triangledirection>-0.984002,0.0327217,-0.175125</triangledirection>
        <trianglepickorigin>0,0,0</trianglepickorigin>
        <orientation>
          <row0>0.0118490,0.999929,-1.95577e-7</row0>
          <row1>-0.856896,0.0101539,-0.515387</row1>
          <row2>-0.515351,0.00610700,0.856957</row2>
        </orientation>
        <userorientation>
          <userorientation_row0>0.995826,0.0121490,-0.0904629</userorientation_row0>
          <userorientation_row1>0.0210599,0.933777,0.357232</userorientation_row1>
          <userorientation_row2>0.0888119,-0.357646,0.929625</userorientation_row2>
        </userorientation>
      </transform>
      <snapped>false</snapped>
      <handles count="4">
        <weight channel="bend">0.529751</weight>
        <weight channel="flatten">0.507795</weight>
        <weight channel="Length">0.286750</weight>
        <weight channel="width">0.759882</weight>
      </handles>
    </blockref>
    <blockref>
      <blockid>flora_parts~, FE_leaf_11</blockid>
      <transform>
        <scale>1,077880</scale>
        <position>0,0,0.600000</position>
        <triangledirection>0,0,-1</triangledirection>
        <trianglepickorigin>0,0,0</trianglepickorigin>
        <orientation>
          <row0>1,0,0</row0>
          <row1>0,0,-1</row1>
          <row2>0,1,0</row2>
        </orientation>
      </transform>
      <snapped>true</snapped>
      <childlist count="1">
        <childid>10</childid>
      </childlist>
      <handles count="3">
        <weight channel="DeformAxisUp">0.962301</weight>
        <weight channel="DeformAxisForward">0.583987</weight>
        <weight channel="DeformAxisLeft">0.437917</weight>
      </handles>
    </blockref>
    <blockref>
      <blockid>Creature_parts~, ce_grasper_null</blockid>
      <transform>
        <basemusclescale>1</basemusclescale>
        <scale>1</scale>
        <position>0,0,0.600000</position>
        <triangledirection>0,0,-1</triangledirection>
        <trianglepickorigin>0,0,0</trianglepickorigin>
        <orientation>
          <row0>1,0,0</row0>
          <row1>0,0,-1</row1>
          <row2>0,1,0</row2>
        </orientation>
      </transform>
      <snapped>true</snapped>
    </blockref>
    <blockref>
      <blockid>flora_parts~, fe_cap_01a</blockid>
      <transform>
        <scale>1</scale>
        <position>-0.0765909,0.548515,0.535557</position>
        <triangledirection>0.183358,-0.854891,0.485325</triangledirection>
        <trianglepickorigin>0,0,0</trianglepickorigin>
        <orientation>
          <row0>-0.990324,-0.138773,-9.31322e-8</row0>
          <row1>0.137975,-0.984629,0.107086</row1>
          <row2>-0.0148609,0.106050,0.994249</row2>
        </orientation>
        <userorientation>
          <userorientation_row0>0.997662,0.0683339,0</userorientation_row0>
          <userorientation_row1>-0.0629480,0.919022,0.389147</userorientation_row1>
          <userorientation_row2>0.0265919,-0.388238,0.921175</userorientation_row2>
        </userorientation>
      </transform>
      <snapped>false</snapped>
    </blockref>
    <blockref>
      <blockid>flora_parts~, fe_cap_01a</blockid>
      <transform>
        <scale>1</scale>
        <position>-0.339656,-0.405621,0.507481</position>
        <triangledirection>0.516316,0.715773,0.470197</triangledirection>
        <trianglepickorigin>0,0,0</trianglepickorigin>
        <orientation>
          <row0>0.777734,-0.628593,7.45058e-9</row0>
          <row1>0.622858,0.770638,0.134771</row1>
          <row2>-0.0847167,-0.104816,0.990876</row2>
        </orientation>
        <userorientation>
          <userorientation_row0>0.983066,0.106145,-0.149381</userorientation_row0>
          <userorientation_row1>-0.0483740,0.936564,0.347141</userorientation_row1>
          <userorientation_row2>0.176751,-0.334037,0.925839</userorientation_row2>
        </userorientation>
      </transform>
      <snapped>false</snapped>
    </blockref>
    <blockref>
      <blockid>flora_parts~, fe_cap_01a</blockid>
      <transform>
        <scale>1</scale>
        <position>0.526850,-0.116150,0.522336</position>
        <triangledirection>-0.946262,0.238429,0.218492</triangledirection>
        <trianglepickorigin>0,0,0</trianglepickorigin>
        <orientation>
          <row0>0.234697,0.972068,-4.84287e-8</row0>
          <row1>-0.963829,0.232707,0.129919</row1>
          <row2>0.126291,-0.0304917,0.991524</row2>
        </orientation>
        <userorientation>
          <userorientation_row0>0.999952,-0.00968999,-0.000378999</userorientation_row0>
          <userorientation_row1>0.00968499,0.995906,0.0898659</userorientation_row1>
          <userorientation_row2>-0.000492999,-0.0898649,0.995953</userorientation_row2>
        </userorientation>
      </transform>
      <snapped>false</snapped>
    </blockref>
  </blocks></sporemodel>