spore0005438f634740666200c5491341d816b417ffffffffffffffff0000000ebfdb7ea706KChangfffffffffffffffe04Zona0000000<?xml version="1.0" encoding="UTF-8"?><sporemodel>
  <properties>
    <modeltype>PlantLarge</modeltype>
    <skineffectseed1>1234</skineffectseed1>
    <skineffectseed2>1234</skineffectseed2>
    <skineffectseed3>1234</skineffectseed3>
    <skincolor1>0.443134,0.313723,0.262742</skincolor1>
    <skincolor2>0.447059,0.576469,0.262742</skincolor2>
    <skincolor3>0.803922,0.627451,0.258823</skincolor3>
    <zcorpscore>8</zcorpscore>
  </properties>
  <blocks count="25">
    <blockref>
      <blockid>flora_parts~, fe_root_dummy</blockid>
      <transform>
        <scale>1</scale>
        <position>-3.28846e-6,1.20940e-5,0.600000</position>
        <triangledirection>0,1,0</triangledirection>
        <trianglepickorigin>0,0,0</trianglepickorigin>
        <orientation>
          <row0>1,0,0</row0>
          <row1>0,1,0</row1>
          <row2>0,0,1</row2>
        </orientation>
      </transform>
      <snapped>false</snapped>
      <childlist count="2">
        <childid>3</childid>
        <childid>1</childid>
      </childlist>
    </blockref>
    <blockref>
      <blockid>flora_parts~, FE_muscle_branch_04</blockid>
      <transform>
        <limbtype>0</limbtype>
        <musclescale>0.625</musclescale>
        <basemusclescale>3</basemusclescale>
        <scale>1</scale>
        <position>-3.28846e-6,1.20940e-5,0.600000</position>
        <triangledirection>-0.00436399,0.0160359,0.999861</triangledirection>
        <trianglepickorigin>0,0,0</trianglepickorigin>
        <orientation>
          <row0>-0.0934408,-0.995503,0.0155581</row0>
          <row1>-0.00436399,0.0160359,0.999861</row1>
          <row2>-0.995615,0.0933600,-0.00584277</row2>
        </orientation>
      </transform>
      <snapped>true</snapped>
      <childlist count="1">
        <childid>2</childid>
      </childlist>
      <handles count="1">
        <weight channel="longer">0.0831554</weight>
      </handles>
    </blockref>
    <blockref>
      <blockid>Creature_parts~, ce_grasper_null</blockid>
      <transform>
        <basemusclescale>1.700000</basemusclescale>
        <scale>1</scale>
        <position>0.00329537,-0.0121090,-0.155779</position>
        <triangledirection>0,0,-1</triangledirection>
        <trianglepickorigin>0,0,0</trianglepickorigin>
        <orientation>
          <row0>1,0,0</row0>
          <row1>0,0,-1</row1>
          <row2>0,1,0</row2>
        </orientation>
      </transform>
      <snapped>true</snapped>
    </blockref>
    <blockref>
      <blockid>flora_parts~, fe_trunk_02</blockid>
      <transform>
        <limbtype>2</limbtype>
        <musclescale>0.5</musclescale>
        <basemusclescale>5.071372</basemusclescale>
        <scale>1,690450</scale>
        <position>-3.28846e-6,1.20940e-5,0.600000</position>
        <triangledirection>0,-1.19209e-7,-1</triangledirection>
        <trianglepickorigin>0,0,0</trianglepickorigin>
        <orientation>
          <row0>1,0,0</row0>
          <row1>0,-1.19209e-7,-1</row1>
          <row2>0,1,-1.19209e-7</row2>
        </orientation>
      </transform>
      <snapped>true</snapped>
      <childlist count="2">
        <childid>5</childid>
        <childid>4</childid>
      </childlist>
      <handles count="3">
        <weight channel="DeformAxisForward">1</weight>
        <weight channel="DeformAxisLeft">0.925314</weight>
        <weight channel="DeformAxisUp">0.463761</weight>
      </handles>
    </blockref>
    <blockref>
      <blockid>Creature_parts~, ce_grasper_null</blockid>
      <transform>
        <basemusclescale>1</basemusclescale>
        <scale>1</scale>
        <position>-3.28846e-6,1.28396e-5,6.854675</position>
        <triangledirection>9.99995e-7,-2.11918e-6,-1</triangledirection>
        <trianglepickorigin>0,0,0</trianglepickorigin>
        <orientation>
          <row0>1,-9.99993e-7,9.99998e-7</row0>
          <row1>9.99995e-7,-2.11918e-6,-1</row1>
          <row2>9.99995e-7,1,-2.11918e-6</row2>
        </orientation>
      </transform>
      <snapped>true</snapped>
    </blockref>
    <blockref>
      <blockid>flora_parts~, FE_leaf_26</blockid>
      <transform>
        <scale>4,157861</scale>
        <position>-0.345225,0.800464,6.876965</position>
        <triangledirection>0.353740,-0.225005,-0.907875</triangledirection>
        <trianglepickorigin>0,0,0</trianglepickorigin>
        <orientation>
          <row0>-0.327188,-0.944959,2.53319e-7</row0>
          <row1>0.413428,-0.143148,-0.899213</row1>
          <row2>0.849720,-0.294212,0.437509</row2>
        </orientation>
        <userorientation>
          <userorientation_row0>0.492125,-0.0744504,-0.867333</userorientation_row0>
          <userorientation_row1>0.0968812,0.994830,-0.0304238</userorientation_row1>
          <userorientation_row2>0.865115,-0.0690559,0.496795</userorientation_row2>
        </userorientation>
      </transform>
      <snapped>false</snapped>
      <childlist count="1">
        <childid>6</childid>
      </childlist>
      <handles count="4">
        <weight channel="DeformAxisLeft">0.38,0481</weight>
        <weight channel="DeformAxisForward">0.06,55450</weight>
        <weight channel="DeformAxisUp">1</weight>
        <weight channel="DeformAxisUPb">0.5</weight>
      </handles>
    </blockref>
    <blockref>
      <blockid>flora_parts~, FE_leaf_26</blockid>
      <transform>
        <scale>3,578689</scale>
        <position>-0.365765,-0.00749103,10.824090</position>
        <triangledirection>-0.0688460,0.0532630,-0.996204</triangledirection>
        <trianglepickorigin>0,0,0</trianglepickorigin>
        <orientation>
          <row0>0.573613,0.810396,0.119267</row0>
          <row1>-0.00281777,0.147555,-0.989049</row1>
          <row2>-0.819121,0.566996,0.0869231</row2>
        </orientation>
        <userorientation>
          <userorientation_row0>0.993349,0.115142,0</userorientation_row0>
          <userorientation_row1>-0.115142,0.993349,0</userorientation_row1>
          <userorientation_row2>0,0,1</userorientation_row2>
        </userorientation>
      </transform>
      <snapped>false</snapped>
      <childlist count="5">
        <childid>16</childid>
        <childid>14</childid>
        <childid>12</childid>
        <childid>10</childid>
        <childid>7</childid>
      </childlist>
      <handles count="4">
        <weight channel="DeformAxisLeft">0.38,2811</weight>
        <weight channel="DeformAxisForward">0.04,52188</weight>
        <weight channel="DeformAxisUp">1</weight>
        <weight channel="DeformAxisUPb">0.5</weight>
      </handles>
    </blockref>
    <blockref>
      <blockid>flora_parts~, FE_leaf_22</blockid>
      <transform>
        <scale>4,481683</scale>
        <position>1.903935,1.780501,12.775940</position>
        <triangledirection>-0.605697,-0.665095,-0.436780</triangledirection>
        <trianglepickorigin>0,0,0</trianglepickorigin>
        <orientation>
          <row0>-0.675717,0.737160,1.93715e-7</row0>
          <row1>-0.597869,-0.548036,-0.584985</row1>
          <row2>-0.431228,-0.395285,0.811043</row2>
        </orientation>
        <userorientation>
          <userorientation_row0>0.994506,0.0909749,-0.0517736</userorientation_row0>
          <userorientation_row1>-0.0810010,0.982134,0.169847</userorientation_row1>
          <userorientation_row2>0.0663006,-0.164720,0.984109</userorientation_row2>
        </userorientation>
      </transform>
      <snapped>false</snapped>
      <childlist count="3">
        <childid>24</childid>
        <childid>9</childid>
        <childid>8</childid>
      </childlist>
      <handles count="4">
        <weight channel="DeformAxisLeft">1</weight>
        <weight channel="DeformAxisForward">0.421279</weight>
        <weight channel="DeformAxisRight">1</weight>
        <weight channel="DeformAxisUp">0.00447769</weight>
      </handles>
    </blockref>
    <blockref>
      <blockid>flora_parts~, fe_cap_01a</blockid>
      <transform>
        <scale>0,927743</scale>
        <position>3.256701,0.973530,14.022054</position>
        <triangledirection>-0.627025,0.392417,0.672939</triangledirection>
        <trianglepickorigin>0,0,0</trianglepickorigin>
        <orientation>
          <row0>0.509430,0.860092,-0.0268812</row0>
          <row1>-0.627025,0.392417,0.672939</row1>
          <row2>0.589338,-0.325960,0.739208</row2>
        </orientation>
      </transform>
      <snapped>false</snapped>
    </blockref>
    <blockref>
      <blockid>flora_parts~, fe_cap_01a</blockid>
      <transform>
        <scale>0,927743</scale>
        <position>4.297032,4.826611,9.939592</position>
        <triangledirection>0.0173005,0.853530,0.520750</triangledirection>
        <trianglepickorigin>0,0,0</trianglepickorigin>
        <orientation>
          <row0>0.952788,0.303635,1.49011e-7</row0>
          <row1>-0.278467,0.873811,-0.398635</row1>
          <row2>-0.121039,0.379814,0.917109</row2>
        </orientation>
        <userorientation>
          <userorientation_row0>0.959830,-0.198063,-0.198733</userorientation_row0>
          <userorientation_row1>0.275646,0.533416,0.799674</userorientation_row1>
          <userorientation_row2>-0.0523770,-0.822333,0.566586</userorientation_row2>
        </userorientation>
      </transform>
      <snapped>false</snapped>
    </blockref>
    <blockref>
      <blockid>flora_parts~, FE_leaf_22</blockid>
      <transform>
        <scale>4,481682</scale>
        <position>-3.137200,0.0949028,12.732666</position>
        <triangledirection>0.886900,0.298434,-0.352622</triangledirection>
        <trianglepickorigin>0,0,0</trianglepickorigin>
        <orientation>
          <row0>-0.0647950,-0.997898,5.58793e-8</row0>
          <row1>0.842611,-0.0547120,-0.535735</row1>
          <row2>0.534609,-0.0347129,0.844386</row2>
        </orientation>
        <userorientation>
          <userorientation_row0>0.930406,0.330871,0.157688</userorientation_row0>
          <userorientation_row1>-0.355274,0.919897,0.166036</userorientation_row1>
          <userorientation_row2>-0.0901203,-0.210503,0.973430</userorientation_row2>
        </userorientation>
      </transform>
      <snapped>false</snapped>
      <childlist count="2">
        <childid>21</childid>
        <childid>11</childid>
      </childlist>
      <handles count="4">
        <weight channel="DeformAxisLeft">1</weight>
        <weight channel="DeformAxisForward">0.443792</weight>
        <weight channel="DeformAxisRight">1</weight>
        <weight channel="DeformAxisUp">0.0367528</weight>
      </handles>
    </blockref>
    <blockref>
      <blockid>flora_parts~, fe_cap_01a</blockid>
      <transform>
        <scale>0,927743</scale>
        <position>-5.886510,0.748414,13.251120</position>
        <triangledirection>0.365019,-0.628422,0.686910</triangledirection>
        <trianglepickorigin>0,0,0</trianglepickorigin>
        <orientation>
          <row0>-0.888217,-0.456158,0.0546735</row0>
          <row1>0.365019,-0.628422,0.686910</row1>
          <row2>-0.278982,0.630082,0.724682</row2>
        </orientation>
      </transform>
      <snapped>false</snapped>
    </blockref>
    <blockref>
      <blockid>flora_parts~, FE_leaf_22</blockid>
      <transform>
        <scale>4,830737</scale>
        <position>-1.067366,-2.960886,12.599040</position>
        <triangledirection>0.0667187,0.991833,-0.108690</triangledirection>
        <trianglepickorigin>0,0,0</trianglepickorigin>
        <orientation>
          <row0>0.943998,-0.329950,-1.71363e-7</row0>
          <row1>0.327198,0.936125,-0.128883</row1>
          <row2>0.0425251,0.121665,0.991659</row2>
        </orientation>
        <userorientation>
          <userorientation_row0>0.963446,0.264705,-0.0412372</userorientation_row0>
          <userorientation_row1>-0.264273,0.964319,0.0157250</userorientation_row1>
          <userorientation_row2>0.0439284,-0.00425237,0.999025</userorientation_row2>
        </userorientation>
      </transform>
      <snapped>false</snapped>
      <childlist count="3">
        <childid>20</childid>
        <childid>19</childid>
        <childid>13</childid>
      </childlist>
      <handles count="4">
        <weight channel="DeformAxisLeft">1</weight>
        <weight channel="DeformAxisForward">0.340830</weight>
        <weight channel="DeformAxisRight">1</weight>
        <weight channel="DeformAxisUp">0.119221</weight>
      </handles>
    </blockref>
    <blockref>
      <blockid>flora_parts~, fe_cap_01a</blockid>
      <transform>
        <scale>0,927743</scale>
        <position>-2.676915,-5.260675,12.776317</position>
        <triangledirection>0.745893,0.0221851,0.665696</triangledirection>
        <trianglepickorigin>0,0,0</trianglepickorigin>
        <orientation>
          <row0>0.0297298,-0.999558,2.14204e-8</row0>
          <row1>0.745893,0.0221851,0.665696</row1>
          <row2>-0.665401,-0.0197910,0.746222</row2>
        </orientation>
      </transform>
      <snapped>false</snapped>
    </blockref>
    <blockref>
      <blockid>flora_parts~, FE_leaf_22</blockid>
      <transform>
        <scale>4,481682</scale>
        <position>2.111506,-1.596249,12.638393</position>
        <triangledirection>-0.860793,0.359639,-0.360127</triangledirection>
        <trianglepickorigin>0,0,0</trianglepickorigin>
        <orientation>
          <row0>0.502370,0.864652,3.57627e-7</row0>
          <row1>-0.772151,0.448626,-0.450018</row1>
          <row2>-0.389109,0.226075,0.893019</row2>
        </orientation>
        <userorientation>
          <userorientation_row0>0.967720,0.139102,-0.210159</userorientation_row0>
          <userorientation_row1>-0.121474,0.988071,0.0946480</userorientation_row1>
          <userorientation_row2>0.220817,-0.0660640,0.973074</userorientation_row2>
        </userorientation>
      </transform>
      <snapped>false</snapped>
      <childlist count="2">
        <childid>18</childid>
        <childid>15</childid>
      </childlist>
      <handles count="4">
        <weight channel="DeformAxisLeft">1</weight>
        <weight channel="DeformAxisForward">0.497684</weight>
        <weight channel="DeformAxisRight">1</weight>
        <weight channel="DeformAxisUp">0</weight>
      </handles>
    </blockref>
    <blockref>
      <blockid>flora_parts~, fe_cap_01a</blockid>
      <transform>
        <scale>0,927743</scale>
        <position>4.072500,-4.093842,13.450971</position>
        <triangledirection>0.399594,0.754436,0.520720</triangledirection>
        <trianglepickorigin>0,0,0</trianglepickorigin>
        <orientation>
          <row0>0.914457,-0.367699,-0.169008</row0>
          <row1>0.399594,0.754436,0.520720</row1>
          <row2>-0.0639621,-0.543711,0.836831</row2>
        </orientation>
      </transform>
      <snapped>false</snapped>
    </blockref>
    <blockref>
      <blockid>flora_parts~, FE_leaf_22</blockid>
      <transform>
        <scale>5,206973</scale>
        <position>-1.124762,2.887979,12.807193</position>
        <triangledirection>0.625847,-0.704104,-0.335488</triangledirection>
        <trianglepickorigin>0,0,0</trianglepickorigin>
        <orientation>
          <row0>-0.889414,-0.457100,-2.68220e-7</row0>
          <row1>0.430898,-0.838430,-0.333708</row1>
          <row2>0.152538,-0.296805,0.942676</row2>
        </orientation>
        <userorientation>
          <userorientation_row0>0.953042,0.227792,-0.199548</userorientation_row0>
          <userorientation_row1>-0.234790,0.971973,-0.0118097</userorientation_row1>
          <userorientation_row2>0.191267,0.0581075,0.979816</userorientation_row2>
        </userorientation>
      </transform>
      <snapped>false</snapped>
      <childlist count="3">
        <childid>23</childid>
        <childid>22</childid>
        <childid>17</childid>
      </childlist>
      <handles count="4">
        <weight channel="DeformAxisLeft">1</weight>
        <weight channel="DeformAxisForward">0.399703</weight>
        <weight channel="DeformAxisRight">1</weight>
        <weight channel="DeformAxisUp">0.0607967</weight>
      </handles>
    </blockref>
    <blockref>
      <blockid>flora_parts~, fe_cap_01a</blockid>
      <transform>
        <scale>0,927743</scale>
        <position>-1.310637,6.119627,13.850565</position>
        <triangledirection>-0.548431,-0.663065,0.509476</triangledirection>
        <trianglepickorigin>0,0,0</trianglepickorigin>
        <orientation>
          <row0>-0.802113,0.589332,-0.0964485</row0>
          <row1>-0.548431,-0.663065,0.509476</row1>
          <row2>0.236299,0.461553,0.855062</row2>
        </orientation>
      </transform>
      <snapped>false</snapped>
    </blockref>
    <blockref>
      <blockid>flora_parts~, fe_cap_01a</blockid>
      <transform>
        <scale>0,927743</scale>
        <position>5.569796,-2.784435,10.906983</position>
        <triangledirection>-0.687267,0.294549,0.664002</triangledirection>
        <trianglepickorigin>0,0,0</trianglepickorigin>
        <orientation>
          <row0>0.0273447,0.999626,-6.89178e-8</row0>
          <row1>-0.975535,0.0266857,-0.218217</row1>
          <row2>-0.218135,0.00596715,0.975900</row2>
        </orientation>
        <userorientation>
          <userorientation_row0>0.959830,-0.198063,-0.198733</userorientation_row0>
          <userorientation_row1>0.275646,0.533416,0.799674</userorientation_row1>
          <userorientation_row2>-0.0523770,-0.822333,0.566586</userorientation_row2>
        </userorientation>
      </transform>
      <snapped>false</snapped>
    </blockref>
    <blockref>
      <blockid>flora_parts~, fe_cap_01a</blockid>
      <transform>
        <scale>0,927743</scale>
        <position>-4.484468,-5.173806,12.463914</position>
        <triangledirection>0.270564,0.139514,0.952535</triangledirection>
        <trianglepickorigin>0,0,0</trianglepickorigin>
        <orientation>
          <row0>0.999285,0.0378057,1.31316e-7</row0>
          <row1>-0.0339850,0.898293,0.438080</row1>
          <row2>0.0165618,-0.437766,0.898935</row2>
        </orientation>
        <userorientation>
          <userorientation_row0>0.959830,-0.198063,-0.198733</userorientation_row0>
          <userorientation_row1>0.275646,0.533416,0.799674</userorientation_row1>
          <userorientation_row2>-0.0523770,-0.822333,0.566586</userorientation_row2>
        </userorientation>
      </transform>
      <snapped>false</snapped>
    </blockref>
    <blockref>
      <blockid>flora_parts~, fe_cap_01a</blockid>
      <transform>
        <scale>0,927743</scale>
        <position>-0.653864,-6.375385,10.125096</position>
        <triangledirection>0.406924,-0.474351,0.780639</triangledirection>
        <trianglepickorigin>0,0,0</trianglepickorigin>
        <orientation>
          <row0>-0.394011,-0.919105,1.39698e-8</row0>
          <row1>0.918549,-0.393773,-0.0347787</row1>
          <row2>0.0319653,-0.0137032,0.999395</row2>
        </orientation>
        <userorientation>
          <userorientation_row0>0.959830,-0.198063,-0.198733</userorientation_row0>
          <userorientation_row1>0.275646,0.533416,0.799674</userorientation_row1>
          <userorientation_row2>-0.0523770,-0.822333,0.566586</userorientation_row2>
        </userorientation>
      </transform>
      <snapped>false</snapped>
    </blockref>
    <blockref>
      <blockid>flora_parts~, fe_cap_01a</blockid>
      <transform>
        <scale>0,927743</scale>
        <position>-6.005463,-0.0481385,12.726732</position>
        <triangledirection>-0.292895,0.00534793,0.956126</triangledirection>
        <trianglepickorigin>0,0,0</trianglepickorigin>
        <orientation>
          <row0>-0.946972,-0.321314,6.25848e-7</row0>
          <row1>0.247481,-0.729371,0.637785</row1>
          <row2>-0.204929,0.603965,0.770214</row2>
        </orientation>
        <userorientation>
          <userorientation_row0>0.959830,-0.198063,-0.198733</userorientation_row0>
          <userorientation_row1>0.275646,0.533416,0.799674</userorientation_row1>
          <userorientation_row2>-0.0523770,-0.822333,0.566586</userorientation_row2>
        </userorientation>
      </transform>
      <snapped>false</snapped>
    </blockref>
    <blockref>
      <blockid>flora_parts~, fe_cap_01a</blockid>
      <transform>
        <scale>0,927743</scale>
        <position>-2.126847,5.764063,13.201603</position>
        <triangledirection>-0.249556,0.156305,0.955659</triangledirection>
        <trianglepickorigin>0,0,0</trianglepickorigin>
        <orientation>
          <row0>-0.606605,0.795002,6.40749e-7</row0>
          <row1>-0.705054,-0.537973,0.462041</row1>
          <row2>0.367324,0.280276,0.886858</row2>
        </orientation>
        <userorientation>
          <userorientation_row0>0.959830,-0.198063,-0.198733</userorientation_row0>
          <userorientation_row1>0.275646,0.533416,0.799674</userorientation_row1>
          <userorientation_row2>-0.0523770,-0.822333,0.566586</userorientation_row2>
        </userorientation>
      </transform>
      <snapped>false</snapped>
    </blockref>
    <blockref>
      <blockid>flora_parts~, fe_cap_01a</blockid>
      <transform>
        <scale>0,927743</scale>
        <position>-3.809571,6.617861,9.607180</position>
        <triangledirection>-0.861205,0.218465,0.458902</triangledirection>
        <trianglepickorigin>0,0,0</trianglepickorigin>
        <orientation>
          <row0>-0.0669649,0.997755,-2.60770e-8</row0>
          <row1>-0.882762,-0.0592471,-0.466068</row1>
          <row2>-0.465022,-0.0312102,0.884748</row2>
        </orientation>
        <userorientation>
          <userorientation_row0>0.959830,-0.198063,-0.198733</userorientation_row0>
          <userorientation_row1>0.275646,0.533416,0.799674</userorientation_row1>
          <userorientation_row2>-0.0523770,-0.822333,0.566586</userorientation_row2>
        </userorientation>
      </transform>
      <snapped>false</snapped>
    </blockref>
    <blockref>
      <blockid>flora_parts~, fe_cap_01a</blockid>
      <transform>
        <scale>0,927743</scale>
        <position>4.408138,3.158922,13.135614</position>
        <triangledirection>0.236509,0.158039,0.958687</triangledirection>
        <trianglepickorigin>0,0,0</trianglepickorigin>
        <orientation>
          <row0>0.668534,0.743681,7.45058e-8</row0>
          <row1>-0.586867,0.527566,0.614215</row1>
          <row2>0.456780,-0.410624,0.789138</row2>
        </orientation>
        <userorientation>
          <userorientation_row0>0.959830,-0.198063,-0.198733</userorientation_row0>
          <userorientation_row1>0.275646,0.533416,0.799674</userorientation_row1>
          <userorientation_row2>-0.0523770,-0.822333,0.566586</userorientation_row2>
        </userorientation>
      </transform>
      <snapped>false</snapped>
    </blockref>
  </blocks></sporemodel>