spore0005438f6347406662000ee376c7d816b417ffffffffffffffff0000000ebfdb7ed406KChangfffffffffffffffe08Vinneard0000000<?xml version="1.0" encoding="UTF-8"?><sporemodel>
  <properties>
    <modeltype>PlantLarge</modeltype>
    <skineffectseed1>1234</skineffectseed1>
    <skineffectseed2>1234</skineffectseed2>
    <skineffectseed3>1234</skineffectseed3>
    <skincolor1>0.498039,0.576469,0.576469</skincolor1>
    <skincolor2>0.274510,0.443135,0.262743</skincolor2>
    <skincolor3>0.623529,0.803922,0.368627</skincolor3>
    <zcorpscore>6</zcorpscore>
  </properties>
  <blocks count="43">
    <blockref>
      <blockid>flora_parts~, fe_root_dummy</blockid>
      <transform>
        <scale>1</scale>
        <position>0.00541629,0.00114002,0.600000</position>
        <triangledirection>0,1,0</triangledirection>
        <trianglepickorigin>0,0,0</trianglepickorigin>
        <orientation>
          <row0>1,0,0</row0>
          <row1>0,1,0</row1>
          <row2>0,0,1</row2>
        </orientation>
      </transform>
      <snapped>false</snapped>
      <childlist count="4">
        <childid>10</childid>
        <childid>8</childid>
        <childid>6</childid>
        <childid>1</childid>
      </childlist>
    </blockref>
    <blockref>
      <blockid>flora_parts~, fe_muscle_branch_01</blockid>
      <transform>
        <limbtype>0</limbtype>
        <musclescale>0.5</musclescale>
        <basemusclescale>2</basemusclescale>
        <scale>1</scale>
        <position>0.00541629,0.00114002,0.600000</position>
        <triangledirection>0,0,-1</triangledirection>
        <trianglepickorigin>0,0,0</trianglepickorigin>
        <orientation>
          <row0>-0.429418,-0.903105,0</row0>
          <row1>0,0,-1</row1>
          <row2>0.903105,-0.429418,0</row2>
        </orientation>
      </transform>
      <snapped>true</snapped>
      <childlist count="8">
        <childid>24</childid>
        <childid>20</childid>
        <childid>19</childid>
        <childid>18</childid>
        <childid>15</childid>
        <childid>14</childid>
        <childid>13</childid>
        <childid>2</childid>
      </childlist>
      <handles count="1">
        <weight channel="longer">0.546757</weight>
      </handles>
    </blockref>
    <blockref>
      <blockid>flora_parts~, fe_muscle_branch_01</blockid>
      <transform>
        <limbtype>0</limbtype>
        <musclescale>1</musclescale>
        <basemusclescale>1.599998</basemusclescale>
        <scale>1</scale>
        <position>0.00541629,0.00114002,4.265459</position>
        <triangledirection>0.376339,-0.122427,-0.918357</triangledirection>
        <trianglepickorigin>0,0,0</trianglepickorigin>
        <orientation>
          <row0>-0.390302,-0.919930,-0.0373075</row0>
          <row1>0.376339,-0.122427,-0.918357</row1>
          <row2>0.840257,-0.372477,0.393989</row2>
        </orientation>
      </transform>
      <snapped>true</snapped>
      <childlist count="4">
        <childid>29</childid>
        <childid>17</childid>
        <childid>4</childid>
        <childid>3</childid>
      </childlist>
      <handles count="1">
        <weight channel="longer">0.389071</weight>
      </handles>
    </blockref>
    <blockref>
      <blockid>flora_parts~, fe_muscle_branch_01</blockid>
      <transform>
        <limbtype>0</limbtype>
        <musclescale>1</musclescale>
        <basemusclescale>1.899998</basemusclescale>
        <scale>1</scale>
        <position>-1.001597,0.328732,6.722810</position>
        <triangledirection>0.354134,-0.480967,-0.802034</triangledirection>
        <trianglepickorigin>0,0,0</trianglepickorigin>
        <orientation>
          <row0>0.337963,-0.733834,0.589294</row0>
          <row1>0.354134,-0.480967,-0.802034</row1>
          <row2>0.871991,0.479747,0.0973267</row2>
        </orientation>
      </transform>
      <snapped>true</snapped>
      <childlist count="1">
        <childid>23</childid>
      </childlist>
      <handles count="1">
        <weight channel="longer">0.108939</weight>
      </handles>
    </blockref>
    <blockref>
      <blockid>flora_parts~, fe_muscle_branch_01</blockid>
      <transform>
        <limbtype>0</limbtype>
        <musclescale>0.5</musclescale>
        <basemusclescale>1.899998</basemusclescale>
        <scale>1</scale>
        <position>-1.001597,0.328732,6.722810</position>
        <triangledirection>-0.0812315,0.722379,-0.686708</triangledirection>
        <trianglepickorigin>0,0,0</trianglepickorigin>
        <orientation>
          <row0>-0.0740943,-0.691456,-0.718608</row0>
          <row1>-0.0812315,0.722379,-0.686708</row1>
          <row2>0.993937,0.00749243,-0.109692</row2>
        </orientation>
      </transform>
      <snapped>true</snapped>
      <childlist count="6">
        <childid>31</childid>
        <childid>28</childid>
        <childid>26</childid>
        <childid>21</childid>
        <childid>12</childid>
        <childid>5</childid>
      </childlist>
      <handles count="1">
        <weight channel="longer">0.550831</weight>
      </handles>
    </blockref>
    <blockref>
      <blockid>flora_parts~, fe_cap_02a</blockid>
      <transform>
        <scale>0,860706</scale>
        <position>-0.646708,-2.461618,9.240048</position>
        <triangledirection>-0.422259,0.885390,0.194370</triangledirection>
        <trianglepickorigin>0,0,0</trianglepickorigin>
        <orientation>
          <row0>0.833166,0.463557,-0.301576</row0>
          <row1>-0.422259,0.885390,0.194370</row1>
          <row2>0.357114,-0.0345991,0.933419</row2>
        </orientation>
      </transform>
      <snapped>false</snapped>
    </blockref>
    <blockref>
      <blockid>flora_parts~, FE_muscle_branch_04</blockid>
      <transform>
        <limbtype>0</limbtype>
        <musclescale>0.5</musclescale>
        <basemusclescale>2</basemusclescale>
        <scale>1</scale>
        <position>0.00541629,0.00114002,0.600000</position>
        <triangledirection>-0.300776,0.805680,0.510305</triangledirection>
        <trianglepickorigin>0,0,0</trianglepickorigin>
        <orientation>
          <row0>0.335947,0.590292,-0.733957</row0>
          <row1>-0.300776,0.805680,0.510305</row1>
          <row2>0.892565,0.0493209,0.448212</row2>
        </orientation>
      </transform>
      <snapped>true</snapped>
      <childlist count="1">
        <childid>7</childid>
      </childlist>
      <handles count="1">
        <weight channel="longer">0.241894</weight>
      </handles>
    </blockref>
    <blockref>
      <blockid>Creature_parts~, ce_grasper_null</blockid>
      <transform>
        <basemusclescale>0.5</basemusclescale>
        <scale>1</scale>
        <position>0.532415,-1.410514,-0.294120</position>
        <triangledirection>0,0,-1</triangledirection>
        <trianglepickorigin>0,0,0</trianglepickorigin>
        <orientation>
          <row0>1,0,0</row0>
          <row1>0,0,-1</row1>
          <row2>0,1,0</row2>
        </orientation>
      </transform>
      <snapped>true</snapped>
    </blockref>
    <blockref>
      <blockid>flora_parts~, fe_muscle_branch_01</blockid>
      <transform>
        <limbtype>0</limbtype>
        <musclescale>0.5</musclescale>
        <basemusclescale>2</basemusclescale>
        <scale>1</scale>
        <position>0.00541629,0.00114002,0.600000</position>
        <triangledirection>-0.485361,-0.759223,0.433593</triangledirection>
        <trianglepickorigin>0,0,0</trianglepickorigin>
        <orientation>
          <row0>0.259365,-0.598630,-0.757872</row0>
          <row1>-0.485361,-0.759223,0.433593</row1>
          <row2>-0.834957,0.255383,-0.487468</row2>
        </orientation>
      </transform>
      <snapped>true</snapped>
      <childlist count="2">
        <childid>16</childid>
        <childid>9</childid>
      </childlist>
      <handles count="1">
        <weight channel="longer">0.248967</weight>
      </handles>
    </blockref>
    <blockref>
      <blockid>Creature_parts~, ce_grasper_null</blockid>
      <transform>
        <basemusclescale>0.75</basemusclescale>
        <scale>1</scale>
        <position>0.877377,1.365098,-0.178957</position>
        <triangledirection>0,0,-1</triangledirection>
        <trianglepickorigin>0,0,0</trianglepickorigin>
        <orientation>
          <row0>1,0,0</row0>
          <row1>0,0,-1</row1>
          <row2>0,1,0</row2>
        </orientation>
      </transform>
      <snapped>true</snapped>
    </blockref>
    <blockref>
      <blockid>flora_parts~, fe_muscle_branch_01</blockid>
      <transform>
        <limbtype>0</limbtype>
        <musclescale>0.550000</musclescale>
        <basemusclescale>2</basemusclescale>
        <scale>1</scale>
        <position>0.00541629,0.00114002,0.600000</position>
        <triangledirection>0.680068,-0.544655,0.490773</triangledirection>
        <trianglepickorigin>0,0,0</trianglepickorigin>
        <orientation>
          <row0>0.577280,0.810460,0.0994990</row0>
          <row1>0.680068,-0.544655,0.490773</row1>
          <row2>0.451945,-0.215647,-0.865587</row2>
        </orientation>
      </transform>
      <snapped>true</snapped>
      <childlist count="1">
        <childid>11</childid>
      </childlist>
      <handles count="1">
        <weight channel="longer">0.249065</weight>
      </handles>
    </blockref>
    <blockref>
      <blockid>Creature_parts~, ce_grasper_null</blockid>
      <transform>
        <basemusclescale>0.650000</basemusclescale>
        <scale>1</scale>
        <position>-1.216755,0.979956,-0.281982</position>
        <triangledirection>0,0,-1</triangledirection>
        <trianglepickorigin>0,0,0</trianglepickorigin>
        <orientation>
          <row0>1,-10e-7,0</row0>
          <row1>0,0,-1</row1>
          <row2>10e-7,1,0</row2>
        </orientation>
      </transform>
      <snapped>true</snapped>
    </blockref>
    <blockref>
      <blockid>flora_parts~, FE_leaf_03</blockid>
      <transform>
        <scale>2,857641</scale>
        <position>-0.615472,-2.507403,9.406236</position>
        <triangledirection>0.135359,0.482544,-0.865348</triangledirection>
        <trianglepickorigin>0,0,0</trianglepickorigin>
        <orientation>
          <row0>0.911306,0.411729,1.34110e-7</row0>
          <row1>-0.322338,0.713451,-0.622161</row1>
          <row2>-0.256162,0.566979,0.782888</row2>
        </orientation>
        <userorientation>
          <userorientation_row0>0.667528,-0.529713,-0.523266</userorientation_row0>
          <userorientation_row1>0.322031,0.839026,-0.438553</userorientation_row1>
          <userorientation_row2>0.671342,0.124238,0.730658</userorientation_row2>
        </userorientation>
      </transform>
      <snapped>false</snapped>
      <childlist count="2">
        <childid>37</childid>
        <childid>35</childid>
      </childlist>
      <handles count="3">
        <weight channel="DeformAxisForward">0.242887</weight>
        <weight channel="DeformAxisLeft">1</weight>
        <weight channel="DeformAxisUp">0.5</weight>
      </handles>
    </blockref>
    <blockref>
      <blockid>flora_parts~, fe_detail_01</blockid>
      <transform>
        <scale>0,860706</scale>
        <position>-0.0473162,-0.307400,0.822338</position>
        <triangledirection>0.286311,0.886246,-0.364133</triangledirection>
        <trianglepickorigin>0,0,0</trianglepickorigin>
        <orientation>
          <row0>0.951575,-0.307416,4.02331e-7</row0>
          <row1>0.286311,0.886246,-0.364133</row1>
          <row2>0.111940,0.346500,0.931346</row2>
        </orientation>
      </transform>
      <snapped>false</snapped>
      <handles count="3">
        <weight channel="DeformAxisForward">0.300000</weight>
        <weight channel="DeformAxisUp">0.5</weight>
        <weight channel="DeformAxisLeft">0.499209</weight>
      </handles>
    </blockref>
    <blockref>
      <blockid>flora_parts~, fe_detail_01</blockid>
      <transform>
        <scale>0,687287</scale>
        <position>0.274373,-0.336243,2.013581</position>
        <triangledirection>-0.369106,0.920583,-0.127617</triangledirection>
        <trianglepickorigin>0,0,0</trianglepickorigin>
        <orientation>
          <row0>0.928173,0.372149,2.75671e-7</row0>
          <row1>-0.369106,0.920583,-0.127617</row1>
          <row2>-0.0474928,0.118450,0.991823</row2>
        </orientation>
      </transform>
      <snapped>false</snapped>
      <handles count="3">
        <weight channel="DeformAxisForward">0.235586</weight>
        <weight channel="DeformAxisUp">0.5</weight>
        <weight channel="DeformAxisLeft">0.499209</weight>
      </handles>
    </blockref>
    <blockref>
      <blockid>flora_parts~, fe_detail_01</blockid>
      <transform>
        <scale>0,687287</scale>
        <position>-0.307425,-0.245337,2.971704</position>
        <triangledirection>0.683831,0.708871,-0.172849</triangledirection>
        <trianglepickorigin>0,0,0</trianglepickorigin>
        <orientation>
          <row0>0.719703,-0.694281,5.14090e-7</row0>
          <row1>0.683831,0.708871,-0.172849</row1>
          <row2>0.120005,0.124400,0.984948</row2>
        </orientation>
      </transform>
      <snapped>false</snapped>
      <handles count="3">
        <weight channel="DeformAxisForward">0.235586</weight>
        <weight channel="DeformAxisUp">0.5</weight>
        <weight channel="DeformAxisLeft">0.499209</weight>
      </handles>
    </blockref>
    <blockref>
      <blockid>flora_parts~, fe_detail_01</blockid>
      <transform>
        <scale>0,740818</scale>
        <position>-0.0856226,0.424044,0.763742</position>
        <triangledirection>0.295601,-0.676192,-0.674821</triangledirection>
        <trianglepickorigin>0,0,0</trianglepickorigin>
        <orientation>
          <row0>-0.916273,-0.400553,-2.98023e-7</row0>
          <row1>0.295601,-0.676192,-0.674821</row1>
          <row2>0.270301,-0.618320,0.737981</row2>
        </orientation>
      </transform>
      <snapped>false</snapped>
      <handles count="3">
        <weight channel="DeformAxisForward">0.235586</weight>
        <weight channel="DeformAxisUp">0.5</weight>
        <weight channel="DeformAxisLeft">0.499209</weight>
      </handles>
    </blockref>
    <blockref>
      <blockid>flora_parts~, fe_detail_01</blockid>
      <transform>
        <scale>0,740818</scale>
        <position>-0.242453,0.198415,3.999194</position>
        <triangledirection>0.798347,-0.602134,0.00862506</triangledirection>
        <trianglepickorigin>0,0,0</trianglepickorigin>
        <orientation>
          <row0>-0.602157,-0.798377,1.39698e-9</row0>
          <row1>0.798347,-0.602134,0.00862506</row1>
          <row2>-0.00688606,0.00519364,0.999962</row2>
        </orientation>
      </transform>
      <snapped>false</snapped>
      <handles count="3">
        <weight channel="DeformAxisForward">0.235586</weight>
        <weight channel="DeformAxisUp">0.5</weight>
        <weight channel="DeformAxisLeft">0.499209</weight>
      </handles>
    </blockref>
    <blockref>
      <blockid>flora_parts~, fe_detail_01</blockid>
      <transform>
        <scale>0,798516</scale>
        <position>0.213435,-0.194288,4.134567</position>
        <triangledirection>-0.721312,0.692377,-0.0179233</triangledirection>
        <trianglepickorigin>0,0,0</trianglepickorigin>
        <orientation>
          <row0>0.692488,0.721428,7.35744e-8</row0>
          <row1>-0.721312,0.692377,-0.0179233</row1>
          <row2>-0.0129304,0.0124116,0.999839</row2>
        </orientation>
      </transform>
      <snapped>false</snapped>
      <handles count="3">
        <weight channel="DeformAxisForward">0.235586</weight>
        <weight channel="DeformAxisUp">0.5</weight>
        <weight channel="DeformAxisLeft">0.499209</weight>
      </handles>
    </blockref>
    <blockref>
      <blockid>flora_parts~, fe_detail_01</blockid>
      <transform>
        <scale>0,798516</scale>
        <position>0.474150,0.146749,1.146333</position>
        <triangledirection>-0.924443,-0.380942,0.0169555</triangledirection>
        <trianglepickorigin>0,0,0</trianglepickorigin>
        <orientation>
          <row0>-0.380996,0.924576,-6.98491e-9</row0>
          <row1>-0.924443,-0.380942,0.0169555</row1>
          <row2>0.0156766,0.00646000,0.999856</row2>
        </orientation>
      </transform>
      <snapped>false</snapped>
      <handles count="3">
        <weight channel="DeformAxisForward">0.235586</weight>
        <weight channel="DeformAxisUp">0.5</weight>
        <weight channel="DeformAxisLeft">0.499209</weight>
      </handles>
    </blockref>
    <blockref>
      <blockid>flora_parts~, fe_detail_01</blockid>
      <transform>
        <scale>0,740817</scale>
        <position>-0.0758476,0.106838,1.876926</position>
        <triangledirection>0.823663,-0.552070,0.129599</triangledirection>
        <trianglepickorigin>0,0,0</trianglepickorigin>
        <orientation>
          <row0>-0.556766,-0.830669,1.82539e-7</row0>
          <row1>0.823663,-0.552070,0.129599</row1>
          <row2>-0.107653,0.0721565,0.991566</row2>
        </orientation>
      </transform>
      <snapped>false</snapped>
      <handles count="3">
        <weight channel="DeformAxisForward">0.235586</weight>
        <weight channel="DeformAxisUp">0.5</weight>
        <weight channel="DeformAxisLeft">0.499209</weight>
      </handles>
    </blockref>
    <blockref>
      <blockid>flora_parts~, FE_leaf_03</blockid>
      <transform>
        <scale>3,578690</scale>
        <position>-0.561366,-0.886279,8.096431</position>
        <triangledirection>-0.599050,-0.104887,-0.793811</triangledirection>
        <trianglepickorigin>0,0,0</trianglepickorigin>
        <orientation>
          <row0>-0.278073,0.960559,3.57627e-7</row0>
          <row1>-0.778064,-0.225242,-0.586414</row1>
          <row2>-0.563286,-0.163066,0.810011</row2>
        </orientation>
        <userorientation>
          <userorientation_row0>-0.824537,0.214881,0.523413</userorientation_row0>
          <userorientation_row1>0.0658287,0.955227,-0.288455</userorientation_row1>
          <userorientation_row2>-0.561962,-0.203387,-0.801766</userorientation_row2>
        </userorientation>
      </transform>
      <snapped>false</snapped>
      <childlist count="6">
        <childid>42</childid>
        <childid>41</childid>
        <childid>40</childid>
        <childid>39</childid>
        <childid>34</childid>
        <childid>30</childid>
      </childlist>
      <handles count="3">
        <weight channel="DeformAxisForward">0.222742</weight>
        <weight channel="DeformAxisLeft">1</weight>
        <weight channel="DeformAxisUp">0.668471</weight>
      </handles>
    </blockref>
    <blockref>
      <blockid>flora_parts~, FE_leaf_03</blockid>
      <transform>
        <scale>3,080208</scale>
        <position>-1.383622,1.291723,8.747360</position>
        <triangledirection>-0.332736,-0.142087,-0.932253</triangledirection>
        <trianglepickorigin>0,0,0</trianglepickorigin>
        <orientation>
          <row0>-0.953246,-0.302195,1.49011e-8</row0>
          <row1>0.184960,-0.583439,-0.790814</row1>
          <row2>0.238980,-0.753841,0.612055</row2>
        </orientation>
        <userorientation>
          <userorientation_row0>-0.0720858,0.602935,0.794526</userorientation_row0>
          <userorientation_row1>0.360118,0.758596,-0.542996</userorientation_row1>
          <userorientation_row2>-0.930117,0.246981,-0.271812</userorientation_row2>
        </userorientation>
      </transform>
      <snapped>false</snapped>
      <childlist count="3">
        <childid>36</childid>
        <childid>33</childid>
        <childid>27</childid>
      </childlist>
      <handles count="3">
        <weight channel="DeformAxisForward">0.295351</weight>
        <weight channel="DeformAxisLeft">1</weight>
        <weight channel="DeformAxisUp">0.593770</weight>
      </handles>
    </blockref>
    <blockref>
      <blockid>flora_parts~, fe_muscle_branch_01</blockid>
      <transform>
        <limbtype>0</limbtype>
        <musclescale>1</musclescale>
        <basemusclescale>1.399998</basemusclescale>
        <scale>1</scale>
        <position>-1.326585,0.770116,7.458839</position>
        <triangledirection>0.000109073,-0.306511,-0.951867</triangledirection>
        <trianglepickorigin>0,0,0</trianglepickorigin>
        <orientation>
          <row0>-0.536310,-0.803413,0.258646</row0>
          <row1>0.000109073,-0.306511,-0.951866</row1>
          <row2>0.844020,-0.510468,0.164472</row2>
        </orientation>
      </transform>
      <snapped>true</snapped>
      <childlist count="2">
        <childid>25</childid>
        <childid>22</childid>
      </childlist>
      <handles count="1">
        <weight channel="longer">0.138539</weight>
      </handles>
    </blockref>
    <blockref>
      <blockid>flora_parts~, fe_detail_01</blockid>
      <transform>
        <scale>0,798516</scale>
        <position>0.165565,0.299667,3.095469</position>
        <triangledirection>-0.604427,-0.796479,-0.0169886</triangledirection>
        <trianglepickorigin>0,0,0</trianglepickorigin>
        <orientation>
          <row0>-0.796594,0.604514,3.16649e-8</row0>
          <row1>-0.604427,-0.796479,-0.0169886</row1>
          <row2>-0.0102698,-0.0135330,0.999855</row2>
        </orientation>
      </transform>
      <snapped>false</snapped>
      <handles count="3">
        <weight channel="DeformAxisForward">0.235586</weight>
        <weight channel="DeformAxisUp">0.5</weight>
        <weight channel="DeformAxisLeft">0.499209</weight>
      </handles>
    </blockref>
    <blockref>
      <blockid>Creature_parts~, ce_grasper_null</blockid>
      <transform>
        <basemusclescale>1.949998</basemusclescale>
        <scale>1</scale>
        <position>-1.326707,1.108346,8.509207</position>
        <triangledirection>-0.540965,-0.803529,-0.248388</triangledirection>
        <trianglepickorigin>0,0,0</trianglepickorigin>
        <orientation>
          <row0>-0.0553204,-0.260698,0.963834</row0>
          <row1>-0.540965,-0.803529,-0.248388</row1>
          <row2>0.839223,-0.535141,-0.0965769</row2>
        </orientation>
      </transform>
      <snapped>true</snapped>
    </blockref>
    <blockref>
      <blockid>Creature_parts~, ce_grasper_null</blockid>
      <transform>
        <basemusclescale>1.599998</basemusclescale>
        <scale>1</scale>
        <position>-0.701769,-2.337584,9.257463</position>
        <triangledirection>0.586353,0.0783113,-0.806260</triangledirection>
        <trianglepickorigin>0,0,0</trianglepickorigin>
        <orientation>
          <row0>-0.0192667,0.996382,0.0827660</row0>
          <row1>0.586353,0.0783113,-0.806260</row1>
          <row2>-0.809826,0.0329961,-0.585741</row2>
        </orientation>
      </transform>
      <snapped>true</snapped>
    </blockref>
    <blockref>
      <blockid>flora_parts~, FE_leaf_03</blockid>
      <transform>
        <scale>2,857641</scale>
        <position>-1.566644,1.614230,9.278943</position>
        <triangledirection>0.796468,-0.326007,-0.509269</triangledirection>
        <trianglepickorigin>0,0,0</trianglepickorigin>
        <orientation>
          <row0>-0.383830,-0.923403,0</row0>
          <row1>0.883160,-0.367102,-0.291999</row1>
          <row2>0.269633,-0.112078,0.956418</row2>
        </orientation>
        <userorientation>
          <userorientation_row0>-0.858278,-0.124893,-0.497752</userorientation_row0>
          <userorientation_row1>-0.00467188,0.971794,-0.235781</userorientation_row1>
          <userorientation_row2>0.513160,-0.200041,-0.834654</userorientation_row2>
        </userorientation>
      </transform>
      <snapped>false</snapped>
      <childlist count="2">
        <childid>38</childid>
        <childid>32</childid>
      </childlist>
      <handles count="3">
        <weight channel="DeformAxisForward">0.244797</weight>
        <weight channel="DeformAxisLeft">1</weight>
        <weight channel="DeformAxisUp">0.5</weight>
      </handles>
    </blockref>
    <blockref>
      <blockid>flora_parts~, fe_canopy_01</blockid>
      <transform>
        <scale>1,964033</scale>
        <position>-0.905332,-1.687463,8.236824</position>
        <triangledirection>0.0377305,0.997121,0.0657531</triangledirection>
        <trianglepickorigin>0,0,0</trianglepickorigin>
        <orientation>
          <row0>0.999284,-0.0378123,-1.77882e-7</row0>
          <row1>0.0367592,0.971451,0.234374</row1>
          <row2>-0.00886206,-0.234206,0.972146</row2>
        </orientation>
        <userorientation>
          <userorientation_row0>1,0,0</userorientation_row0>
          <userorientation_row1>0,0.985453,-0.169945</userorientation_row1>
          <userorientation_row2>0,0.169945,0.985453</userorientation_row2>
        </userorientation>
      </transform>
      <snapped>false</snapped>
      <handles count="2">
        <weight channel="DeformAxisLeft">1</weight>
        <weight channel="DeformAxisForward">0.653072</weight>
      </handles>
    </blockref>
    <blockref>
      <blockid>flora_parts~, fe_canopy_01</blockid>
      <transform>
        <scale>2,281880</scale>
        <position>-0.544341,0.549122,6.389820</position>
        <triangledirection>-0.558147,-0.749105,-0.356807</triangledirection>
        <trianglepickorigin>0,0,0</trianglepickorigin>
        <orientation>
          <row0>-0.681881,0.731462,2.98023e-7</row0>
          <row1>-0.678794,-0.632783,-0.372591</row1>
          <row2>-0.272536,-0.254063,0.927995</row2>
        </orientation>
        <userorientation>
          <userorientation_row0>0.985428,0.167614,-0.0289058</userorientation_row0>
          <userorientation_row1>-0.167351,0.985832,0.0113197</userorientation_row1>
          <userorientation_row2>0.0303936,-0.00631745,0.999518</userorientation_row2>
        </userorientation>
      </transform>
      <snapped>false</snapped>
      <handles count="2">
        <weight channel="DeformAxisLeft">1</weight>
        <weight channel="DeformAxisForward">0.653072</weight>
      </handles>
    </blockref>
    <blockref>
      <blockid>flora_parts~, fe_canopy_01</blockid>
      <transform>
        <scale>2,116999</scale>
        <position>0.0249183,-1.110400,8.227093</position>
        <triangledirection>-0.911966,0.347388,0.218257</triangledirection>
        <trianglepickorigin>0,0,0</trianglepickorigin>
        <orientation>
          <row0>0.844725,0.535200,3.35276e-8</row0>
          <row1>-0.533726,0.842400,0.0741484</row1>
          <row2>0.0396841,-0.0626350,0.997247</row2>
        </orientation>
        <userorientation>
          <userorientation_row0>0.790302,0.602710,-0.110271</userorientation_row0>
          <userorientation_row1>-0.584438,0.795565,0.159707</userorientation_row1>
          <userorientation_row2>0.183986,-0.0617692,0.980985</userorientation_row2>
        </userorientation>
      </transform>
      <snapped>false</snapped>
      <handles count="2">
        <weight channel="DeformAxisLeft">1</weight>
        <weight channel="DeformAxisForward">0.663645</weight>
      </handles>
    </blockref>
    <blockref>
      <blockid>flora_parts~, fe_canopy_01</blockid>
      <transform>
        <scale>2,281881</scale>
        <position>-1.011202,-0.624291,7.496875</position>
        <triangledirection>0.997935,0.0275934,0.0579841</triangledirection>
        <trianglepickorigin>0,0,0</trianglepickorigin>
        <orientation>
          <row0>0.224623,-0.974445,-1.30385e-7</row0>
          <row1>0.948795,0.218710,0.227933</row1>
          <row2>-0.222108,-0.0511991,0.973676</row2>
        </orientation>
        <userorientation>
          <userorientation_row0>0.980349,-0.194400,0.0335253</userorientation_row0>
          <userorientation_row1>0.197271,0.966087,-0.166604</userorientation_row1>
          <userorientation_row2>-1.22753e-9,0.169945,0.985453</userorientation_row2>
        </userorientation>
      </transform>
      <snapped>false</snapped>
      <handles count="2">
        <weight channel="DeformAxisLeft">1</weight>
        <weight channel="DeformAxisForward">0.653072</weight>
      </handles>
    </blockref>
    <blockref>
      <blockid>flora_parts~, fe_cap_01a</blockid>
      <transform>
        <scale>1</scale>
        <position>-3.995879,1.348618,11.362650</position>
        <triangledirection>0.225715,-0.967140,-0.117015</triangledirection>
        <trianglepickorigin>0,0,0</trianglepickorigin>
        <orientation>
          <row0>-0.973830,-0.227276,8.56816e-8</row0>
          <row1>0.225715,-0.967140,-0.117015</row1>
          <row2>0.0265948,-0.113952,0.993130</row2>
        </orientation>
      </transform>
      <snapped>false</snapped>
    </blockref>
    <blockref>
      <blockid>flora_parts~, fe_cap_01a</blockid>
      <transform>
        <scale>1</scale>
        <position>-2.356925,0.630091,11.895146</position>
        <triangledirection>-0.771403,-0.559166,0.303758</triangledirection>
        <trianglepickorigin>0,0,0</trianglepickorigin>
        <orientation>
          <row0>-0.586898,0.809660,0</row0>
          <row1>-0.771403,-0.559166,0.303758</row1>
          <row2>0.245941,0.178275,0.952749</row2>
        </orientation>
      </transform>
      <snapped>false</snapped>
    </blockref>
    <blockref>
      <blockid>flora_parts~, fe_cap_01a</blockid>
      <transform>
        <scale>1</scale>
        <position>4.482099,-1.512615,10.558085</position>
        <triangledirection>0.229794,0.345097,-0.910001</triangledirection>
        <trianglepickorigin>0,0,0</trianglepickorigin>
        <orientation>
          <row0>0.832351,-0.554248,-4.02331e-7</row0>
          <row1>0.229794,0.345097,-0.910001</row1>
          <row2>0.504367,0.757440,0.414605</row2>
        </orientation>
      </transform>
      <snapped>false</snapped>
    </blockref>
    <blockref>
      <blockid>flora_parts~, fe_cap_01a</blockid>
      <transform>
        <scale>1</scale>
        <position>-2.356426,-3.485658,11.982999</position>
        <triangledirection>-0.536783,0.782828,-0.314712</triangledirection>
        <trianglepickorigin>0,0,0</trianglepickorigin>
        <orientation>
          <row0>0.824735,0.565518,-3.27825e-7</row0>
          <row1>-0.536783,0.782828,-0.314712</row1>
          <row2>-0.177975,0.259554,0.949187</row2>
        </orientation>
      </transform>
      <snapped>false</snapped>
    </blockref>
    <blockref>
      <blockid>flora_parts~, fe_cap_01a</blockid>
      <transform>
        <scale>1</scale>
        <position>0.866442,3.645805,11.333216</position>
        <triangledirection>-0.103281,0.954340,-0.280298</triangledirection>
        <trianglepickorigin>0,0,0</trianglepickorigin>
        <orientation>
          <row0>0.994194,0.107594,1.39698e-7</row0>
          <row1>-0.103281,0.954340,-0.280298</row1>
          <row2>-0.0301585,0.278670,0.959913</row2>
        </orientation>
      </transform>
      <snapped>false</snapped>
    </blockref>
    <blockref>
      <blockid>flora_parts~, fe_cap_01a</blockid>
      <transform>
        <scale>1</scale>
        <position>-0.450114,-4.911060,10.569517</position>
        <triangledirection>-0.0215995,-0.846725,-0.531591</triangledirection>
        <trianglepickorigin>0,0,0</trianglepickorigin>
        <orientation>
          <row0>-0.999674,0.0255011,1.11758e-8</row0>
          <row1>-0.0215995,-0.846725,-0.531591</row1>
          <row2>-0.0135561,-0.531418,0.847001</row2>
        </orientation>
      </transform>
      <snapped>false</snapped>
    </blockref>
    <blockref>
      <blockid>flora_parts~, fe_cap_01a</blockid>
      <transform>
        <scale>1</scale>
        <position>-2.556819,3.835305,11.007818</position>
        <triangledirection>0.993027,0.0413274,0.110405</triangledirection>
        <trianglepickorigin>0,0,0</trianglepickorigin>
        <orientation>
          <row0>0.0415816,-0.999135,-2.32830e-8</row0>
          <row1>0.993027,0.0413274,0.110405</row1>
          <row2>-0.110309,-0.00459084,0.993886</row2>
        </orientation>
      </transform>
      <snapped>false</snapped>
    </blockref>
    <blockref>
      <blockid>flora_parts~, fe_cap_01a</blockid>
      <transform>
        <scale>1</scale>
        <position>0.347595,0.133096,12.138674</position>
        <triangledirection>-0.830731,0.237633,-0.503404</triangledirection>
        <trianglepickorigin>0,0,0</trianglepickorigin>
        <orientation>
          <row0>0.275022,0.961437,2.23517e-8</row0>
          <row1>-0.830731,0.237633,-0.503404</row1>
          <row2>-0.483991,0.138447,0.864051</row2>
        </orientation>
      </transform>
      <snapped>false</snapped>
    </blockref>
    <blockref>
      <blockid>flora_parts~, FE_leaf_14</blockid>
      <transform>
        <scale>5,589612</scale>
        <position>-0.910172,-0.912983,8.461236</position>
        <triangledirection>0.944576,0.313704,0.0967667</triangledirection>
        <trianglepickorigin>0,0,0</trianglepickorigin>
        <orientation>
          <row0>0.438380,-0.898789,-1.49011e-7</row0>
          <row1>0.629149,0.306865,-0.714146</row1>
          <row2>0.641867,0.313068,0.699996</row2>
        </orientation>
        <userorientation>
          <userorientation_row0>0.978134,-0.207971,-7.45058e-9</userorientation_row0>
          <userorientation_row1>0.132129,0.621438,0.772239</userorientation_row1>
          <userorientation_row2>-0.160602,-0.755353,0.635329</userorientation_row2>
        </userorientation>
      </transform>
      <snapped>false</snapped>
      <handles count="4">
        <weight channel="DeformForwardb">0.470609</weight>
        <weight channel="DeformAxisForward">0.419695</weight>
        <weight channel="DeformAxisLeft">0.244532</weight>
        <weight channel="DeformAxisUp">0.700529</weight>
      </handles>
    </blockref>
    <blockref>
      <blockid>flora_parts~, FE_leaf_14</blockid>
      <transform>
        <scale>5,185728</scale>
        <position>-0.592143,-0.419847,8.447389</position>
        <triangledirection>0.386705,-0.920749,-0.0517524</triangledirection>
        <trianglepickorigin>0,0,0</trianglepickorigin>
        <orientation>
          <row0>-0.913740,-0.406297,2.23517e-7</row0>
          <row1>0.395469,-0.889389,-0.229326</row1>
          <row2>0.0931747,-0.209544,0.973349</row2>
        </orientation>
        <userorientation>
          <userorientation_row0>0.999069,-0.0271530,0.0334863</userorientation_row0>
          <userorientation_row1>0.0207492,0.983703,0.178596</userorientation_row1>
          <userorientation_row2>-0.0377901,-0.177735,0.983352</userorientation_row2>
        </userorientation>
      </transform>
      <snapped>false</snapped>
      <handles count="4">
        <weight channel="DeformForwardb">0.426671</weight>
        <weight channel="DeformAxisForward">0.688486</weight>
        <weight channel="DeformAxisLeft">0.441782</weight>
        <weight channel="DeformAxisUp">0.726035</weight>
      </handles>
    </blockref>
    <blockref>
      <blockid>flora_parts~, FE_leaf_14</blockid>
      <transform>
        <scale>5,589612</scale>
        <position>0.264219,-1.238068,9.123044</position>
        <triangledirection>-0.560817,0.806176,-0.188582</triangledirection>
        <trianglepickorigin>0,0,0</trianglepickorigin>
        <orientation>
          <row0>0.922044,0.387083,4.69386e-7</row0>
          <row1>-0.369071,0.879137,0.301502</row1>
          <row2>0.116706,-0.277998,0.953465</row2>
        </orientation>
        <userorientation>
          <userorientation_row0>0.978497,0.168918,-0.118357</userorientation_row0>
          <userorientation_row1>-0.205040,0.858863,-0.469374</userorientation_row1>
          <userorientation_row2>0.0223660,0.483548,0.875030</userorientation_row2>
        </userorientation>
      </transform>
      <snapped>false</snapped>
      <handles count="4">
        <weight channel="DeformForwardb">0.506199</weight>
        <weight channel="DeformAxisForward">0.350258</weight>
        <weight channel="DeformAxisLeft">0.188592</weight>
        <weight channel="DeformAxisUp">0.700529</weight>
      </handles>
    </blockref>
  </blocks></sporemodel>