spore0005438f634740666200c626ecd4d816b417ffffffffffffffff0000000ebfdb7eab06KChangfffffffffffffffe06Wights0000000<?xml version="1.0" encoding="UTF-8"?><sporemodel>
  <properties>
    <modeltype>PlantMedium</modeltype>
    <skineffectseed1>1234</skineffectseed1>
    <skineffectseed2>1234</skineffectseed2>
    <skineffectseed3>1234</skineffectseed3>
    <skincolor1>0.803922,0.698038,0.474510</skincolor1>
    <skincolor2>0.576470,0.294117,0.184313</skincolor2>
    <skincolor3>0.541176,0.694118,0.317647</skincolor3>
    <zcorpscore>28</zcorpscore>
  </properties>
  <blocks count="16">
    <blockref>
      <blockid>flora_parts~, fe_root_dummy</blockid>
      <transform>
        <scale>1</scale>
        <position>0,0,0.600000</position>
        <triangledirection>0,1,0</triangledirection>
        <trianglepickorigin>0,0,0</trianglepickorigin>
        <orientation>
          <row0>1,0,0</row0>
          <row1>0,1,0</row1>
          <row2>0,0,1</row2>
        </orientation>
      </transform>
      <snapped>false</snapped>
      <childlist count="2">
        <childid>3</childid>
        <childid>1</childid>
      </childlist>
    </blockref>
    <blockref>
      <blockid>flora_parts~, FE_muscle_branch_04</blockid>
      <transform>
        <limbtype>0</limbtype>
        <musclescale>0.675000</musclescale>
        <basemusclescale>2.5</basemusclescale>
        <scale>1</scale>
        <position>0,0,0.600000</position>
        <triangledirection>-0.00436399,0.0160359,0.999861</triangledirection>
        <trianglepickorigin>0,0,0</trianglepickorigin>
        <orientation>
          <row0>-0.0934408,-0.995503,0.0155582</row0>
          <row1>-0.00436399,0.0160359,0.999861</row1>
          <row2>-0.995615,0.0933600,-0.00584279</row2>
        </orientation>
      </transform>
      <snapped>true</snapped>
      <childlist count="1">
        <childid>2</childid>
      </childlist>
      <handles count="1">
        <weight channel="longer">0.0356860</weight>
      </handles>
    </blockref>
    <blockref>
      <blockid>Creature_parts~, ce_grasper_null</blockid>
      <transform>
        <basemusclescale>1.399999</basemusclescale>
        <scale>1</scale>
        <position>0.00199899,-0.00734399,0.142098</position>
        <triangledirection>0,0,-1</triangledirection>
        <trianglepickorigin>0,0,0</trianglepickorigin>
        <orientation>
          <row0>1,0,0</row0>
          <row1>0,0,-1</row1>
          <row2>0,1,0</row2>
        </orientation>
      </transform>
      <snapped>true</snapped>
    </blockref>
    <blockref>
      <blockid>flora_parts~, fe_trunk_01</blockid>
      <transform>
        <limbtype>2</limbtype>
        <musclescale>0</musclescale>
        <basemusclescale>2.5</basemusclescale>
        <scale>1,568310</scale>
        <position>0,0,0.600000</position>
        <triangledirection>0,9.99999e-7,-1</triangledirection>
        <trianglepickorigin>0,0,0</trianglepickorigin>
        <orientation>
          <row0>1,0,0</row0>
          <row1>0,9.99999e-7,-1</row1>
          <row2>0,1,9.99999e-7</row2>
        </orientation>
        <userorientation>
          <userorientation_row0>0.449245,0,-0.893408</userorientation_row0>
          <userorientation_row1>0,1,0</userorientation_row1>
          <userorientation_row2>0.893408,0,0.449245</userorientation_row2>
        </userorientation>
      </transform>
      <snapped>true</snapped>
      <childlist count="7">
        <childid>15</childid>
        <childid>9</childid>
        <childid>8</childid>
        <childid>7</childid>
        <childid>6</childid>
        <childid>5</childid>
        <childid>4</childid>
      </childlist>
      <handles count="3">
        <weight channel="DeformAxisLeft">0</weight>
        <weight channel="DeformAxisForward">0.553103</weight>
        <weight channel="DeformBoneLength">0.141395</weight>
      </handles>
    </blockref>
    <blockref>
      <blockid>Creature_parts~, ce_grasper_null</blockid>
      <transform>
        <basemusclescale>1</basemusclescale>
        <scale>1</scale>
        <position>0,-2.99999e-6,3.102874</position>
        <triangledirection>0,1.00000e-6,-1</triangledirection>
        <trianglepickorigin>0,0,0</trianglepickorigin>
        <orientation>
          <row0>1,0,0</row0>
          <row1>0,1.00000e-6,-1</row1>
          <row2>0,1,1.00000e-6</row2>
        </orientation>
      </transform>
      <snapped>true</snapped>
    </blockref>
    <blockref>
      <blockid>flora_parts~, FE_leaf_22</blockid>
      <transform>
        <scale>1</scale>
        <position>0.120404,0.465887,3.405006</position>
        <triangledirection>-0.291148,-0.798398,-0.527065</triangledirection>
        <trianglepickorigin>0,0,0</trianglepickorigin>
        <orientation>
          <row0>-0.998068,-0.0615673,0.00828376</row0>
          <row1>0.0432299,-0.784103,-0.619122</row1>
          <row2>0.0446130,-0.617568,0.785251</row2>
        </orientation>
        <userorientation>
          <userorientation_row0>0.939592,-0.328551,-0.0960249</userorientation_row0>
          <userorientation_row1>0.335375,0.939759,0.0661980</userorientation_row1>
          <userorientation_row2>0.0684909,-0.0944029,0.993176</userorientation_row2>
        </userorientation>
      </transform>
      <snapped>false</snapped>
      <childlist count="1">
        <childid>12</childid>
      </childlist>
      <handles count="4">
        <weight channel="DeformAxisLeft">1</weight>
        <weight channel="DeformAxisForward">0.523748</weight>
        <weight channel="DeformAxisRight">1</weight>
        <weight channel="DeformAxisUp">0</weight>
      </handles>
    </blockref>
    <blockref>
      <blockid>flora_parts~, FE_leaf_22</blockid>
      <transform>
        <scale>1</scale>
        <position>0.0885590,-0.401105,3.465441</position>
        <triangledirection>-0.394846,0.753174,-0.526141</triangledirection>
        <trianglepickorigin>0,0,0</trianglepickorigin>
        <orientation>
          <row0>0.999619,0.0262987,-0.00836841</row0>
          <row1>-0.0259999,0.795711,-0.605117</row1>
          <row2>-0.00925497,0.605104,0.796092</row2>
        </orientation>
        <userorientation>
          <userorientation_row0>0.916032,0.357806,0.181277</userorientation_row0>
          <userorientation_row1>-0.370485,0.927953,0.0405460</userorientation_row1>
          <userorientation_row2>-0.153709,-0.104301,0.982596</userorientation_row2>
        </userorientation>
      </transform>
      <snapped>false</snapped>
      <childlist count="1">
        <childid>11</childid>
      </childlist>
      <handles count="4">
        <weight channel="DeformAxisLeft">1</weight>
        <weight channel="DeformAxisForward">0.475558</weight>
        <weight channel="DeformAxisRight">1</weight>
        <weight channel="DeformAxisUp">0</weight>
      </handles>
    </blockref>
    <blockref>
      <blockid>flora_parts~, FE_leaf_22</blockid>
      <transform>
        <scale>1</scale>
        <position>-0.371995,-0.246496,3.392370</position>
        <triangledirection>0.591777,0.552550,-0.586930</triangledirection>
        <trianglepickorigin>0,0,0</trianglepickorigin>
        <orientation>
          <row0>0.535263,-0.844685,3.65078e-7</row0>
          <row1>0.826988,0.524049,-0.203620</row1>
          <row2>0.171995,0.108991,0.979049</row2>
        </orientation>
        <userorientation>
          <userorientation_row0>0.988683,0.137732,-0.0594449</userorientation_row0>
          <userorientation_row1>-0.149974,0.898469,-0.412627</userorientation_row1>
          <userorientation_row2>-0.00342299,0.416874,0.908958</userorientation_row2>
        </userorientation>
      </transform>
      <snapped>false</snapped>
      <childlist count="1">
        <childid>14</childid>
      </childlist>
      <handles count="4">
        <weight channel="DeformAxisLeft">1</weight>
        <weight channel="DeformAxisForward">0.444385</weight>
        <weight channel="DeformAxisRight">0.773333</weight>
        <weight channel="DeformAxisUp">0</weight>
      </handles>
    </blockref>
    <blockref>
      <blockid>flora_parts~, FE_leaf_22</blockid>
      <transform>
        <scale>1</scale>
        <position>-0.437270,0.172194,3.314691</position>
        <triangledirection>0.593928,-0.304198,-0.744793</triangledirection>
        <trianglepickorigin>0,0,0</trianglepickorigin>
        <orientation>
          <row0>-0.454736,-0.890184,0.0280414</row0>
          <row1>0.868476,-0.450184,-0.207564</row1>
          <row2>0.197394,-0.0700337,0.977819</row2>
        </orientation>
        <userorientation>
          <userorientation_row0>0.904237,-0.236919,-0.355279</userorientation_row0>
          <userorientation_row1>-0.0201730,0.807351,-0.589730</userorientation_row1>
          <userorientation_row2>0.426553,0.540423,0.725255</userorientation_row2>
        </userorientation>
      </transform>
      <snapped>false</snapped>
      <childlist count="1">
        <childid>13</childid>
      </childlist>
      <handles count="4">
        <weight channel="DeformAxisLeft">1</weight>
        <weight channel="DeformAxisForward">0.530861</weight>
        <weight channel="DeformAxisRight">1</weight>
        <weight channel="DeformAxisUp">0</weight>
      </handles>
    </blockref>
    <blockref>
      <blockid>flora_parts~, FE_leaf_22</blockid>
      <transform>
        <scale>1</scale>
        <position>0.470241,0.0206279,3.497310</position>
        <triangledirection>-0.777317,-0.120887,-0.617384</triangledirection>
        <trianglepickorigin>0,0,0</trianglepickorigin>
        <orientation>
          <row0>-0.541752,0.840537,2.08616e-7</row0>
          <row1>-0.689516,-0.444414,-0.571893</row1>
          <row2>-0.480698,-0.309825,0.820327</row2>
        </orientation>
        <userorientation>
          <userorientation_row0>0.750203,-0.313137,-0.582356</userorientation_row0>
          <userorientation_row1>0.319503,0.942776,-0.0953480</userorientation_row1>
          <userorientation_row2>0.578889,-0.114534,0.807323</userorientation_row2>
        </userorientation>
      </transform>
      <snapped>false</snapped>
      <childlist count="1">
        <childid>10</childid>
      </childlist>
      <handles count="4">
        <weight channel="DeformAxisLeft">1</weight>
        <weight channel="DeformAxisForward">0.481992</weight>
        <weight channel="DeformAxisRight">1</weight>
        <weight channel="DeformAxisUp">0</weight>
      </handles>
    </blockref>
    <blockref>
      <blockid>flora_parts~, fe_cap_01a</blockid>
      <transform>
        <scale>0,798516</scale>
        <position>1.520408,-0.0653470,2.583988</position>
        <triangledirection>0.444689,-0.276848,-0.851825</triangledirection>
        <trianglepickorigin>0,0,0</trianglepickorigin>
        <orientation>
          <row0>0.788676,-0.614115,-0.0292036</row0>
          <row1>-0.501326,-0.614877,-0.608767</row1>
          <row2>0.355896,0.494760,-0.792811</row2>
        </orientation>
        <userorientation>
          <userorientation_row0>0.719870,-0.686123,-0.104980</userorientation_row0>
          <userorientation_row1>0.545608,0.465857,0.696626</userorientation_row1>
          <userorientation_row2>-0.429065,-0.558760,0.709711</userorientation_row2>
        </userorientation>
      </transform>
      <snapped>false</snapped>
    </blockref>
    <blockref>
      <blockid>flora_parts~, fe_cap_01a</blockid>
      <transform>
        <scale>0,798516</scale>
        <position>0.585750,-1.325055,2.833563</position>
        <triangledirection>-0.855864,0.0981180,0.507807</triangledirection>
        <trianglepickorigin>0,0,0</trianglepickorigin>
        <orientation>
          <row0>0.846943,0.531411,0.0169865</row0>
          <row1>-0.481821,0.780633,-0.398069</row1>
          <row2>-0.224799,0.328957,0.917197</row2>
        </orientation>
        <userorientation>
          <userorientation_row0>0.686529,0.599631,0.411240</userorientation_row0>
          <userorientation_row1>-0.664102,0.286826,0.690433</userorientation_row1>
          <userorientation_row2>0.296052,-0.747108,0.595131</userorientation_row2>
        </userorientation>
      </transform>
      <snapped>false</snapped>
    </blockref>
    <blockref>
      <blockid>flora_parts~, fe_cap_01a</blockid>
      <transform>
        <scale>0,798516</scale>
        <position>0.109535,1.553988,2.865178</position>
        <triangledirection>0.577471,-0.565475,0.588866</triangledirection>
        <trianglepickorigin>0,0,0</trianglepickorigin>
        <orientation>
          <row0>0.119214,-0.992868,-2.83122e-7</row0>
          <row1>0.824611,0.0990119,0.556966</row1>
          <row2>-0.552994,-0.0663989,0.830534</row2>
        </orientation>
        <userorientation>
          <userorientation_row0>0.772375,-0.631309,-0.0698779</userorientation_row0>
          <userorientation_row1>0.630285,0.748180,0.207282</userorientation_row1>
          <userorientation_row2>-0.0785780,-0.204142,0.975782</userorientation_row2>
        </userorientation>
      </transform>
      <snapped>false</snapped>
    </blockref>
    <blockref>
      <blockid>flora_parts~, fe_cap_01a</blockid>
      <transform>
        <scale>0,798516</scale>
        <position>-1.364173,1.050257,3.007106</position>
        <triangledirection>0.860418,0.266670,0.434242</triangledirection>
        <trianglepickorigin>0,0,0</trianglepickorigin>
        <orientation>
          <row0>-0.441292,-0.897363,-1.93715e-7</row0>
          <row1>0.697376,-0.342945,-0.629327</row1>
          <row2>0.564735,-0.277717,0.777139</row2>
        </orientation>
        <userorientation>
          <userorientation_row0>0.710582,0.574168,0.406698</userorientation_row0>
          <userorientation_row1>-0.618996,0.235301,0.749316</userorientation_row1>
          <userorientation_row2>0.334537,-0.784196,0.522608</userorientation_row2>
        </userorientation>
      </transform>
      <snapped>false</snapped>
    </blockref>
    <blockref>
      <blockid>flora_parts~, fe_cap_01a</blockid>
      <transform>
        <scale>0,798516</scale>
        <position>-1.186790,-1.042802,2.841735</position>
        <triangledirection>0.424957,-0.905179,0.00781533</triangledirection>
        <trianglepickorigin>0,0,0</trianglepickorigin>
        <orientation>
          <row0>0.651367,-0.758762,-1.19209e-7</row0>
          <row1>0.725113,0.622480,-0.294498</row1>
          <row2>0.223454,0.191826,0.955652</row2>
        </orientation>
        <userorientation>
          <userorientation_row0>-0.259663,-0.965470,-0.0210180</userorientation_row0>
          <userorientation_row1>0.963620,-0.257616,-0.0712100</userorientation_row1>
          <userorientation_row2>0.0633370,-0.0387449,0.997239</userorientation_row2>
        </userorientation>
      </transform>
      <snapped>false</snapped>
    </blockref>
    <blockref>
      <blockid>flora_parts~, FE_leaf_22</blockid>
      <transform>
        <scale>0,927744</scale>
        <position>0.131747,-0.0491070,3.680910</position>
        <triangledirection>-0.0310580,-0.307189,-0.951141</triangledirection>
        <trianglepickorigin>0,0,0</trianglepickorigin>
        <orientation>
          <row0>0.497870,0.867251,0</row0>
          <row1>-0.319772,0.183574,-0.929540</row1>
          <row2>-0.806145,0.462791,0.368719</row2>
        </orientation>
        <userorientation>
          <userorientation_row0>-0.876846,-0.422839,-0.228796</userorientation_row0>
          <userorientation_row1>-0.281873,0.837664,-0.467832</userorientation_row1>
          <userorientation_row2>0.389472,-0.345724,-0.853689</userorientation_row2>
        </userorientation>
      </transform>
      <snapped>false</snapped>
      <handles count="4">
        <weight channel="DeformAxisLeft">1</weight>
        <weight channel="DeformAxisForward">0.530861</weight>
        <weight channel="DeformAxisRight">1</weight>
        <weight channel="DeformAxisUp">0.0485560</weight>
      </handles>
    </blockref>
  </blocks></sporemodel>