spore0005438f6347406662002a7280a2d816b417ffffffffffffffff0000000ebfdb7f0506KChangfffffffffffffffe08Truhukee0000000<?xml version="1.0" encoding="UTF-8"?><sporemodel>
  <properties>
    <modeltype>PlantMedium</modeltype>
    <skineffectseed1>1234</skineffectseed1>
    <skineffectseed2>1234</skineffectseed2>
    <skineffectseed3>1234</skineffectseed3>
    <skincolor1>0.235293,0.282353,0.168626</skincolor1>
    <skincolor2>0.576470,0.349020,0.262744</skincolor2>
    <skincolor3>0.803922,0.698038,0.474510</skincolor3>
    <zcorpscore>25</zcorpscore>
  </properties>
  <blocks count="22">
    <blockref>
      <blockid>flora_parts~, fe_root_dummy</blockid>
      <transform>
        <scale>1</scale>
        <position>0,0,0.600000</position>
        <triangledirection>0,1,0</triangledirection>
        <trianglepickorigin>0,0,0</trianglepickorigin>
        <orientation>
          <row0>1,0,0</row0>
          <row1>0,1,0</row1>
          <row2>0,0,1</row2>
        </orientation>
      </transform>
      <snapped>false</snapped>
      <childlist count="4">
        <childid>7</childid>
        <childid>5</childid>
        <childid>3</childid>
        <childid>1</childid>
      </childlist>
    </blockref>
    <blockref>
      <blockid>flora_parts~, FE_muscle_branch_04</blockid>
      <transform>
        <limbtype>0</limbtype>
        <musclescale>0.774999</musclescale>
        <basemusclescale>2.799999</basemusclescale>
        <scale>1</scale>
        <position>0,0,0.600000</position>
        <triangledirection>0.403890,-0.485013,0.775651</triangledirection>
        <trianglepickorigin>0,0,0</trianglepickorigin>
        <orientation>
          <row0>-0.238692,0.762641,0.601168</row0>
          <row1>0.403890,-0.485013,0.775651</row1>
          <row2>0.883118,0.427948,-0.192254</row2>
        </orientation>
      </transform>
      <snapped>true</snapped>
      <childlist count="1">
        <childid>2</childid>
      </childlist>
      <handles count="1">
        <weight channel="longer">0.148977</weight>
      </handles>
    </blockref>
    <blockref>
      <blockid>Creature_parts~, ce_grasper_null</blockid>
      <transform>
        <basemusclescale>0.900000</basemusclescale>
        <scale>1</scale>
        <position>-0.472139,0.566970,-0.306721</position>
        <triangledirection>0,0,-1</triangledirection>
        <trianglepickorigin>0,0,0</trianglepickorigin>
        <orientation>
          <row0>1,0,0</row0>
          <row1>0,0,-1</row1>
          <row2>0,1,0</row2>
        </orientation>
      </transform>
      <snapped>true</snapped>
    </blockref>
    <blockref>
      <blockid>flora_parts~, FE_muscle_branch_04</blockid>
      <transform>
        <limbtype>0</limbtype>
        <musclescale>0.600000</musclescale>
        <basemusclescale>2.799999</basemusclescale>
        <scale>1</scale>
        <position>0,0,0.600000</position>
        <triangledirection>0.369540,0.526349,0.765765</triangledirection>
        <trianglepickorigin>0,0,0</trianglepickorigin>
        <orientation>
          <row0>0.853224,-0.518605,-0.0552811</row0>
          <row1>0.369540,0.526349,0.765765</row1>
          <row2>-0.368032,-0.673797,0.640740</row2>
        </orientation>
      </transform>
      <snapped>true</snapped>
      <childlist count="1">
        <childid>4</childid>
      </childlist>
      <handles count="1">
        <weight channel="longer">0.164921</weight>
      </handles>
    </blockref>
    <blockref>
      <blockid>Creature_parts~, ce_grasper_null</blockid>
      <transform>
        <basemusclescale>0.850000</basemusclescale>
        <scale>1</scale>
        <position>-0.468962,-0.667963,-0.371791</position>
        <triangledirection>0,0,-1</triangledirection>
        <trianglepickorigin>0,0,0</trianglepickorigin>
        <orientation>
          <row0>1,0,0</row0>
          <row1>0,0,-1</row1>
          <row2>0,1,0</row2>
        </orientation>
      </transform>
      <snapped>true</snapped>
    </blockref>
    <blockref>
      <blockid>flora_parts~, fe_muscle_branch_01</blockid>
      <transform>
        <limbtype>0</limbtype>
        <musclescale>0.900000</musclescale>
        <basemusclescale>2.799999</basemusclescale>
        <scale>1</scale>
        <position>0,0,0.600000</position>
        <triangledirection>-0.620362,0.243302,0.745624</triangledirection>
        <trianglepickorigin>0,0,0</trianglepickorigin>
        <orientation>
          <row0>-0.656671,-0.680961,-0.324150</row0>
          <row1>-0.620362,0.243302,0.745624</row1>
          <row2>-0.428874,0.690720,-0.582212</row2>
        </orientation>
      </transform>
      <snapped>true</snapped>
      <childlist count="1">
        <childid>6</childid>
      </childlist>
      <handles count="1">
        <weight channel="longer">0.164069</weight>
      </handles>
    </blockref>
    <blockref>
      <blockid>Creature_parts~, ce_grasper_null</blockid>
      <transform>
        <basemusclescale>0.800000</basemusclescale>
        <scale>1</scale>
        <position>0.783952,-0.307461,-0.342247</position>
        <triangledirection>0,0,-1</triangledirection>
        <trianglepickorigin>0,0,0</trianglepickorigin>
        <orientation>
          <row0>1,0,0</row0>
          <row1>0,0,-1</row1>
          <row2>0,1,0</row2>
        </orientation>
      </transform>
      <snapped>true</snapped>
    </blockref>
    <blockref>
      <blockid>flora_parts~, fe_muscle_branch_02</blockid>
      <transform>
        <limbtype>0</limbtype>
        <musclescale>0</musclescale>
        <basemusclescale>2.799999</basemusclescale>
        <scale>1</scale>
        <position>0,0,0.600000</position>
        <triangledirection>-0.154691,0.365854,-0.917725</triangledirection>
        <trianglepickorigin>0,0,0</trianglepickorigin>
        <orientation>
          <row0>0.868617,0.492944,0.0500998</row0>
          <row1>-0.154691,0.365854,-0.917725</row1>
          <row2>-0.470716,0.789402,0.394042</row2>
        </orientation>
      </transform>
      <snapped>true</snapped>
      <childlist count="2">
        <childid>12</childid>
        <childid>8</childid>
      </childlist>
      <handles count="1">
        <weight channel="longer">0.108010</weight>
      </handles>
    </blockref>
    <blockref>
      <blockid>flora_parts~, fe_muscle_branch_01</blockid>
      <transform>
        <limbtype>0</limbtype>
        <musclescale>0.350000</musclescale>
        <basemusclescale>2</basemusclescale>
        <scale>1</scale>
        <position>0.141058,-0.333613,1.436848</position>
        <triangledirection>0,0,-1</triangledirection>
        <trianglepickorigin>0,0,0</trianglepickorigin>
        <orientation>
          <row0>0.998389,-0.0567380,0</row0>
          <row1>0,0,-1</row1>
          <row2>0.0567380,0.998389,0</row2>
        </orientation>
      </transform>
      <snapped>true</snapped>
      <childlist count="4">
        <childid>16</childid>
        <childid>15</childid>
        <childid>14</childid>
        <childid>9</childid>
      </childlist>
      <handles count="1">
        <weight channel="longer">0.162245</weight>
      </handles>
    </blockref>
    <blockref>
      <blockid>flora_parts~, fe_branch_01</blockid>
      <transform>
        <limbtype>2</limbtype>
        <musclescale>0</musclescale>
        <basemusclescale>1.25</basemusclescale>
        <scale>1</scale>
        <position>0.141058,-0.333613,2.689097</position>
        <triangledirection>-0.351327,-0.638856,-0.684421</triangledirection>
        <trianglepickorigin>0,0,0</trianglepickorigin>
        <orientation>
          <row0>0.899666,-0.0280026,-0.435678</row0>
          <row1>-0.351327,-0.638856,-0.684421</row1>
          <row2>-0.259170,0.768816,-0.584595</row2>
        </orientation>
      </transform>
      <snapped>true</snapped>
      <childlist count="1">
        <childid>10</childid>
      </childlist>
      <handles count="3">
        <weight channel="DeformAxisForward">0.309601</weight>
        <weight channel="DeformAxisLeft">1</weight>
        <weight channel="0x5e6f7e87">0.135982</weight>
      </handles>
    </blockref>
    <blockref>
      <blockid>Creature_parts~, ce_grasper_null</blockid>
      <transform>
        <basemusclescale>1</basemusclescale>
        <scale>1</scale>
        <position>0.558782,0.425978,3.502866</position>
        <triangledirection>0,0,-1</triangledirection>
        <trianglepickorigin>0,0,0</trianglepickorigin>
        <orientation>
          <row0>0.998389,-0.0567388,0</row0>
          <row1>0,0,-1</row1>
          <row2>0.0567388,0.998389,0</row2>
        </orientation>
      </transform>
      <snapped>true</snapped>
    </blockref>
    <blockref>
      <blockid>flora_parts~, FE_leaf_11</blockid>
      <transform>
        <scale>0,860707</scale>
        <position>-0.320984,-1.252400,2.165477</position>
        <triangledirection>-0.353162,0.598510,-0.719069</triangledirection>
        <trianglepickorigin>0,0,0</trianglepickorigin>
        <orientation>
          <row0>0.609335,0.792912,5.02169e-6</row0>
          <row1>-0.228119,0.175310,-0.957720</row1>
          <row2>-0.759388,0.583571,0.287701</row2>
        </orientation>
        <userorientation>
          <userorientation_row0>0.904445,-0.0707649,-0.420679</userorientation_row0>
          <userorientation_row1>0.259367,0.874156,0.410583</userorientation_row1>
          <userorientation_row2>0.338683,-0.480462,0.808981</userorientation_row2>
        </userorientation>
      </transform>
      <snapped>false</snapped>
      <childlist count="1">
        <childid>17</childid>
      </childlist>
      <handles count="3">
        <weight channel="DeformAxisUp">0</weight>
        <weight channel="DeformAxisForward">0.59,9569</weight>
        <weight channel="DeformAxisLeft">1</weight>
      </handles>
    </blockref>
    <blockref>
      <blockid>flora_parts~, fe_branch_02</blockid>
      <transform>
        <limbtype>2</limbtype>
        <musclescale>0</musclescale>
        <basemusclescale>2</basemusclescale>
        <scale>1,252320</scale>
        <position>0.141058,-0.333613,1.436848</position>
        <triangledirection>0.579127,0.662492,-0.475095</triangledirection>
        <trianglepickorigin>0,0,0</trianglepickorigin>
        <orientation>
          <row0>-0.293429,0.713103,0.636696</row0>
          <row1>0.579127,0.662492,-0.475095</row1>
          <row2>-0.760599,0.229321,-0.607372</row2>
        </orientation>
      </transform>
      <snapped>true</snapped>
      <childlist count="3">
        <childid>19</childid>
        <childid>13</childid>
        <childid>11</childid>
      </childlist>
      <handles count="2">
        <weight channel="DeformAxisForward">0.296912</weight>
        <weight channel="DeformAxisLeft">1</weight>
      </handles>
    </blockref>
    <blockref>
      <blockid>Creature_parts~, ce_grasper_null</blockid>
      <transform>
        <basemusclescale>1</basemusclescale>
        <scale>1</scale>
        <position>-0.979722,-1.615731,2.356299</position>
        <triangledirection>-0.410972,-0.310567,-0.857116</triangledirection>
        <trianglepickorigin>0,0,0</trianglepickorigin>
        <orientation>
          <row0>0.832416,0.255531,-0.491718</row0>
          <row1>-0.410972,-0.310567,-0.857116</row1>
          <row2>-0.371731,0.915560,-0.153505</row2>
        </orientation>
      </transform>
      <snapped>true</snapped>
    </blockref>
    <blockref>
      <blockid>flora_parts~, FE_leaf_11</blockid>
      <transform>
        <scale>0,927743</scale>
        <position>0.368961,-0.348127,2.520835</position>
        <triangledirection>-0.776885,-0.204162,-0.595623</triangledirection>
        <trianglepickorigin>0,0,0</trianglepickorigin>
        <orientation>
          <row0>-0.0593083,0.998239,-2.37952e-7</row0>
          <row1>-0.998139,-0.0593024,-0.0142010</row1>
          <row2>-0.0141761,-0.000842006,0.999899</row2>
        </orientation>
        <userorientation>
          <userorientation_row0>-0.332832,-0.600012,-0.727468</userorientation_row0>
          <userorientation_row1>-0.157727,0.796005,-0.584377</userorientation_row1>
          <userorientation_row2>0.929702,-0.0797579,-0.359574</userorientation_row2>
        </userorientation>
      </transform>
      <snapped>false</snapped>
      <childlist count="1">
        <childid>20</childid>
      </childlist>
      <handles count="3">
        <weight channel="DeformAxisUp">0</weight>
        <weight channel="DeformAxisForward">0.595812</weight>
        <weight channel="DeformAxisLeft">1</weight>
      </handles>
    </blockref>
    <blockref>
      <blockid>flora_parts~, FE_leaf_11</blockid>
      <transform>
        <scale>0,999996</scale>
        <position>-0.0798289,-0.314049,2.649662</position>
        <triangledirection>0.887482,0.0308688,-0.459806</triangledirection>
        <trianglepickorigin>0,0,0</trianglepickorigin>
        <orientation>
          <row0>-0.131852,-0.991269,-3.88361e-6</row0>
          <row1>0.971948,-0.129281,-0.196474</row1>
          <row2>0.194758,-0.0259093,0.980509</row2>
        </orientation>
        <userorientation>
          <userorientation_row0>-0.0411779,0.275747,0.960348</userorientation_row0>
          <userorientation_row1>-0.147613,0.948936,-0.278800</userorientation_row1>
          <userorientation_row2>-0.988188,-0.153241,0.00162899</userorientation_row2>
        </userorientation>
      </transform>
      <snapped>false</snapped>
      <childlist count="1">
        <childid>18</childid>
      </childlist>
      <handles count="3">
        <weight channel="DeformAxisUp">0</weight>
        <weight channel="DeformAxisForward">0.63,5361</weight>
        <weight channel="DeformAxisLeft">1</weight>
      </handles>
    </blockref>
    <blockref>
      <blockid>flora_parts~, FE_leaf_11</blockid>
      <transform>
        <scale>0,999996</scale>
        <position>0.0405969,0.0337020,2.061368</position>
        <triangledirection>0.0395034,-0.880516,-0.472367</triangledirection>
        <trianglepickorigin>0,0,0</trianglepickorigin>
        <orientation>
          <row0>-0.928452,-0.371452,-6.25848e-7</row0>
          <row1>0.319210,-0.797872,-0.511374</row1>
          <row2>0.189950,-0.474787,0.859357</row2>
        </orientation>
        <userorientation>
          <userorientation_row0>0.827259,-0.261305,0.497355</userorientation_row0>
          <userorientation_row1>0.290392,0.956706,0.0196289</userorientation_row1>
          <userorientation_row2>-0.480952,0.128190,0.867325</userorientation_row2>
        </userorientation>
      </transform>
      <snapped>false</snapped>
      <childlist count="1">
        <childid>21</childid>
      </childlist>
      <handles count="3">
        <weight channel="DeformAxisUp">0</weight>
        <weight channel="DeformAxisForward">0.66,6684</weight>
        <weight channel="DeformAxisLeft">1</weight>
      </handles>
    </blockref>
    <blockref>
      <blockid>flora_parts~, fe_cap_01a</blockid>
      <transform>
        <scale>0,927743</scale>
        <position>-0.148109,-1.448945,2.404128</position>
        <triangledirection>-0.624445,0.0459234,0.779717</triangledirection>
        <trianglepickorigin>0,0,0</trianglepickorigin>
        <orientation>
          <row0>0.380041,0.924969,1.04308e-7</row0>
          <row1>-0.756056,0.310639,0.576090</row1>
          <row2>0.532866,-0.218938,0.817385</row2>
        </orientation>
        <userorientation>
          <userorientation_row0>0.978996,0.203881,0</userorientation_row0>
          <userorientation_row1>-0.194836,0.935570,0.294528</userorientation_row1>
          <userorientation_row2>0.0600489,-0.288341,0.955642</userorientation_row2>
        </userorientation>
      </transform>
      <snapped>false</snapped>
    </blockref>
    <blockref>
      <blockid>flora_parts~, fe_cap_01a</blockid>
      <transform>
        <scale>0,927743</scale>
        <position>-0.555549,-0.252743,2.856979</position>
        <triangledirection>0.251904,-0.936462,0.244094</triangledirection>
        <trianglepickorigin>0,0,0</trianglepickorigin>
        <orientation>
          <row0>-0.998171,-0.0604474,-4.43542e-7</row0>
          <row1>0.0603610,-0.996744,-0.0534580</row1>
          <row2>0.00323095,-0.0533602,0.998570</row2>
        </orientation>
        <userorientation>
          <userorientation_row0>0.978996,0.203881,0</userorientation_row0>
          <userorientation_row1>-0.194836,0.935570,0.294528</userorientation_row1>
          <userorientation_row2>0.0600489,-0.288341,0.955642</userorientation_row2>
        </userorientation>
      </transform>
      <snapped>false</snapped>
    </blockref>
    <blockref>
      <blockid>flora_parts~, fe_cap_01a</blockid>
      <transform>
        <scale>0,927743</scale>
        <position>-0.453097,-0.898602,2.060105</position>
        <triangledirection>0.621654,-0.397273,-0.675070</triangledirection>
        <trianglepickorigin>0,0,0</trianglepickorigin>
        <orientation>
          <row0>-0.741906,-0.670503,8.94069e-8</row0>
          <row1>0.325402,-0.360055,-0.874342</row1>
          <row2>0.586249,-0.648680,0.485310</row2>
        </orientation>
        <userorientation>
          <userorientation_row0>0.978996,0.203881,0</userorientation_row0>
          <userorientation_row1>-0.194836,0.935570,0.294528</userorientation_row1>
          <userorientation_row2>0.0600489,-0.288341,0.955642</userorientation_row2>
        </userorientation>
      </transform>
      <snapped>false</snapped>
    </blockref>
    <blockref>
      <blockid>flora_parts~, fe_cap_01a</blockid>
      <transform>
        <scale>1</scale>
        <position>0.722129,-0.293746,2.728358</position>
        <triangledirection>-0.545363,0.792282,-0.273618</triangledirection>
        <trianglepickorigin>0,0,0</trianglepickorigin>
        <orientation>
          <row0>0.933733,0.357970,-2.49594e-7</row0>
          <row1>-0.356782,0.930634,0.0814050</row1>
          <row2>0.0291407,-0.0760104,0.996681</row2>
        </orientation>
        <userorientation>
          <userorientation_row0>0.969318,0.245459,0.0131529</userorientation_row0>
          <userorientation_row1>-0.225609,0.909627,-0.348823</userorientation_row1>
          <userorientation_row2>-0.0975859,0.335153,0.937096</userorientation_row2>
        </userorientation>
      </transform>
      <snapped>false</snapped>
    </blockref>
    <blockref>
      <blockid>flora_parts~, fe_cap_01a</blockid>
      <transform>
        <scale>0,927743</scale>
        <position>-0.0263829,0.480270,2.309436</position>
        <triangledirection>0.858571,0.0829647,0.505936</triangledirection>
        <trianglepickorigin>0,0,0</trianglepickorigin>
        <orientation>
          <row0>-0.131134,-0.991364,5.96046e-8</row0>
          <row1>0.963658,-0.127470,0.234765</row1>
          <row2>-0.232737,0.0307859,0.972052</row2>
        </orientation>
        <userorientation>
          <userorientation_row0>0.978996,0.203881,0</userorientation_row0>
          <userorientation_row1>-0.194836,0.935570,0.294528</userorientation_row1>
          <userorientation_row2>0.0600489,-0.288341,0.955642</userorientation_row2>
        </userorientation>
      </transform>
      <snapped>false</snapped>
    </blockref>
  </blocks></sporemodel>