spore0005438f6347406662007642c0fbd816b417ffffffffffffffff0000000ebfdb7f0206KChangfffffffffffffffe07Gisplun0000000<?xml version="1.0" encoding="UTF-8"?><sporemodel>
  <properties>
    <modeltype>PlantLarge</modeltype>
    <skineffectseed1>1234</skineffectseed1>
    <skineffectseed2>1234</skineffectseed2>
    <skineffectseed3>1234</skineffectseed3>
    <skincolor1>0.443134,0.223526,0.141176</skincolor1>
    <skincolor2>0.694118,0.572546,0.317647</skincolor2>
    <skincolor3>0.345097,0.443134,0.203922</skincolor3>
    <zcorpscore>9</zcorpscore>
  </properties>
  <blocks count="29">
    <blockref>
      <blockid>flora_parts~, fe_root_dummy</blockid>
      <transform>
        <scale>1</scale>
        <position>0.00499836,-0.00535726,0.600000</position>
        <triangledirection>0,1,0</triangledirection>
        <trianglepickorigin>0,0,0</trianglepickorigin>
        <orientation>
          <row0>1,0,0</row0>
          <row1>0,1,0</row1>
          <row2>0,0,1</row2>
        </orientation>
      </transform>
      <snapped>false</snapped>
      <childlist count="5">
        <childid>11</childid>
        <childid>9</childid>
        <childid>7</childid>
        <childid>5</childid>
        <childid>1</childid>
      </childlist>
    </blockref>
    <blockref>
      <blockid>flora_parts~, fe_muscle_branch_01</blockid>
      <transform>
        <limbtype>0</limbtype>
        <musclescale>0.5</musclescale>
        <basemusclescale>3</basemusclescale>
        <scale>1</scale>
        <position>0.00499836,-0.00535726,0.600000</position>
        <triangledirection>0,0,-1</triangledirection>
        <trianglepickorigin>0,0,0</trianglepickorigin>
        <orientation>
          <row0>-0.493846,-0.869549,0</row0>
          <row1>0,0,-1</row1>
          <row2>0.869549,-0.493846,0</row2>
        </orientation>
      </transform>
      <snapped>true</snapped>
      <childlist count="2">
        <childid>3</childid>
        <childid>2</childid>
      </childlist>
      <handles count="1">
        <weight channel="longer">0.731871</weight>
      </handles>
    </blockref>
    <blockref>
      <blockid>flora_parts~, fe_muscle_branch_01</blockid>
      <transform>
        <limbtype>0</limbtype>
        <musclescale>0.574997</musclescale>
        <basemusclescale>2.199997</basemusclescale>
        <scale>1</scale>
        <position>0.00499836,-0.00535726,5.427232</position>
        <triangledirection>-0.222997,-0.405500,-0.886477</triangledirection>
        <trianglepickorigin>0,0,0</trianglepickorigin>
        <orientation>
          <row0>-0.00262924,0.909623,-0.415426</row0>
          <row1>-0.222997,-0.405500,-0.886477</row1>
          <row2>-0.974815,0.0903080,0.203909</row2>
        </orientation>
      </transform>
      <snapped>true</snapped>
      <childlist count="5">
        <childid>20</childid>
        <childid>19</childid>
        <childid>15</childid>
        <childid>14</childid>
        <childid>4</childid>
      </childlist>
      <handles count="1">
        <weight channel="longer">0.737564</weight>
      </handles>
    </blockref>
    <blockref>
      <blockid>flora_parts~, fe_muscle_branch_01</blockid>
      <transform>
        <limbtype>0</limbtype>
        <musclescale>0.949999</musclescale>
        <basemusclescale>2.199997</basemusclescale>
        <scale>1</scale>
        <position>0.00499836,-0.00535726,5.427232</position>
        <triangledirection>0.636101,-0.140427,-0.758719</triangledirection>
        <trianglepickorigin>0,0,0</trianglepickorigin>
        <orientation>
          <row0>-0.235333,-0.971758,-0.0174431</row0>
          <row1>0.636101,-0.140427,-0.758719</row1>
          <row2>0.734842,-0.189647,0.651184</row2>
        </orientation>
      </transform>
      <snapped>true</snapped>
      <childlist count="1">
        <childid>13</childid>
      </childlist>
      <handles count="1">
        <weight channel="longer">0.359990</weight>
      </handles>
    </blockref>
    <blockref>
      <blockid>flora_parts~, FE_leaf_11</blockid>
      <transform>
        <scale>6,024956</scale>
        <position>1.075752,2.148916,10.177472</position>
        <triangledirection>-0.0543198,-0.406831,-0.911886</triangledirection>
        <trianglepickorigin>0,0,0</trianglepickorigin>
        <orientation>
          <row0>-0.999864,-0.0164552,2.79396e-9</row0>
          <row1>0.00646413,-0.392778,-0.919610</row1>
          <row2>0.0151324,-0.919486,0.392831</row2>
        </orientation>
        <userorientation>
          <userorientation_row0>-0.798759,0.0397819,0.600332</userorientation_row0>
          <userorientation_row1>0.0610069,0.998024,0.0150358</userorientation_row1>
          <userorientation_row2>-0.598546,0.0486345,-0.799608</userorientation_row2>
        </userorientation>
      </transform>
      <snapped>false</snapped>
      <childlist count="3">
        <childid>23</childid>
        <childid>22</childid>
        <childid>21</childid>
      </childlist>
      <handles count="3">
        <weight channel="DeformAxisUp">0.361687</weight>
        <weight channel="DeformAxisForward">0.511964</weight>
        <weight channel="DeformAxisLeft">0.320719</weight>
      </handles>
    </blockref>
    <blockref>
      <blockid>flora_parts~, FE_muscle_branch_04</blockid>
      <transform>
        <limbtype>0</limbtype>
        <musclescale>0.300000</musclescale>
        <basemusclescale>3</basemusclescale>
        <scale>1</scale>
        <position>0.00499836,-0.00535726,0.600000</position>
        <triangledirection>-0.0879250,0.673321,0.734103</triangledirection>
        <trianglepickorigin>0,0,0</trianglepickorigin>
        <orientation>
          <row0>0.338981,0.713198,-0.613546</row0>
          <row1>-0.0879250,0.673321,0.734103</row1>
          <row2>0.936675,-0.194901,0.290951</row2>
        </orientation>
      </transform>
      <snapped>true</snapped>
      <childlist count="1">
        <childid>6</childid>
      </childlist>
      <handles count="1">
        <weight channel="longer">0.142972</weight>
      </handles>
    </blockref>
    <blockref>
      <blockid>Creature_parts~, ce_grasper_null</blockid>
      <transform>
        <basemusclescale>2</basemusclescale>
        <scale>1</scale>
        <position>0.104467,-0.767078,-0.230485</position>
        <triangledirection>9.99998e-7,9.99998e-7,-1</triangledirection>
        <trianglepickorigin>0,0,0</trianglepickorigin>
        <orientation>
          <row0>1,9.99998e-7,9.99999e-7</row0>
          <row1>9.99998e-7,9.99998e-7,-1</row1>
          <row2>-10e-7,1,9.99997e-7</row2>
        </orientation>
      </transform>
      <snapped>true</snapped>
    </blockref>
    <blockref>
      <blockid>flora_parts~, fe_muscle_branch_01</blockid>
      <transform>
        <limbtype>0</limbtype>
        <musclescale>0.75</musclescale>
        <basemusclescale>3</basemusclescale>
        <scale>1</scale>
        <position>0.00499836,-0.00535726,0.600000</position>
        <triangledirection>-0.568792,-0.549205,0.612247</triangledirection>
        <trianglepickorigin>0,0,0</trianglepickorigin>
        <orientation>
          <row0>0.0576153,-0.769168,-0.636443</row0>
          <row1>-0.568792,-0.549205,0.612247</row1>
          <row2>-0.820460,0.326729,-0.469140</row2>
        </orientation>
      </transform>
      <snapped>true</snapped>
      <childlist count="1">
        <childid>8</childid>
      </childlist>
      <handles count="1">
        <weight channel="longer">0.154151</weight>
      </handles>
    </blockref>
    <blockref>
      <blockid>Creature_parts~, ce_grasper_null</blockid>
      <transform>
        <basemusclescale>1.549997</basemusclescale>
        <scale>1</scale>
        <position>0.688385,0.654497,-0.135595</position>
        <triangledirection>0,0,-1</triangledirection>
        <trianglepickorigin>0,0,0</trianglepickorigin>
        <orientation>
          <row0>1,0,0</row0>
          <row1>0,0,-1</row1>
          <row2>0,1,0</row2>
        </orientation>
      </transform>
      <snapped>true</snapped>
    </blockref>
    <blockref>
      <blockid>flora_parts~, fe_muscle_branch_01</blockid>
      <transform>
        <limbtype>0</limbtype>
        <musclescale>0.850000</musclescale>
        <basemusclescale>3</basemusclescale>
        <scale>1</scale>
        <position>0.00499836,-0.00535726,0.600000</position>
        <triangledirection>0.684344,-0.331515,0.649438</triangledirection>
        <trianglepickorigin>0,0,0</trianglepickorigin>
        <orientation>
          <row0>0.453824,0.890781,-0.0235045</row0>
          <row1>0.684344,-0.331515,0.649438</row1>
          <row2>0.570715,-0.310816,-0.760050</row2>
        </orientation>
      </transform>
      <snapped>true</snapped>
      <childlist count="1">
        <childid>10</childid>
      </childlist>
      <handles count="1">
        <weight channel="longer">0.150324</weight>
      </handles>
    </blockref>
    <blockref>
      <blockid>Creature_parts~, ce_grasper_null</blockid>
      <transform>
        <basemusclescale>1.549997</basemusclescale>
        <scale>1</scale>
        <position>-0.800769,0.384979,-0.164668</position>
        <triangledirection>0,0,-1</triangledirection>
        <trianglepickorigin>0,0,0</trianglepickorigin>
        <orientation>
          <row0>1,-10e-7,0</row0>
          <row1>0,0,-1</row1>
          <row2>10e-7,1,0</row2>
        </orientation>
      </transform>
      <snapped>true</snapped>
    </blockref>
    <blockref>
      <blockid>flora_parts~, fe_muscle_branch_01</blockid>
      <transform>
        <limbtype>0</limbtype>
        <musclescale>0.5</musclescale>
        <basemusclescale>3</basemusclescale>
        <scale>1</scale>
        <position>0.00499836,-0.00535726,0.600000</position>
        <triangledirection>0.672158,0.568107,0.474824</triangledirection>
        <trianglepickorigin>0,0,0</trianglepickorigin>
        <orientation>
          <row0>0.688561,-0.715380,-0.118800</row0>
          <row1>0.672158,0.568107,0.474824</row1>
          <row2>-0.272188,-0.406797,0.872025</row2>
        </orientation>
      </transform>
      <snapped>true</snapped>
      <childlist count="1">
        <childid>12</childid>
      </childlist>
      <handles count="1">
        <weight channel="longer">0.162245</weight>
      </handles>
    </blockref>
    <blockref>
      <blockid>Creature_parts~, ce_grasper_null</blockid>
      <transform>
        <basemusclescale>1.75</basemusclescale>
        <scale>1</scale>
        <position>-0.836710,-0.716768,0.00540197</position>
        <triangledirection>0,0,-1</triangledirection>
        <trianglepickorigin>0,0,0</trianglepickorigin>
        <orientation>
          <row0>1,0,0</row0>
          <row1>0,0,-1</row1>
          <row2>0,1,0</row2>
        </orientation>
      </transform>
      <snapped>true</snapped>
    </blockref>
    <blockref>
      <blockid>flora_parts~, fe_muscle_branch_01</blockid>
      <transform>
        <limbtype>0</limbtype>
        <musclescale>0.724999</musclescale>
        <basemusclescale>2.349998</basemusclescale>
        <scale>1</scale>
        <position>-1.580992,0.344770,7.318944</position>
        <triangledirection>0.253688,0.117849,-0.960080</triangledirection>
        <trianglepickorigin>0,0,0</trianglepickorigin>
        <orientation>
          <row0>-0.933784,-0.229121,-0.274864</row0>
          <row1>0.253688,0.117849,-0.960080</row1>
          <row2>0.252367,-0.966237,-0.0519203</row2>
        </orientation>
      </transform>
      <snapped>true</snapped>
      <childlist count="2">
        <childid>17</childid>
        <childid>16</childid>
      </childlist>
      <handles count="1">
        <weight channel="longer">0.290785</weight>
      </handles>
    </blockref>
    <blockref>
      <blockid>Creature_parts~, ce_grasper_null</blockid>
      <transform>
        <basemusclescale>3</basemusclescale>
        <scale>1</scale>
        <position>1.089424,1.966570,9.738129</position>
        <triangledirection>-0.982649,0.163086,-0.0883380</triangledirection>
        <trianglepickorigin>0,0,0</trianglepickorigin>
        <orientation>
          <row0>-0.182170,-0.759153,0.624900</row0>
          <row1>-0.982649,0.163086,-0.0883380</row1>
          <row2>-0.0348505,-0.630150,-0.775690</row2>
        </orientation>
      </transform>
      <snapped>true</snapped>
    </blockref>
    <blockref>
      <blockid>flora_parts~, FE_leaf_11</blockid>
      <transform>
        <scale>5,185728</scale>
        <position>1.144988,0.946318,8.723783</position>
        <triangledirection>-0.528708,0.412910,-0.741599</triangledirection>
        <trianglepickorigin>0,0,0</trianglepickorigin>
        <orientation>
          <row0>0.772032,0.635583,2.23517e-7</row0>
          <row1>-0.621329,0.754718,-0.210594</row1>
          <row2>-0.133850,0.162585,0.977573</row2>
        </orientation>
        <userorientation>
          <userorientation_row0>-0.950549,0.0517895,0.306224</userorientation_row0>
          <userorientation_row1>-0.145740,0.796309,-0.587067</userorientation_row1>
          <userorientation_row2>-0.274254,-0.602666,-0.749383</userorientation_row2>
        </userorientation>
      </transform>
      <snapped>false</snapped>
      <childlist count="2">
        <childid>28</childid>
        <childid>27</childid>
      </childlist>
      <handles count="3">
        <weight channel="DeformAxisUp">0.338831</weight>
        <weight channel="DeformAxisForward">0.619199</weight>
        <weight channel="DeformAxisLeft">0.430610</weight>
      </handles>
    </blockref>
    <blockref>
      <blockid>flora_parts~, FE_leaf_11</blockid>
      <transform>
        <scale>4,811025</scale>
        <position>-2.154283,0.115143,9.595629</position>
        <triangledirection>0.265419,0.104644,-0.958436</triangledirection>
        <trianglepickorigin>0,0,0</trianglepickorigin>
        <orientation>
          <row0>-0.162165,-0.986763,2.08616e-7</row0>
          <row1>0.182465,-0.0299867,-0.982754</row1>
          <row2>0.969746,-0.159369,0.184912</row2>
        </orientation>
        <userorientation>
          <userorientation_row0>-0.878902,-0.159168,0.449660</userorientation_row0>
          <userorientation_row1>-0.146301,0.987199,0.0634851</userorientation_row1>
          <userorientation_row2>-0.454008,-0.00998840,-0.890939</userorientation_row2>
        </userorientation>
      </transform>
      <snapped>false</snapped>
      <childlist count="4">
        <childid>26</childid>
        <childid>25</childid>
        <childid>24</childid>
        <childid>18</childid>
      </childlist>
      <handles count="3">
        <weight channel="DeformAxisUp">0.358626</weight>
        <weight channel="DeformAxisForward">0.593026</weight>
        <weight channel="DeformAxisLeft">0.348717</weight>
      </handles>
    </blockref>
    <blockref>
      <blockid>Creature_parts~, ce_grasper_null</blockid>
      <transform>
        <basemusclescale>2</basemusclescale>
        <scale>1</scale>
        <position>-2.103331,0.102118,9.295729</position>
        <triangledirection>-0.578448,0.0115551,-0.815637</triangledirection>
        <trianglepickorigin>0,0,0</trianglepickorigin>
        <orientation>
          <row0>-0.320630,-0.922639,0.214319</row0>
          <row1>-0.578448,0.0115551,-0.815637</row1>
          <row2>0.750062,-0.385490,-0.537404</row2>
        </orientation>
      </transform>
      <snapped>true</snapped>
    </blockref>
    <blockref>
      <blockid>flora_parts~, fe_canopy_12</blockid>
      <transform>
        <scale>2,281880</scale>
        <position>-2.443591,-0.273481,9.561945</position>
        <triangledirection>0.824781,0.513929,0.235822</triangledirection>
        <trianglepickorigin>0,0,0</trianglepickorigin>
        <orientation>
          <row0>0.528844,-0.848718,4.32133e-7</row0>
          <row1>0.824781,0.513929,0.235822</row1>
          <row2>-0.200146,-0.124712,0.971796</row2>
        </orientation>
      </transform>
      <snapped>false</snapped>
      <handles count="2">
        <weight channel="DeformAxisLeft">1</weight>
        <weight channel="DeformAxisForward">0</weight>
      </handles>
    </blockref>
    <blockref>
      <blockid>flora_parts~, fe_canopy_12</blockid>
      <transform>
        <scale>2,459604</scale>
        <position>0.746999,0.605292,7.345572</position>
        <triangledirection>-0.799342,0.599784,0.0361922</triangledirection>
        <trianglepickorigin>0,0,0</trianglepickorigin>
        <orientation>
          <row0>0.600177,0.799866,4.47034e-8</row0>
          <row1>-0.789966,0.592749,0.156847</row1>
          <row2>0.125456,-0.0941362,0.987622</row2>
        </orientation>
        <userorientation>
          <userorientation_row0>1,0,0</userorientation_row0>
          <userorientation_row1>0,0.992651,-0.121000</userorientation_row1>
          <userorientation_row2>0,0.121000,0.992651</userorientation_row2>
        </userorientation>
      </transform>
      <snapped>false</snapped>
      <handles count="2">
        <weight channel="DeformAxisLeft">1</weight>
        <weight channel="DeformAxisForward">0</weight>
      </handles>
    </blockref>
    <blockref>
      <blockid>flora_parts~, fe_canopy_12</blockid>
      <transform>
        <scale>2,857651</scale>
        <position>0.842562,2.422939,9.671213</position>
        <triangledirection>0.442323,-0.896782,0.0113770</triangledirection>
        <trianglepickorigin>0,0,0</trianglepickorigin>
        <orientation>
          <row0>-0.896841,-0.442352,5.02914e-8</row0>
          <row1>0.441808,-0.895737,0.0496040</row1>
          <row2>-0.0219424,0.0444869,0.998768</row2>
        </orientation>
        <userorientation>
          <userorientation_row0>0.983849,0.00684447,0.178867</userorientation_row0>
          <userorientation_row1>0,0.999267,-0.0382376</userorientation_row1>
          <userorientation_row2>-0.178997,0.0376202,0.983129</userorientation_row2>
        </userorientation>
      </transform>
      <snapped>false</snapped>
      <handles count="2">
        <weight channel="DeformAxisLeft">1</weight>
        <weight channel="DeformAxisForward">0</weight>
      </handles>
    </blockref>
    <blockref>
      <blockid>flora_parts~, fe_cap_01a</blockid>
      <transform>
        <scale>1</scale>
        <position>0.486358,5.553534,12.823258</position>
        <triangledirection>-0.0688217,0.0781834,0.994560</triangledirection>
        <trianglepickorigin>0,0,0</trianglepickorigin>
        <orientation>
          <row0>0.750617,0.660737,4.84287e-8</row0>
          <row1>-0.0688217,0.0781834,0.994560</row1>
          <row2>0.657143,-0.746534,0.104158</row2>
        </orientation>
      </transform>
      <snapped>false</snapped>
    </blockref>
    <blockref>
      <blockid>flora_parts~, fe_cap_01a</blockid>
      <transform>
        <scale>1</scale>
        <position>2.785416,3.277579,15.309942</position>
        <triangledirection>-0.422530,0.840718,0.338615</triangledirection>
        <trianglepickorigin>0,0,0</trianglepickorigin>
        <orientation>
          <row0>0.893502,0.449058,6.55651e-7</row0>
          <row1>-0.422530,0.840718,0.338615</row1>
          <row2>0.152057,-0.302553,0.940925</row2>
        </orientation>
      </transform>
      <snapped>false</snapped>
    </blockref>
    <blockref>
      <blockid>flora_parts~, fe_cap_01a</blockid>
      <transform>
        <scale>1</scale>
        <position>0.336858,2.472667,14.062358</position>
        <triangledirection>0.387912,0.435908,0.812100</triangledirection>
        <trianglepickorigin>0,0,0</trianglepickorigin>
        <orientation>
          <row0>0.747036,-0.664782,-5.36441e-7</row0>
          <row1>0.387912,0.435908,0.812100</row1>
          <row2>-0.539870,-0.606669,0.583517</row2>
        </orientation>
      </transform>
      <snapped>false</snapped>
    </blockref>
    <blockref>
      <blockid>flora_parts~, fe_cap_01a</blockid>
      <transform>
        <scale>1</scale>
        <position>-4.487713,-0.913744,12.469801</position>
        <triangledirection>0.326814,-0.116791,0.937844</triangledirection>
        <trianglepickorigin>0,0,0</trianglepickorigin>
        <orientation>
          <row0>-0.336520,-0.941676,4.47034e-7</row0>
          <row1>0.326814,-0.116791,0.937844</row1>
          <row2>-0.883145,0.315604,0.347055</row2>
        </orientation>
      </transform>
      <snapped>false</snapped>
    </blockref>
    <blockref>
      <blockid>flora_parts~, fe_cap_01a</blockid>
      <transform>
        <scale>1</scale>
        <position>-2.865598,-1.446114,13.889381</position>
        <triangledirection>-0.266179,0.806327,0.528189</triangledirection>
        <trianglepickorigin>0,0,0</trianglepickorigin>
        <orientation>
          <row0>0.949596,0.313473,3.87430e-7</row0>
          <row1>-0.266179,0.806327,0.528189</row1>
          <row2>0.165573,-0.501567,0.849126</row2>
        </orientation>
      </transform>
      <snapped>false</snapped>
    </blockref>
    <blockref>
      <blockid>flora_parts~, fe_cap_01a</blockid>
      <transform>
        <scale>1</scale>
        <position>-3.174705,1.582968,13.287245</position>
        <triangledirection>0.997831,0.0320514,-0.0574845</triangledirection>
        <trianglepickorigin>0,0,0</trianglepickorigin>
        <orientation>
          <row0>0.0321045,-0.999484,7.21775e-9</row0>
          <row1>0.997831,0.0320514,-0.0574845</row1>
          <row2>0.0574549,0.00184552,0.998346</row2>
        </orientation>
      </transform>
      <snapped>false</snapped>
    </blockref>
    <blockref>
      <blockid>flora_parts~, fe_cap_01a</blockid>
      <transform>
        <scale>1</scale>
        <position>2.759715,0.631603,12.936736</position>
        <triangledirection>0.384884,-0.873755,0.297346</triangledirection>
        <trianglepickorigin>0,0,0</trianglepickorigin>
        <orientation>
          <row0>-0.915148,-0.403117,6.70552e-8</row0>
          <row1>0.384884,-0.873755,0.297346</row1>
          <row2>-0.119865,0.272115,0.954769</row2>
        </orientation>
      </transform>
      <snapped>false</snapped>
    </blockref>
    <blockref>
      <blockid>flora_parts~, fe_cap_01a</blockid>
      <transform>
        <scale>1</scale>
        <position>3.852519,-2.327410,10.611936</position>
        <triangledirection>0.468304,0.234486,0.851884</triangledirection>
        <trianglepickorigin>0,0,0</trianglepickorigin>
        <orientation>
          <row0>0.447723,-0.894172,1.49011e-7</row0>
          <row1>0.468304,0.234486,0.851884</row1>
          <row2>-0.761731,-0.381408,0.523729</row2>
        </orientation>
      </transform>
      <snapped>false</snapped>
    </blockref>
  </blocks></sporemodel>