spore0005438f6347406662003c729d58d816b417ffffffffffffffff0000000ebfdb7f0806KChangfffffffffffffffe07Denuube0000000<?xml version="1.0" encoding="UTF-8"?><sporemodel>
  <properties>
    <modeltype>PlantSmall</modeltype>
    <skineffectseed1>623398</skineffectseed1>
    <skineffectseed2>623398</skineffectseed2>
    <skineffectseed3>623398</skineffectseed3>
    <skincolor1>0.443136,0.321568,0.345097</skincolor1>
    <skincolor2>0.274510,0.443136,0.262744</skincolor2>
    <skincolor3>0.576470,0.694118,0.411764</skincolor3>
    <zcorpscore>31</zcorpscore>
  </properties>
  <blocks count="22">
    <blockref>0
      <blockid>flora_parts~, fe_root_dummy</blockid>
      <transform>
        <scale>1</scale>
        <position>0,0,0.600000</position>
        <triangledirection>0,1,0</triangledirection>
        <trianglepickorigin>0,0,0</trianglepickorigin>
        <orientation>
          <row0>1,0,0</row0>
          <row1>0,1,0</row1>
          <row2>0,0,1</row2>
        </orientation>
      </transform>
      <snapped>false</snapped>
      <childlist count="1">
        <childid>1</childid>
      </childlist>
    </blockref>
    <blockref>1
      <blockid>flora_parts~, FE_muscle_branch_04</blockid>
      <transform>
        <limbtype>0</limbtype>
        <musclescale>0.425000</musclescale>
        <basemusclescale>1.200000</basemusclescale>
        <scale>1</scale>
        <position>0,0,0.600000</position>
        <triangledirection>0.00436399,0.0160359,0.999861</triangledirection>
        <trianglepickorigin>0,0,0</trianglepickorigin>
        <orientation>
          <row0>-0.0934408,0.995503,-0.0155582</row0>
          <row1>0.00436399,0.0160359,0.999861</row1>
          <row2>0.995615,0.0933600,-0.00584279</row2>
        </orientation>
      </transform>
      <snapped>true</snapped>
      <childlist count="12">
        <childid>13</childid>
        <childid>12</childid>
        <childid>11</childid>
        <childid>10</childid>
        <childid>9</childid>
        <childid>8</childid>
        <childid>7</childid>
        <childid>6</childid>
        <childid>5</childid>
        <childid>4</childid>
        <childid>3</childid>
        <childid>2</childid>
      </childlist>
      <handles count="1">
        <weight channel="longer">0.0672240</weight>
      </handles>
    </blockref>
    <blockref>2
      <blockid>Creature_parts~, ce_grasper_null</blockid>
      <transform>
        <basemusclescale>1.849999</basemusclescale>
        <scale>1</scale>
        <position>-0.00286199,-0.0105179,-0.0558049</position>
        <triangledirection>0,0,-1</triangledirection>
        <trianglepickorigin>0,0,0</trianglepickorigin>
        <orientation>
          <row0>1,0,0</row0>
          <row1>0,0,-1</row1>
          <row2>0,1,0</row2>
        </orientation>
      </transform>
      <snapped>true</snapped>
    </blockref>
    <blockref>3
      <blockid>flora_parts~, FE_leaf_11</blockid>
      <transform>
        <scale>0,927742</scale>
        <position>0.0575799,-0.0286689,0.757124</position>
        <triangledirection>0.0373106,-0.0703801,-0.996822</triangledirection>
        <trianglepickorigin>0,0,0</trianglepickorigin>
        <orientation>
          <row0>0.492223,0.870468,5.21540e-7</row0>
          <row1>-0.339361,0.191899,-0.920873</row1>
          <row2>-0.801592,0.453275,0.389860</row2>
        </orientation>
        <userorientation>
          <userorientation_row0>0.998845,0.0480500,0</userorientation_row0>
          <userorientation_row1>-0.0428989,0.891779,-0.450431</userorientation_row1>
          <userorientation_row2>-0.0216430,0.449910,0.892811</userorientation_row2>
        </userorientation>
      </transform>
      <snapped>false</snapped>
      <handles count="3">
        <weight channel="DeformAxisUp">0</weight>
        <weight channel="DeformAxisForward">0.636864</weight>
        <weight channel="DeformAxisLeft">1</weight>
      </handles>
    </blockref>
    <blockref>4
      <blockid>flora_parts~, fe_detail_04</blockid>
      <transform>
        <scale>1,75</scale>
        <position>0.178876,0.0583229,0.572867</position>
        <triangledirection>-0.701085,-0.390402,-0.596712</triangledirection>
        <trianglepickorigin>0,0,0</trianglepickorigin>
        <orientation>
          <row0>-0.248410,0.968654,-1.11386e-6</row0>
          <row1>-0.936718,-0.240220,-0.254662</row1>
          <row2>-0.246680,-0.0632599,0.967029</row2>
        </orientation>
        <userorientation>
          <userorientation_row0>-0.978932,-0.184607,0.0872600</userorientation_row0>
          <userorientation_row1>-0.204006,0.902463,-0.379397</userorientation_row1>
          <userorientation_row2>-0.00870899,-0.389205,-0.921110</userorientation_row2>
        </userorientation>
      </transform>
      <snapped>false</snapped>
      <childlist count="2">
        <childid>19</childid>
        <childid>15</childid>
      </childlist>
      <handles count="4">
        <weight channel="Stretch">0.731843</weight>
        <weight channel="Thicken">0.888049</weight>
        <weight channel="tweak_side">0.207588</weight>
        <weight channel="tweak_top_bottom">0.175899</weight>
      </handles>
    </blockref>
    <blockref>5
      <blockid>flora_parts~, fe_detail_04</blockid>
      <transform>
        <scale>1,75</scale>
        <position>0.152658,-0.220410,0.455862</position>
        <triangledirection>-0.465968,0.458762,-0.756578</triangledirection>
        <trianglepickorigin>0,0,0</trianglepickorigin>
        <orientation>
          <row0>0.816964,0.576688,2.68220e-7</row0>
          <row1>-0.465662,0.659680,-0.589897</row1>
          <row2>-0.340187,0.481925,0.807477</row2>
        </orientation>
        <userorientation>
          <userorientation_row0>-0.992561,-0.104269,0.0628480</userorientation_row0>
          <userorientation_row1>-0.116117,0.965925,-0.231314</userorientation_row1>
          <userorientation_row2>-0.0365869,-0.236891,-0.970847</userorientation_row2>
        </userorientation>
      </transform>
      <snapped>false</snapped>
      <childlist count="2">
        <childid>18</childid>
        <childid>16</childid>
      </childlist>
      <handles count="4">
        <weight channel="Stretch">0.778052</weight>
        <weight channel="Thicken">0.933460</weight>
        <weight channel="tweak_side">0.602877</weight>
        <weight channel="tweak_top_bottom">0.175899</weight>
      </handles>
    </blockref>
    <blockref>6
      <blockid>flora_parts~, fe_detail_04</blockid>
      <transform>
        <scale>1,75</scale>
        <position>-0.125631,-0.118083,0.618256</position>
        <triangledirection>0.474330,0.694867,-0.540528</triangledirection>
        <trianglepickorigin>0,0,0</trianglepickorigin>
        <orientation>
          <row0>0.740202,-0.672384,0</row0>
          <row1>0.633803,0.697730,-0.333862</row1>
          <row2>0.224484,0.247126,0.942621</row2>
        </orientation>
        <userorientation>
          <userorientation_row0>-0.973923,-0.0650269,0.217358</userorientation_row0>
          <userorientation_row1>-0.116117,0.965925,-0.231314</userorientation_row1>
          <userorientation_row2>-0.194909,-0.250521,-0.948288</userorientation_row2>
        </userorientation>
      </transform>
      <snapped>false</snapped>
      <childlist count="1">
        <childid>17</childid>
      </childlist>
      <handles count="4">
        <weight channel="Stretch">0.771185</weight>
        <weight channel="Thicken">0.933460</weight>
        <weight channel="tweak_side">0.689832</weight>
        <weight channel="tweak_top_bottom">0.0776030</weight>
      </handles>
    </blockref>
    <blockref>7
      <blockid>flora_parts~, fe_detail_04</blockid>
      <transform>
        <scale>1,75</scale>
        <position>-0.163231,0.159344,0.546515</position>
        <triangledirection>0.727139,-0.280694,-0.626481</triangledirection>
        <trianglepickorigin>0,0,0</trianglepickorigin>
        <orientation>
          <row0>-0.699939,-0.714202,5.51342e-7</row0>
          <row1>0.683735,-0.670081,-0.288955</row1>
          <row2>0.206373,-0.202251,0.957342</row2>
        </orientation>
        <userorientation>
          <userorientation_row0>-0.950003,-0.301553,0.0810019</userorientation_row0>
          <userorientation_row1>-0.308481,0.866284,-0.392924</userorientation_row1>
          <userorientation_row2>0.0483170,-0.398267,-0.915996</userorientation_row2>
        </userorientation>
      </transform>
      <snapped>false</snapped>
      <childlist count="2">
        <childid>21</childid>
        <childid>14</childid>
      </childlist>
      <handles count="4">
        <weight channel="Stretch">0.832756</weight>
        <weight channel="Thicken">0.933460</weight>
        <weight channel="tweak_side">0.134415</weight>
        <weight channel="tweak_top_bottom">0</weight>
      </handles>
    </blockref>
    <blockref>8
      <blockid>flora_parts~, fe_detail_04</blockid>
      <transform>
        <scale>1,690449</scale>
        <position>0.0964199,0.208387,0.439045</position>
        <triangledirection>0.0992075,-0.698350,-0.708848</triangledirection>
        <trianglepickorigin>0,0,0</trianglepickorigin>
        <orientation>
          <row0>-0.937104,0.349048,-9.68575e-8</row0>
          <row1>-0.319035,-0.856527,-0.405679</row1>
          <row2>-0.141602,-0.380164,0.914015</row2>
        </orientation>
        <userorientation>
          <userorientation_row0>-0.941473,-0.312382,0.126673</userorientation_row0>
          <userorientation_row1>-0.336726,0.854071,-0.396458</userorientation_row1>
          <userorientation_row2>0.0156580,-0.415908,-0.909271</userorientation_row2>
        </userorientation>
      </transform>
      <snapped>false</snapped>
      <childlist count="1">
        <childid>20</childid>
      </childlist>
      <handles count="4">
        <weight channel="Stretch">0.803421</weight>
        <weight channel="Thicken">0.888049</weight>
        <weight channel="tweak_side">0.550487</weight>
        <weight channel="tweak_top_bottom">0.128960</weight>
      </handles>
    </blockref>
    <blockref>9
      <blockid>flora_parts~, FE_flatleaf_01</blockid>
      <transform>
        <scale>0,740818</scale>
        <position>-0.0550099,-0.281459,0.319977</position>
        <triangledirection>0.603810,0.784261,0.142640</triangledirection>
        <trianglepickorigin>0,0,0</trianglepickorigin>
        <orientation>
          <row0>0.882493,-0.470325,-4.13507e-7</row0>
          <row1>0.467169,0.876571,-0.115653</row1>
          <row2>0.0543949,0.102062,0.993289</row2>
        </orientation>
        <userorientation>
          <userorientation_row0>0.977978,-0.123315,-0.168377</userorientation_row0>
          <userorientation_row1>0.164000,0.953046,0.254571</userorientation_row1>
          <userorientation_row2>0.129078,-0.276579,0.952282</userorientation_row2>
        </userorientation>
      </transform>
      <snapped>false</snapped>
      <handles count="1">
        <weight channel="Leaf_bend">0.874061</weight>
      </handles>
    </blockref>
    <blockref>10
      <blockid>flora_parts~, FE_flatleaf_01</blockid>
      <transform>
        <scale>0,860707</scale>
        <position>-0.198346,0.0615049,0.267164</position>
        <triangledirection>0.998831,-0.0373739,-0.0306495</triangledirection>
        <trianglepickorigin>0,0,0</trianglepickorigin>
        <orientation>
          <row0>-0.167156,-0.985930,2.04890e-7</row0>
          <row1>0.977463,-0.165720,-0.130776</row1>
          <row2>0.128936,-0.0218599,0.991411</row2>
        </orientation>
        <userorientation>
          <userorientation_row0>0.988288,0.137087,-0.0670239</userorientation_row0>
          <userorientation_row1>-0.130112,0.986523,0.0992169</userorientation_row1>
          <userorientation_row2>0.0797219,-0.0893340,0.992806</userorientation_row2>
        </userorientation>
      </transform>
      <snapped>false</snapped>
      <handles count="1">
        <weight channel="Leaf_bend">0.794027</weight>
      </handles>
    </blockref>
    <blockref>11
      <blockid>flora_parts~, FE_flatleaf_01</blockid>
      <transform>
        <scale>0,798516</scale>
        <position>-0.0745080,0.275224,0.287913</position>
        <triangledirection>0.0828033,-0.992847,-0.0860044</triangledirection>
        <trianglepickorigin>0,0,0</trianglepickorigin>
        <orientation>
          <row0>-0.935220,-0.354065,1.49011e-7</row0>
          <row1>0.346356,-0.914856,-0.207546</row1>
          <row2>0.0734851,-0.194101,0.978225</row2>
        </orientation>
        <userorientation>
          <userorientation_row0>0.959724,-0.263933,-0.0962759</userorientation_row0>
          <userorientation_row1>0.274094,0.954842,0.114666</userorientation_row1>
          <userorientation_row2>0.0616639,-0.136436,0.988728</userorientation_row2>
        </userorientation>
      </transform>
      <snapped>false</snapped>
      <handles count="1">
        <weight channel="Leaf_bend">0.745962</weight>
      </handles>
    </blockref>
    <blockref>12
      <blockid>flora_parts~, FE_flatleaf_01</blockid>
      <transform>
        <scale>0,798516</scale>
        <position>0.234103,0.177562,0.251574</position>
        <triangledirection>-0.641000,-0.751930,-0.154009</triangledirection>
        <trianglepickorigin>0,0,0</trianglepickorigin>
        <orientation>
          <row0>-0.662028,0.749479,-1.49011e-8</row0>
          <row1>-0.739913,-0.653578,-0.159254</row1>
          <row2>-0.119358,-0.105431,0.987237</row2>
        </orientation>
        <userorientation>
          <userorientation_row0>0.985310,0.138876,-0.0993929</userorientation_row0>
          <userorientation_row1>-0.139196,0.990257,0.00374199</userorientation_row1>
          <userorientation_row2>0.0989449,0.0101479,0.995041</userorientation_row2>
        </userorientation>
      </transform>
      <snapped>false</snapped>
      <handles count="1">
        <weight channel="Leaf_bend">0.793819</weight>
      </handles>
    </blockref>
    <blockref>13
      <blockid>flora_parts~, FE_flatleaf_01</blockid>
      <transform>
        <scale>0,798516</scale>
        <position>0.258719,-0.203123,0.226600</position>
        <triangledirection>-0.712289,0.668719,-0.213208</triangledirection>
        <trianglepickorigin>0,0,0</trianglepickorigin>
        <orientation>
          <row0>0.573946,0.818892,-8.94069e-8</row0>
          <row1>-0.807994,0.566308,0.162598</row1>
          <row2>0.133151,-0.0933231,0.986692</row2>
        </orientation>
        <userorientation>
          <userorientation_row0>0.988089,-0.153495,-0.0109019</userorientation_row0>
          <userorientation_row1>0.138792,0.919561,-0.367620</userorientation_row1>
          <userorientation_row2>0.0664530,0.361727,0.929912</userorientation_row2>
        </userorientation>
      </transform>
      <snapped>false</snapped>
      <handles count="1">
        <weight channel="Leaf_bend">0.766936</weight>
      </handles>
    </blockref>
    <blockref>14
      <blockid>flora_parts~, fe_cap_02a</blockid>
      <transform>
        <scale>1</scale>
        <position>-0.424425,0.318188,0.423959</position>
        <triangledirection>0.574098,-0.783504,0.237767</triangledirection>
        <trianglepickorigin>0,0,0</trianglepickorigin>
        <orientation>
          <row0>0.293022,-0.956045,0.0106939</row0>
          <row1>0.753199,0.237711,0.613337</row1>
          <row2>-0.588921,-0.171667,0.789748</row2>
        </orientation>
        <userorientation>
          <userorientation_row0>0.382140,-0.886129,0.262187</userorientation_row0>
          <userorientation_row1>0.919832,0.391993,-0.0158199</userorientation_row1>
          <userorientation_row2>-0.0887579,0.247214,0.964887</userorientation_row2>
        </userorientation>
      </transform>
      <snapped>false</snapped>
    </blockref>
    <blockref>15
      <blockid>flora_parts~, fe_cap_02a</blockid>
      <transform>
        <scale>1</scale>
        <position>0.468027,0.142810,0.428297</position>
        <triangledirection>-0.958516,0.138517,0.249119</triangledirection>
        <trianglepickorigin>0,0,0</trianglepickorigin>
        <orientation>
          <row0>0.532080,0.846691,-0.00176106</row0>
          <row1>-0.743286,0.468092,0.477927</row1>
          <row2>0.405481,-0.252987,0.878397</row2>
        </orientation>
        <userorientation>
          <userorientation_row0>0.918490,0.372599,-0.132458</userorientation_row0>
          <userorientation_row1>-0.393164,0.896351,-0.204878</userorientation_row1>
          <userorientation_row2>0.0423920,0.240256,0.969783</userorientation_row2>
        </userorientation>
      </transform>
      <snapped>false</snapped>
    </blockref>
    <blockref>16
      <blockid>flora_parts~, fe_cap_02a</blockid>
      <transform>
        <scale>1</scale>
        <position>0.0951490,-0.418915,0.418563</position>
        <triangledirection>-0.186762,0.921361,0.340901</triangledirection>
        <trianglepickorigin>0,0,0</trianglepickorigin>
        <orientation>
          <row0>0.984222,-0.174148,-0.0312742</row0>
          <row1>0.174764,0.929253,0.325491</row1>
          <row2>-0.0276221,-0.325822,0.945027</row2>
        </orientation>
        <userorientation>
          <userorientation_row0>0.925372,0.355299,-0.132089</userorientation_row0>
          <userorientation_row1>-0.354931,0.934499,0.0271199</userorientation_row1>
          <userorientation_row2>0.133073,0.0217860,0.990867</userorientation_row2>
        </userorientation>
      </transform>
      <snapped>false</snapped>
    </blockref>
    <blockref>17
      <blockid>flora_parts~, FE_flatleaf_01</blockid>
      <transform>
        <scale>0,687288</scale>
        <position>-0.428754,-0.0594649,0.739997</position>
        <triangledirection>0.995933,0.0631981,0.0642134</triangledirection>
        <trianglepickorigin>0,0,0</trianglepickorigin>
        <orientation>
          <row0>-0.213235,-0.976914,-0.0130340</row0>
          <row1>0.884307,-0.198658,0.422534</row1>
          <row2>-0.415369,0.0785730,0.906253</row2>
        </orientation>
        <userorientation>
          <userorientation_row0>0.944559,0.183462,-0.272305</userorientation_row0>
          <userorientation_row1>-0.274944,0.895288,-0.350521</userorientation_row1>
          <userorientation_row2>0.179485,0.405956,0.896093</userorientation_row2>
        </userorientation>
      </transform>
      <snapped>false</snapped>
      <handles count="1">
        <weight channel="Leaf_bend">1</weight>
      </handles>
    </blockref>
    <blockref>18
      <blockid>flora_parts~, FE_flatleaf_01</blockid>
      <transform>
        <scale>0,687288</scale>
        <position>0.130639,-0.514788,0.517477</position>
        <triangledirection>0.213529,0.950119,-0.227324</triangledirection>
        <trianglepickorigin>0,0,0</trianglepickorigin>
        <orientation>
          <row0>0.973662,-0.227983,-0.00203762</row0>
          <row1>0.211584,0.900228,0.380551</row1>
          <row2>-0.0849251,-0.370960,0.924757</row2>
        </orientation>
        <userorientation>
          <userorientation_row0>0.990162,-0.0744920,-0.118450</userorientation_row0>
          <userorientation_row1>-0.00824199,0.813996,-0.580811</userorientation_row1>
          <userorientation_row2>0.139683,0.576073,0.805373</userorientation_row2>
        </userorientation>
      </transform>
      <snapped>false</snapped>
      <handles count="1">
        <weight channel="Leaf_bend">1</weight>
      </handles>
    </blockref>
    <blockref>19
      <blockid>flora_parts~, FE_flatleaf_01</blockid>
      <transform>
        <scale>0,637627</scale>
        <position>0.584370,0.119684,0.620516</position>
        <triangledirection>-0.860866,0.452199,-0.233424</triangledirection>
        <trianglepickorigin>0,0,0</trianglepickorigin>
        <orientation>
          <row0>0.588334,0.804935,0.0770723</row0>
          <row1>-0.717928,0.476115,0.507831</row1>
          <row2>0.372076,-0.354107,0.858001</row2>
        </orientation>
        <userorientation>
          <userorientation_row0>0.983736,0.0591579,-0.169817</userorientation_row0>
          <userorientation_row1>-0.160477,0.714798,-0.680714</userorientation_row1>
          <userorientation_row2>0.0810829,0.696883,0.712610</userorientation_row2>
        </userorientation>
      </transform>
      <snapped>false</snapped>
      <handles count="1">
        <weight channel="Leaf_bend">1</weight>
      </handles>
    </blockref>
    <blockref>20
      <blockid>flora_parts~, FE_flatleaf_01</blockid>
      <transform>
        <scale>0,637627</scale>
        <position>0.148971,0.748881,0.668822</position>
        <triangledirection>-0.654899,-0.715690,-0.242682</triangledirection>
        <trianglepickorigin>0,0,0</trianglepickorigin>
        <orientation>
          <row0>-0.482997,0.875512,0.0138152</row0>
          <row1>-0.829831,-0.462717,0.311885</row1>
          <row2>0.279452,0.139175,0.950019</row2>
        </orientation>
        <userorientation>
          <userorientation_row0>0.944321,0.319040,-0.0804440</userorientation_row0>
          <userorientation_row1>-0.313634,0.798928,-0.513172</userorientation_row1>
          <userorientation_row2>-0.0994529,0.509829,0.854507</userorientation_row2>
        </userorientation>
      </transform>
      <snapped>false</snapped>
      <handles count="1">
        <weight channel="Leaf_bend">1</weight>
      </handles>
    </blockref>
    <blockref>21
      <blockid>flora_parts~, FE_flatleaf_01</blockid>
      <transform>
        <scale>0,637627</scale>
        <position>-0.588877,0.410107,0.579298</position>
        <triangledirection>0.319408,-0.947357,-0.0221977</triangledirection>
        <trianglepickorigin>0,0,0</trianglepickorigin>
        <orientation>
          <row0>-0.999579,0.0258954,0.0130767</row0>
          <row1>-0.0162300,-0.872811,0.487787</row1>
          <row2>0.0240449,0.487369,0.872864</row2>
        </orientation>
        <userorientation>
          <userorientation_row0>0.937021,0.328722,-0.118039</userorientation_row0>
          <userorientation_row1>-0.344097,0.810853,-0.473408</userorientation_row1>
          <userorientation_row2>-0.0599079,0.484210,0.872897</userorientation_row2>
        </userorientation>
      </transform>
      <snapped>false</snapped>
      <handles count="1">
        <weight channel="Leaf_bend">1</weight>
      </handles>
    </blockref>
  </blocks></sporemodel>