spore0005438f634740666200f508c70dd816b417ffffffffffffffff0000000ebfdb7ef906KChangfffffffffffffffe0aLorcenneal0000000<?xml version="1.0" encoding="UTF-8"?><sporemodel>
  <properties>
    <modeltype>PlantLarge</modeltype>
    <skineffectseed1>1234</skineffectseed1>
    <skineffectseed2>1234</skineffectseed2>
    <skineffectseed3>1234</skineffectseed3>
    <skincolor1>0.282353,0.227448,0.203922</skincolor1>
    <skincolor2>0.211765,0.282353,0.203922</skincolor2>
    <skincolor3>0.803922,0.772546,0.368627</skincolor3>
    <zcorpscore>7</zcorpscore>
  </properties>
  <blocks count="36">
    <blockref>
      <blockid>flora_parts~, fe_root_dummy</blockid>
      <transform>
        <scale>1</scale>
        <position>-0.0130166,-0.00425856,0.600000</position>
        <triangledirection>0,1,0</triangledirection>
        <trianglepickorigin>0,0,0</trianglepickorigin>
        <orientation>
          <row0>1,0,0</row0>
          <row1>0,1,0</row1>
          <row2>0,0,1</row2>
        </orientation>
      </transform>
      <snapped>false</snapped>
      <childlist count="5">
        <childid>8</childid>
        <childid>6</childid>
        <childid>4</childid>
        <childid>2</childid>
        <childid>1</childid>
      </childlist>
    </blockref>
    <blockref>
      <blockid>flora_parts~, FE_muscle_branch_04</blockid>
      <transform>
        <limbtype>0</limbtype>
        <musclescale>0.5</musclescale>
        <basemusclescale>2.799998</basemusclescale>
        <scale>1</scale>
        <position>-0.0130166,-0.00425856,0.600000</position>
        <triangledirection>-0.0268859,0.0305509,0.999171</triangledirection>
        <trianglepickorigin>0,0,0</trianglepickorigin>
        <orientation>
          <row0>0.976802,0.213226,0.0197643</row0>
          <row1>-0.0268859,0.0305509,0.999171</row1>
          <row2>0.212446,-0.976525,0.0355750</row2>
        </orientation>
      </transform>
      <snapped>true</snapped>
      <childlist count="1">
        <childid>16</childid>
      </childlist>
      <handles count="1">
        <weight channel="longer">0.0192847</weight>
      </handles>
    </blockref>
    <blockref>
      <blockid>flora_parts~, fe_muscle_branch_01</blockid>
      <transform>
        <limbtype>0</limbtype>
        <musclescale>0.5</musclescale>
        <basemusclescale>2.799998</basemusclescale>
        <scale>1</scale>
        <position>-0.0130166,-0.00425856,0.600000</position>
        <triangledirection>-0.460097,0.267787,0.846522</triangledirection>
        <trianglepickorigin>0,0,0</trianglepickorigin>
        <orientation>
          <row0>-0.0695722,-0.961374,0.266305</row0>
          <row1>-0.460097,0.267787,0.846522</row1>
          <row2>-0.885138,-0.0636319,-0.460956</row2>
        </orientation>
      </transform>
      <snapped>true</snapped>
      <childlist count="1">
        <childid>3</childid>
      </childlist>
      <handles count="1">
        <weight channel="longer">0.173050</weight>
      </handles>
    </blockref>
    <blockref>
      <blockid>Creature_parts~, ce_grasper_null</blockid>
      <transform>
        <basemusclescale>0.75</basemusclescale>
        <scale>1</scale>
        <position>0.594343,-0.357756,-0.517466</position>
        <triangledirection>0,0,-1</triangledirection>
        <trianglepickorigin>0,0,0</trianglepickorigin>
        <orientation>
          <row0>1,0,0</row0>
          <row1>0,0,-1</row1>
          <row2>0,1,0</row2>
        </orientation>
      </transform>
      <snapped>true</snapped>
    </blockref>
    <blockref>
      <blockid>flora_parts~, fe_muscle_branch_01</blockid>
      <transform>
        <limbtype>0</limbtype>
        <musclescale>0.650000</musclescale>
        <basemusclescale>2.799998</basemusclescale>
        <scale>1</scale>
        <position>-0.0130166,-0.00425856,0.600000</position>
        <triangledirection>0.408365,0.462107,0.787207</triangledirection>
        <trianglepickorigin>0,0,0</trianglepickorigin>
        <orientation>
          <row0>-0.648858,-0.459624,0.606405</row0>
          <row1>0.408365,0.462107,0.787207</row1>
          <row2>-0.642043,0.758421,-0.112147</row2>
        </orientation>
      </transform>
      <snapped>true</snapped>
      <childlist count="1">
        <childid>5</childid>
      </childlist>
      <handles count="1">
        <weight channel="longer">0.188026</weight>
      </handles>
    </blockref>
    <blockref>
      <blockid>Creature_parts~, ce_grasper_null</blockid>
      <transform>
        <basemusclescale>0.699997</basemusclescale>
        <scale>1</scale>
        <position>-0.590465,-0.657702,-0.513151</position>
        <triangledirection>0,0,-1</triangledirection>
        <trianglepickorigin>0,0,0</trianglepickorigin>
        <orientation>
          <row0>1,0,0</row0>
          <row1>0,0,-1</row1>
          <row2>0,1,0</row2>
        </orientation>
      </transform>
      <snapped>true</snapped>
    </blockref>
    <blockref>
      <blockid>flora_parts~, fe_muscle_branch_01</blockid>
      <transform>
        <limbtype>0</limbtype>
        <musclescale>0.75</musclescale>
        <basemusclescale>2.799998</basemusclescale>
        <scale>1</scale>
        <position>-0.0130166,-0.00425856,0.600000</position>
        <triangledirection>-0.0962440,-0.552292,0.828076</triangledirection>
        <trianglepickorigin>0,0,0</trianglepickorigin>
        <orientation>
          <row0>-0.288273,0.811749,0.507898</row0>
          <row1>-0.0962440,-0.552292,0.828076</row1>
          <row2>0.952699,0.189830,0.237337</row2>
        </orientation>
      </transform>
      <snapped>true</snapped>
      <childlist count="1">
        <childid>15</childid>
      </childlist>
      <handles count="1">
        <weight channel="longer">0.168045</weight>
      </handles>
    </blockref>
    <blockref>
      <blockid>Creature_parts~, ce_grasper_null</blockid>
      <transform>
        <basemusclescale>1</basemusclescale>
        <scale>1</scale>
        <position>1.202440,1.258805,4.969789</position>
        <triangledirection>-0.258154,-0.268265,-0.928111</triangledirection>
        <trianglepickorigin>0,0,0</trianglepickorigin>
        <orientation>
          <row0>0.959780,0.0385196,-0.278096</row0>
          <row1>-0.258154,-0.268265,-0.928111</row1>
          <row2>-0.110354,0.962574,-0.247531</row2>
        </orientation>
      </transform>
      <snapped>false</snapped>
    </blockref>
    <blockref>
      <blockid>flora_parts~, fe_muscle_branch_01</blockid>
      <transform>
        <limbtype>0</limbtype>
        <musclescale>0.675000</musclescale>
        <basemusclescale>2.799998</basemusclescale>
        <scale>1</scale>
        <position>-0.0130166,-0.00425856,0.600000</position>
        <triangledirection>0,0,-1</triangledirection>
        <trianglepickorigin>0,0,0</trianglepickorigin>
        <orientation>
          <row0>-0.929303,-0.369317,0</row0>
          <row1>0,0,-1</row1>
          <row2>0.369317,-0.929303,0</row2>
        </orientation>
      </transform>
      <snapped>true</snapped>
      <childlist count="3">
        <childid>14</childid>
        <childid>12</childid>
        <childid>9</childid>
      </childlist>
      <handles count="1">
        <weight channel="longer">0.837777</weight>
      </handles>
    </blockref>
    <blockref>
      <blockid>flora_parts~, fe_muscle_branch_01</blockid>
      <transform>
        <limbtype>0</limbtype>
        <musclescale>0.774998</musclescale>
        <basemusclescale>2.149998</basemusclescale>
        <scale>1</scale>
        <position>-0.0130166,-0.00425856,6.091898</position>
        <triangledirection>-0.888779,-0.390337,-0.240225</triangledirection>
        <trianglepickorigin>0,0,0</trianglepickorigin>
        <orientation>
          <row0>0.192246,-0.793277,0.577712</row0>
          <row1>-0.888779,-0.390337,-0.240225</row1>
          <row2>0.416067,-0.467276,-0.780089</row2>
        </orientation>
      </transform>
      <snapped>true</snapped>
      <childlist count="1">
        <childid>10</childid>
      </childlist>
      <handles count="1">
        <weight channel="longer">0.213808</weight>
      </handles>
    </blockref>
    <blockref>
      <blockid>flora_parts~, fe_muscle_branch_01</blockid>
      <transform>
        <limbtype>0</limbtype>
        <musclescale>1</musclescale>
        <basemusclescale>1.599998</basemusclescale>
        <scale>1</scale>
        <position>1.387573,0.610857,6.470460</position>
        <triangledirection>-0.591307,-0.224438,-0.774585</triangledirection>
        <trianglepickorigin>0,0,0</trianglepickorigin>
        <orientation>
          <row0>-0.523311,-0.624017,0.580299</row0>
          <row1>-0.591307,-0.224438,-0.774585</row1>
          <row2>0.613596,-0.748484,-0.251535</row2>
        </orientation>
      </transform>
      <snapped>true</snapped>
      <childlist count="2">
        <childid>18</childid>
        <childid>11</childid>
      </childlist>
      <handles count="1">
        <weight channel="longer">0.152007</weight>
      </handles>
    </blockref>
    <blockref>
      <blockid>Creature_parts~, ce_grasper_null</blockid>
      <transform>
        <basemusclescale>1.449998</basemusclescale>
        <scale>1</scale>
        <position>2.090049,0.877490,7.390668</position>
        <triangledirection>-0.605098,0.302550,-0.736423</triangledirection>
        <trianglepickorigin>0,0,0</trianglepickorigin>
        <orientation>
          <row0>-0.680050,-0.677393,0.280479</row0>
          <row1>-0.605098,0.302550,-0.736423</row1>
          <row2>0.413989,-0.670522,-0.615639</row2>
        </orientation>
      </transform>
      <snapped>true</snapped>
    </blockref>
    <blockref>
      <blockid>flora_parts~, fe_muscle_branch_01</blockid>
      <transform>
        <limbtype>0</limbtype>
        <musclescale>0.524999</musclescale>
        <basemusclescale>2.149998</basemusclescale>
        <scale>1</scale>
        <position>-0.0130166,-0.00425856,6.091898</position>
        <triangledirection>-0.0353524,0.752804,-0.657293</triangledirection>
        <trianglepickorigin>0,0,0</trianglepickorigin>
        <orientation>
          <row0>0.0985924,-0.651869,-0.751894</row0>
          <row1>-0.0353524,0.752804,-0.657293</row1>
          <row2>0.994499,0.0913855,0.0511757</row2>
        </orientation>
      </transform>
      <snapped>true</snapped>
      <childlist count="3">
        <childid>19</childid>
        <childid>17</childid>
        <childid>13</childid>
      </childlist>
      <handles count="1">
        <weight channel="longer">0.225798</weight>
      </handles>
    </blockref>
    <blockref>
      <blockid>flora_parts~, fe_cap_01a</blockid>
      <transform>
        <scale>1</scale>
        <position>-0.146007,-0.827453,6.945658</position>
        <triangledirection>0.994143,-0.0961707,-0.0492573</triangledirection>
        <trianglepickorigin>0,0,0</trianglepickorigin>
        <orientation>
          <row0>0.311046,-0.698109,0.644897</row0>
          <row1>0.944443,0.151229,-0.291816</row1>
          <row2>0.106192,0.699837,0.706364</row2>
        </orientation>
        <userorientation>
          <userorientation_row0>0.878149,-0.321043,-0.354662</userorientation_row0>
          <userorientation_row1>0.344597,0.938742,0.00347297</userorientation_row1>
          <userorientation_row2>0.331822,-0.125266,0.934986</userorientation_row2>
        </userorientation>
      </transform>
      <snapped>false</snapped>
    </blockref>
    <blockref>
      <blockid>flora_parts~, FE_leaf_26</blockid>
      <transform>
        <scale>2,603489</scale>
        <position>-0.208165,0.0491383,6.222371</position>
        <triangledirection>0.704747,-0.431735,-0.562969</triangledirection>
        <trianglepickorigin>0,0,0</trianglepickorigin>
        <orientation>
          <row0>-0.269414,-0.963024,2.38418e-7</row0>
          <row1>0.865049,-0.242005,-0.439458</row1>
          <row2>0.423209,-0.118396,0.898262</row2>
        </orientation>
        <userorientation>
          <userorientation_row0>-0.973620,0.228142,-0.00370049</userorientation_row0>
          <userorientation_row1>0.225901,0.961525,-0.156323</userorientation_row1>
          <userorientation_row2>-0.0321059,-0.153035,-0.987698</userorientation_row2>
        </userorientation>
      </transform>
      <snapped>false</snapped>
      <childlist count="2">
        <childid>27</childid>
        <childid>26</childid>
      </childlist>
      <handles count="4">
        <weight channel="DeformAxisLeft">1</weight>
        <weight channel="DeformAxisForward">1</weight>
        <weight channel="DeformAxisUp">1</weight>
        <weight channel="DeformAxisUPb">0.262730</weight>
      </handles>
    </blockref>
    <blockref>
      <blockid>Creature_parts~, ce_grasper_null</blockid>
      <transform>
        <basemusclescale>0.699997</basemusclescale>
        <scale>1</scale>
        <position>0.111009,0.707463,-0.467117</position>
        <triangledirection>0.474362,-0.0641259,-0.877990</triangledirection>
        <trianglepickorigin>0,0,0</trianglepickorigin>
        <orientation>
          <row0>-0.834697,-0.349697,-0.425431</row0>
          <row1>0.474362,-0.0641259,-0.877991</row1>
          <row2>0.279750,-0.934665,0.219409</row2>
        </orientation>
      </transform>
      <snapped>true</snapped>
    </blockref>
    <blockref>
      <blockid>Creature_parts~, ce_grasper_null</blockid>
      <transform>
        <basemusclescale>0.699997</basemusclescale>
        <scale>1</scale>
        <position>-0.00347177,-0.0151053,0.245261</position>
        <triangledirection>-0.192196,0.668167,-0.718758</triangledirection>
        <trianglepickorigin>0,0,0</trianglepickorigin>
        <orientation>
          <row0>-0.893731,-0.421693,-0.153028</row0>
          <row1>-0.192196,0.668167,-0.718758</row1>
          <row2>0.405344,-0.612965,-0.678210</row2>
        </orientation>
      </transform>
      <snapped>true</snapped>
    </blockref>
    <blockref>
      <blockid>flora_parts~, FE_leaf_26</blockid>
      <transform>
        <scale>2,603490</scale>
        <position>-0.0809514,-1.378948,7.258138</position>
        <triangledirection>0.118909,0.845526,-0.520523</triangledirection>
        <trianglepickorigin>0,0,0</trianglepickorigin>
        <orientation>
          <row0>0.760195,-0.649694,4.47034e-8</row0>
          <row1>0.589145,0.689348,-0.421551</row1>
          <row2>0.273879,0.320461,0.906804</row2>
        </orientation>
        <userorientation>
          <userorientation_row0>-0.875809,-0.476087,-0.0793534</userorientation_row0>
          <userorientation_row1>-0.458938,0.872344,-0.168487</userorientation_row1>
          <userorientation_row2>0.149438,-0.111144,-0.982504</userorientation_row2>
        </userorientation>
      </transform>
      <snapped>false</snapped>
      <childlist count="3">
        <childid>25</childid>
        <childid>24</childid>
        <childid>23</childid>
      </childlist>
      <handles count="4">
        <weight channel="DeformAxisLeft">1</weight>
        <weight channel="DeformAxisForward">1</weight>
        <weight channel="DeformAxisUp">1</weight>
        <weight channel="DeformAxisUPb">0.137899</weight>
      </handles>
    </blockref>
    <blockref>
      <blockid>flora_parts~, FE_leaf_26</blockid>
      <transform>
        <scale>3,024825</scale>
        <position>2.198347,1.033067,7.451770</position>
        <triangledirection>-0.520529,-0.292064,-0.802337</triangledirection>
        <trianglepickorigin>0,0,0</trianglepickorigin>
        <orientation>
          <row0>-0.813030,0.582220,1.49011e-8</row0>
          <row1>-0.544870,-0.760873,-0.352402</row1>
          <row2>-0.205175,-0.286513,0.935848</row2>
        </orientation>
        <userorientation>
          <userorientation_row0>-0.846646,0.460868,0.266063</userorientation_row0>
          <userorientation_row1>0.253160,0.788591,-0.560386</userorientation_row1>
          <userorientation_row2>-0.468079,-0.407092,-0.784331</userorientation_row2>
        </userorientation>
      </transform>
      <snapped>false</snapped>
      <childlist count="3">
        <childid>22</childid>
        <childid>21</childid>
        <childid>20</childid>
      </childlist>
      <handles count="4">
        <weight channel="DeformAxisLeft">1</weight>
        <weight channel="DeformAxisForward">1</weight>
        <weight channel="DeformAxisUp">1</weight>
        <weight channel="DeformAxisUPb">0.234378</weight>
      </handles>
    </blockref>
    <blockref>
      <blockid>Creature_parts~, ce_grasper_null</blockid>
      <transform>
        <basemusclescale>1.699998</basemusclescale>
        <scale>1</scale>
        <position>0.0453543,-1.247228,7.177169</position>
        <triangledirection>0.561414,0.167027,-0.810503</triangledirection>
        <trianglepickorigin>0,0,0</trianglepickorigin>
        <orientation>
          <row0>-0.819967,0.244432,-0.517597</row0>
          <row1>0.561414,0.167027,-0.810503</row1>
          <row2>-0.111660,-0.955172,-0.274184</row2>
        </orientation>
      </transform>
      <snapped>true</snapped>
    </blockref>
    <blockref>
      <blockid>flora_parts~, FE_leaf_23</blockid>
      <transform>
        <scale>3,857426</scale>
        <position>2.656358,0.996788,8.057104</position>
        <triangledirection>-0.782250,0.198158,-0.590607</triangledirection>
        <trianglepickorigin>0,0,0</trianglepickorigin>
        <orientation>
          <row0>0.436283,0.899809,-2.90572e-7</row0>
          <row1>-0.872437,0.423011,0.244775</row1>
          <row2>0.220251,-0.106791,0.969579</row2>
        </orientation>
        <userorientation>
          <userorientation_row0>-0.808769,-0.528912,-0.257179</userorientation_row0>
          <userorientation_row1>-0.162978,0.621721,-0.766093</userorientation_row1>
          <userorientation_row2>0.565092,-0.577678,-0.589029</userorientation_row2>
        </userorientation>
      </transform>
      <snapped>false</snapped>
      <childlist count="1">
        <childid>28</childid>
      </childlist>
      <handles count="4">
        <weight channel="DeformAxisForward">0.553215</weight>
        <weight channel="DeformAxisLeft">1</weight>
        <weight channel="DeformAxisRight">0.834836</weight>
        <weight channel="DeformAxisUp">0.865203</weight>
      </handles>
    </blockref>
    <blockref>
      <blockid>flora_parts~, FE_leaf_23</blockid>
      <transform>
        <scale>4,481690</scale>
        <position>2.662830,1.603041,8.562520</position>
        <triangledirection>0.328162,-0.717818,-0.614039</triangledirection>
        <trianglepickorigin>0,0,0</trianglepickorigin>
        <orientation>
          <row0>-0.927629,0.373500,4.39584e-7</row0>
          <row1>-0.358701,-0.890874,0.278705</row1>
          <row2>0.104097,0.258535,0.960376</row2>
        </orientation>
        <userorientation>
          <userorientation_row0>-0.689146,0.283912,0.666684</userorientation_row0>
          <userorientation_row1>-0.572519,0.350637,-0.741129</userorientation_row1>
          <userorientation_row2>-0.444179,-0.892438,-0.0790952</userorientation_row2>
        </userorientation>
      </transform>
      <snapped>false</snapped>
      <childlist count="1">
        <childid>35</childid>
      </childlist>
      <handles count="4">
        <weight channel="DeformAxisForward">0.553215</weight>
        <weight channel="DeformAxisLeft">1</weight>
        <weight channel="DeformAxisRight">0</weight>
        <weight channel="DeformAxisUp">0.865203</weight>
      </handles>
    </blockref>
    <blockref>
      <blockid>flora_parts~, FE_leaf_23</blockid>
      <transform>
        <scale>4,157860</scale>
        <position>2.369983,1.464645,7.888620</position>
        <triangledirection>-0.00342012,-0.896306,-0.443419</triangledirection>
        <trianglepickorigin>0,0,0</trianglepickorigin>
        <orientation>
          <row0>-0.932991,0.359899,-3.65078e-7</row0>
          <row1>-0.335603,-0.870006,0.361191</row1>
          <row2>0.129992,0.336988,0.932491</row2>
        </orientation>
        <userorientation>
          <userorientation_row0>-0.625648,-0.705603,-0.332693</userorientation_row0>
          <userorientation_row1>-0.319388,0.620781,-0.715974</userorientation_row1>
          <userorientation_row2>0.711724,-0.341691,-0.613754</userorientation_row2>
        </userorientation>
      </transform>
      <snapped>false</snapped>
      <childlist count="1">
        <childid>34</childid>
      </childlist>
      <handles count="4">
        <weight channel="DeformAxisForward">0.553215</weight>
        <weight channel="DeformAxisLeft">1</weight>
        <weight channel="DeformAxisRight">0.834836</weight>
        <weight channel="DeformAxisUp">0.865203</weight>
      </handles>
    </blockref>
    <blockref>
      <blockid>flora_parts~, FE_leaf_23</blockid>
      <transform>
        <scale>3,857426</scale>
        <position>-0.297333,-2.710255,8.570033</position>
        <triangledirection>0.658971,0.468427,-0.588499</triangledirection>
        <trianglepickorigin>0,0,0</trianglepickorigin>
        <orientation>
          <row0>0.433754,-0.901031,-1.26659e-7</row0>
          <row1>0.857552,0.412824,0.306887</row1>
          <row2>-0.276514,-0.133113,0.951745</row2>
        </orientation>
        <userorientation>
          <userorientation_row0>-0.896798,-0.417061,-0.147679</userorientation_row0>
          <userorientation_row1>-0.136235,0.577877,-0.804670</userorientation_row1>
          <userorientation_row2>0.420939,-0.701508,-0.575060</userorientation_row2>
        </userorientation>
      </transform>
      <snapped>false</snapped>
      <childlist count="1">
        <childid>31</childid>
      </childlist>
      <handles count="4">
        <weight channel="DeformAxisForward">0.553215</weight>
        <weight channel="DeformAxisLeft">1</weight>
        <weight channel="DeformAxisRight">0.558053</weight>
        <weight channel="DeformAxisUp">0.865203</weight>
      </handles>
    </blockref>
    <blockref>
      <blockid>flora_parts~, FE_leaf_23</blockid>
      <transform>
        <scale>3,857426</scale>
        <position>0.0841254,-2.036647,7.724544</position>
        <triangledirection>0.0564468,0.686787,-0.724661</triangledirection>
        <trianglepickorigin>0,0,0</trianglepickorigin>
        <orientation>
          <row0>0.776129,0.630573,-2.98023e-8</row0>
          <row1>-0.516428,0.635636,0.573819</row1>
          <row2>0.361835,-0.445358,0.818982</row2>
        </orientation>
        <userorientation>
          <userorientation_row0>-0.784698,0.446446,-0.430036</userorientation_row0>
          <userorientation_row1>0.476880,-0.00842862,-0.878926</userorientation_row1>
          <userorientation_row2>-0.396019,-0.894769,-0.206287</userorientation_row2>
        </userorientation>
      </transform>
      <snapped>false</snapped>
      <childlist count="1">
        <childid>30</childid>
      </childlist>
      <handles count="4">
        <weight channel="DeformAxisForward">0.553215</weight>
        <weight channel="DeformAxisLeft">1</weight>
        <weight channel="DeformAxisRight">0.692425</weight>
        <weight channel="DeformAxisUp">0.865203</weight>
      </handles>
    </blockref>
    <blockref>
      <blockid>flora_parts~, FE_leaf_23</blockid>
      <transform>
        <scale>3,857426</scale>
        <position>0.137205,-1.523982,7.459423</position>
        <triangledirection>-0.619924,-0.0105916,-0.784588</triangledirection>
        <trianglepickorigin>0,0,0</trianglepickorigin>
        <orientation>
          <row0>-0.365419,0.930842,-5.36441e-7</row0>
          <row1>-0.850872,-0.334026,-0.405514</row1>
          <row2>-0.377470,-0.148182,0.914088</row2>
        </orientation>
        <userorientation>
          <userorientation_row0>-0.649183,0.493779,0.578568</userorientation_row0>
          <userorientation_row1>0.216674,0.849177,-0.481611</userorientation_row1>
          <userorientation_row2>-0.729116,-0.187292,-0.658262</userorientation_row2>
        </userorientation>
      </transform>
      <snapped>false</snapped>
      <childlist count="1">
        <childid>29</childid>
      </childlist>
      <handles count="4">
        <weight channel="DeformAxisForward">0.652797</weight>
        <weight channel="DeformAxisLeft">1</weight>
        <weight channel="DeformAxisRight">0</weight>
        <weight channel="DeformAxisUp">0.873237</weight>
      </handles>
    </blockref>
    <blockref>
      <blockid>flora_parts~, FE_leaf_23</blockid>
      <transform>
        <scale>3,857426</scale>
        <position>-1.153753,0.588756,6.928672</position>
        <triangledirection>0.879379,-0.122933,-0.459975</triangledirection>
        <trianglepickorigin>0,0,0</trianglepickorigin>
        <orientation>
          <row0>0.440872,-0.897569,-5.96046e-8</row0>
          <row1>0.834700,0.409992,0.367669</row1>
          <row2>-0.330008,-0.162095,0.929956</row2>
        </orientation>
        <userorientation>
          <userorientation_row0>-0.469411,0.836785,0.281851</userorientation_row0>
          <userorientation_row1>0.498035,0.514497,-0.698032</userorientation_row1>
          <userorientation_row2>-0.729116,-0.187292,-0.658262</userorientation_row2>
        </userorientation>
      </transform>
      <snapped>false</snapped>
      <childlist count="1">
        <childid>33</childid>
      </childlist>
      <handles count="4">
        <weight channel="DeformAxisForward">0.652797</weight>
        <weight channel="DeformAxisLeft">1</weight>
        <weight channel="DeformAxisRight">0</weight>
        <weight channel="DeformAxisUp">0.873237</weight>
      </handles>
    </blockref>
    <blockref>
      <blockid>flora_parts~, FE_leaf_23</blockid>
      <transform>
        <scale>3,857426</scale>
        <position>-1.220111,0.452331,7.231559</position>
        <triangledirection>0.671963,0.131153,-0.728877</triangledirection>
        <trianglepickorigin>0,0,0</trianglepickorigin>
        <orientation>
          <row0>0.441176,-0.897420,2.53319e-7</row0>
          <row1>0.834597,0.410292,0.367568</row1>
          <row2>-0.329863,-0.162162,0.929996</row2>
        </orientation>
        <userorientation>
          <userorientation_row0>-0.983085,0.0250148,-0.181431</userorientation_row0>
          <userorientation_row1>0.178753,0.346718,-0.920777</userorientation_row1>
          <userorientation_row2>0.0398722,-0.937635,-0.345324</userorientation_row2>
        </userorientation>
      </transform>
      <snapped>false</snapped>
      <childlist count="1">
        <childid>32</childid>
      </childlist>
      <handles count="4">
        <weight channel="DeformAxisForward">0.553215</weight>
        <weight channel="DeformAxisLeft">1</weight>
        <weight channel="DeformAxisRight">0.558053</weight>
        <weight channel="DeformAxisUp">0.865203</weight>
      </handles>
    </blockref>
    <blockref>
      <blockid>flora_parts~, fe_cap_01a</blockid>
      <transform>
        <scale>1</scale>
        <position>6.586457,0.472608,9.519598</position>
        <triangledirection>-0.116887,-0.287536,0.950610</triangledirection>
        <trianglepickorigin>0,0,0</trianglepickorigin>
        <orientation>
          <row0>-0.926381,0.376585,2.98023e-8</row0>
          <row1>-0.116887,-0.287536,0.950610</row1>
          <row2>0.357986,0.880628,0.310386</row2>
        </orientation>
      </transform>
      <snapped>false</snapped>
    </blockref>
    <blockref>
      <blockid>flora_parts~, fe_cap_01a</blockid>
      <transform>
        <scale>1</scale>
        <position>4.877806,-4.089066,10.468261</position>
        <triangledirection>-0.0729728,-0.0961407,0.992689</triangledirection>
        <trianglepickorigin>0,0,0</trianglepickorigin>
        <orientation>
          <row0>-0.796537,0.604589,6.33299e-8</row0>
          <row1>-0.0729728,-0.0961407,0.992689</row1>
          <row2>0.600169,0.790714,0.120698</row2>
        </orientation>
      </transform>
      <snapped>false</snapped>
    </blockref>
    <blockref>
      <blockid>flora_parts~, fe_cap_01a</blockid>
      <transform>
        <scale>1</scale>
        <position>1.040570,-8.169036,9.755118</position>
        <triangledirection>0.389442,-0.476924,0.787958</triangledirection>
        <trianglepickorigin>0,0,0</trianglepickorigin>
        <orientation>
          <row0>-0.774568,-0.632489,-4.47034e-8</row0>
          <row1>0.389442,-0.476924,0.787958</row1>
          <row2>-0.498375,0.610327,0.615728</row2>
        </orientation>
      </transform>
      <snapped>false</snapped>
    </blockref>
    <blockref>
      <blockid>flora_parts~, fe_cap_01a</blockid>
      <transform>
        <scale>1</scale>
        <position>-4.396514,-7.100219,9.901506</position>
        <triangledirection>-0.381681,-0.193351,0.903844</triangledirection>
        <trianglepickorigin>0,0,0</trianglepickorigin>
        <orientation>
          <row0>-0.451901,0.892067,-2.53319e-7</row0>
          <row1>-0.381681,-0.193351,0.903844</row1>
          <row2>0.806290,0.408449,0.427861</row2>
        </orientation>
      </transform>
      <snapped>false</snapped>
    </blockref>
    <blockref>
      <blockid>flora_parts~, fe_cap_01a</blockid>
      <transform>
        <scale>1</scale>
        <position>-6.994667,-1.722437,9.398189</position>
        <triangledirection>-0.723583,0.423164,0.545306</triangledirection>
        <trianglepickorigin>0,0,0</trianglepickorigin>
        <orientation>
          <row0>0.504826,0.863220,2.38418e-7</row0>
          <row1>-0.723583,0.423164,0.545306</row1>
          <row2>0.470719,-0.275285,0.838236</row2>
        </orientation>
      </transform>
      <snapped>false</snapped>
    </blockref>
    <blockref>
      <blockid>flora_parts~, fe_cap_01a</blockid>
      <transform>
        <scale>1</scale>
        <position>-6.057262,3.969526,8.083868</position>
        <triangledirection>-0.331501,0.0453465,0.942364</triangledirection>
        <trianglepickorigin>0,0,0</trianglepickorigin>
        <orientation>
          <row0>0.135528,0.990773,-3.09199e-7</row0>
          <row1>-0.331501,0.0453465,0.942364</row1>
          <row2>0.933669,-0.127717,0.334588</row2>
        </orientation>
      </transform>
      <snapped>false</snapped>
    </blockref>
    <blockref>
      <blockid>flora_parts~, fe_cap_01a</blockid>
      <transform>
        <scale>1</scale>
        <position>-1.773757,7.158220,8.863277</position>
        <triangledirection>-0.420254,0.296433,0.857620</triangledirection>
        <trianglepickorigin>0,0,0</trianglepickorigin>
        <orientation>
          <row0>0.576402,0.817166,2.38418e-7</row0>
          <row1>-0.420254,0.296433,0.857620</row1>
          <row2>0.700818,-0.494334,0.514282</row2>
        </orientation>
      </transform>
      <snapped>false</snapped>
    </blockref>
    <blockref>
      <blockid>flora_parts~, fe_cap_01a</blockid>
      <transform>
        <scale>1</scale>
        <position>3.947901,7.481361,12.282727</position>
        <triangledirection>-0.121361,-0.636803,0.761414</triangledirection>
        <trianglepickorigin>0,0,0</trianglepickorigin>
        <orientation>
          <row0>-0.982320,0.187209,1.26659e-7</row0>
          <row1>-0.121361,-0.636803,0.761414</row1>
          <row2>0.142544,0.747953,0.648265</row2>
        </orientation>
      </transform>
      <snapped>false</snapped>
    </blockref>
  </blocks></sporemodel>