spore0005438f6347406662008759f183d816b417ffffffffffffffff0000000ebfdb7f2e06KChangfffffffffffffffe0aSuccubersk0000000<?xml version="1.0" encoding="UTF-8"?><sporemodel>
  <properties>
    <modeltype>PlantLarge</modeltype>
    <skineffectseed1>18016</skineffectseed1>
    <skineffectseed2>18016</skineffectseed2>
    <skineffectseed3>18016</skineffectseed3>
    <skincolor1>0.443135,0.223527,0.141176</skincolor1>
    <skincolor2>0.803922,0.627451,0.258823</skincolor2>
    <skincolor3>0.274510,0.443135,0.262743</skincolor3>
    <zcorpscore>6</zcorpscore>
  </properties>
  <blocks count="36">
    <blockref>
      <blockid>flora_parts~, fe_root_dummy</blockid>
      <transform>
        <scale>1</scale>
        <position>-0.00497982,-0.00139859,0.600000</position>
        <triangledirection>0,1,0</triangledirection>
        <trianglepickorigin>0,0,0</trianglepickorigin>
        <orientation>
          <row0>1,0,0</row0>
          <row1>0,1,0</row1>
          <row2>0,0,1</row2>
        </orientation>
      </transform>
      <snapped>false</snapped>
      <childlist count="7">
        <childid>13</childid>
        <childid>11</childid>
        <childid>9</childid>
        <childid>7</childid>
        <childid>5</childid>
        <childid>3</childid>
        <childid>1</childid>
      </childlist>
    </blockref>
    <blockref>
      <blockid>flora_parts~, FE_muscle_branch_04</blockid>
      <transform>
        <limbtype>0</limbtype>
        <musclescale>0.5</musclescale>
        <basemusclescale>2.599998</basemusclescale>
        <scale>1</scale>
        <position>-0.00497982,-0.00139859,0.600000</position>
        <triangledirection>-0.0268859,0.0305509,0.999171</triangledirection>
        <trianglepickorigin>0,0,0</trianglepickorigin>
        <orientation>
          <row0>0.976802,0.213226,0.0197643</row0>
          <row1>-0.0268859,0.0305509,0.999171</row1>
          <row2>0.212446,-0.976525,0.0355750</row2>
        </orientation>
      </transform>
      <snapped>true</snapped>
      <childlist count="1">
        <childid>2</childid>
      </childlist>
      <handles count="1">
        <weight channel="longer">0.0433158</weight>
      </handles>
    </blockref>
    <blockref>
      <blockid>Creature_parts~, ce_grasper_null</blockid>
      <transform>
        <basemusclescale>1.549998</basemusclescale>
        <scale>3</scale>
        <position>0.00862015,-0.0168526,0.0945658</position>
        <triangledirection>0,0,-1</triangledirection>
        <trianglepickorigin>0,0,0</trianglepickorigin>
        <orientation>
          <row0>1,0,0</row0>
          <row1>0,0,-1</row1>
          <row2>0,1,0</row2>
        </orientation>
      </transform>
      <snapped>true</snapped>
    </blockref>
    <blockref>
      <blockid>flora_parts~, fe_muscle_branch_01</blockid>
      <transform>
        <limbtype>0</limbtype>
        <musclescale>0.724998</musclescale>
        <basemusclescale>2.599998</basemusclescale>
        <scale>1</scale>
        <position>-0.00497982,-0.00139859,0.600000</position>
        <triangledirection>-0.564868,0.646700,0.512544</triangledirection>
        <trianglepickorigin>0,0,0</trianglepickorigin>
        <orientation>
          <row0>-0.458941,-0.762413,0.456177</row0>
          <row1>-0.564868,0.646700,0.512544</row1>
          <row2>-0.685781,-0.0224526,-0.727461</row2>
        </orientation>
      </transform>
      <snapped>true</snapped>
      <childlist count="1">
        <childid>4</childid>
      </childlist>
      <handles count="1">
        <weight channel="longer">0.272215</weight>
      </handles>
    </blockref>
    <blockref>
      <blockid>Creature_parts~, ce_grasper_null</blockid>
      <transform>
        <basemusclescale>1.149998</basemusclescale>
        <scale>1</scale>
        <position>1.092233,-1.257561,-0.395577</position>
        <triangledirection>0,0,-1</triangledirection>
        <trianglepickorigin>0,0,0</trianglepickorigin>
        <orientation>
          <row0>1,0,0</row0>
          <row1>0,0,-1</row1>
          <row2>0,1,0</row2>
        </orientation>
      </transform>
      <snapped>true</snapped>
    </blockref>
    <blockref>
      <blockid>flora_parts~, fe_muscle_branch_01</blockid>
      <transform>
        <limbtype>0</limbtype>
        <musclescale>0.900000</musclescale>
        <basemusclescale>2.599998</basemusclescale>
        <scale>1</scale>
        <position>-0.00497982,-0.00139859,0.600000</position>
        <triangledirection>0.540792,0.536374,0.647954</triangledirection>
        <trianglepickorigin>0,0,0</trianglepickorigin>
        <orientation>
          <row0>-0.588683,-0.308888,0.747020</row0>
          <row1>0.540792,0.536374,0.647954</row1>
          <row2>-0.600828,0.785423,-0.148710</row2>
        </orientation>
      </transform>
      <snapped>true</snapped>
      <childlist count="2">
        <childid>22</childid>
        <childid>6</childid>
      </childlist>
      <handles count="1">
        <weight channel="longer">0.211769</weight>
      </handles>
    </blockref>
    <blockref>
      <blockid>Creature_parts~, ce_grasper_null</blockid>
      <transform>
        <basemusclescale>0.950000</basemusclescale>
        <scale>1</scale>
        <position>-0.850271,-0.839784,-0.412793</position>
        <triangledirection>0,0,-1</triangledirection>
        <trianglepickorigin>0,0,0</trianglepickorigin>
        <orientation>
          <row0>1,0,0</row0>
          <row1>0,0,-1</row1>
          <row2>0,1,0</row2>
        </orientation>
      </transform>
      <snapped>true</snapped>
    </blockref>
    <blockref>
      <blockid>flora_parts~, fe_muscle_branch_01</blockid>
      <transform>
        <limbtype>0</limbtype>
        <musclescale>0.650000</musclescale>
        <basemusclescale>2.599998</basemusclescale>
        <scale>1</scale>
        <position>-0.00497982,-0.00139859,0.600000</position>
        <triangledirection>-0.0531410,-0.630089,0.774702</triangledirection>
        <trianglepickorigin>0,0,0</trianglepickorigin>
        <orientation>
          <row0>0.915983,0.278200,0.289101</row0>
          <row1>-0.0531410,-0.630089,0.774702</row1>
          <row2>0.397682,-0.724977,-0.562367</row2>
        </orientation>
      </transform>
      <snapped>true</snapped>
      <childlist count="1">
        <childid>8</childid>
      </childlist>
      <handles count="1">
        <weight channel="longer">0.186995</weight>
      </handles>
    </blockref>
    <blockref>
      <blockid>Creature_parts~, ce_grasper_null</blockid>
      <transform>
        <basemusclescale>0.900000</basemusclescale>
        <scale>1</scale>
        <position>0.0698200,0.885501,-0.490455</position>
        <triangledirection>0,0,-1</triangledirection>
        <trianglepickorigin>0,0,0</trianglepickorigin>
        <orientation>
          <row0>1,0,0</row0>
          <row1>0,0,-1</row1>
          <row2>0,1,0</row2>
        </orientation>
      </transform>
      <snapped>true</snapped>
    </blockref>
    <blockref>
      <blockid>flora_parts~, fe_muscle_branch_01</blockid>
      <transform>
        <limbtype>0</limbtype>
        <musclescale>0.675000</musclescale>
        <basemusclescale>2.599998</basemusclescale>
        <scale>1</scale>
        <position>-0.00497982,-0.00139859,0.600000</position>
        <triangledirection>0.626663,-0.573771,0.527332</triangledirection>
        <trianglepickorigin>0,0,0</trianglepickorigin>
        <orientation>
          <row0>0.0863471,0.723640,0.684754</row0>
          <row1>0.626663,-0.573771,0.527332</row1>
          <row2>0.774491,0.383577,-0.503022</row2>
        </orientation>
      </transform>
      <snapped>true</snapped>
      <childlist count="2">
        <childid>23</childid>
        <childid>10</childid>
      </childlist>
      <handles count="1">
        <weight channel="longer">0.248674</weight>
      </handles>
    </blockref>
    <blockref>
      <blockid>Creature_parts~, ce_grasper_null</blockid>
      <transform>
        <basemusclescale>0.850000</basemusclescale>
        <scale>1</scale>
        <position>-1.129637,1.028336,-0.346392</position>
        <triangledirection>-9.99998e-7,0,-1</triangledirection>
        <trianglepickorigin>0,0,0</trianglepickorigin>
        <orientation>
          <row0>1,0,-9.99998e-7</row0>
          <row1>-9.99998e-7,0,-1</row1>
          <row2>0,1,0</row2>
        </orientation>
      </transform>
      <snapped>true</snapped>
    </blockref>
    <blockref>
      <blockid>flora_parts~, fe_muscle_branch_01</blockid>
      <transform>
        <limbtype>0</limbtype>
        <musclescale>0.5</musclescale>
        <basemusclescale>2.599998</basemusclescale>
        <scale>1</scale>
        <position>-0.00497982,-0.00139859,0.600000</position>
        <triangledirection>-0.754671,-0.388966,0.528370</triangledirection>
        <trianglepickorigin>0,0,0</trianglepickorigin>
        <orientation>
          <row0>-0.153114,-0.678670,-0.718305</row0>
          <row1>-0.754671,-0.388966,0.528370</row1>
          <row2>-0.637986,0.622986,-0.452617</row2>
        </orientation>
      </transform>
      <snapped>true</snapped>
      <childlist count="2">
        <childid>19</childid>
        <childid>12</childid>
      </childlist>
      <handles count="1">
        <weight channel="longer">0.265859</weight>
      </handles>
    </blockref>
    <blockref>
      <blockid>Creature_parts~, ce_grasper_null</blockid>
      <transform>
        <basemusclescale>1.149998</basemusclescale>
        <scale>1</scale>
        <position>1.430810,0.738623,-0.405245</position>
        <triangledirection>2e-6,10e-7,-1</triangledirection>
        <trianglepickorigin>0,0,0</trianglepickorigin>
        <orientation>
          <row0>1,-9.99998e-7,1.99999e-6</row0>
          <row1>2e-6,10e-7,-1</row1>
          <row2>9.99995e-7,1,1.00000e-6</row2>
        </orientation>
      </transform>
      <snapped>true</snapped>
    </blockref>
    <blockref>
      <blockid>flora_parts~, fe_muscle_branch_02</blockid>
      <transform>
        <limbtype>0</limbtype>
        <musclescale>0.524999</musclescale>
        <basemusclescale>2.599998</basemusclescale>
        <scale>1</scale>
        <position>-0.00497982,-0.00139859,0.600000</position>
        <triangledirection>0,0,-1</triangledirection>
        <trianglepickorigin>0,0,0</trianglepickorigin>
        <orientation>
          <row0>0.993401,0.114689,0</row0>
          <row1>0,0,-1</row1>
          <row2>-0.114689,0.993401,0</row2>
        </orientation>
      </transform>
      <snapped>true</snapped>
      <childlist count="3">
        <childid>21</childid>
        <childid>20</childid>
        <childid>16</childid>
      </childlist>
      <handles count="1">
        <weight channel="longer">0.280835</weight>
      </handles>
    </blockref>
    <blockref>
      <blockid>flora_parts~, fe_branch_03</blockid>
      <transform>
        <limbtype>2</limbtype>
        <musclescale>0.5</musclescale>
        <basemusclescale>1.860708</basemusclescale>
        <scale>2,958305</scale>
        <position>-0.00497982,-0.00139859,3.277629</position>
        <triangledirection>-4.47034e-8,-1.31130e-6,-1</triangledirection>
        <trianglepickorigin>0,0,0</trianglepickorigin>
        <orientation>
          <row0>0.979426,-0.201803,2.20840e-7</row0>
          <row1>-4.47034e-8,-1.31130e-6,-1</row1>
          <row2>0.201803,0.979426,-1.29334e-6</row2>
        </orientation>
      </transform>
      <snapped>true</snapped>
      <childlist count="2">
        <childid>18</childid>
        <childid>15</childid>
      </childlist>
      <handles count="3">
        <weight channel="DeformAxisForward">0.373455</weight>
        <weight channel="DeformAxisLeft">0.350041</weight>
        <weight channel="DeformAxisUp">0.940483</weight>
      </handles>
    </blockref>
    <blockref>
      <blockid>flora_parts~, fe_branch_03</blockid>
      <transform>
        <limbtype>2</limbtype>
        <musclescale>0.5</musclescale>
        <basemusclescale>1.964035</basemusclescale>
        <scale>2,362251</scale>
        <position>-0.00497965,-0.00139366,7.039783</position>
        <triangledirection>-0.820155,-0.257558,-0.510887</triangledirection>
        <trianglepickorigin>0,0,0</trianglepickorigin>
        <orientation>
          <row0>0.326332,-0.254124,-0.910454</row0>
          <row1>-0.881377,-0.429868,-0.195926</row1>
          <row2>-0.341586,0.866391,-0.364259</row2>
        </orientation>
        <userorientation>
          <userorientation_row0>0.962556,-0.271081,-3.72528e-9</userorientation_row0>
          <userorientation_row1>0.262948,0.933678,0.243103</userorientation_row1>
          <userorientation_row2>-0.0659007,-0.233999,0.970000</userorientation_row2>
        </userorientation>
      </transform>
      <snapped>true</snapped>
      <childlist count="2">
        <childid>24</childid>
        <childid>17</childid>
      </childlist>
      <handles count="3">
        <weight channel="DeformAxisForward">0.496151</weight>
        <weight channel="DeformAxisLeft">0.184107</weight>
        <weight channel="DeformAxisUp">1</weight>
      </handles>
    </blockref>
    <blockref>
      <blockid>flora_parts~, fe_muscle_branch_06</blockid>
      <transform>
        <limbtype>0</limbtype>
        <musclescale>0.249999</musclescale>
        <basemusclescale>2.262499</basemusclescale>
        <scale>1</scale>
        <position>-0.00497982,-0.00139859,2.596521</position>
        <triangledirection>0,0,-1</triangledirection>
        <trianglepickorigin>0,0,0</trianglepickorigin>
        <orientation>
          <row0>0.979426,-0.201802,0</row0>
          <row1>0,0,-1</row1>
          <row2>0.201802,0.979426,0</row2>
        </orientation>
      </transform>
      <snapped>true</snapped>
      <childlist count="1">
        <childid>14</childid>
      </childlist>
      <handles count="1">
        <weight channel="longer">0.0712408</weight>
      </handles>
    </blockref>
    <blockref>
      <blockid>flora_parts~, FE_leaf_08</blockid>
      <transform>
        <scale>4,481682</scale>
        <position>3.135563,1.020457,8.886479</position>
        <triangledirection>-0.864891,-0.0301988,-0.501048</triangledirection>
        <trianglepickorigin>0,0,0</trianglepickorigin>
        <orientation>
          <row0>-0.446518,0.894774,-1.04308e-7</row0>
          <row1>-0.832037,-0.415211,-0.367849</row1>
          <row2>-0.329142,-0.164251,0.929885</row2>
        </orientation>
        <userorientation>
          <userorientation_row0>0.932569,-0.345108,0.105894</userorientation_row0>
          <userorientation_row1>0.359169,0.916471,-0.176285</userorientation_row1>
          <userorientation_row2>-0.0362116,0.202433,0.978626</userorientation_row2>
        </userorientation>
      </transform>
      <snapped>false</snapped>
      <childlist count="2">
        <childid>29</childid>
        <childid>28</childid>
      </childlist>
      <handles count="4">
        <weight channel="DeformAxisLeft">1</weight>
        <weight channel="DeformAxisRight">1</weight>
        <weight channel="DeformAxisForward">0.331863</weight>
        <weight channel="DeformAxisUp">0.726977</weight>
      </handles>
    </blockref>
    <blockref>
      <blockid>flora_parts~, FE_leaf_08</blockid>
      <transform>
        <scale>5,612513</scale>
        <position>0.0736792,-0.153747,7.203919</position>
        <triangledirection>-0.0458810,-0.0476367,-0.997810</triangledirection>
        <trianglepickorigin>0,0,0</trianglepickorigin>
        <orientation>
          <row0>0.803246,0.595647,-1.34110e-7</row0>
          <row1>-0.105614,0.142423,-0.984155</row1>
          <row2>-0.586209,0.790518,0.177309</row2>
        </orientation>
        <userorientation>
          <userorientation_row0>0.956754,0.114858,0.267260</userorientation_row0>
          <userorientation_row1>-0.0652282,0.980061,-0.187683</userorientation_row1>
          <userorientation_row2>-0.283488,0.162132,0.945169</userorientation_row2>
        </userorientation>
      </transform>
      <snapped>false</snapped>
      <childlist count="5">
        <childid>33</childid>
        <childid>31</childid>
        <childid>27</childid>
        <childid>26</childid>
        <childid>25</childid>
      </childlist>
      <handles count="4">
        <weight channel="DeformAxisLeft">1</weight>
        <weight channel="DeformAxisRight">1</weight>
        <weight channel="DeformAxisForward">0.400000</weight>
        <weight channel="DeformAxisUp">0.603698</weight>
      </handles>
    </blockref>
    <blockref>
      <blockid>flora_parts~, fe_detail_03</blockid>
      <transform>
        <scale>0,927743</scale>
        <position>0.288915,0.645902,0.618381</position>
        <triangledirection>-0.616692,-0.623663,-0.480347</triangledirection>
        <trianglepickorigin>0,0,0</trianglepickorigin>
        <orientation>
          <row0>-0.909716,0.398106,0.118015</row0>
          <row1>-0.410262,-0.817931,-0.403326</row1>
          <row2>-0.0640379,-0.415330,0.907414</row2>
        </orientation>
        <userorientation>
          <userorientation_row0>0.966626,-0.254714,0.0274579</userorientation_row0>
          <userorientation_row1>0.256042,0.956857,-0.137355</userorientation_row1>
          <userorientation_row2>0.00871311,0.139801,0.990141</userorientation_row2>
        </userorientation>
      </transform>
      <snapped>false</snapped>
      <handles count="3">
        <weight channel="DeformAxisUp">0</weight>
        <weight channel="DeformAxisForward">1</weight>
        <weight channel="DeformAxisLeft">0.417991</weight>
      </handles>
    </blockref>
    <blockref>
      <blockid>flora_parts~, fe_detail_03</blockid>
      <transform>
        <scale>1,077880</scale>
        <position>0.0817271,-0.542125,0.605316</position>
        <triangledirection>0.244479,0.907045,-0.342780</triangledirection>
        <trianglepickorigin>0,0,0</trianglepickorigin>
        <orientation>
          <row0>0.894868,-0.0185237,-0.445944</row0>
          <row1>-0.177022,0.902462,-0.392713</row1>
          <row2>0.409723,0.430369,0.804306</row2>
        </orientation>
        <userorientation>
          <userorientation_row0>0.931663,-0.363319,1.56461e-7</userorientation_row0>
          <userorientation_row1>0.354836,0.909911,0.214832</userorientation_row1>
          <userorientation_row2>-0.0780531,-0.200151,0.976649</userorientation_row2>
        </userorientation>
      </transform>
      <snapped>false</snapped>
      <handles count="3">
        <weight channel="DeformAxisUp">0</weight>
        <weight channel="DeformAxisForward">0.854032</weight>
        <weight channel="DeformAxisLeft">0.5</weight>
      </handles>
    </blockref>
    <blockref>
      <blockid>flora_parts~, fe_detail_03</blockid>
      <transform>
        <scale>1,161830</scale>
        <position>0.499704,-0.0210599,0.371803</position>
        <triangledirection>-0.915999,0.239304,-0.321990</triangledirection>
        <trianglepickorigin>0,0,0</trianglepickorigin>
        <orientation>
          <row0>0.0371076,0.992173,0.119228</row0>
          <row1>-0.973124,0.00874260,0.230114</row1>
          <row2>0.227270,-0.124563,0.965832</row2>
        </orientation>
        <userorientation>
          <userorientation_row0>0.946346,-0.288357,-0.145870</userorientation_row0>
          <userorientation_row1>0.165050,0.819378,-0.548976</userorientation_row1>
          <userorientation_row2>0.277826,0.495445,0.823010</userorientation_row2>
        </userorientation>
      </transform>
      <snapped>false</snapped>
      <handles count="3">
        <weight channel="DeformAxisUp">0</weight>
        <weight channel="DeformAxisForward">0.940292</weight>
        <weight channel="DeformAxisLeft">0.5</weight>
      </handles>
    </blockref>
    <blockref>
      <blockid>flora_parts~, fe_detail_03</blockid>
      <transform>
        <scale>0,860706</scale>
        <position>-0.691239,-0.274415,0.554109</position>
        <triangledirection>0.949067,-0.0894692,-0.302101</triangledirection>
        <trianglepickorigin>0,0,0</trianglepickorigin>
        <orientation>
          <row0>0.243656,-0.965378,-0.0931474</row0>
          <row1>0.939250,0.258814,-0.225440</row1>
          <row2>0.241742,-0.0325588,0.969793</row2>
        </orientation>
        <userorientation>
          <userorientation_row0>0.938165,-0.346163,0.00403566</userorientation_row0>
          <userorientation_row1>0.345757,0.936362,-0.0606328</userorientation_row1>
          <userorientation_row2>0.0172099,0.0582790,0.998151</userorientation_row2>
        </userorientation>
      </transform>
      <snapped>false</snapped>
      <handles count="3">
        <weight channel="DeformAxisUp">0</weight>
        <weight channel="DeformAxisForward">0.798424</weight>
        <weight channel="DeformAxisLeft">0.693806</weight>
      </handles>
    </blockref>
    <blockref>
      <blockid>flora_parts~, fe_detail_03</blockid>
      <transform>
        <scale>0,798516</scale>
        <position>-0.329252,0.627620,0.500922</position>
        <triangledirection>0.194332,-0.795658,-0.573726</triangledirection>
        <trianglepickorigin>0,0,0</trianglepickorigin>
        <orientation>
          <row0>-0.956484,-0.239860,-0.166147</row0>
          <row1>0.287124,-0.672353,-0.682276</row1>
          <row2>0.0519417,-0.700291,0.711965</row2>
        </orientation>
        <userorientation>
          <userorientation_row0>0.994826,-0.101584,-5.96046e-8</userorientation_row0>
          <userorientation_row1>0.100295,0.982200,0.158813</userorientation_row1>
          <userorientation_row2>-0.0161328,-0.157992,0.987307</userorientation_row2>
        </userorientation>
      </transform>
      <snapped>false</snapped>
      <handles count="3">
        <weight channel="DeformAxisUp">0</weight>
        <weight channel="DeformAxisForward">0.787422</weight>
        <weight channel="DeformAxisLeft">0.651529</weight>
      </handles>
    </blockref>
    <blockref>
      <blockid>Creature_parts~, ce_grasper_null</blockid>
      <transform>
        <basemusclescale>1</basemusclescale>
        <scale>1</scale>
        <position>2.962831,0.930606,8.888483</position>
        <triangledirection>1.51245e-6,-1.45284e-6,-1</triangledirection>
        <trianglepickorigin>0,0,0</trianglepickorigin>
        <orientation>
          <row0>0.979426,-0.201803,1.77453e-6</row0>
          <row1>1.51245e-6,-1.45284e-6,-1</row1>
          <row2>0.201803,0.979426,-1.11774e-6</row2>
        </orientation>
      </transform>
      <snapped>true</snapped>
    </blockref>
    <blockref>
      <blockid>flora_parts~, FE_leaf_08</blockid>
      <transform>
        <scale>4,157852</scale>
        <position>-0.00438899,-0.628955,6.700414</position>
        <triangledirection>-0.0559986,0.997398,-0.0453922</triangledirection>
        <trianglepickorigin>0,0,0</trianglepickorigin>
        <orientation>
          <row0>0.993577,0.113159,2.98023e-8</row0>
          <row1>-0.111752,0.981223,0.157203</row1>
          <row2>0.0177889,-0.156193,0.987566</row2>
        </orientation>
        <userorientation>
          <userorientation_row0>0.996962,-0.0452836,0.0633587</userorientation_row0>
          <userorientation_row1>0.0572256,0.977792,-0.201610</userorientation_row1>
          <userorientation_row2>-0.0528219,0.204623,0.977414</userorientation_row2>
        </userorientation>
      </transform>
      <snapped>false</snapped>
      <childlist count="2">
        <childid>35</childid>
        <childid>30</childid>
      </childlist>
      <handles count="4">
        <weight channel="DeformAxisLeft">1</weight>
        <weight channel="DeformAxisRight">1</weight>
        <weight channel="DeformAxisForward">0.584582</weight>
        <weight channel="DeformAxisUp">0.832554</weight>
      </handles>
    </blockref>
    <blockref>
      <blockid>flora_parts~, FE_leaf_08</blockid>
      <transform>
        <scale>3,857420</scale>
        <position>-0.561685,0.0172718,8.275973</position>
        <triangledirection>0.989865,0.0173217,0.140943</triangledirection>
        <trianglepickorigin>0,0,0</trianglepickorigin>
        <orientation>
          <row0>0.504970,-0.863136,-3.27825e-7</row0>
          <row1>0.795453,0.465373,0.388177</row1>
          <row2>-0.335049,-0.196018,0.921584</row2>
        </orientation>
        <userorientation>
          <userorientation_row0>0.833862,-0.520166,-0.184661</userorientation_row0>
          <userorientation_row1>0.484902,0.850164,-0.205157</userorientation_row1>
          <userorientation_row2>0.263709,0.0815305,0.961150</userorientation_row2>
        </userorientation>
      </transform>
      <snapped>false</snapped>
      <childlist count="1">
        <childid>32</childid>
      </childlist>
      <handles count="4">
        <weight channel="DeformAxisLeft">1</weight>
        <weight channel="DeformAxisRight">1</weight>
        <weight channel="DeformAxisForward">0.655329</weight>
        <weight channel="DeformAxisUp">0.895666</weight>
      </handles>
    </blockref>
    <blockref>
      <blockid>flora_parts~, FE_leaf_08</blockid>
      <transform>
        <scale>3,857420</scale>
        <position>-0.0595876,0.534763,7.279950</position>
        <triangledirection>0.168655,-0.985309,-0.0267982</triangledirection>
        <trianglepickorigin>0,0,0</trianglepickorigin>
        <orientation>
          <row0>-0.739478,-0.673180,-3.72529e-9</row0>
          <row1>0.669110,-0.735007,-0.109794</row1>
          <row2>0.0739112,-0.0811903,0.993954</row2>
        </orientation>
        <userorientation>
          <userorientation_row0>0.833862,-0.520166,-0.184661</userorientation_row0>
          <userorientation_row1>0.538573,0.840002,0.0658269</userorientation_row1>
          <userorientation_row2>0.120875,-0.154345,0.980594</userorientation_row2>
        </userorientation>
      </transform>
      <snapped>false</snapped>
      <childlist count="1">
        <childid>34</childid>
      </childlist>
      <handles count="4">
        <weight channel="DeformAxisLeft">1</weight>
        <weight channel="DeformAxisRight">1</weight>
        <weight channel="DeformAxisForward">0.573015</weight>
        <weight channel="DeformAxisUp">0.760869</weight>
      </handles>
    </blockref>
    <blockref>
      <blockid>flora_parts~, fe_cap_01a</blockid>
      <transform>
        <scale>1</scale>
        <position>5.495537,0.849621,10.762887</position>
        <triangledirection>-0.974667,0.189025,0.119555</triangledirection>
        <trianglepickorigin>0,0,0</trianglepickorigin>
        <orientation>
          <row0>0.190390,0.981708,1.76951e-7</row0>
          <row1>-0.974667,0.189025,0.119555</row1>
          <row2>0.117368,-0.0227623,0.992827</row2>
        </orientation>
      </transform>
      <snapped>false</snapped>
    </blockref>
    <blockref>
      <blockid>flora_parts~, fe_cap_01a</blockid>
      <transform>
        <scale>1</scale>
        <position>3.378506,-0.303718,10.901287</position>
        <triangledirection>0.854858,0.516472,0.0497303</triangledirection>
        <trianglepickorigin>0,0,0</trianglepickorigin>
        <orientation>
          <row0>0.517112,-0.855917,1.49011e-8</row0>
          <row1>0.854858,0.516472,0.0497303</row1>
          <row2>-0.0425650,-0.0257161,0.998762</row2>
        </orientation>
      </transform>
      <snapped>false</snapped>
    </blockref>
    <blockref>
      <blockid>flora_parts~, fe_cap_01a</blockid>
      <transform>
        <scale>1</scale>
        <position>0.547472,-5.206087,9.488700</position>
        <triangledirection>-0.409198,0.911137,0.0488323</triangledirection>
        <trianglepickorigin>0,0,0</trianglepickorigin>
        <orientation>
          <row0>0.912226,0.409687,5.96046e-8</row0>
          <row1>-0.409198,0.911137,0.0488323</row1>
          <row2>0.0200059,-0.0445461,0.998807</row2>
        </orientation>
      </transform>
      <snapped>false</snapped>
    </blockref>
    <blockref>
      <blockid>flora_parts~, fe_cap_01a</blockid>
      <transform>
        <scale>1</scale>
        <position>0.626791,-0.486967,11.563943</position>
        <triangledirection>-0.405040,0.717429,-0.566777</triangledirection>
        <trianglepickorigin>0,0,0</trianglepickorigin>
        <orientation>
          <row0>0.870803,0.491631,1.19209e-7</row0>
          <row1>-0.405040,0.717429,-0.566777</row1>
          <row2>-0.278645,0.493551,0.823870</row2>
        </orientation>
      </transform>
      <snapped>false</snapped>
    </blockref>
    <blockref>
      <blockid>flora_parts~, fe_cap_01a</blockid>
      <transform>
        <scale>1</scale>
        <position>-5.631337,-1.174715,10.541443</position>
        <triangledirection>0.960475,-0.257859,-0.104857</triangledirection>
        <trianglepickorigin>0,0,0</trianglepickorigin>
        <orientation>
          <row0>-0.259288,-0.965799,-2.29105e-7</row0>
          <row1>0.960475,-0.257859,-0.104857</row1>
          <row2>0.101270,-0.0271884,0.994487</row2>
        </orientation>
      </transform>
      <snapped>false</snapped>
    </blockref>
    <blockref>
      <blockid>flora_parts~, fe_cap_01a</blockid>
      <transform>
        <scale>1</scale>
        <position>-1.664059,1.652524,10.703405</position>
        <triangledirection>0.522911,-0.851792,0.0318239</triangledirection>
        <trianglepickorigin>0,0,0</trianglepickorigin>
        <orientation>
          <row0>-0.852224,-0.523176,9.31322e-9</row0>
          <row1>0.522911,-0.851792,0.0318239</row1>
          <row2>-0.0166495,0.0271211,0.999493</row2>
        </orientation>
      </transform>
      <snapped>false</snapped>
    </blockref>
    <blockref>
      <blockid>flora_parts~, fe_cap_01a</blockid>
      <transform>
        <scale>1</scale>
        <position>-0.398175,4.963693,9.003298</position>
        <triangledirection>-0.236526,-0.937159,0.256489</triangledirection>
        <trianglepickorigin>0,0,0</trianglepickorigin>
        <orientation>
          <row0>-0.969595,0.244712,2.12341e-7</row0>
          <row1>-0.236526,-0.937159,0.256489</row1>
          <row2>0.0627663,0.248690,0.966547</row2>
        </orientation>
      </transform>
      <snapped>false</snapped>
    </blockref>
    <blockref>
      <blockid>flora_parts~, fe_cap_01a</blockid>
      <transform>
        <scale>1</scale>
        <position>-0.435805,-3.270918,10.266590</position>
        <triangledirection>0.427987,-0.888276,-0.166707</triangledirection>
        <trianglepickorigin>0,0,0</trianglepickorigin>
        <orientation>
          <row0>-0.900883,-0.434061,-8.94069e-8</row0>
          <row1>0.427987,-0.888276,-0.166707</row1>
          <row2>0.0723610,-0.150183,0.986006</row2>
        </orientation>
      </transform>
      <snapped>false</snapped>
    </blockref>
  </blocks></sporemodel>