spore0005438f6347406662006996f035d816b417ffffffffffffffff0000000ebfdb7f4c06KChangfffffffffffffffe07Phendyl0000000<?xml version="1.0" encoding="UTF-8"?><sporemodel>
  <properties>
    <modeltype>PlantMedium</modeltype>
    <skineffectseed1>4660</skineffectseed1>
    <skineffectseed2>4660</skineffectseed2>
    <skineffectseed3>4660</skineffectseed3>
    <skincolor1>0.576470,0.501960,0.341175</skincolor1>
    <skincolor2>0.321568,0.443136,0.443136</skincolor2>
    <skincolor3>0.411764,0.694118,0.694118</skincolor3>
    <zcorpscore>29</zcorpscore>
  </properties>
  <blocks count="33">
    <blockref>
      <blockid>flora_parts~, fe_root_dummy</blockid>
      <transform>
        <scale>1</scale>
        <position>0,0,0.600000</position>
        <triangledirection>0,1,0</triangledirection>
        <trianglepickorigin>0,0,0</trianglepickorigin>
        <orientation>
          <row0>1,0,0</row0>
          <row1>0,1,0</row1>
          <row2>0,0,1</row2>
        </orientation>
      </transform>
      <snapped>false</snapped>
      <childlist count="7">
        <childid>16</childid>
        <childid>13</childid>
        <childid>10</childid>
        <childid>7</childid>
        <childid>4</childid>
        <childid>3</childid>
        <childid>1</childid>
      </childlist>
    </blockref>
    <blockref>
      <blockid>flora_parts~, FE_muscle_branch_04</blockid>
      <transform>
        <limbtype>0</limbtype>
        <musclescale>0.550000</musclescale>
        <basemusclescale>2.25</basemusclescale>
        <scale>1</scale>
        <position>0,0,0.600000</position>
        <triangledirection>0.00436399,0.0160359,0.999861</triangledirection>
        <trianglepickorigin>0,0,0</trianglepickorigin>
        <orientation>
          <row0>-0.0934408,0.995503,-0.0155582</row0>
          <row1>0.00436399,0.0160359,0.999861</row1>
          <row2>0.995615,0.0933600,-0.00584279</row2>
        </orientation>
      </transform>
      <snapped>true</snapped>
      <childlist count="1">
        <childid>2</childid>
      </childlist>
      <handles count="1">
        <weight channel="longer">0.100851</weight>
      </handles>
    </blockref>
    <blockref>
      <blockid>Creature_parts~, ce_grasper_null</blockid>
      <transform>
        <basemusclescale>1.299999</basemusclescale>
        <scale>1</scale>
        <position>-0.00378299,-0.0139019,-0.266830</position>
        <triangledirection>0,0,-1</triangledirection>
        <trianglepickorigin>0,0,0</trianglepickorigin>
        <orientation>
          <row0>1,0,0</row0>
          <row1>0,0,-1</row1>
          <row2>0,1,0</row2>
        </orientation>
      </transform>
      <snapped>true</snapped>
    </blockref>
    <blockref>
      <blockid>flora_parts~, fe_muscle_branch_01</blockid>
      <transform>
        <limbtype>0</limbtype>
        <musclescale>1</musclescale>
        <basemusclescale>2.25</basemusclescale>
        <scale>1</scale>
        <position>0,0,0.600000</position>
        <triangledirection>0,0,-1</triangledirection>
        <trianglepickorigin>0,0,0</trianglepickorigin>
        <orientation>
          <row0>-0.788060,-0.615598,0</row0>
          <row1>0,0,-1</row1>
          <row2>0.615598,-0.788060,0</row2>
        </orientation>
      </transform>
      <snapped>true</snapped>
      <childlist count="1">
        <childid>19</childid>
      </childlist>
      <handles count="1">
        <weight channel="longer">0.00555499</weight>
      </handles>
    </blockref>
    <blockref>
      <blockid>flora_parts~, fe_muscle_branch_01</blockid>
      <transform>
        <limbtype>0</limbtype>
        <musclescale>1</musclescale>
        <basemusclescale>2.25</basemusclescale>
        <scale>1</scale>
        <position>0,0,0.600000</position>
        <triangledirection>-0.669671,0.598420,-0.439811</triangledirection>
        <trianglepickorigin>0,0,0</trianglepickorigin>
        <orientation>
          <row0>0.699363,0.308906,-0.644567</row0>
          <row1>-0.669671,0.598420,-0.439811</row1>
          <row2>0.249861,0.739236,0.625378</row2>
        </orientation>
      </transform>
      <snapped>true</snapped>
      <childlist count="1">
        <childid>5</childid>
      </childlist>
      <handles count="1">
        <weight channel="longer">0.0967069</weight>
      </handles>
    </blockref>
    <blockref>
      <blockid>flora_parts~, fe_muscle_branch_01</blockid>
      <transform>
        <limbtype>0</limbtype>
        <musclescale>1</musclescale>
        <basemusclescale>1.25</basemusclescale>
        <scale>1</scale>
        <position>0.563149,-0.503232,0.969851</position>
        <triangledirection>-0.0749539,0.397439,-0.914561</triangledirection>
        <trianglepickorigin>0,0,0</trianglepickorigin>
        <orientation>
          <row0>0.988290,0.151845,-0.0150091</row0>
          <row1>-0.0749539,0.397439,-0.914561</row1>
          <row2>-0.132906,0.904977,0.404167</row2>
        </orientation>
      </transform>
      <snapped>true</snapped>
      <childlist count="2">
        <childid>32</childid>
        <childid>6</childid>
      </childlist>
      <handles count="1">
        <weight channel="longer">0.0967069</weight>
      </handles>
    </blockref>
    <blockref>
      <blockid>Creature_parts~, ce_grasper_null</blockid>
      <transform>
        <basemusclescale>0.75</basemusclescale>
        <scale>1</scale>
        <position>0.626179,-0.837452,1.738937</position>
        <triangledirection>-0.644721,0.256964,0.719932</triangledirection>
        <trianglepickorigin>0,0,0</trianglepickorigin>
        <orientation>
          <row0>0.511386,0.845007,0.156354</row0>
          <row1>-0.644721,0.256964,0.719932</row1>
          <row2>0.568170,-0.468968,0.676202</row2>
        </orientation>
      </transform>
      <snapped>true</snapped>
    </blockref>
    <blockref>
      <blockid>flora_parts~, fe_muscle_branch_01</blockid>
      <transform>
        <limbtype>0</limbtype>
        <musclescale>1</musclescale>
        <basemusclescale>2.25</basemusclescale>
        <scale>1</scale>
        <position>0,0,0.600000</position>
        <triangledirection>-0.719950,-0.382501,-0.579107</triangledirection>
        <trianglepickorigin>0,0,0</trianglepickorigin>
        <orientation>
          <row0>0.684426,-0.529602,-0.501080</row0>
          <row1>-0.719950,-0.382501,-0.579107</row1>
          <row2>0.115032,0.757108,-0.643081</row2>
        </orientation>
      </transform>
      <snapped>true</snapped>
      <childlist count="1">
        <childid>8</childid>
      </childlist>
      <handles count="1">
        <weight channel="longer">0.0967069</weight>
      </handles>
    </blockref>
    <blockref>
      <blockid>flora_parts~, fe_muscle_branch_01</blockid>
      <transform>
        <limbtype>0</limbtype>
        <musclescale>1</musclescale>
        <basemusclescale>0.900000</basemusclescale>
        <scale>1</scale>
        <position>0.605430,0.321658,1.086991</position>
        <triangledirection>0,-9.99997e-7,-1</triangledirection>
        <trianglepickorigin>0,0,0</trianglepickorigin>
        <orientation>
          <row0>0.993791,0.111257,-1.11256e-7</row0>
          <row1>0,-9.99997e-7,-1</row1>
          <row2>-0.111257,0.993791,-9.93789e-7</row2>
        </orientation>
      </transform>
      <snapped>true</snapped>
      <childlist count="3">
        <childid>26</childid>
        <childid>21</childid>
        <childid>9</childid>
      </childlist>
      <handles count="1">
        <weight channel="longer">0.0967069</weight>
      </handles>
    </blockref>
    <blockref>
      <blockid>Creature_parts~, ce_grasper_null</blockid>
      <transform>
        <basemusclescale>0.699999</basemusclescale>
        <scale>1</scale>
        <position>0.605430,0.321659,1.927926</position>
        <triangledirection>-0.911136,0.363066,-0.194969</triangledirection>
        <trianglepickorigin>0,0,0</trianglepickorigin>
        <orientation>
          <row0>0.381426,0.563838,-0.732529</row0>
          <row1>-0.911136,0.363066,-0.194969</row1>
          <row2>0.156025,0.741800,0.652217</row2>
        </orientation>
      </transform>
      <snapped>true</snapped>
    </blockref>
    <blockref>
      <blockid>flora_parts~, fe_muscle_branch_01</blockid>
      <transform>
        <limbtype>0</limbtype>
        <musclescale>1</musclescale>
        <basemusclescale>2.25</basemusclescale>
        <scale>1</scale>
        <position>0,0,0.600000</position>
        <triangledirection>0.514485,0.806192,-0.292163</triangledirection>
        <trianglepickorigin>0,0,0</trianglepickorigin>
        <orientation>
          <row0>0.496931,-0.00264094,0.867785</row0>
          <row1>0.514485,0.806192,-0.292163</row1>
          <row2>-0.698830,0.591647,0.401981</row2>
        </orientation>
      </transform>
      <snapped>true</snapped>
      <childlist count="1">
        <childid>11</childid>
      </childlist>
      <handles count="1">
        <weight channel="longer">0.0967069</weight>
      </handles>
    </blockref>
    <blockref>
      <blockid>flora_parts~, fe_muscle_branch_01</blockid>
      <transform>
        <limbtype>0</limbtype>
        <musclescale>1</musclescale>
        <basemusclescale>1.049999</basemusclescale>
        <scale>1</scale>
        <position>-0.432648,-0.677953,0.845690</position>
        <triangledirection>0,0,-1</triangledirection>
        <trianglepickorigin>0,0,0</trianglepickorigin>
        <orientation>
          <row0>0.999166,0.0408270,0</row0>
          <row1>0,0,-1</row1>
          <row2>-0.0408270,0.999166,0</row2>
        </orientation>
      </transform>
      <snapped>true</snapped>
      <childlist count="2">
        <childid>28</childid>
        <childid>12</childid>
      </childlist>
      <handles count="1">
        <weight channel="longer">0.0709500</weight>
      </handles>
    </blockref>
    <blockref>
      <blockid>Creature_parts~, ce_grasper_null</blockid>
      <transform>
        <basemusclescale>0.800000</basemusclescale>
        <scale>1</scale>
        <position>-0.432648,-0.677953,1.524974</position>
        <triangledirection>-0.564662,0.779418,-0.271409</triangledirection>
        <trianglepickorigin>0,0,0</trianglepickorigin>
        <orientation>
          <row0>0.340902,0.519751,0.783354</row0>
          <row1>-0.564662,0.779418,-0.271409</row1>
          <row2>-0.751626,-0.349806,0.559190</row2>
        </orientation>
      </transform>
      <snapped>true</snapped>
    </blockref>
    <blockref>
      <blockid>flora_parts~, fe_muscle_branch_01</blockid>
      <transform>
        <limbtype>0</limbtype>
        <musclescale>1</musclescale>
        <basemusclescale>2.25</basemusclescale>
        <scale>1</scale>
        <position>0,0,0.600000</position>
        <triangledirection>0.425497,-0.828466,-0.364137</triangledirection>
        <trianglepickorigin>0,0,0</trianglepickorigin>
        <orientation>
          <row0>0.898408,0.435039,0.0600183</row0>
          <row1>0.425497,-0.828466,-0.364137</row1>
          <row2>-0.108690,0.352681,-0.929409</row2>
        </orientation>
      </transform>
      <snapped>true</snapped>
      <childlist count="1">
        <childid>14</childid>
      </childlist>
      <handles count="1">
        <weight channel="longer">0.0967069</weight>
      </handles>
    </blockref>
    <blockref>
      <blockid>flora_parts~, fe_muscle_branch_01</blockid>
      <transform>
        <limbtype>0</limbtype>
        <musclescale>1</musclescale>
        <basemusclescale>1.200000</basemusclescale>
        <scale>1</scale>
        <position>-0.357815,0.696684,0.906215</position>
        <triangledirection>-0.177929,-0.212984,-0.960717</triangledirection>
        <trianglepickorigin>0,0,0</trianglepickorigin>
        <orientation>
          <row0>0.973256,0.106071,-0.203767</row0>
          <row1>-0.177929,-0.212984,-0.960717</row1>
          <row2>-0.145303,0.971280,-0.188415</row2>
        </orientation>
      </transform>
      <snapped>true</snapped>
      <childlist count="2">
        <childid>20</childid>
        <childid>15</childid>
      </childlist>
      <handles count="1">
        <weight channel="longer">0.0967069</weight>
      </handles>
    </blockref>
    <blockref>
      <blockid>Creature_parts~, ce_grasper_null</blockid>
      <transform>
        <basemusclescale>0.75</basemusclescale>
        <scale>1</scale>
        <position>-0.208188,0.875791,1.714114</position>
        <triangledirection>-0.911132,0.363073,-0.194972</triangledirection>
        <trianglepickorigin>0,0,0</trianglepickorigin>
        <orientation>
          <row0>0.381434,0.563837,-0.732526</row0>
          <row1>-0.911132,0.363073,-0.194972</row1>
          <row2>0.156028,0.741798,0.652219</row2>
        </orientation>
      </transform>
      <snapped>true</snapped>
    </blockref>
    <blockref>
      <blockid>flora_parts~, fe_muscle_branch_01</blockid>
      <transform>
        <limbtype>0</limbtype>
        <musclescale>1</musclescale>
        <basemusclescale>2.25</basemusclescale>
        <scale>1</scale>
        <position>0,0,0.600000</position>
        <triangledirection>0.967038,-0.0739439,-0.243655</triangledirection>
        <trianglepickorigin>0,0,0</trianglepickorigin>
        <orientation>
          <row0>0.137196,0.957435,0.253955</row0>
          <row1>0.967038,-0.0739439,-0.243655</row1>
          <row2>-0.214506,0.279013,-0.936022</row2>
        </orientation>
      </transform>
      <snapped>true</snapped>
      <childlist count="1">
        <childid>17</childid>
      </childlist>
      <handles count="1">
        <weight channel="longer">0.0967069</weight>
      </handles>
    </blockref>
    <blockref>
      <blockid>flora_parts~, fe_muscle_branch_01</blockid>
      <transform>
        <limbtype>0</limbtype>
        <musclescale>1</musclescale>
        <basemusclescale>1.049999</basemusclescale>
        <scale>1</scale>
        <position>-0.813215,0.0621820,0.804898</position>
        <triangledirection>0.282540,-0.0405069,-0.958399</triangledirection>
        <trianglepickorigin>0,0,0</trianglepickorigin>
        <orientation>
          <row0>0.956102,0.0928314,0.277940</row0>
          <row1>0.282540,-0.0405069,-0.958399</row1>
          <row2>-0.0777110,0.994857,-0.0649574</row2>
        </orientation>
      </transform>
      <snapped>true</snapped>
      <childlist count="2">
        <childid>24</childid>
        <childid>18</childid>
      </childlist>
      <handles count="1">
        <weight channel="longer">0.0967069</weight>
      </handles>
    </blockref>
    <blockref>
      <blockid>Creature_parts~, ce_grasper_null</blockid>
      <transform>
        <basemusclescale>0.75</basemusclescale>
        <scale>1</scale>
        <position>-1.050812,0.0962459,1.610848</position>
        <triangledirection>-0.911130,0.363077,-0.194975</triangledirection>
        <trianglepickorigin>0,0,0</trianglepickorigin>
        <orientation>
          <row0>0.381439,0.563837,-0.732523</row0>
          <row1>-0.911130,0.363077,-0.194975</row1>
          <row2>0.156028,0.741796,0.652221</row2>
        </orientation>
      </transform>
      <snapped>true</snapped>
    </blockref>
    <blockref>
      <blockid>Creature_parts~, ce_grasper_null</blockid>
      <transform>
        <basemusclescale>1</basemusclescale>
        <scale>1</scale>
        <position>0,0,0.868863</position>
        <triangledirection>-0.156026,-0.741801,-0.652215</triangledirection>
        <trianglepickorigin>0,0,0</trianglepickorigin>
        <orientation>
          <row0>0.980054,-0.0339838,-0.195802</row0>
          <row1>-0.156026,-0.741801,-0.652215</row1>
          <row2>-0.123081,0.669757,-0.732308</row2>
        </orientation>
      </transform>
      <snapped>true</snapped>
    </blockref>
    <blockref>
      <blockid>flora_parts~, FE_leaf_35</blockid>
      <transform>
        <scale>0,798516</scale>
        <position>-0.200913,0.954086,1.776373</position>
        <triangledirection>-0.542106,-0.528798,-0.653124</triangledirection>
        <trianglepickorigin>0,0,0</trianglepickorigin>
        <orientation>
          <row0>-0.977980,-0.0699309,0.196630</row0>
          <row1>-0.0856046,-0.724853,-0.683563</row1>
          <row2>0.190330,-0.685344,0.702906</row2>
        </orientation>
        <userorientation>
          <userorientation_row0>-0.500667,0.422982,0.755302</userorientation_row0>
          <userorientation_row1>0.438724,0.876160,-0.199855</userorientation_row1>
          <userorientation_row2>-0.746266,0.231281,-0.624212</userorientation_row2>
        </userorientation>
      </transform>
      <snapped>false</snapped>
      <childlist count="1">
        <childid>23</childid>
      </childlist>
      <handles count="3">
        <weight channel="DeformAxisLeft">0</weight>
        <weight channel="DeformAxisForward">0.454685</weight>
        <weight channel="DeformAxisUp">0.657628</weight>
      </handles>
    </blockref>
    <blockref>
      <blockid>flora_parts~, fe_cap_02a</blockid>
      <transform>
        <scale>1</scale>
        <position>0.652425,0.375917,1.875014</position>
        <triangledirection>-0.476594,-0.878951,-0.0173734</triangledirection>
        <trianglepickorigin>0,0,0</trianglepickorigin>
        <orientation>
          <row0>-0.744525,0.667594,-2.83122e-7</row0>
          <row1>-0.662459,-0.738798,-0.123792</row1>
          <row2>-0.0826431,-0.0921661,0.992308</row2>
        </orientation>
        <userorientation>
          <userorientation_row0>0.939382,0.195203,0.281881</userorientation_row0>
          <userorientation_row1>-0.231947,0.967242,0.103157</userorientation_row1>
          <userorientation_row2>-0.252511,-0.162285,0.953888</userorientation_row2>
        </userorientation>
      </transform>
      <snapped>false</snapped>
    </blockref>
    <blockref>
      <blockid>flora_parts~, fe_cap_02a</blockid>
      <transform>
        <scale>1</scale>
        <position>-0.866962,-0.542283,2.252729</position>
        <triangledirection>0.905831,-0.0614834,0.419152</triangledirection>
        <trianglepickorigin>0,0,0</trianglepickorigin>
        <orientation>
          <row0>-0.567129,-0.823628,4.47034e-8</row0>
          <row1>0.806817,-0.555553,0.201010</row1>
          <row2>-0.165558,0.113999,0.979588</row2>
        </orientation>
        <userorientation>
          <userorientation_row0>0.886086,0.450079,0.110801</userorientation_row0>
          <userorientation_row1>-0.463083,0.849252,0.253619</userorientation_row1>
          <userorientation_row2>0.0200510,-0.276040,0.960936</userorientation_row2>
        </userorientation>
      </transform>
      <snapped>false</snapped>
    </blockref>
    <blockref>
      <blockid>flora_parts~, fe_cap_02a</blockid>
      <transform>
        <scale>1</scale>
        <position>0.232967,1.643477,2.561121</position>
        <triangledirection>0.317342,0.0369143,-0.947593</triangledirection>
        <trianglepickorigin>0,0,0</trianglepickorigin>
        <orientation>
          <row0>0.269580,-0.950565,-0.154119</row0>
          <row1>0.0738978,0.179993,-0.980888</row1>
          <row2>0.960138,0.253039,0.118767</row2>
        </orientation>
        <userorientation>
          <userorientation_row0>0.964390,-0.226249,0.136980</userorientation_row0>
          <userorientation_row1>0.196501,0.959578,0.201490</userorientation_row1>
          <userorientation_row2>-0.177030,-0.167397,0.969865</userorientation_row2>
        </userorientation>
      </transform>
      <snapped>false</snapped>
    </blockref>
    <blockref>
      <blockid>flora_parts~, FE_leaf_35</blockid>
      <transform>
        <scale>1</scale>
        <position>-1.129248,0.164831,1.587310</position>
        <triangledirection>0.574149,-0.633694,-0.518475</triangledirection>
        <trianglepickorigin>0,0,0</trianglepickorigin>
        <orientation>
          <row0>-0.650418,-0.742453,-0.160371</row0>
          <row1>0.759202,-0.642063,-0.106613</row1>
          <row2>-0.0238131,-0.191098,0.981282</row2>
        </orientation>
        <userorientation>
          <userorientation_row0>-0.778415,0.379649,0.499969</userorientation_row0>
          <userorientation_row1>0.180200,0.898043,-0.401344</userorientation_row1>
          <userorientation_row2>-0.601366,-0.222322,-0.767432</userorientation_row2>
        </userorientation>
      </transform>
      <snapped>false</snapped>
      <childlist count="1">
        <childid>25</childid>
      </childlist>
      <handles count="3">
        <weight channel="DeformAxisLeft">0</weight>
        <weight channel="DeformAxisForward">0</weight>
        <weight channel="DeformAxisUp">0.628968</weight>
      </handles>
    </blockref>
    <blockref>
      <blockid>flora_parts~, fe_cap_02a</blockid>
      <transform>
        <scale>1</scale>
        <position>-1.264827,1.005710,2.108337</position>
        <triangledirection>0.212983,-0.976995,0.0109544</triangledirection>
        <trianglepickorigin>0,0,0</trianglepickorigin>
        <orientation>
          <row0>-0.908316,-0.397687,0.129639</row0>
          <row1>0.365100,-0.905028,-0.218232</row1>
          <row2>0.204115,-0.150892,0.967247</row2>
        </orientation>
        <userorientation>
          <userorientation_row0>0.951285,-0.236370,0.197956</userorientation_row0>
          <userorientation_row1>0.196501,0.959578,0.201490</userorientation_row1>
          <userorientation_row2>-0.237580,-0.152775,0.959277</userorientation_row2>
        </userorientation>
      </transform>
      <snapped>false</snapped>
    </blockref>
    <blockref>
      <blockid>flora_parts~, FE_leaf_35</blockid>
      <transform>
        <scale>0,798516</scale>
        <position>0.601269,0.312137,1.977633</position>
        <triangledirection>-0.291494,-0.232087,-0.927991</triangledirection>
        <trianglepickorigin>0,0,0</trianglepickorigin>
        <orientation>
          <row0>0.894783,-0.446500,1.02072e-6</row0>
          <row1>0.0659229,0.132106,-0.989040</row1>
          <row2>0.441606,0.884977,0.147641</row2>
        </orientation>
        <userorientation>
          <userorientation_row0>-0.531546,0.327700,0.781069</userorientation_row0>
          <userorientation_row1>-0.157198,0.867944,-0.471127</userorientation_row1>
          <userorientation_row2>-0.832313,-0.373208,-0.409839</userorientation_row2>
        </userorientation>
      </transform>
      <snapped>false</snapped>
      <childlist count="1">
        <childid>29</childid>
      </childlist>
      <handles count="3">
        <weight channel="DeformAxisLeft">0</weight>
        <weight channel="DeformAxisForward">0.580738</weight>
        <weight channel="DeformAxisUp">0.0704450</weight>
      </handles>
    </blockref>
    <blockref>
      <blockid>flora_parts~, fe_cap_02a</blockid>
      <transform>
        <scale>1</scale>
        <position>0.734483,-1.331019,2.055240</position>
        <triangledirection>0.514748,0.510701,0.688635</triangledirection>
        <trianglepickorigin>0,0,0</trianglepickorigin>
        <orientation>
          <row0>0.870333,-0.492462,-2.83122e-7</row0>
          <row1>0.414154,0.731939,0.541055</row1>
          <row2>-0.266449,-0.470898,0.840986</row2>
        </orientation>
        <userorientation>
          <userorientation_row0>0.964390,-0.226249,0.136980</userorientation_row0>
          <userorientation_row1>0.196501,0.959578,0.201490</userorientation_row1>
          <userorientation_row2>-0.177030,-0.167397,0.969865</userorientation_row2>
        </userorientation>
      </transform>
      <snapped>false</snapped>
    </blockref>
    <blockref>
      <blockid>flora_parts~, FE_leaf_35</blockid>
      <transform>
        <scale>1,252320</scale>
        <position>-0.467759,-0.715525,1.553540</position>
        <triangledirection>0.377218,0.209835,-0.902039</triangledirection>
        <trianglepickorigin>0,0,0</trianglepickorigin>
        <orientation>
          <row0>0.753309,-0.657666,-2.08616e-7</row0>
          <row1>0.452465,0.518266,-0.725724</row1>
          <row2>0.477284,0.546694,0.687985</row2>
        </orientation>
        <userorientation>
          <userorientation_row0>-0.966612,0.0647699,-0.247923</userorientation_row0>
          <userorientation_row1>0.146160,0.934061,-0.325834</userorientation_row1>
          <userorientation_row2>0.210471,-0.351191,-0.912340</userorientation_row2>
        </userorientation>
      </transform>
      <snapped>false</snapped>
      <childlist count="3">
        <childid>31</childid>
        <childid>30</childid>
        <childid>22</childid>
      </childlist>
      <handles count="3">
        <weight channel="DeformAxisLeft">0</weight>
        <weight channel="DeformAxisForward">0.370471</weight>
        <weight channel="DeformAxisUp">0.0981859</weight>
      </handles>
    </blockref>
    <blockref>
      <blockid>flora_parts~, FE_leaf_35</blockid>
      <transform>
        <scale>1,161830</scale>
        <position>1.497805,0.266858,3.133094</position>
        <triangledirection>0.115228,0.440696,-0.890229</triangledirection>
        <trianglepickorigin>0,0,0</trianglepickorigin>
        <orientation>
          <row0>0.816587,-0.491914,-0.302001</row0>
          <row1>0.186179,0.719695,-0.668861</row1>
          <row2>0.546371,0.489957,0.679279</row2>
        </orientation>
        <userorientation>
          <userorientation_row0>-0.0929959,0.340885,0.935494</userorientation_row0>
          <userorientation_row1>0.146160,0.934061,-0.325834</userorientation_row1>
          <userorientation_row2>-0.984880,0.106430,-0.136687</userorientation_row2>
        </userorientation>
      </transform>
      <snapped>false</snapped>
      <handles count="3">
        <weight channel="DeformAxisLeft">0</weight>
        <weight channel="DeformAxisForward">0</weight>
        <weight channel="DeformAxisUp">0.628968</weight>
      </handles>
    </blockref>
    <blockref>
      <blockid>flora_parts~, FE_leaf_35</blockid>
      <transform>
        <scale>0,798516</scale>
        <position>-0.698634,-1.016180,2.614888</position>
        <triangledirection>0.291998,0.603565,-0.741920</triangledirection>
        <trianglepickorigin>0,0,0</trianglepickorigin>
        <orientation>
          <row0>0.973458,-0.228864,-6.22123e-5</row0>
          <row1>0.199445,0.848457,-0.490246</row1>
          <row2>0.112252,0.477221,0.871583</row2>
        </orientation>
        <userorientation>
          <userorientation_row0>-0.659439,-0.153525,-0.735913</userorientation_row0>
          <userorientation_row1>0.146160,0.934061,-0.325834</userorientation_row1>
          <userorientation_row2>0.737412,-0.322429,-0.593517</userorientation_row2>
        </userorientation>
      </transform>
      <snapped>false</snapped>
      <handles count="3">
        <weight channel="DeformAxisLeft">0</weight>
        <weight channel="DeformAxisForward">0.479779</weight>
        <weight channel="DeformAxisUp">0.342299</weight>
      </handles>
    </blockref>
    <blockref>
      <blockid>flora_parts~, FE_leaf_35</blockid>
      <transform>
        <scale>0,927740</scale>
        <position>-1.253233,0.632852,2.875923</position>
        <triangledirection>0.138110,-0.222715,-0.965072</triangledirection>
        <trianglepickorigin>0,0,0</trianglepickorigin>
        <orientation>
          <row0>-0.909163,-0.416439,-4.17232e-6</row0>
          <row1>0.249093,-0.543807,-0.801390</row1>
          <row2>0.333728,-0.728595,0.598141</row2>
        </orientation>
        <userorientation>
          <userorientation_row0>-0.872593,0.153379,0.463785</userorientation_row0>
          <userorientation_row1>-0.0328129,0.928916,-0.368889</userorientation_row1>
          <userorientation_row2>-0.487396,-0.337108,-0.805522</userorientation_row2>
        </userorientation>
      </transform>
      <snapped>false</snapped>
      <handles count="3">
        <weight channel="DeformAxisLeft">0</weight>
        <weight channel="DeformAxisForward">0.373299</weight>
        <weight channel="DeformAxisUp">0.628968</weight>
      </handles>
    </blockref>
    <blockref>
      <blockid>flora_parts~, FE_leaf_35</blockid>
      <transform>
        <scale>1,161830</scale>
        <position>0.643534,-0.832856,1.763095</position>
        <triangledirection>-0.156247,0.552673,-0.818620</triangledirection>
        <trianglepickorigin>0,0,0</trianglepickorigin>
        <orientation>
          <row0>0.463170,0.886269,8.04662e-7</row0>
          <row1>-0.385991,0.201722,-0.900176</row1>
          <row2>-0.797798,0.416935,0.435524</row2>
        </orientation>
        <userorientation>
          <userorientation_row0>-0.908699,0.417443,-0.00248899</userorientation_row0>
          <userorientation_row1>0.417447,0.908700,-0.00144599</userorientation_row1>
          <userorientation_row2>0.00165899,-0.00235299,-0.999996</userorientation_row2>
        </userorientation>
      </transform>
      <snapped>false</snapped>
      <childlist count="1">
        <childid>27</childid>
      </childlist>
      <handles count="3">
        <weight channel="DeformAxisLeft">0</weight>
        <weight channel="DeformAxisForward">0.432354</weight>
        <weight channel="DeformAxisUp">0.628968</weight>
      </handles>
    </blockref>
  </blocks></sporemodel>