spore0005438f634740666200fd947988d816b417ffffffffffffffff0000000ebfdb7f3c06KChangfffffffffffffffe04Ujik0000000<?xml version="1.0" encoding="UTF-8"?><sporemodel>
  <properties>
    <modeltype>PlantLarge</modeltype>
    <skineffectseed1>1234</skineffectseed1>
    <skineffectseed2>1234</skineffectseed2>
    <skineffectseed3>1234</skineffectseed3>
    <skincolor1>0.498039,0.576469,0.576469</skincolor1>
    <skincolor2>0.262743,0.443135,0.443135</skincolor2>
    <skincolor3>0.474510,0.803922,0.803922</skincolor3>
    <zcorpscore>10</zcorpscore>
  </properties>
  <blocks count="34">
    <blockref>
      <blockid>flora_parts~, fe_root_dummy</blockid>
      <transform>
        <scale>1</scale>
        <position>-0.00472112,-0.00160807,0.600000</position>
        <triangledirection>0,1,0</triangledirection>
        <trianglepickorigin>0,0,0</trianglepickorigin>
        <orientation>
          <row0>1,0,0</row0>
          <row1>0,1,0</row1>
          <row2>0,0,1</row2>
        </orientation>
      </transform>
      <snapped>false</snapped>
      <childlist count="4">
        <childid>21</childid>
        <childid>19</childid>
        <childid>3</childid>
        <childid>1</childid>
      </childlist>
    </blockref>
    <blockref>
      <blockid>flora_parts~, FE_muscle_branch_04</blockid>
      <transform>
        <limbtype>0</limbtype>
        <musclescale>0.574998</musclescale>
        <basemusclescale>1.950000</basemusclescale>
        <scale>1</scale>
        <position>-0.00472112,-0.00160807,0.600000</position>
        <triangledirection>0.552402,-0.201444,0.808871</triangledirection>
        <trianglepickorigin>0,0,0</trianglepickorigin>
        <orientation>
          <row0>0.0624913,0.977637,0.200797</row0>
          <row1>0.552402,-0.201444,0.808871</row1>
          <row2>0.831232,0.0603732,-0.552637</row2>
        </orientation>
      </transform>
      <snapped>true</snapped>
      <childlist count="1">
        <childid>2</childid>
      </childlist>
      <handles count="1">
        <weight channel="longer">0.105480</weight>
      </handles>
    </blockref>
    <blockref>
      <blockid>Creature_parts~, ce_grasper_null</blockid>
      <transform>
        <basemusclescale>0.850001</basemusclescale>
        <scale>1</scale>
        <position>-0.499672,0.178885,-0.124748</position>
        <triangledirection>0,0,-1</triangledirection>
        <trianglepickorigin>0,0,0</trianglepickorigin>
        <orientation>
          <row0>1,0,0</row0>
          <row1>0,0,-1</row1>
          <row2>0,1,0</row2>
        </orientation>
      </transform>
      <snapped>true</snapped>
    </blockref>
    <blockref>
      <blockid>flora_parts~, fe_muscle_branch_06</blockid>
      <transform>
        <limbtype>0</limbtype>
        <musclescale>0.125</musclescale>
        <basemusclescale>1.950000</basemusclescale>
        <scale>1</scale>
        <position>-0.00472112,-0.00160807,0.600000</position>
        <triangledirection>-0.684832,0.355482,-0.636111</triangledirection>
        <trianglepickorigin>0,0,0</trianglepickorigin>
        <orientation>
          <row0>0.727370,0.280752,-0.626186</row0>
          <row1>-0.684832,0.355482,-0.636111</row1>
          <row2>0.0440087,0.891521,0.450835</row2>
        </orientation>
      </transform>
      <snapped>true</snapped>
      <childlist count="1">
        <childid>4</childid>
      </childlist>
      <handles count="1">
        <weight channel="longer">0.0644528</weight>
      </handles>
    </blockref>
    <blockref>
      <blockid>flora_parts~, fe_muscle_branch_06</blockid>
      <transform>
        <limbtype>0</limbtype>
        <musclescale>0.325000</musclescale>
        <basemusclescale>2</basemusclescale>
        <scale>1</scale>
        <position>0.432545,-0.228585,1.006160</position>
        <triangledirection>-0.135472,-0.285148,-0.948861</triangledirection>
        <trianglepickorigin>0,0,0</trianglepickorigin>
        <orientation>
          <row0>0.985731,0.0577779,-0.158099</row0>
          <row1>-0.135472,-0.285148,-0.948861</row1>
          <row2>-0.0999049,0.956740,-0.273252</row2>
        </orientation>
      </transform>
      <snapped>true</snapped>
      <childlist count="1">
        <childid>5</childid>
      </childlist>
      <handles count="1">
        <weight channel="longer">0.291101</weight>
      </handles>
    </blockref>
    <blockref>
      <blockid>flora_parts~, fe_muscle_branch_06</blockid>
      <transform>
        <limbtype>0</limbtype>
        <musclescale>0.274999</musclescale>
        <basemusclescale>1.5</basemusclescale>
        <scale>1</scale>
        <position>0.711749,0.359094,2.961720</position>
        <triangledirection>0.0335190,-0.346085,-0.937604</triangledirection>
        <trianglepickorigin>0,0,0</trianglepickorigin>
        <orientation>
          <row0>0.999174,-0.00994682,0.0393916</row0>
          <row1>0.0335190,-0.346085,-0.937604</row1>
          <row2>0.0229590,0.938150,-0.345465</row2>
        </orientation>
      </transform>
      <snapped>true</snapped>
      <childlist count="2">
        <childid>9</childid>
        <childid>6</childid>
      </childlist>
      <handles count="1">
        <weight channel="longer">0.267720</weight>
      </handles>
    </blockref>
    <blockref>
      <blockid>flora_parts~, fe_muscle_branch_06</blockid>
      <transform>
        <limbtype>0</limbtype>
        <musclescale>0.325000</musclescale>
        <basemusclescale>1.399998</basemusclescale>
        <scale>1</scale>
        <position>0.647588,1.021577,4.756501</position>
        <triangledirection>0.128884,0.242520,-0.961547</triangledirection>
        <trianglepickorigin>0,0,0</trianglepickorigin>
        <orientation>
          <row0>0.978990,-0.185612,0.0844071</row0>
          <row1>0.128884,0.242520,-0.961547</row1>
          <row2>0.158005,0.952224,0.261347</row2>
        </orientation>
      </transform>
      <snapped>true</snapped>
      <childlist count="1">
        <childid>7</childid>
      </childlist>
      <handles count="1">
        <weight channel="longer">0.288996</weight>
      </handles>
    </blockref>
    <blockref>
      <blockid>flora_parts~, fe_muscle_branch_06</blockid>
      <transform>
        <limbtype>0</limbtype>
        <musclescale>0.124999</musclescale>
        <basemusclescale>1.649998</basemusclescale>
        <scale>1</scale>
        <position>0.383663,0.524954,6.725504</position>
        <triangledirection>0.192925,0.278450,-0.940874</triangledirection>
        <trianglepickorigin>0,0,0</trianglepickorigin>
        <orientation>
          <row0>0.977201,-0.141145,0.158602</row0>
          <row1>0.192925,0.278450,-0.940874</row1>
          <row2>0.0886371,0.950022,0.299332</row2>
        </orientation>
      </transform>
      <snapped>true</snapped>
      <childlist count="3">
        <childid>23</childid>
        <childid>12</childid>
        <childid>8</childid>
      </childlist>
      <handles count="1">
        <weight channel="longer">0.162245</weight>
      </handles>
    </blockref>
    <blockref>
      <blockid>Creature_parts~, ce_grasper_null</blockid>
      <transform>
        <basemusclescale>2</basemusclescale>
        <scale>1</scale>
        <position>0.142072,0.176265,7.903716</position>
        <triangledirection>0.352083,-0.119547,-0.928302</triangledirection>
        <trianglepickorigin>0,0,0</trianglepickorigin>
        <orientation>
          <row0>0.917555,-0.151676,0.367540</row0>
          <row1>0.352083,-0.119547,-0.928302</row1>
          <row2>0.184740,0.981174,-0.0562883</row2>
        </orientation>
      </transform>
      <snapped>true</snapped>
    </blockref>
    <blockref>
      <blockid>flora_parts~, fe_muscle_branch_01</blockid>
      <transform>
        <limbtype>0</limbtype>
        <musclescale>0.425000</musclescale>
        <basemusclescale>1.399998</basemusclescale>
        <scale>1</scale>
        <position>0.647588,1.021577,4.756501</position>
        <triangledirection>0.0335190,-0.346085,-0.937604</triangledirection>
        <trianglepickorigin>0,0,0</trianglepickorigin>
        <orientation>
          <row0>0.999174,-0.00994678,0.0393916</row0>
          <row1>0.0335190,-0.346085,-0.937604</row1>
          <row2>0.0229590,0.938150,-0.345465</row2>
        </orientation>
      </transform>
      <snapped>true</snapped>
      <childlist count="1">
        <childid>10</childid>
      </childlist>
      <handles count="1">
        <weight channel="longer">0.101689</weight>
      </handles>
    </blockref>
    <blockref>
      <blockid>Creature_parts~, ce_grasper_null</blockid>
      <transform>
        <basemusclescale>1.200000</basemusclescale>
        <scale>1</scale>
        <position>0.618352,1.323432,5.574280</position>
        <triangledirection>0.421250,-0.482476,-0.767961</triangledirection>
        <trianglepickorigin>0,0,0</trianglepickorigin>
        <orientation>
          <row0>0.154616,0.872565,-0.463382</row0>
          <row1>0.421250,-0.482476,-0.767961</row1>
          <row2>-0.893667,-0.0764606,-0.442167</row2>
        </orientation>
      </transform>
      <snapped>true</snapped>
    </blockref>
    <blockref>
      <blockid>flora_parts~, FE_leaf_27</blockid>
      <transform>
        <scale>5,612513</scale>
        <position>0.850108,0.524264,8.000775</position>
        <triangledirection>-0.479244,-0.229857,-0.847047</triangledirection>
        <trianglepickorigin>0,0,0</trianglepickorigin>
        <orientation>
          <row0>-0.657940,0.753069,-3.12924e-7</row0>
          <row1>-0.611663,-0.534397,-0.583341</row1>
          <row2>-0.439296,-0.383803,0.812227</row2>
        </orientation>
        <userorientation>
          <userorientation_row0>-0.988992,0.146871,-0.0179407</userorientation_row0>
          <userorientation_row1>0.142216,0.910089,-0.389243</userorientation_row1>
          <userorientation_row2>-0.0408414,-0.387510,-0.920958</userorientation_row2>
        </userorientation>
      </transform>
      <snapped>false</snapped>
      <childlist count="2">
        <childid>29</childid>
        <childid>26</childid>
      </childlist>
      <handles count="3">
        <weight channel="DeformAxisLeft">0</weight>
        <weight channel="DeformAxisForward">0.407802</weight>
        <weight channel="DeformAxisUp">0.727899</weight>
      </handles>
    </blockref>
    <blockref>
      <blockid>flora_parts~, FE_leaf_27</blockid>
      <transform>
        <scale>7</scale>
        <position>-4.45181e-6,0.0407372,8.243316</position>
        <triangledirection>0.671847,0.0327687,-0.739963</triangledirection>
        <trianglepickorigin>0,0,0</trianglepickorigin>
        <orientation>
          <row0>0.571376,-0.820688,5.81145e-7</row0>
          <row1>0.482172,0.335695,-0.809208</row1>
          <row2>0.664107,0.462362,0.587521</row2>
        </orientation>
        <userorientation>
          <userorientation_row0>0.908259,-0.340315,-0.243412</userorientation_row0>
          <userorientation_row1>0.356984,0.933731,0.0265857</userorientation_row1>
          <userorientation_row2>0.218234,-0.111041,0.969558</userorientation_row2>
        </userorientation>
      </transform>
      <snapped>false</snapped>
      <childlist count="3">
        <childid>25</childid>
        <childid>24</childid>
        <childid>13</childid>
      </childlist>
      <handles count="3">
        <weight channel="DeformAxisLeft">0</weight>
        <weight channel="DeformAxisForward">0.320519</weight>
        <weight channel="DeformAxisUp">0.538106</weight>
      </handles>
    </blockref>
    <blockref>
      <blockid>flora_parts~, FE_leaf_21</blockid>
      <transform>
        <scale>2,744549</scale>
        <position>-0.470346,-0.352722,8.353642</position>
        <triangledirection>0.846894,0.435821,-0.304677</triangledirection>
        <trianglepickorigin>0,0,0</trianglepickorigin>
        <orientation>
          <row0>0.639240,-0.769006,2.98023e-7</row0>
          <row1>0.709778,0.590007,0.384844</row1>
          <row2>-0.295948,-0.246008,0.922981</row2>
        </orientation>
        <userorientation>
          <userorientation_row0>0.944833,-0.320646,-0.0668997</userorientation_row0>
          <userorientation_row1>0.206220,0.740992,-0.639064</userorientation_row1>
          <userorientation_row2>0.254485,0.590012,0.766237</userorientation_row2>
        </userorientation>
      </transform>
      <snapped>false</snapped>
      <handles count="4">
        <weight channel="Bend_vert">0.353232</weight>
        <weight channel="Length">1</weight>
        <weight channel="tweak_sideways">0.353224</weight>
        <weight channel="WidthHeight">1</weight>
      </handles>
    </blockref>
    <blockref>
      <blockid>flora_parts~, fe_cap_01a</blockid>
      <transform>
        <scale>0,927743</scale>
        <position>-0.741199,-2.554490,8.319321</position>
        <triangledirection>0.467655,-0.451591,0.759842</triangledirection>
        <trianglepickorigin>0,0,0</trianglepickorigin>
        <orientation>
          <row0>-0.649177,0.760637,2.53319e-7</row0>
          <row1>-0.265687,-0.226755,0.937012</row1>
          <row2>0.712726,0.608287,0.349295</row2>
        </orientation>
        <userorientation>
          <userorientation_row0>0.757492,0.630171,0.170551</userorientation_row0>
          <userorientation_row1>-0.647088,0.690132,0.324023</userorientation_row1>
          <userorientation_row2>0.0864863,-0.355808,0.930548</userorientation_row2>
        </userorientation>
      </transform>
      <snapped>false</snapped>
    </blockref>
    <blockref>
      <blockid>flora_parts~, fe_cap_01a</blockid>
      <transform>
        <scale>0,927743</scale>
        <position>-0.868619,1.829386,8.498572</position>
        <triangledirection>0.361274,-0.270805,0.892269</triangledirection>
        <trianglepickorigin>0,0,0</trianglepickorigin>
        <orientation>
          <row0>-0.999936,-0.0112526,-6.51925e-9</row0>
          <row1>0.00680867,-0.605034,0.796170</row1>
          <row2>-0.00895903,0.796119,0.605072</row2>
        </orientation>
        <userorientation>
          <userorientation_row0>0.928018,0.372021,0.0195205</userorientation_row0>
          <userorientation_row1>-0.358204,0.876704,0.321057</userorientation_row1>
          <userorientation_row2>0.102325,-0.304939,0.946858</userorientation_row2>
        </userorientation>
      </transform>
      <snapped>false</snapped>
    </blockref>
    <blockref>
      <blockid>flora_parts~, fe_cap_01a</blockid>
      <transform>
        <scale>0,927743</scale>
        <position>0.0881364,-4.798338,8.308195</position>
        <triangledirection>-0.369136,0.323290,0.871331</triangledirection>
        <trianglepickorigin>0,0,0</trianglepickorigin>
        <orientation>
          <row0>0.106817,0.994278,2.23517e-8</row0>
          <row1>-0.704085,0.0756412,0.706074</row1>
          <row2>0.702035,-0.0754210,0.708137</row2>
        </orientation>
        <userorientation>
          <userorientation_row0>0.955839,-0.233477,-0.178489</userorientation_row0>
          <userorientation_row1>0.282011,0.899582,0.333493</userorientation_row1>
          <userorientation_row2>0.0827027,-0.369102,0.925701</userorientation_row2>
        </userorientation>
      </transform>
      <snapped>false</snapped>
    </blockref>
    <blockref>
      <blockid>flora_parts~, fe_cap_01a</blockid>
      <transform>
        <scale>0,927743</scale>
        <position>2.071263,0.365384,8.661013</position>
        <triangledirection>0.257082,-0.116356,0.959357</triangledirection>
        <trianglepickorigin>0,0,0</trianglepickorigin>
        <orientation>
          <row0>0.925067,-0.379801,0</row0>
          <row1>0.128302,0.312500,0.941213</row1>
          <row2>-0.357474,-0.870685,0.337813</row2>
        </orientation>
        <userorientation>
          <userorientation_row0>0.955839,-0.233477,-0.178489</userorientation_row0>
          <userorientation_row1>0.282011,0.899582,0.333493</userorientation_row1>
          <userorientation_row2>0.0827027,-0.369102,0.925701</userorientation_row2>
        </userorientation>
      </transform>
      <snapped>false</snapped>
    </blockref>
    <blockref>
      <blockid>flora_parts~, fe_cap_01a</blockid>
      <transform>
        <scale>0,927743</scale>
        <position>4.605751,0.00684551,8.206334</position>
        <triangledirection>-0.130734,-0.0959139,0.986765</triangledirection>
        <trianglepickorigin>0,0,0</trianglepickorigin>
        <orientation>
          <row0>0.597459,-0.801899,1.19209e-7</row0>
          <row1>0.307550,0.229142,0.923529</row1>
          <row2>-0.740577,-0.551771,0.383527</row2>
        </orientation>
        <userorientation>
          <userorientation_row0>0.996446,0.0454945,-0.0708825</userorientation_row0>
          <userorientation_row1>-0.00119498,0.849122,0.528192</userorientation_row1>
          <userorientation_row2>0.0842180,-0.526231,0.846160</userorientation_row2>
        </userorientation>
      </transform>
      <snapped>false</snapped>
    </blockref>
    <blockref>
      <blockid>flora_parts~, fe_muscle_branch_01</blockid>
      <transform>
        <limbtype>0</limbtype>
        <musclescale>0.574998</musclescale>
        <basemusclescale>1.950000</basemusclescale>
        <scale>1</scale>
        <position>-0.00472112,-0.00160807,0.600000</position>
        <triangledirection>-0.801577,-0.123293,0.585041</triangledirection>
        <trianglepickorigin>0,0,0</trianglepickorigin>
        <orientation>
          <row0>-0.455273,-0.508406,-0.730922</row0>
          <row1>-0.801577,-0.123293,0.585041</row1>
          <row2>-0.387556,0.852244,-0.351395</row2>
        </orientation>
      </transform>
      <snapped>true</snapped>
      <childlist count="1">
        <childid>20</childid>
      </childlist>
      <handles count="1">
        <weight channel="longer">0.163626</weight>
      </handles>
    </blockref>
    <blockref>
      <blockid>Creature_parts~, ce_grasper_null</blockid>
      <transform>
        <basemusclescale>1</basemusclescale>
        <scale>1</scale>
        <position>1.006006,0.153853,-0.137690</position>
        <triangledirection>0,0,-1</triangledirection>
        <trianglepickorigin>0,0,0</trianglepickorigin>
        <orientation>
          <row0>1,0,0</row0>
          <row1>0,0,-1</row1>
          <row2>0,1,0</row2>
        </orientation>
      </transform>
      <snapped>true</snapped>
    </blockref>
    <blockref>
      <blockid>flora_parts~, fe_muscle_branch_01</blockid>
      <transform>
        <limbtype>0</limbtype>
        <musclescale>1</musclescale>
        <basemusclescale>1.950000</basemusclescale>
        <scale>1</scale>
        <position>-0.00472112,-0.00160807,0.600000</position>
        <triangledirection>-0.303317,0.676218,0.671361</triangledirection>
        <trianglepickorigin>0,0,0</trianglepickorigin>
        <orientation>
          <row0>-0.0449785,0.693608,-0.718946</row0>
          <row1>-0.303317,0.676218,0.671361</row1>
          <row2>0.951827,0.248266,0.179967</row2>
        </orientation>
      </transform>
      <snapped>true</snapped>
      <childlist count="1">
        <childid>22</childid>
      </childlist>
      <handles count="1">
        <weight channel="longer">0.162245</weight>
      </handles>
    </blockref>
    <blockref>
      <blockid>Creature_parts~, ce_grasper_null</blockid>
      <transform>
        <basemusclescale>1</basemusclescale>
        <scale>1</scale>
        <position>0.375107,-0.848403,-0.240713</position>
        <triangledirection>0.701543,0.207412,0.681775</triangledirection>
        <trianglepickorigin>0,0,0</trianglepickorigin>
        <orientation>
          <row0>-0.449267,-0.613907,0.649058</row0>
          <row1>0.701543,0.207412,0.681775</row1>
          <row2>-0.553169,0.761641,0.337498</row2>
        </orientation>
      </transform>
      <snapped>true</snapped>
    </blockref>
    <blockref>
      <blockid>flora_parts~, FE_leaf_27</blockid>
      <transform>
        <scale>7</scale>
        <position>0.557062,-0.173692,7.927737</position>
        <triangledirection>-0.315016,0.788537,-0.528178</triangledirection>
        <trianglepickorigin>0,0,0</trianglepickorigin>
        <orientation>
          <row0>0.780598,0.625032,-2.23517e-7</row0>
          <row1>-0.528601,0.660166,-0.533629</row1>
          <row2>-0.333535,0.416550,0.845718</row2>
        </orientation>
        <userorientation>
          <userorientation_row0>0.958343,-0.242206,0.151371</userorientation_row0>
          <userorientation_row1>0.246960,0.968936,-0.0131547</userorientation_row1>
          <userorientation_row2>-0.143483,0.0499897,0.988389</userorientation_row2>
        </userorientation>
      </transform>
      <snapped>false</snapped>
      <childlist count="3">
        <childid>30</childid>
        <childid>27</childid>
        <childid>11</childid>
      </childlist>
      <handles count="3">
        <weight channel="DeformAxisLeft">0</weight>
        <weight channel="DeformAxisForward">0.320519</weight>
        <weight channel="DeformAxisUp">0.538106</weight>
      </handles>
    </blockref>
    <blockref>
      <blockid>flora_parts~, FE_leaf_24</blockid>
      <transform>
        <scale>4,157845</scale>
        <position>0.157753,-0.0483603,9.275137</position>
        <triangledirection>-0.168546,-0.332290,-0.927994</triangledirection>
        <trianglepickorigin>0,0,0</trianglepickorigin>
        <orientation>
          <row0>-0.725341,0.688389,2.83122e-7</row0>
          <row1>-0.565312,-0.595657,-0.570625</row1>
          <row2>-0.392812,-0.413898,0.821210</row2>
        </orientation>
        <userorientation>
          <userorientation_row0>0.871451,0.347617,0.346026</userorientation_row0>
          <userorientation_row1>-0.106491,0.822749,-0.558336</userorientation_row1>
          <userorientation_row2>-0.478780,0.449714,0.754005</userorientation_row2>
        </userorientation>
      </transform>
      <snapped>false</snapped>
      <handles count="4">
        <weight channel="bend">0.149522</weight>
        <weight channel="flatten">0.590668</weight>
        <weight channel="Length">0.434621</weight>
        <weight channel="width">0.866493</weight>
      </handles>
    </blockref>
    <blockref>
      <blockid>flora_parts~, fe_canopy_10</blockid>
      <transform>
        <scale>2,281881</scale>
        <position>-0.292325,0.524039,8.214700</position>
        <triangledirection>0.210115,-0.960824,-0.180738</triangledirection>
        <trianglepickorigin>0,0,0</trianglepickorigin>
        <orientation>
          <row0>-0.824237,-0.566244,2.30967e-7</row0>
          <row1>0.548225,-0.798008,0.250262</row1>
          <row2>-0.141709,0.206275,0.968178</row2>
        </orientation>
        <userorientation>
          <userorientation_row0>0.925501,-0.368879,0.0858730</userorientation_row0>
          <userorientation_row1>0.370876,0.836704,-0.402957</userorientation_row1>
          <userorientation_row2>0.0767921,0.404785,0.911181</userorientation_row2>
        </userorientation>
      </transform>
      <snapped>false</snapped>
      <childlist count="4">
        <childid>32</childid>
        <childid>31</childid>
        <childid>28</childid>
        <childid>15</childid>
      </childlist>
      <handles count="2">
        <weight channel="DeformAxisLeft">0.992155</weight>
        <weight channel="DeformAxisForward">0.502570</weight>
      </handles>
    </blockref>
    <blockref>
      <blockid>flora_parts~, fe_canopy_10</blockid>
      <transform>
        <scale>2,459604</scale>
        <position>1.713123,0.582156,8.880318</position>
        <triangledirection>-0.949650,0.301794,0.0841614</triangledirection>
        <trianglepickorigin>0,0,0</trianglepickorigin>
        <orientation>
          <row0>0.561905,0.827201,5.43892e-7</row0>
          <row1>-0.801587,0.544506,0.246920</row1>
          <row2>0.204252,-0.138746,0.969035</row2>
        </orientation>
        <userorientation>
          <userorientation_row0>0.940441,0.243527,-0.237202</userorientation_row0>
          <userorientation_row1>-0.283968,0.946339,-0.154286</userorientation_row1>
          <userorientation_row2>0.186900,0.212455,0.959130</userorientation_row2>
        </userorientation>
      </transform>
      <snapped>false</snapped>
      <childlist count="3">
        <childid>33</childid>
        <childid>18</childid>
        <childid>17</childid>
      </childlist>
      <handles count="2">
        <weight channel="DeformAxisLeft">0.992155</weight>
        <weight channel="DeformAxisForward">0.502570</weight>
      </handles>
    </blockref>
    <blockref>
      <blockid>flora_parts~, fe_canopy_10</blockid>
      <transform>
        <scale>2,459604</scale>
        <position>1.027130,-1.736635,8.512863</position>
        <triangledirection>0.675560,0.727219,0.121527</triangledirection>
        <trianglepickorigin>0,0,0</trianglepickorigin>
        <orientation>
          <row0>0.743813,-0.668387,3.27825e-7</row0>
          <row1>0.572880,0.637528,0.515135</row1>
          <row2>-0.344310,-0.383164,0.857108</row2>
        </orientation>
        <userorientation>
          <userorientation_row0>0.996910,-0.0462287,-0.0634804</userorientation_row0>
          <userorientation_row1>0.0164267,0.913242,-0.407085</userorientation_row1>
          <userorientation_row2>0.0767920,0.404785,0.911181</userorientation_row2>
        </userorientation>
      </transform>
      <snapped>false</snapped>
      <childlist count="2">
        <childid>16</childid>
        <childid>14</childid>
      </childlist>
      <handles count="2">
        <weight channel="DeformAxisLeft">0.992155</weight>
        <weight channel="DeformAxisForward">0.502570</weight>
      </handles>
    </blockref>
    <blockref>
      <blockid>flora_parts~, FE_leaf_21</blockid>
      <transform>
        <scale>2,744549</scale>
        <position>-0.487826,0.379165,7.970443</position>
        <triangledirection>0.814701,-0.288758,-0.502870</triangledirection>
        <trianglepickorigin>0,0,0</trianglepickorigin>
        <orientation>
          <row0>0.397435,-0.917630,2.53319e-7</row0>
          <row1>0.881469,0.381774,-0.277957</row1>
          <row2>0.255061,0.110470,0.960593</row2>
        </orientation>
        <userorientation>
          <userorientation_row0>0.741567,-0.650831,-0.162775</userorientation_row0>
          <userorientation_row1>0.588765,0.747669,-0.307153</userorientation_row1>
          <userorientation_row2>0.321608,0.131938,0.937635</userorientation_row2>
        </userorientation>
      </transform>
      <snapped>false</snapped>
      <handles count="4">
        <weight channel="Bend_vert">0.276859</weight>
        <weight channel="Length">1</weight>
        <weight channel="tweak_sideways">0.651930</weight>
        <weight channel="WidthHeight">1</weight>
      </handles>
    </blockref>
    <blockref>
      <blockid>flora_parts~, FE_leaf_21</blockid>
      <transform>
        <scale>2,744549</scale>
        <position>1.628548,1.117495,8.776579</position>
        <triangledirection>-0.469429,-0.854985,-0.220533</triangledirection>
        <trianglepickorigin>0,0,0</trianglepickorigin>
        <orientation>
          <row0>-0.879514,0.475871,-1.78813e-7</row0>
          <row1>-0.449746,-0.831228,0.326784</row1>
          <row2>0.155507,0.287411,0.945098</row2>
        </orientation>
        <userorientation>
          <userorientation_row0>0.976202,0.109296,0.187302</userorientation_row0>
          <userorientation_row1>0.00600648,0.849745,-0.527157</userorientation_row1>
          <userorientation_row2>-0.216776,0.515737,0.828867</userorientation_row2>
        </userorientation>
      </transform>
      <snapped>false</snapped>
      <handles count="4">
        <weight channel="Bend_vert">0.207467</weight>
        <weight channel="Length">0.959579</weight>
        <weight channel="tweak_sideways">0.651930</weight>
        <weight channel="WidthHeight">1</weight>
      </handles>
    </blockref>
    <blockref>
      <blockid>flora_parts~, FE_leaf_21</blockid>
      <transform>
        <scale>2,744549</scale>
        <position>1.388858,-1.321756,8.739290</position>
        <triangledirection>-0.865373,0.501059,0.00810337</triangledirection>
        <trianglepickorigin>0,0,0</trianglepickorigin>
        <orientation>
          <row0>0.204542,0.978857,5.21540e-8</row0>
          <row1>-0.768340,0.160553,0.619577</row1>
          <row2>0.606477,-0.126730,0.784935</row2>
        </orientation>
        <userorientation>
          <userorientation_row0>0.928008,-0.372012,0.0201850</userorientation_row0>
          <userorientation_row1>0.313459,0.750369,-0.581968</userorientation_row1>
          <userorientation_row2>0.201352,0.546398,0.812959</userorientation_row2>
        </userorientation>
      </transform>
      <snapped>false</snapped>
      <handles count="4">
        <weight channel="Bend_vert">0.283867</weight>
        <weight channel="Length">1</weight>
        <weight channel="tweak_sideways">0.651930</weight>
        <weight channel="WidthHeight">0.618988</weight>
      </handles>
    </blockref>
    <blockref>
      <blockid>flora_parts~, fe_cap_01a</blockid>
      <transform>
        <scale>0,927743</scale>
        <position>-1.524201,4.207744,8.545269</position>
        <triangledirection>0.205298,-0.355803,0.911732</triangledirection>
        <trianglepickorigin>0,0,0</trianglepickorigin>
        <orientation>
          <row0>-0.859789,0.510649,-2.98023e-8</row0>
          <row1>-0.274751,-0.462603,0.842917</row1>
          <row2>0.430435,0.724731,0.538042</row2>
        </orientation>
        <userorientation>
          <userorientation_row0>0.928018,0.372021,0.0195205</userorientation_row0>
          <userorientation_row1>-0.358204,0.876704,0.321057</userorientation_row1>
          <userorientation_row2>0.102325,-0.304939,0.946858</userorientation_row2>
        </userorientation>
      </transform>
      <snapped>false</snapped>
    </blockref>
    <blockref>
      <blockid>flora_parts~, fe_cap_01a</blockid>
      <transform>
        <scale>0,927743</scale>
        <position>0.891477,2.858849,8.802930</position>
        <triangledirection>-0.0224535,-0.467749,0.883575</triangledirection>
        <trianglepickorigin>0,0,0</trianglepickorigin>
        <orientation>
          <row0>-0.606705,0.794927,-1.93715e-7</row0>
          <row1>-0.499854,-0.381499,0.777562</row1>
          <row2>0.618105,0.471751,0.628805</row2>
        </orientation>
        <userorientation>
          <userorientation_row0>0.928018,0.372021,0.0195205</userorientation_row0>
          <userorientation_row1>-0.358204,0.876704,0.321057</userorientation_row1>
          <userorientation_row2>0.102325,-0.304939,0.946858</userorientation_row2>
        </userorientation>
      </transform>
      <snapped>false</snapped>
    </blockref>
    <blockref>
      <blockid>flora_parts~, fe_cap_01a</blockid>
      <transform>
        <scale>0,927743</scale>
        <position>3.353953,-1.551030,9.062268</position>
        <triangledirection>0.261108,-0.136724,0.955576</triangledirection>
        <trianglepickorigin>0,0,0</trianglepickorigin>
        <orientation>
          <row0>0.712791,-0.701375,-2.23517e-7</row0>
          <row1>0.301555,0.306463,0.902853</row1>
          <row2>-0.633239,-0.643546,0.429947</row2>
        </orientation>
        <userorientation>
          <userorientation_row0>0.955839,-0.233477,-0.178489</userorientation_row0>
          <userorientation_row1>0.282011,0.899582,0.333493</userorientation_row1>
          <userorientation_row2>0.0827027,-0.369102,0.925701</userorientation_row2>
        </userorientation>
      </transform>
      <snapped>false</snapped>
    </blockref>
  </blocks></sporemodel>