spore0005438f6347406662008af7a6d7d816b417ffffffffffffffff0000000ebfdb7f5106KChangfffffffffffffffe0aEnglashyst0000000<?xml version="1.0" encoding="UTF-8"?><sporemodel>
  <properties>
    <modeltype>PlantMedium</modeltype>
    <skineffectseed1>1234</skineffectseed1>
    <skineffectseed2>1234</skineffectseed2>
    <skineffectseed3>1234</skineffectseed3>
    <skincolor1>0.576470,0.501960,0.341175</skincolor1>
    <skincolor2>0.803922,0.407843,0.258823</skincolor2>
    <skincolor3>0.274510,0.443136,0.262744</skincolor3>
    <zcorpscore>15</zcorpscore>
  </properties>
  <blocks count="28">
    <blockref>0
      <blockid>flora_parts~, fe_root_dummy</blockid>
      <transform>
        <scale>1</scale>
        <position>0,0,0.600000</position>
        <triangledirection>0,1,0</triangledirection>
        <trianglepickorigin>0,0,0</trianglepickorigin>
        <orientation>
          <row0>1,0,0</row0>
          <row1>0,1,0</row1>
          <row2>0,0,1</row2>
        </orientation>
      </transform>
      <snapped>false</snapped>
      <childlist count="4">
        <childid>6</childid>
        <childid>5</childid>
        <childid>3</childid>
        <childid>1</childid>
      </childlist>
    </blockref>
    <blockref>1
      <blockid>flora_parts~, FE_muscle_branch_04</blockid>
      <transform>
        <limbtype>0</limbtype>
        <musclescale>0.425000</musclescale>
        <basemusclescale>2.049999</basemusclescale>
        <scale>1</scale>
        <position>0,0,0.600000</position>
        <triangledirection>-0.346468,0.00742900,0.938032</triangledirection>
        <trianglepickorigin>0,0,0</trianglepickorigin>
        <orientation>
          <row0>-0.0524989,-0.998555,-0.0114824</row0>
          <row1>-0.346468,0.00742900,0.938032</row1>
          <row2>-0.936591,0.0532239,-0.346357</row2>
        </orientation>
      </transform>
      <snapped>true</snapped>
      <childlist count="1">
        <childid>2</childid>
      </childlist>
      <handles count="1">
        <weight channel="longer">0.0563360</weight>
      </handles>
    </blockref>
    <blockref>2
      <blockid>Creature_parts~, ce_grasper_null</blockid>
      <transform>
        <basemusclescale>1.700000</basemusclescale>
        <scale>1</scale>
        <position>0.203572,-0.00436499,0.0488449</position>
        <triangledirection>0,0,-1</triangledirection>
        <trianglepickorigin>0,0,0</trianglepickorigin>
        <orientation>
          <row0>1,0,0</row0>
          <row1>0,0,-1</row1>
          <row2>0,1,0</row2>
        </orientation>
      </transform>
      <snapped>true</snapped>
    </blockref>
    <blockref>3
      <blockid>flora_parts~, fe_muscle_branch_01</blockid>
      <transform>
        <limbtype>0</limbtype>
        <musclescale>0.5</musclescale>
        <basemusclescale>2.049999</basemusclescale>
        <scale>1</scale>
        <position>0,0,0.600000</position>
        <triangledirection>-0.534885,0.00984400,-0.844867</triangledirection>
        <trianglepickorigin>0,0,0</trianglepickorigin>
        <orientation>
          <row0>0.844511,0.0375077,-0.534222</row0>
          <row1>-0.534885,0.00984400,-0.844867</row1>
          <row2>-0.0264301,0.999247,0.0283757</row2>
        </orientation>
      </transform>
      <snapped>true</snapped>
      <childlist count="6">
        <childid>21</childid>
        <childid>19</childid>
        <childid>16</childid>
        <childid>9</childid>
        <childid>8</childid>
        <childid>4</childid>
      </childlist>
      <handles count="1">
        <weight channel="longer">0.239439</weight>
      </handles>
    </blockref>
    <blockref>4
      <blockid>Creature_parts~, ce_grasper_null</blockid>
      <transform>
        <basemusclescale>1</basemusclescale>
        <scale>1</scale>
        <position>0.928945,-0.0170969,2.067295</position>
        <triangledirection>0,0,-1</triangledirection>
        <trianglepickorigin>0,0,0</trianglepickorigin>
        <orientation>
          <row0>1,0,0</row0>
          <row1>0,0,-1</row1>
          <row2>0,1,0</row2>
        </orientation>
      </transform>
      <snapped>true</snapped>
    </blockref>
    <blockref>5
      <blockid>flora_parts~, fe_muscle_branch_01</blockid>
      <transform>
        <limbtype>0</limbtype>
        <musclescale>0.524999</musclescale>
        <basemusclescale>2.049999</basemusclescale>
        <scale>1</scale>
        <position>0,0,0.600000</position>
        <triangledirection>0.0526129,-0.778109,-0.625920</triangledirection>
        <trianglepickorigin>0,0,0</trianglepickorigin>
        <orientation>
          <row0>0.950591,-0.153010,0.270117</row0>
          <row1>0.0526129,-0.778109,-0.625920</row1>
          <row2>0.305953,0.609206,-0.731614</row2>
        </orientation>
      </transform>
      <snapped>true</snapped>
      <childlist count="1">
        <childid>17</childid>
      </childlist>
      <handles count="1">
        <weight channel="longer">0.103110</weight>
      </handles>
    </blockref>
    <blockref>6
      <blockid>flora_parts~, fe_muscle_branch_01</blockid>
      <transform>
        <limbtype>0</limbtype>
        <musclescale>1</musclescale>
        <basemusclescale>2.049999</basemusclescale>
        <scale>1</scale>
        <position>0,0,0.600000</position>
        <triangledirection>0.490138,0.330793,-0.806437</triangledirection>
        <trianglepickorigin>0,0,0</trianglepickorigin>
        <orientation>
          <row0>0.860354,-0.0351675,0.508482</row0>
          <row1>0.490138,0.330793,-0.806437</row1>
          <row2>-0.139842,0.943047,0.301836</row2>
        </orientation>
      </transform>
      <snapped>true</snapped>
      <childlist count="5">
        <childid>15</childid>
        <childid>13</childid>
        <childid>12</childid>
        <childid>11</childid>
        <childid>7</childid>
      </childlist>
      <handles count="1">
        <weight channel="longer">0.157626</weight>
      </handles>
    </blockref>
    <blockref>7
      <blockid>Creature_parts~, ce_grasper_null</blockid>
      <transform>
        <basemusclescale>1.049999</basemusclescale>
        <scale>1</scale>
        <position>-0.599566,-0.404647,1.586485</position>
        <triangledirection>-0.223878,0.250443,-0.941889</triangledirection>
        <trianglepickorigin>0,0,0</trianglepickorigin>
        <orientation>
          <row0>0.972139,-0.0114848,-0.234122</row0>
          <row1>-0.223878,0.250443,-0.941889</row1>
          <row2>0.0694520,0.968062,0.240895</row2>
        </orientation>
      </transform>
      <snapped>true</snapped>
    </blockref>
    <blockref>8
      <blockid>flora_parts~, FE_flatleaf_01</blockid>
      <transform>
        <scale>0,798516</scale>
        <position>1.062912,0.0337309,2.110469</position>
        <triangledirection>-0.323551,-0.0812914,-0.942713</triangledirection>
        <trianglepickorigin>0,0,0</trianglepickorigin>
        <orientation>
          <row0>-0.325085,0.945684,-3.46451e-6</row0>
          <row1>-0.878802,-0.302095,-0.369384</row1>
          <row2>-0.349321,-0.120078,0.929276</row2>
        </orientation>
        <userorientation>
          <userorientation_row0>-0.985136,-0.109407,-0.132468</userorientation_row0>
          <userorientation_row1>0.0283089,0.657119,-0.753256</userorientation_row1>
          <userorientation_row2>0.169459,-0.745812,-0.644249</userorientation_row2>
        </userorientation>
      </transform>
      <snapped>false</snapped>
      <handles count="1">
        <weight channel="Leaf_bend">0.898175</weight>
      </handles>
    </blockref>
    <blockref>9
      <blockid>flora_parts~, FE_flatleaf_01</blockid>
      <transform>
        <scale>0,798516</scale>
        <position>0.905321,-0.167223,2.111044</position>
        <triangledirection>-0.421297,0.660958,-0.621001</triangledirection>
        <trianglepickorigin>0,0,0</trianglepickorigin>
        <orientation>
          <row0>0.999760,-0.0219016,-1.47148e-7</row0>
          <row1>0.0199339,0.909942,-0.414254</row1>
          <row2>0.00907299,0.414154,0.910161</row2>
        </orientation>
        <userorientation>
          <userorientation_row0>-0.832305,-0.505472,-0.227516</userorientation_row0>
          <userorientation_row1>-0.435672,0.850288,-0.295295</userorientation_row1>
          <userorientation_row2>0.342719,-0.146652,-0.927921</userorientation_row2>
        </userorientation>
      </transform>
      <snapped>false</snapped>
      <handles count="1">
        <weight channel="Leaf_bend">0.890437</weight>
      </handles>
    </blockref>
    <blockref>10
      <blockid>flora_parts~, FE_flatleaf_01</blockid>
      <transform>
        <scale>0,927743</scale>
        <position>-0.481005,1.023054,1.571437</position>
        <triangledirection>0.254830,-0.749430,-0.611077</triangledirection>
        <trianglepickorigin>0,0,0</trianglepickorigin>
        <orientation>
          <row0>-0.895378,-0.445305,-4.47034e-7</row0>
          <row1>0.441107,-0.886937,-0.136985</row1>
          <row2>0.0610002,-0.122654,0.990573</row2>
        </orientation>
        <userorientation>
          <userorientation_row0>-0.983801,0.163349,0.0738509</userorientation_row0>
          <userorientation_row1>0.105556,0.860815,-0.497851</userorientation_row1>
          <userorientation_row2>-0.144896,-0.481991,-0.864112</userorientation_row2>
        </userorientation>
      </transform>
      <snapped>false</snapped>
      <handles count="1">
        <weight channel="Leaf_bend">0.952450</weight>
      </handles>
    </blockref>
    <blockref>11
      <blockid>flora_parts~, FE_flatleaf_01</blockid>
      <transform>
        <scale>1</scale>
        <position>-0.698869,-0.456523,1.696053</position>
        <triangledirection>0.745962,0.0906476,-0.659790</triangledirection>
        <trianglepickorigin>0,0,0</trianglepickorigin>
        <orientation>
          <row0>0.474149,-0.880444,2.98023e-7</row0>
          <row1>0.618389,0.333023,-0.711822</row1>
          <row2>0.626719,0.337509,0.702359</row2>
        </orientation>
        <userorientation>
          <userorientation_row0>-0.924031,0.252965,0.286664</userorientation_row0>
          <userorientation_row1>0.273887,0.961136,0.0346939</userorientation_row1>
          <userorientation_row2>-0.266745,0.110571,-0.957403</userorientation_row2>
        </userorientation>
      </transform>
      <snapped>false</snapped>
      <handles count="1">
        <weight channel="Leaf_bend">0.900301</weight>
      </handles>
    </blockref>
    <blockref>12
      <blockid>flora_parts~, FE_flatleaf_01</blockid>
      <transform>
        <scale>0,927743</scale>
        <position>-0.646903,-0.313139,1.702358</position>
        <triangledirection>0.257619,-0.0906924,-0.961980</triangledirection>
        <trianglepickorigin>0,0,0</trianglepickorigin>
        <orientation>
          <row0>-0.787931,-0.615763,6.25848e-7</row0>
          <row1>0.326564,-0.417873,-0.847783</row1>
          <row2>0.522034,-0.667995,0.530342</row2>
        </orientation>
        <userorientation>
          <userorientation_row0>-0.988985,-0.144637,0.0314549</userorientation_row0>
          <userorientation_row1>-0.147141,0.937579,-0.315111</userorientation_row1>
          <userorientation_row2>0.0160849,-0.316269,-0.948534</userorientation_row2>
        </userorientation>
      </transform>
      <snapped>false</snapped>
      <handles count="1">
        <weight channel="Leaf_bend">0.947542</weight>
      </handles>
    </blockref>
    <blockref>13
      <blockid>flora_parts~, FE_flatleaf_01</blockid>
      <transform>
        <scale>0,860707</scale>
        <position>-0.498588,-0.508421,1.687875</position>
        <triangledirection>-0.0911461,0.727659,-0.679855</triangledirection>
        <trianglepickorigin>0,0,0</trianglepickorigin>
        <orientation>
          <row0>0.799634,0.600487,-3.27825e-7</row0>
          <row1>-0.446479,0.594550,-0.668705</row1>
          <row2>-0.401548,0.534719,0.743527</row2>
        </orientation>
        <userorientation>
          <userorientation_row0>-0.854966,0.366956,0.366573</userorientation_row0>
          <userorientation_row1>0.364067,0.927947,-0.0797979</userorientation_row1>
          <userorientation_row2>-0.369443,0.0652330,-0.926961</userorientation_row2>
        </userorientation>
      </transform>
      <snapped>false</snapped>
      <handles count="1">
        <weight channel="Leaf_bend">0.981142</weight>
      </handles>
    </blockref>
    <blockref>14
      <blockid>flora_parts~, FE_leaf_09</blockid>
      <transform>
        <scale>1,506240</scale>
        <position>-0.396823,0.949896,1.780335</position>
        <triangledirection>0.0434411,-0.420432,-0.906283</triangledirection>
        <trianglepickorigin>0,0,0</trianglepickorigin>
        <orientation>
          <row0>-0.558384,0.829582,4.17232e-7</row0>
          <row1>-0.726208,-0.488804,-0.483417</row1>
          <row2>-0.401034,-0.269933,0.875390</row2>
        </orientation>
        <userorientation>
          <userorientation_row0>0.920402,0.149315,-0.361339</userorientation_row0>
          <userorientation_row1>-0.373041,0.612074,-0.697283</userorientation_row1>
          <userorientation_row2>0.117051,0.776575,0.619055</userorientation_row2>
        </userorientation>
      </transform>
      <snapped>false</snapped>
      <childlist count="2">
        <childid>23</childid>
        <childid>20</childid>
      </childlist>
      <handles count="3">
        <weight channel="DeformAxisLeft">0.620607</weight>
        <weight channel="DeformAxisUp">0.524901</weight>
        <weight channel="DeformAxisForward">0.461726</weight>
      </handles>
    </blockref>
    <blockref>15
      <blockid>flora_parts~, FE_leaf_09</blockid>
      <transform>
        <scale>1,75</scale>
        <position>-0.570901,-0.439492,1.737414</position>
        <triangledirection>0.179180,0.142959,-0.973374</triangledirection>
        <trianglepickorigin>0,0,0</trianglepickorigin>
        <orientation>
          <row0>0.862837,0.505482,-1.63912e-7</row0>
          <row1>-0.137611,0.234896,-0.962230</row1>
          <row2>-0.486390,0.830248,0.272236</row2>
        </orientation>
        <userorientation>
          <userorientation_row0>-0.972861,0.231220,-0.00892199</userorientation_row0>
          <userorientation_row1>0.226867,0.945534,-0.233448</userorientation_row1>
          <userorientation_row2>-0.0455419,-0.229136,-0.972329</userorientation_row2>
        </userorientation>
      </transform>
      <snapped>false</snapped>
      <childlist count="2">
        <childid>26</childid>
        <childid>22</childid>
      </childlist>
      <handles count="3">
        <weight channel="DeformAxisLeft">0.760327</weight>
        <weight channel="DeformAxisUp">0.729210</weight>
        <weight channel="DeformAxisForward">0.506558</weight>
      </handles>
    </blockref>
    <blockref>16
      <blockid>flora_parts~, FE_leaf_09</blockid>
      <transform>
        <scale>1,568310</scale>
        <position>0.905988,0.0358049,2.190336</position>
        <triangledirection>-0.235164,0.0106436,-0.971897</triangledirection>
        <trianglepickorigin>0,0,0</trianglepickorigin>
        <orientation>
          <row0>-0.977080,-0.212868,4.02331e-7</row0>
          <row1>0.0773190,-0.354901,-0.931701</row1>
          <row2>0.198330,-0.910347,0.363225</row2>
        </orientation>
        <userorientation>
          <userorientation_row0>-0.969680,0.244078,-0.0121010</userorientation_row0>
          <userorientation_row1>0.227508,0.883558,-0.409347</userorientation_row1>
          <userorientation_row2>-0.0892210,-0.399690,-0.912297</userorientation_row2>
        </userorientation>
      </transform>
      <snapped>false</snapped>
      <handles count="3">
        <weight channel="DeformAxisLeft">0.779582</weight>
        <weight channel="DeformAxisUp">0.535519</weight>
        <weight channel="DeformAxisForward">0.392317</weight>
      </handles>
    </blockref>
    <blockref>17
      <blockid>flora_parts~, fe_muscle_branch_01</blockid>
      <transform>
        <limbtype>0</limbtype>
        <musclescale>0.350000</musclescale>
        <basemusclescale>1.200000</basemusclescale>
        <scale>1</scale>
        <position>-0.0463590,0.685612,1.151514</position>
        <triangledirection>0.634498,-0.275899,-0.722005</triangledirection>
        <trianglepickorigin>0,0,0</trianglepickorigin>
        <orientation>
          <row0>0.772412,0.260327,0.579317</row0>
          <row1>0.634498,-0.275899,-0.722005</row1>
          <row2>-0.0281246,0.925261,-0.378285</row2>
        </orientation>
      </transform>
      <snapped>true</snapped>
      <childlist count="4">
        <childid>27</childid>
        <childid>18</childid>
        <childid>14</childid>
        <childid>10</childid>
      </childlist>
      <handles count="1">
        <weight channel="longer">0.162245</weight>
      </handles>
    </blockref>
    <blockref>18
      <blockid>Creature_parts~, ce_grasper_null</blockid>
      <transform>
        <basemusclescale>0.5</basemusclescale>
        <scale>1</scale>
        <position>-0.840909,1.031105,2.055646</position>
        <triangledirection>0.0526128,-0.778109,-0.625921</triangledirection>
        <trianglepickorigin>0,0,0</trianglepickorigin>
        <orientation>
          <row0>0.950591,-0.153009,0.270116</row0>
          <row1>0.0526128,-0.778109,-0.625921</row1>
          <row2>0.305952,0.609207,-0.731614</row2>
        </orientation>
      </transform>
      <snapped>true</snapped>
    </blockref>
    <blockref>19
      <blockid>flora_parts~, FE_flatleaf_01</blockid>
      <transform>
        <scale>0,860707</scale>
        <position>0.909329,0.141073,2.102904</position>
        <triangledirection>-0.167572,-0.553150,-0.816054</triangledirection>
        <trianglepickorigin>0,0,0</trianglepickorigin>
        <orientation>
          <row0>-0.999999,-0.000283381,3.58559e-8</row0>
          <row1>0.000263999,-0.931652,-0.363349</row1>
          <row2>0.000102999,-0.363349,0.931652</row2>
        </orientation>
        <userorientation>
          <userorientation_row0>-0.972382,0.229639,0.0417089</userorientation_row0>
          <userorientation_row1>0.167728,0.811812,-0.559310</userorientation_row1>
          <userorientation_row2>-0.162300,-0.536866,-0.827907</userorientation_row2>
        </userorientation>
      </transform>
      <snapped>false</snapped>
      <childlist count="1">
        <childid>25</childid>
      </childlist>
      <handles count="1">
        <weight channel="Leaf_bend">0.910759</weight>
      </handles>
    </blockref>
    <blockref>20
      <blockid>flora_parts~, FE_flatleaf_01</blockid>
      <transform>
        <scale>0,740818</scale>
        <position>-0.289126,1.121157,1.909212</position>
        <triangledirection>-0.516444,-0.504426,-0.691982</triangledirection>
        <trianglepickorigin>0,0,0</trianglepickorigin>
        <orientation>
          <row0>-0.653235,0.757154,-4.69386e-7</row0>
          <row1>-0.734526,-0.633713,0.242648</row1>
          <row2>0.183722,0.158507,0.970114</row2>
        </orientation>
        <userorientation>
          <userorientation_row0>-0.967105,-0.235270,-0.0967319</userorientation_row0>
          <userorientation_row1>-0.0445679,0.531094,-0.846140</userorientation_row1>
          <userorientation_row2>0.250445,-0.813993,-0.524110</userorientation_row2>
        </userorientation>
      </transform>
      <snapped>false</snapped>
      <handles count="1">
        <weight channel="Leaf_bend">0.843429</weight>
      </handles>
    </blockref>
    <blockref>21
      <blockid>flora_parts~, FE_flatleaf_01</blockid>
      <transform>
        <scale>0,860707</scale>
        <position>0.778612,-0.0611579,2.119146</position>
        <triangledirection>0.0850268,0.228812,-0.969749</triangledirection>
        <trianglepickorigin>0,0,0</trianglepickorigin>
        <orientation>
          <row0>0.410349,-0.911928,7.89761e-7</row0>
          <row1>0.583148,0.262404,-0.768817</row1>
          <row2>0.701106,0.315484,0.639467</row2>
        </orientation>
        <userorientation>
          <userorientation_row0>-0.440651,-0.510978,-0.738056</userorientation_row0>
          <userorientation_row1>-0.173771,0.855186,-0.488323</userorientation_row1>
          <userorientation_row2>0.880698,-0.0869279,-0.465632</userorientation_row2>
        </userorientation>
      </transform>
      <snapped>false</snapped>
      <childlist count="1">
        <childid>24</childid>
      </childlist>
      <handles count="1">
        <weight channel="Leaf_bend">0.873025</weight>
      </handles>
    </blockref>
    <blockref>22
      <blockid>flora_parts~, fe_cap_01a</blockid>
      <transform>
        <scale>0,927744</scale>
        <position>-0.522588,-0.381724,2.789198</position>
        <triangledirection>-0.961647,-0.169661,-0.215518</triangledirection>
        <trianglepickorigin>0,0,0</trianglepickorigin>
        <orientation>
          <row0>0.541246,0.840863,3.61353e-7</row0>
          <row1>-0.835166,0.537579,-0.116209</row1>
          <row2>-0.0977169,0.0628979,0.993224</row2>
        </orientation>
        <userorientation>
          <userorientation_row0>0.743357,0.668895,0</userorientation_row0>
          <userorientation_row1>-0.663151,0.736974,-0.130759</userorientation_row1>
          <userorientation_row2>-0.0874649,0.0972009,0.991414</userorientation_row2>
        </userorientation>
      </transform>
      <snapped>false</snapped>
    </blockref>
    <blockref>23
      <blockid>flora_parts~, fe_cap_01a</blockid>
      <transform>
        <scale>1</scale>
        <position>-0.661392,1.300027,2.636785</position>
        <triangledirection>0.689726,-0.569793,0.446781</triangledirection>
        <trianglepickorigin>0,0,0</trianglepickorigin>
        <orientation>
          <row0>-0.932135,-0.362110,1.49011e-7</row0>
          <row1>0.348772,-0.897802,0.268900</row1>
          <row2>-0.0973716,0.250652,0.963167</row2>
        </orientation>
        <userorientation>
          <userorientation_row0>0.899460,0.418020,0.127400</userorientation_row0>
          <userorientation_row1>-0.436590,0.872259,0.220346</userorientation_row1>
          <userorientation_row2>-0.0190169,-0.253813,0.967066</userorientation_row2>
        </userorientation>
      </transform>
      <snapped>false</snapped>
    </blockref>
    <blockref>24
      <blockid>flora_parts~, fe_cap_01a</blockid>
      <transform>
        <scale>0,927744</scale>
        <position>0.725627,-0.255149,2.573649</position>
        <triangledirection>0.213672,0.868729,0.446827</triangledirection>
        <trianglepickorigin>0,0,0</trianglepickorigin>
        <orientation>
          <row0>0.594527,-0.768684,0.235926</row0>
          <row1>0.722942,0.639452,0.261637</row1>
          <row2>-0.351980,0.0150105,0.935886</row2>
        </orientation>
        <userorientation>
          <userorientation_row0>0.884865,0.465847,0</userorientation_row0>
          <userorientation_row1>-0.435325,0.826891,0.356011</userorientation_row1>
          <userorientation_row2>0.165846,-0.315021,0.934482</userorientation_row2>
        </userorientation>
      </transform>
      <snapped>false</snapped>
    </blockref>
    <blockref>25
      <blockid>flora_parts~, fe_cap_01a</blockid>
      <transform>
        <scale>0,927744</scale>
        <position>1.016833,0.461337,2.444525</position>
        <triangledirection>-0.203432,-0.620836,0.757084</triangledirection>
        <trianglepickorigin>0,0,0</trianglepickorigin>
        <orientation>
          <row0>-0.309933,0.929737,0.198821</row0>
          <row1>-0.802462,-0.367958,0.469744</row1>
          <row2>0.509896,-0.0139572,0.860122</row2>
        </orientation>
        <userorientation>
          <userorientation_row0>0.896318,0.443305,-0.00963199</userorientation_row0>
          <userorientation_row1>-0.363640,0.747325,0.556121</userorientation_row1>
          <userorientation_row2>0.253729,-0.494959,0.831044</userorientation_row2>
        </userorientation>
      </transform>
      <snapped>false</snapped>
    </blockref>
    <blockref>26
      <blockid>flora_parts~, fe_cap_01a</blockid>
      <transform>
        <scale>1</scale>
        <position>-1.068783,-0.733573,2.541509</position>
        <triangledirection>0.302197,0.719591,0.625191</triangledirection>
        <trianglepickorigin>0,0,0</trianglepickorigin>
        <orientation>
          <row0>0.825805,-0.563955,-7.45058e-8</row0>
          <row1>0.368483,0.539574,0.757019</row1>
          <row2>-0.426925,-0.625151,0.653392</row2>
        </orientation>
        <userorientation>
          <userorientation_row0>0.982411,0.135237,-0.128763</userorientation_row0>
          <userorientation_row1>-0.156261,0.972911,-0.170374</userorientation_row1>
          <userorientation_row2>0.102234,0.187498,0.976929</userorientation_row2>
        </userorientation>
      </transform>
      <snapped>false</snapped>
    </blockref>
    <blockref>27
      <blockid>flora_parts~, FE_flatleaf_01</blockid>
      <transform>
        <scale>0,740818</scale>
        <position>-0.664478,0.890609,1.686644</position>
        <triangledirection>0.634247,-0.269182,-0.724756</triangledirection>
        <trianglepickorigin>0,0,0</trianglepickorigin>
        <orientation>
          <row0>0.105537,-0.994415,-2.19792e-7</row0>
          <row1>0.914167,0.0970209,0.393553</row1>
          <row2>-0.391355,-0.0415349,0.919301</row2>
        </orientation>
        <userorientation>
          <userorientation_row0>-0.746816,0.660146,-0.0804530</userorientation_row0>
          <userorientation_row1>0.334616,0.268460,-0.903306</userorientation_row1>
          <userorientation_row2>-0.574715,-0.701524,-0.421385</userorientation_row2>
        </userorientation>
      </transform>
      <snapped>false</snapped>
      <handles count="1">
        <weight channel="Leaf_bend">0.794029</weight>
      </handles>
    </blockref>
  </blocks></sporemodel>