spore0005438f6347406662006d7d5e58d816b417ffffffffffffffff0000000ebfdb7f4e06KChangfffffffffffffffe08Possylis0000000<?xml version="1.0" encoding="UTF-8"?><sporemodel>
  <properties>
    <modeltype>PlantSmall</modeltype>
    <skineffectseed1>18016</skineffectseed1>
    <skineffectseed2>18016</skineffectseed2>
    <skineffectseed3>18016</skineffectseed3>
    <skincolor1>0.282353,0.254902,0.243137</skincolor1>
    <skincolor2>0.388235,0.443136,0.384314</skincolor2>
    <skincolor3>0.576470,0.694118,0.411764</skincolor3>
    <zcorpscore>37</zcorpscore>
  </properties>
  <blocks count="10">
    <blockref>
      <blockid>flora_parts~, fe_root_dummy</blockid>
      <transform>
        <scale>1</scale>
        <position>0,0,0.600000</position>
        <triangledirection>0,1,0</triangledirection>
        <trianglepickorigin>0,0,0</trianglepickorigin>
        <orientation>
          <row0>1,0,0</row0>
          <row1>0,1,0</row1>
          <row2>0,0,1</row2>
        </orientation>
      </transform>
      <snapped>false</snapped>
      <childlist count="1">
        <childid>1</childid>
      </childlist>
    </blockref>
    <blockref>
      <blockid>flora_parts~, FE_muscle_branch_04</blockid>
      <transform>
        <limbtype>0</limbtype>
        <musclescale>0.425000</musclescale>
        <basemusclescale>2.200000</basemusclescale>
        <scale>1</scale>
        <position>0,0,0.600000</position>
        <triangledirection>0.00436399,0.0160359,0.999861</triangledirection>
        <trianglepickorigin>0,0,0</trianglepickorigin>
        <orientation>
          <row0>-0.0934408,0.995503,-0.0155582</row0>
          <row1>0.00436399,0.0160359,0.999861</row1>
          <row2>0.995615,0.0933600,-0.00584279</row2>
        </orientation>
      </transform>
      <snapped>true</snapped>
      <childlist count="7">
        <childid>8</childid>
        <childid>7</childid>
        <childid>6</childid>
        <childid>5</childid>
        <childid>4</childid>
        <childid>3</childid>
        <childid>2</childid>
      </childlist>
      <handles count="1">
        <weight channel="longer">0.105711</weight>
      </handles>
    </blockref>
    <blockref>
      <blockid>creature_parts~, ce_grasper_null</blockid>
      <transform>
        <basemusclescale>0.699999</basemusclescale>
        <scale>1</scale>
        <position>-0.00391599,-0.0143910,-0.297321</position>
        <triangledirection>0,0,-1</triangledirection>
        <trianglepickorigin>0,0,0</trianglepickorigin>
        <orientation>
          <row0>1,0,0</row0>
          <row1>0,0,-1</row1>
          <row2>0,1,0</row2>
        </orientation>
      </transform>
      <snapped>true</snapped>
    </blockref>
    <blockref>
      <blockid>flora_parts~, fe_cap_05a</blockid>
      <transform>
        <scale>0,927743</scale>
        <position>0.316121,0.188785,0.665019</position>
        <triangledirection>-0.810050,-0.372295,0.453005</triangledirection>
        <trianglepickorigin>0,0,0</trianglepickorigin>
        <orientation>
          <row0>-0.493892,0.869523,-4.47034e-8</row0>
          <row1>-0.854171,-0.485172,-0.187076</row1>
          <row2>-0.162667,-0.0923958,0.982345</row2>
        </orientation>
        <userorientation>
          <userorientation_row0>0.994686,-0.102640,0.00802999</userorientation_row0>
          <userorientation_row1>0.0763579,0.787802,0.611175</userorientation_row1>
          <userorientation_row2>-0.0690570,-0.607313,0.791454</userorientation_row2>
        </userorientation>
      </transform>
      <snapped>false</snapped>
    </blockref>
    <blockref>
      <blockid>flora_parts~, fe_cap_05a</blockid>
      <transform>
        <scale>0,860707</scale>
        <position>-0.329631,0.189578,0.635183</position>
        <triangledirection>0.629161,-0.632478,0.451803</triangledirection>
        <trianglepickorigin>0,0,0</trianglepickorigin>
        <orientation>
          <row0>-0.496118,-0.868254,-3.72529e-8</row0>
          <row1>0.857345,-0.489884,-0.158021</row1>
          <row2>0.137203,-0.0783976,0.987435</row2>
        </orientation>
        <userorientation>
          <userorientation_row0>0.962873,-0.267771,-0.0342369</userorientation_row0>
          <userorientation_row1>0.237013,0.777855,0.582034</userorientation_row1>
          <userorientation_row2>-0.129221,-0.568541,0.812442</userorientation_row2>
        </userorientation>
      </transform>
      <snapped>false</snapped>
    </blockref>
    <blockref>
      <blockid>flora_parts~, fe_cap_05a</blockid>
      <transform>
        <scale>0,798516</scale>
        <position>-0.0259579,-0.363406,0.623287</position>
        <triangledirection>0.165469,0.906736,0.387876</triangledirection>
        <trianglepickorigin>0,0,0</trianglepickorigin>
        <orientation>
          <row0>0.998431,-0.0559914,1.06636e-7</row0>
          <row1>0.0557419,0.993981,-0.0943019</row1>
          <row2>0.00528000,0.0941540,0.995543</row2>
        </orientation>
        <userorientation>
          <userorientation_row0>0.415789,0.389730,-0.821722</userorientation_row0>
          <userorientation_row1>0.114440,0.873926,0.472395</userorientation_row1>
          <userorientation_row2>0.902231,-0.290455,0.318768</userorientation_row2>
        </userorientation>
      </transform>
      <snapped>false</snapped>
    </blockref>
    <blockref>
      <blockid>flora_parts~, FE_leaf_35</blockid>
      <transform>
        <scale>1,161830</scale>
        <position>-0.0243379,0.269566,0.827696</position>
        <triangledirection>0.0737839,-0.803763,-0.590355</triangledirection>
        <trianglepickorigin>0,0,0</trianglepickorigin>
        <orientation>
          <row0>-0.995813,-0.0914133,-4.99188e-7</row0>
          <row1>0.0737839,-0.803763,-0.590355</row1>
          <row2>0.0539659,-0.587883,0.807143</row2>
        </orientation>
        <userorientation>
          <userorientation_row0>0.940425,0,0.340000</userorientation_row0>
          <userorientation_row1>0,1,0</userorientation_row1>
          <userorientation_row2>-0.340000,0,0.940425</userorientation_row2>
        </userorientation>
      </transform>
      <snapped>false</snapped>
      <handles count="3">
        <weight channel="DeformAxisLeft">0</weight>
        <weight channel="DeformAxisForward">0.424879</weight>
        <weight channel="DeformAxisUp">0.410210</weight>
      </handles>
    </blockref>
    <blockref>
      <blockid>flora_parts~, FE_leaf_35</blockid>
      <transform>
        <scale>1</scale>
        <position>0.168361,-0.133000,0.899268</position>
        <triangledirection>-0.711365,0.385378,-0.587742</triangledirection>
        <trianglepickorigin>0,0,0</trianglepickorigin>
        <orientation>
          <row0>0.642098,0.766622,2.53319e-7</row0>
          <row1>-0.450737,0.377523,-0.808894</row1>
          <row2>-0.620117,0.519389,0.587953</row2>
        </orientation>
        <userorientation>
          <userorientation_row0>0.712695,-0.0961299,0.694855</userorientation_row0>
          <userorientation_row1>-0.161327,0.941551,0.295726</userorientation_row1>
          <userorientation_row2>-0.682669,-0.322863,0.655532</userorientation_row2>
        </userorientation>
      </transform>
      <snapped>false</snapped>
      <childlist count="1">
        <childid>9</childid>
      </childlist>
      <handles count="3">
        <weight channel="DeformAxisLeft">0</weight>
        <weight channel="DeformAxisForward">0.400000</weight>
        <weight channel="DeformAxisUp">0.410210</weight>
      </handles>
    </blockref>
    <blockref>
      <blockid>flora_parts~, FE_leaf_35</blockid>
      <transform>
        <scale>1,252320</scale>
        <position>-0.264388,-0.0845370,0.832983</position>
        <triangledirection>0.542450,0.151982,-0.826225</triangledirection>
        <trianglepickorigin>0,0,0</trianglepickorigin>
        <orientation>
          <row0>0.336398,-0.941719,-3.42726e-7</row0>
          <row1>0.711328,0.254099,-0.655321</row1>
          <row2>0.617129,0.220448,0.755350</row2>
        </orientation>
        <userorientation>
          <userorientation_row0>-0.760652,-0.137061,-0.634525</userorientation_row0>
          <userorientation_row1>0.0393549,0.965922,-0.255823</userorientation_row1>
          <userorientation_row2>0.647965,-0.219564,-0.729336</userorientation_row2>
        </userorientation>
      </transform>
      <snapped>false</snapped>
      <handles count="3">
        <weight channel="DeformAxisLeft">0</weight>
        <weight channel="DeformAxisForward">0.340211</weight>
        <weight channel="DeformAxisUp">0.677504</weight>
      </handles>
    </blockref>
    <blockref>
      <blockid>flora_parts~, FE_leaf_35</blockid>
      <transform>
        <scale>1,161830</scale>
        <position>0.669649,-0.225703,2.084698</position>
        <triangledirection>0.824477,0.0628578,-0.562391</triangledirection>
        <trianglepickorigin>0,0,0</trianglepickorigin>
        <orientation>
          <row0>0.123390,-0.992358,7.45058e-8</row0>
          <row1>0.935914,0.116372,-0.332449</row1>
          <row2>0.329908,0.0410210,0.943121</row2>
        </orientation>
        <userorientation>
          <userorientation_row0>0.844862,-0.168869,-0.507632</userorientation_row0>
          <userorientation_row1>0.0393549,0.965922,-0.255823</userorientation_row1>
          <userorientation_row2>0.533533,0.196157,0.822716</userorientation_row2>
        </userorientation>
      </transform>
      <snapped>false</snapped>
      <handles count="3">
        <weight channel="DeformAxisLeft">0</weight>
        <weight channel="DeformAxisForward">0</weight>
        <weight channel="DeformAxisUp">0.304990</weight>
      </handles>
    </blockref>
  </blocks></sporemodel>