spore0005438f634740666200f4b765d6d816b417ffffffffffffffff0000000ebfdb7f4806KChangfffffffffffffffe07Undovah0000000<?xml version="1.0" encoding="UTF-8"?><sporemodel>
  <properties>
    <modeltype>PlantSmall</modeltype>
    <skineffectseed1>18016</skineffectseed1>
    <skineffectseed2>18016</skineffectseed2>
    <skineffectseed3>18016</skineffectseed3>
    <skincolor1>0.282353,0.254902,0.243137</skincolor1>
    <skincolor2>0.576470,0.501960,0.341175</skincolor2>
    <skincolor3>0.694118,0.352941,0.223528</skincolor3>
    <zcorpscore>51</zcorpscore>
  </properties>
  <blocks count="14">
    <blockref>
      <blockid>flora_parts~, fe_root_dummy</blockid>
      <transform>
        <scale>1</scale>
        <position>0,0,0.600000</position>
        <triangledirection>0,1,0</triangledirection>
        <trianglepickorigin>0,0,0</trianglepickorigin>
        <orientation>
          <row0>1,0,0</row0>
          <row1>0,1,0</row1>
          <row2>0,0,1</row2>
        </orientation>
      </transform>
      <snapped>false</snapped>
      <childlist count="1">
        <childid>1</childid>
      </childlist>
    </blockref>
    <blockref>
      <blockid>flora_parts~, FE_muscle_branch_04</blockid>
      <transform>
        <limbtype>0</limbtype>
        <musclescale>0.425000</musclescale>
        <basemusclescale>1.75</basemusclescale>
        <scale>1</scale>
        <position>0,0,0.600000</position>
        <triangledirection>0.00436399,0.0160359,0.999861</triangledirection>
        <trianglepickorigin>0,0,0</trianglepickorigin>
        <orientation>
          <row0>-0.0934408,0.995503,-0.0155582</row0>
          <row1>0.00436399,0.0160359,0.999861</row1>
          <row2>0.995615,0.0933600,-0.00584279</row2>
        </orientation>
      </transform>
      <snapped>true</snapped>
      <childlist count="12">
        <childid>13</childid>
        <childid>12</childid>
        <childid>11</childid>
        <childid>10</childid>
        <childid>9</childid>
        <childid>8</childid>
        <childid>7</childid>
        <childid>6</childid>
        <childid>5</childid>
        <childid>4</childid>
        <childid>3</childid>
        <childid>2</childid>
      </childlist>
      <handles count="1">
        <weight channel="longer">0.0672240</weight>
      </handles>
    </blockref>
    <blockref>
      <blockid>Creature_parts~, ce_grasper_null</blockid>
      <transform>
        <basemusclescale>1.75</basemusclescale>
        <scale>1</scale>
        <position>-0.00286199,-0.0105179,-0.0558049</position>
        <triangledirection>0,0,-1</triangledirection>
        <trianglepickorigin>0,0,0</trianglepickorigin>
        <orientation>
          <row0>1,0,0</row0>
          <row1>0,0,-1</row1>
          <row2>0,1,0</row2>
        </orientation>
      </transform>
      <snapped>true</snapped>
    </blockref>
    <blockref>
      <blockid>flora_parts~, FE_leaf_27</blockid>
      <transform>
        <scale>1,690459</scale>
        <position>0.00756799,-0.108961,0.872609</position>
        <triangledirection>-0.0379150,-0.0711050,-0.996747</triangledirection>
        <trianglepickorigin>0,0,0</trianglepickorigin>
        <orientation>
          <row0>0.997443,0.0714633,-5.10364e-7</row0>
          <row1>-0.0277890,0.387856,-0.921301</row1>
          <row2>-0.0658390,0.918945,0.388850</row2>
        </orientation>
        <userorientation>
          <userorientation_row0>-0.872824,-0.252831,-0.417439</userorientation_row0>
          <userorientation_row1>-0.0428989,0.891779,-0.450431</userorientation_row1>
          <userorientation_row2>0.486146,-0.375239,-0.789211</userorientation_row2>
        </userorientation>
      </transform>
      <snapped>false</snapped>
      <handles count="3">
        <weight channel="DeformAxisLeft">0</weight>
        <weight channel="DeformAxisForward">0.343501</weight>
        <weight channel="DeformAxisUp">0.766430</weight>
      </handles>
    </blockref>
    <blockref>
      <blockid>flora_parts~, FE_leaf_21</blockid>
      <transform>
        <scale>1,454989</scale>
        <position>-0.0298810,-0.398573,0.309316</position>
        <triangledirection>0.305546,0.950772,-0.0516939</triangledirection>
        <trianglepickorigin>0,0,0</trianglepickorigin>
        <orientation>
          <row0>0.952045,-0.305956,7.17118e-8</row0>
          <row1>0.305546,0.950772,-0.0516939</row1>
          <row2>0.0158160,0.0492150,0.998663</row2>
        </orientation>
        <userorientation>
          <userorientation_row0>0.906266,0,-0.422706</userorientation_row0>
          <userorientation_row1>0,1,0</userorientation_row1>
          <userorientation_row2>0.422706,0,0.906266</userorientation_row2>
        </userorientation>
      </transform>
      <snapped>false</snapped>
      <handles count="4">
        <weight channel="Bend_vert">0.779812</weight>
        <weight channel="Length">0.5</weight>
        <weight channel="tweak_sideways">0.422976</weight>
        <weight channel="WidthHeight">0.232490</weight>
      </handles>
    </blockref>
    <blockref>
      <blockid>flora_parts~, FE_leaf_21</blockid>
      <transform>
        <scale>1,506240</scale>
        <position>-0.214450,0.0497479,0.261095</position>
        <triangledirection>0.987109,0.148510,-0.0596712</triangledirection>
        <trianglepickorigin>0,0,0</trianglepickorigin>
        <orientation>
          <row0>-0.103311,-0.994649,-5.36441e-7</row0>
          <row1>0.980784,-0.101871,-0.166385</row1>
          <row2>0.165494,-0.0171899,0.986060</row2>
        </orientation>
        <userorientation>
          <userorientation_row0>0.965492,0.255629,-0.0497879</userorientation_row0>
          <userorientation_row1>-0.249695,0.962940,0.101969</userorientation_row1>
          <userorientation_row2>0.0740090,-0.0860179,0.993541</userorientation_row2>
        </userorientation>
      </transform>
      <snapped>false</snapped>
      <handles count="4">
        <weight channel="Bend_vert">0.797389</weight>
        <weight channel="Length">0.427634</weight>
        <weight channel="tweak_sideways">0.780383</weight>
        <weight channel="WidthHeight">0.297598</weight>
      </handles>
    </blockref>
    <blockref>
      <blockid>flora_parts~, FE_leaf_21</blockid>
      <transform>
        <scale>1,349859</scale>
        <position>-0.105010,0.232077,0.267605</position>
        <triangledirection>0.541103,-0.840792,-0.0165489</triangledirection>
        <trianglepickorigin>0,0,0</trianglepickorigin>
        <orientation>
          <row0>-0.840908,-0.541178,1.38301e-7</row0>
          <row1>0.541103,-0.840792,-0.0165489</row1>
          <row2>0.00895607,-0.0139161,0.999863</row2>
        </orientation>
        <userorientation>
          <userorientation_row0>0.994951,0,-0.100365</userorientation_row0>
          <userorientation_row1>0,1,0</userorientation_row1>
          <userorientation_row2>0.100365,0,0.994951</userorientation_row2>
        </userorientation>
      </transform>
      <snapped>false</snapped>
      <handles count="4">
        <weight channel="Bend_vert">0.740252</weight>
        <weight channel="Length">0.549864</weight>
        <weight channel="tweak_sideways">0.473913</weight>
        <weight channel="WidthHeight">0.323371</weight>
      </handles>
    </blockref>
    <blockref>
      <blockid>flora_parts~, FE_leaf_21</blockid>
      <transform>
        <scale>1,506240</scale>
        <position>0.234103,0.177562,0.251574</position>
        <triangledirection>-0.863903,-0.486702,-0.129589</triangledirection>
        <trianglepickorigin>0,0,0</trianglepickorigin>
        <orientation>
          <row0>-0.662028,0.749479,-1.49011e-8</row0>
          <row1>-0.739913,-0.653578,-0.159254</row1>
          <row2>-0.119358,-0.105431,0.987237</row2>
        </orientation>
        <userorientation>
          <userorientation_row0>0.976148,-0.204823,-0.0719849</userorientation_row0>
          <userorientation_row1>0.207155,0.977949,0.0264919</userorientation_row1>
          <userorientation_row2>0.0649719,-0.0407719,0.997053</userorientation_row2>
        </userorientation>
      </transform>
      <snapped>false</snapped>
      <handles count="4">
        <weight channel="Bend_vert">0.752671</weight>
        <weight channel="Length">0.426217</weight>
        <weight channel="tweak_sideways">0.712339</weight>
        <weight channel="WidthHeight">0.195439</weight>
      </handles>
    </blockref>
    <blockref>
      <blockid>flora_parts~, FE_leaf_21</blockid>
      <transform>
        <scale>1,349859</scale>
        <position>0.258719,-0.203123,0.226600</position>
        <triangledirection>-0.786345,0.593269,-0.172317</triangledirection>
        <trianglepickorigin>0,0,0</trianglepickorigin>
        <orientation>
          <row0>0.573946,0.818892,-8.94069e-8</row0>
          <row1>-0.807994,0.566308,0.162598</row1>
          <row2>0.133151,-0.0933231,0.986692</row2>
        </orientation>
        <userorientation>
          <userorientation_row0>0.993665,-0.0677279,-0.0896859</userorientation_row0>
          <userorientation_row1>0.0345029,0.943318,-0.330093</userorientation_row1>
          <userorientation_row2>0.106959,0.324907,0.939677</userorientation_row2>
        </userorientation>
      </transform>
      <snapped>false</snapped>
      <handles count="4">
        <weight channel="Bend_vert">0.730772</weight>
        <weight channel="Length">0.451249</weight>
        <weight channel="tweak_sideways">0.541409</weight>
        <weight channel="WidthHeight">0.219334</weight>
      </handles>
    </blockref>
    <blockref>
      <blockid>flora_parts~, fe_cap_01a</blockid>
      <transform>
        <scale>1,161830</scale>
        <position>0.0494219,0.321626,0.401371</position>
        <triangledirection>-0.115838,-0.990007,-0.0804176</triangledirection>
        <trianglepickorigin>0,0,0</trianglepickorigin>
        <orientation>
          <row0>-0.987196,0.159510,-2.45694e-7</row0>
          <row1>-0.159509,-0.987187,0.00426400</row1>
          <row2>0.000679910,0.00420944,0.999990</row2>
        </orientation>
        <userorientation>
          <userorientation_row0>0.999046,0.0436309,-0.00102099</userorientation_row0>
          <userorientation_row1>-0.0435609,0.995456,-0.0846630</userorientation_row1>
          <userorientation_row2>-0.00267799,0.0846270,0.996408</userorientation_row2>
        </userorientation>
      </transform>
      <snapped>false</snapped>
    </blockref>
    <blockref>
      <blockid>flora_parts~, fe_cap_01a</blockid>
      <transform>
        <scale>1,161830</scale>
        <position>0.365743,-0.0550469,0.385162</position>
        <triangledirection>-0.970693,0.0219419,-0.239318</triangledirection>
        <trianglepickorigin>0,0,0</trianglepickorigin>
        <orientation>
          <row0>-0.0426810,0.999088,2.68220e-7</row0>
          <row1>-0.945625,-0.0403969,-0.322737</row1>
          <row2>-0.322443,-0.0137750,0.946488</row2>
        </orientation>
        <userorientation>
          <userorientation_row0>0.997119,-0.0666709,0.0361929</userorientation_row0>
          <userorientation_row1>0.0633519,0.994262,0.0861799</userorientation_row1>
          <userorientation_row2>-0.0417309,-0.0836390,0.995622</userorientation_row2>
        </userorientation>
      </transform>
      <snapped>false</snapped>
    </blockref>
    <blockref>
      <blockid>flora_parts~, fe_cap_01a</blockid>
      <transform>
        <scale>1,161830</scale>
        <position>-0.205455,-0.232346,0.534066</position>
        <triangledirection>0.611630,0.789106,0.0567266</triangledirection>
        <trianglepickorigin>0,0,0</trianglepickorigin>
        <orientation>
          <row0>0.796020,-0.605269,-6.27711e-7</row0>
          <row1>0.604912,0.795550,0.0343489</row1>
          <row2>-0.0207899,-0.0273428,0.999409</row2>
        </orientation>
        <userorientation>
          <userorientation_row0>0.999712,-0.00973899,0.0219289</userorientation_row0>
          <userorientation_row1>0.00924799,0.999706,0.0224009</userorientation_row1>
          <userorientation_row2>-0.0221400,-0.0221919,0.999509</userorientation_row2>
        </userorientation>
      </transform>
      <snapped>false</snapped>
    </blockref>
    <blockref>
      <blockid>flora_parts~, FE_leaf_27</blockid>
      <transform>
        <scale>1,077880</scale>
        <position>-0.148667,0.114983,0.825016</position>
        <triangledirection>0.182184,-0.0816521,-0.979868</triangledirection>
        <trianglepickorigin>0,0,0</trianglepickorigin>
        <orientation>
          <row0>-0.595515,-0.803343,-2.38418e-7</row0>
          <row1>0.495163,-0.367063,-0.787449</row1>
          <row2>0.632592,-0.468938,0.616378</row2>
        </orientation>
        <userorientation>
          <userorientation_row0>-0.872824,-0.252831,-0.417439</userorientation_row0>
          <userorientation_row1>-0.0428989,0.891779,-0.450431</userorientation_row1>
          <userorientation_row2>0.486146,-0.375239,-0.789211</userorientation_row2>
        </userorientation>
      </transform>
      <snapped>false</snapped>
      <handles count="3">
        <weight channel="DeformAxisLeft">0</weight>
        <weight channel="DeformAxisForward">0.546994</weight>
        <weight channel="DeformAxisUp">0.766430</weight>
      </handles>
    </blockref>
    <blockref>
      <blockid>flora_parts~, FE_leaf_27</blockid>
      <transform>
        <scale>1,454989</scale>
        <position>0.150905,0.125473,0.818637</position>
        <triangledirection>-0.165822,-0.183995,-0.968838</triangledirection>
        <trianglepickorigin>0,0,0</trianglepickorigin>
        <orientation>
          <row0>-0.615665,0.788007,2.08616e-7</row0>
          <row1>-0.516263,-0.403353,-0.755499</row1>
          <row2>-0.595338,-0.465134,0.655149</row2>
        </orientation>
        <userorientation>
          <userorientation_row0>-0.872824,-0.252831,-0.417439</userorientation_row0>
          <userorientation_row1>-0.0428989,0.891779,-0.450431</userorientation_row1>
          <userorientation_row2>0.486146,-0.375239,-0.789211</userorientation_row2>
        </userorientation>
      </transform>
      <snapped>false</snapped>
      <handles count="3">
        <weight channel="DeformAxisLeft">0</weight>
        <weight channel="DeformAxisForward">0.609999</weight>
        <weight channel="DeformAxisUp">0.766430</weight>
      </handles>
    </blockref>
  </blocks></sporemodel>