spore0005438f634740666200d78ebf78d816b417ffffffffffffffff0000000ebfdb7f4006KChangfffffffffffffffe04Shar0000000<?xml version="1.0" encoding="UTF-8"?><sporemodel>
  <properties>
    <modeltype>PlantLarge</modeltype>
    <skineffectseed1>1234</skineffectseed1>
    <skineffectseed2>1234</skineffectseed2>
    <skineffectseed3>1234</skineffectseed3>
    <skincolor1>0.576469,0.349020,0.262742</skincolor1>
    <skincolor2>0.321566,0.443134,0.443134</skincolor2>
    <skincolor3>0.674510,0.905882,0.658824</skincolor3>
    <zcorpscore>6</zcorpscore>
  </properties>
  <blocks count="44">
    <blockref>
      <blockid>flora_parts~, fe_root_dummy</blockid>
      <transform>
        <scale>1</scale>
        <position>-0.00385136,0.00115216,0.600000</position>
        <triangledirection>0,1,0</triangledirection>
        <trianglepickorigin>0,0,0</trianglepickorigin>
        <orientation>
          <row0>1,0,0</row0>
          <row1>0,1,0</row1>
          <row2>0,0,1</row2>
        </orientation>
      </transform>
      <snapped>false</snapped>
      <childlist count="4">
        <childid>7</childid>
        <childid>5</childid>
        <childid>3</childid>
        <childid>1</childid>
      </childlist>
    </blockref>
    <blockref>
      <blockid>flora_parts~, FE_muscle_branch_04</blockid>
      <transform>
        <limbtype>0</limbtype>
        <musclescale>0.600000</musclescale>
        <basemusclescale>2</basemusclescale>
        <scale>1</scale>
        <position>-0.00385136,0.00115216,0.600000</position>
        <triangledirection>-0.308812,0.220337,0.925249</triangledirection>
        <trianglepickorigin>0,0,0</trianglepickorigin>
        <orientation>
          <row0>-0.672749,-0.738264,-0.0487286</row0>
          <row1>-0.308812,0.220337,0.925249</row1>
          <row2>-0.672341,0.637508,-0.376216</row2>
        </orientation>
      </transform>
      <snapped>true</snapped>
      <childlist count="1">
        <childid>2</childid>
      </childlist>
      <handles count="1">
        <weight channel="longer">0.311664</weight>
      </handles>
    </blockref>
    <blockref>
      <blockid>Creature_parts~, ce_grasper_null</blockid>
      <transform>
        <basemusclescale>0.75</basemusclescale>
        <scale>1</scale>
        <position>0.672452,-0.481388,-1.426310</position>
        <triangledirection>1.63912e-7,-8.94068e-8,-1</triangledirection>
        <trianglepickorigin>0,0,0</trianglepickorigin>
        <orientation>
          <row0>1,8.94070e-8,1.63911e-7</row0>
          <row1>1.63912e-7,-8.94068e-8,-1</row1>
          <row2>-8.94069e-8,1,-8.94069e-8</row2>
        </orientation>
      </transform>
      <snapped>true</snapped>
    </blockref>
    <blockref>
      <blockid>flora_parts~, FE_muscle_branch_04</blockid>
      <transform>
        <limbtype>0</limbtype>
        <musclescale>0.300000</musclescale>
        <basemusclescale>2</basemusclescale>
        <scale>1</scale>
        <position>-0.00385136,0.00115216,0.600000</position>
        <triangledirection>0.266489,-0.103218,0.958295</triangledirection>
        <trianglepickorigin>0,0,0</trianglepickorigin>
        <orientation>
          <row0>0.881554,-0.375867,-0.285633</row0>
          <row1>0.266489,-0.103218,0.958295</row1>
          <row2>-0.389674,-0.920907,0.00917235</row2>
        </orientation>
      </transform>
      <snapped>true</snapped>
      <childlist count="1">
        <childid>4</childid>
      </childlist>
      <handles count="1">
        <weight channel="longer">0.340745</weight>
      </handles>
    </blockref>
    <blockref>
      <blockid>Creature_parts~, ce_grasper_null</blockid>
      <transform>
        <basemusclescale>0.800000</basemusclescale>
        <scale>1</scale>
        <position>-0.636106,0.246039,-1.673581</position>
        <triangledirection>0,0,-1</triangledirection>
        <trianglepickorigin>0,0,0</trianglepickorigin>
        <orientation>
          <row0>1,0,0</row0>
          <row1>0,0,-1</row1>
          <row2>0,1,0</row2>
        </orientation>
      </transform>
      <snapped>true</snapped>
    </blockref>
    <blockref>
      <blockid>flora_parts~, fe_muscle_branch_01</blockid>
      <transform>
        <limbtype>0</limbtype>
        <musclescale>0.649999</musclescale>
        <basemusclescale>2</basemusclescale>
        <scale>1</scale>
        <position>-0.00385136,0.00115216,0.600000</position>
        <triangledirection>0.0341805,-0.398492,0.916534</triangledirection>
        <trianglepickorigin>0,0,0</trianglepickorigin>
        <orientation>
          <row0>-0.741414,0.604848,0.290626</row0>
          <row1>0.0341805,-0.398492,0.916534</row1>
          <row2>0.670176,0.689465,0.274773</row2>
        </orientation>
      </transform>
      <snapped>true</snapped>
      <childlist count="1">
        <childid>6</childid>
      </childlist>
      <handles count="1">
        <weight channel="longer">0.274726</weight>
      </handles>
    </blockref>
    <blockref>
      <blockid>Creature_parts~, ce_grasper_null</blockid>
      <transform>
        <basemusclescale>0.75</basemusclescale>
        <scale>1</scale>
        <position>-0.0707828,0.781471,-1.194738</position>
        <triangledirection>-2.68219e-7,5.10888e-7,-1</triangledirection>
        <trianglepickorigin>0,0,0</trianglepickorigin>
        <orientation>
          <row0>1,-2.01326e-6,-2.68221e-7</row0>
          <row1>-2.68219e-7,5.10888e-7,-1</row1>
          <row2>2.01327e-6,1,5.10887e-7</row2>
        </orientation>
      </transform>
      <snapped>true</snapped>
    </blockref>
    <blockref>
      <blockid>flora_parts~, fe_muscle_branch_01</blockid>
      <transform>
        <limbtype>0</limbtype>
        <musclescale>1</musclescale>
        <basemusclescale>2</basemusclescale>
        <scale>1</scale>
        <position>-0.00385136,0.00115216,0.600000</position>
        <triangledirection>0,0,-1</triangledirection>
        <trianglepickorigin>0,0,0</trianglepickorigin>
        <orientation>
          <row0>0.997901,-0.0647540,0</row0>
          <row1>0,0,-1</row1>
          <row2>0.0647540,0.997901,0</row2>
        </orientation>
      </transform>
      <snapped>true</snapped>
      <childlist count="1">
        <childid>11</childid>
      </childlist>
      <handles count="1">
        <weight channel="longer">0.00555498</weight>
      </handles>
    </blockref>
    <blockref>
      <blockid>flora_parts~, fe_muscle_branch_01</blockid>
      <transform>
        <limbtype>0</limbtype>
        <musclescale>1</musclescale>
        <basemusclescale>2.149997</basemusclescale>
        <scale>1</scale>
        <position>0.923821,-0.322320,4.071059</position>
        <triangledirection>0.568168,0.468968,-0.676205</triangledirection>
        <trianglepickorigin>0,0,0</trianglepickorigin>
        <orientation>
          <row0>0.813772,-0.198064,0.546392</row0>
          <row1>0.568168,0.468968,-0.676205</row1>
          <row2>-0.122308,0.860720,0.494167</row2>
        </orientation>
      </transform>
      <snapped>true</snapped>
      <childlist count="1">
        <childid>16</childid>
      </childlist>
      <handles count="1">
        <weight channel="longer">0.111919</weight>
      </handles>
    </blockref>
    <blockref>
      <blockid>flora_parts~, fe_muscle_branch_01</blockid>
      <transform>
        <limbtype>0</limbtype>
        <musclescale>1</musclescale>
        <basemusclescale>1.049997</basemusclescale>
        <scale>1</scale>
        <position>-0.361355,-0.630370,6.293853</position>
        <triangledirection>0.156027,-0.741801,-0.652216</triangledirection>
        <trianglepickorigin>0,0,0</trianglepickorigin>
        <orientation>
          <row0>0.980054,0.0339844,0.195802</row0>
          <row1>0.156027,-0.741801,-0.652216</row1>
          <row2>0.123081,0.669758,-0.732308</row2>
        </orientation>
      </transform>
      <snapped>true</snapped>
      <childlist count="1">
        <childid>10</childid>
      </childlist>
      <handles count="1">
        <weight channel="longer">0.0967067</weight>
      </handles>
    </blockref>
    <blockref>
      <blockid>flora_parts~, fe_muscle_branch_01</blockid>
      <transform>
        <limbtype>0</limbtype>
        <musclescale>1</musclescale>
        <basemusclescale>1.449997</basemusclescale>
        <scale>1</scale>
        <position>-0.492563,-0.00656701,6.842323</position>
        <triangledirection>0.427002,-0.297408,-0.853942</triangledirection>
        <trianglepickorigin>0,0,0</trianglepickorigin>
        <orientation>
          <row0>0.903401,0.181225,0.388617</row0>
          <row1>0.427002,-0.297408,-0.853942</row1>
          <row2>-0.0391778,0.937393,-0.346062</row2>
        </orientation>
      </transform>
      <snapped>true</snapped>
      <childlist count="2">
        <childid>20</childid>
        <childid>14</childid>
      </childlist>
      <handles count="1">
        <weight channel="longer">0.0967067</weight>
      </handles>
    </blockref>
    <blockref>
      <blockid>flora_parts~, fe_muscle_branch_01</blockid>
      <transform>
        <limbtype>0</limbtype>
        <musclescale>0.425000</musclescale>
        <basemusclescale>1.900000</basemusclescale>
        <scale>1</scale>
        <position>-0.00385136,0.00115216,0.868863</position>
        <triangledirection>-0.276957,0.0965729,-0.956016</triangledirection>
        <trianglepickorigin>0,0,0</trianglepickorigin>
        <orientation>
          <row0>0.959677,-0.0220074,-0.280240</row0>
          <row1>-0.276957,0.0965729,-0.956016</row1>
          <row2>0.0481031,0.995082,0.0865837</row2>
        </orientation>
      </transform>
      <snapped>true</snapped>
      <childlist count="3">
        <childid>17</childid>
        <childid>12</childid>
        <childid>8</childid>
      </childlist>
      <handles count="1">
        <weight channel="longer">0.496417</weight>
      </handles>
    </blockref>
    <blockref>
      <blockid>flora_parts~, fe_muscle_branch_01</blockid>
      <transform>
        <limbtype>0</limbtype>
        <musclescale>1</musclescale>
        <basemusclescale>2.149997</basemusclescale>
        <scale>1</scale>
        <position>0.923821,-0.322320,4.071059</position>
        <triangledirection>0.425081,-0.330927,-0.842492</triangledirection>
        <trianglepickorigin>0,0,0</trianglepickorigin>
        <orientation>
          <row0>0.881403,-0.0604942,0.468475</row0>
          <row1>0.425081,-0.330927,-0.842492</row1>
          <row2>0.205997,0.941715,-0.265965</row2>
        </orientation>
      </transform>
      <snapped>true</snapped>
      <childlist count="1">
        <childid>13</childid>
      </childlist>
      <handles count="1">
        <weight channel="longer">0.0853419</weight>
      </handles>
    </blockref>
    <blockref>
      <blockid>Creature_parts~, ce_grasper_null</blockid>
      <transform>
        <basemusclescale>0.699997</basemusclescale>
        <scale>1</scale>
        <position>0.596675,-0.0676371,4.719446</position>
        <triangledirection>0.564660,0.779419,-0.271409</triangledirection>
        <trianglepickorigin>0,0,0</trianglepickorigin>
        <orientation>
          <row0>0.340904,-0.519751,-0.783353</row0>
          <row1>0.564660,0.779419,-0.271409</row1>
          <row2>0.751626,-0.349804,0.559190</row2>
        </orientation>
      </transform>
      <snapped>true</snapped>
    </blockref>
    <blockref>
      <blockid>flora_parts~, FE_muscle_branch_04</blockid>
      <transform>
        <limbtype>0</limbtype>
        <musclescale>0.950000</musclescale>
        <basemusclescale>1.200000</basemusclescale>
        <scale>1</scale>
        <position>-0.851644,0.243533,7.560431</position>
        <triangledirection>-0.653810,-0.515441,-0.553942</triangledirection>
        <trianglepickorigin>0,0,0</trianglepickorigin>
        <orientation>
          <row0>0.751426,-0.356361,-0.555305</row0>
          <row1>-0.653810,-0.515441,-0.553942</row1>
          <row2>-0.0888237,0.779311,-0.620309</row2>
        </orientation>
      </transform>
      <snapped>true</snapped>
      <childlist count="2">
        <childid>21</childid>
        <childid>15</childid>
      </childlist>
      <handles count="1">
        <weight channel="longer">0.216450</weight>
      </handles>
    </blockref>
    <blockref>
      <blockid>Creature_parts~, ce_grasper_null</blockid>
      <transform>
        <basemusclescale>0.900000</basemusclescale>
        <scale>1</scale>
        <position>0.189506,1.064344,8.442549</position>
        <triangledirection>-4.47034e-8,2.98023e-7,-1</triangledirection>
        <trianglepickorigin>0,0,0</trianglepickorigin>
        <orientation>
          <row0>0.993791,-0.111257,-7.75830e-8</row0>
          <row1>-4.47034e-8,2.98023e-7,-1</row1>
          <row2>0.111257,0.993791,2.91199e-7</row2>
        </orientation>
      </transform>
      <snapped>true</snapped>
    </blockref>
    <blockref>
      <blockid>flora_parts~, fe_muscle_branch_06</blockid>
      <transform>
        <limbtype>0</limbtype>
        <musclescale>0.124999</musclescale>
        <basemusclescale>1.349997</basemusclescale>
        <scale>1</scale>
        <position>0.391779,-0.761469,4.704267</position>
        <triangledirection>0.426983,-0.0743249,-0.901199</triangledirection>
        <trianglepickorigin>0,0,0</trianglepickorigin>
        <orientation>
          <row0>0.698407,-0.605938,0.380875</row0>
          <row1>0.426983,-0.0743249,-0.901199</row1>
          <row2>0.574380,0.792031,0.206816</row2>
        </orientation>
      </transform>
      <snapped>true</snapped>
      <childlist count="3">
        <childid>28</childid>
        <childid>19</childid>
        <childid>9</childid>
      </childlist>
      <handles count="1">
        <weight channel="longer">0.243763</weight>
      </handles>
    </blockref>
    <blockref>
      <blockid>flora_parts~, fe_muscle_branch_01</blockid>
      <transform>
        <limbtype>0</limbtype>
        <musclescale>1</musclescale>
        <basemusclescale>2.149997</basemusclescale>
        <scale>1</scale>
        <position>0.923821,-0.322320,4.071059</position>
        <triangledirection>-0.599985,-0.478009,-0.641501</triangledirection>
        <trianglepickorigin>0,0,0</trianglepickorigin>
        <orientation>
          <row0>0.324464,0.587559,-0.741280</row0>
          <row1>-0.599985,-0.478009,-0.641501</row1>
          <row2>-0.731259,0.652901,0.197430</row2>
        </orientation>
      </transform>
      <snapped>true</snapped>
      <childlist count="1">
        <childid>22</childid>
      </childlist>
      <handles count="1">
        <weight channel="longer">0.185999</weight>
      </handles>
    </blockref>
    <blockref>
      <blockid>flora_parts~, fe_muscle_branch_01</blockid>
      <transform>
        <limbtype>0</limbtype>
        <musclescale>1</musclescale>
        <basemusclescale>1.099997</basemusclescale>
        <scale>1</scale>
        <position>-1.190448,1.131826,8.040720</position>
        <triangledirection>0.562531,-0.483001,-0.671020</triangledirection>
        <trianglepickorigin>0,0,0</trianglepickorigin>
        <orientation>
          <row0>0.616322,-0.296008,0.729743</row0>
          <row1>0.562531,-0.483001,-0.671020</row1>
          <row2>0.551094,0.824068,-0.131170</row2>
        </orientation>
      </transform>
      <snapped>true</snapped>
      <childlist count="2">
        <childid>43</childid>
        <childid>25</childid>
      </childlist>
      <handles count="1">
        <weight channel="longer">0.227280</weight>
      </handles>
    </blockref>
    <blockref>
      <blockid>flora_parts~, fe_muscle_branch_01</blockid>
      <transform>
        <limbtype>0</limbtype>
        <musclescale>1</musclescale>
        <basemusclescale>1.049997</basemusclescale>
        <scale>1</scale>
        <position>-0.361357,-0.630369,6.293857</position>
        <triangledirection>-0.833528,-0.139825,-0.534490</triangledirection>
        <trianglepickorigin>0,0,0</trianglepickorigin>
        <orientation>
          <row0>0.352842,-0.879168,-0.320257</row0>
          <row1>-0.833528,-0.139825,-0.534490</row1>
          <row2>0.425126,0.455534,-0.782148</row2>
        </orientation>
      </transform>
      <snapped>true</snapped>
      <childlist count="1">
        <childid>26</childid>
      </childlist>
      <handles count="1">
        <weight channel="longer">0.138578</weight>
      </handles>
    </blockref>
    <blockref>
      <blockid>flora_parts~, fe_muscle_branch_01</blockid>
      <transform>
        <limbtype>0</limbtype>
        <musclescale>1</musclescale>
        <basemusclescale>1.200000</basemusclescale>
        <scale>1</scale>
        <position>-0.851644,0.243533,7.560431</position>
        <triangledirection>0.318081,-0.833966,-0.450915</triangledirection>
        <trianglepickorigin>0,0,0</trianglepickorigin>
        <orientation>
          <row0>0.912918,0.141128,0.382966</row0>
          <row1>0.318081,-0.833966,-0.450915</row1>
          <row2>0.255744,0.533463,-0.806233</row2>
        </orientation>
      </transform>
      <snapped>true</snapped>
      <childlist count="1">
        <childid>18</childid>
      </childlist>
      <handles count="1">
        <weight channel="longer">0.132431</weight>
      </handles>
    </blockref>
    <blockref>
      <blockid>flora_parts~, FE_leaf_35</blockid>
      <transform>
        <scale>4,157842</scale>
        <position>0.185373,0.983941,8.548463</position>
        <triangledirection>-0.157821,-0.367555,-0.916512</triangledirection>
        <trianglepickorigin>0,0,0</trianglepickorigin>
        <orientation>
          <row0>0.964734,0.263226,-2.98023e-7</row0>
          <row1>-0.0768280,0.281576,-0.956458</row1>
          <row2>-0.251765,0.922727,0.291869</row2>
        </orientation>
        <userorientation>
          <userorientation_row0>0.966550,0.164335,-0.196911</userorientation_row0>
          <userorientation_row1>-0.249006,0.785235,-0.566920</userorientation_row1>
          <userorientation_row2>0.0614566,0.596989,0.799890</userorientation_row2>
        </userorientation>
      </transform>
      <snapped>false</snapped>
      <childlist count="1">
        <childid>35</childid>
      </childlist>
      <handles count="3">
        <weight channel="DeformAxisLeft">0.0818649</weight>
        <weight channel="DeformAxisForward">0.465481</weight>
        <weight channel="DeformAxisUp">0.373187</weight>
      </handles>
    </blockref>
    <blockref>
      <blockid>flora_parts~, FE_muscle_branch_04</blockid>
      <transform>
        <limbtype>0</limbtype>
        <musclescale>0.650000</musclescale>
        <basemusclescale>1.449997</basemusclescale>
        <scale>1</scale>
        <position>1.764598,0.347527,4.970013</position>
        <triangledirection>0,0,-1</triangledirection>
        <trianglepickorigin>0,0,0</trianglepickorigin>
        <orientation>
          <row0>0.815769,0.578377,0</row0>
          <row1>0,0,-1</row1>
          <row2>-0.578377,0.815769,0</row2>
        </orientation>
      </transform>
      <snapped>true</snapped>
      <childlist count="2">
        <childid>24</childid>
        <childid>23</childid>
      </childlist>
      <handles count="1">
        <weight channel="longer">0.162245</weight>
      </handles>
    </blockref>
    <blockref>
      <blockid>Creature_parts~, ce_grasper_null</blockid>
      <transform>
        <basemusclescale>1.349997</basemusclescale>
        <scale>1</scale>
        <position>1.764598,0.347527,6.222260</position>
        <triangledirection>-0.220169,0.449174,-0.865891</triangledirection>
        <trianglepickorigin>0,0,0</trianglepickorigin>
        <orientation>
          <row0>0.757517,0.637988,0.138338</row0>
          <row1>-0.220169,0.449174,-0.865891</row1>
          <row2>-0.614567,0.625470,0.480722</row2>
        </orientation>
      </transform>
      <snapped>true</snapped>
    </blockref>
    <blockref>
      <blockid>flora_parts~, FE_leaf_35</blockid>
      <transform>
        <scale>4,157845</scale>
        <position>1.915801,0.426911,6.240199</position>
        <triangledirection>-0.607403,-0.496228,-0.620336</triangledirection>
        <trianglepickorigin>0,0,0</trianglepickorigin>
        <orientation>
          <row0>-0.450778,0.892635,-1.34110e-7</row0>
          <row1>-0.803010,-0.405518,-0.436725</row1>
          <row2>-0.389836,-0.196866,0.899594</row2>
        </orientation>
        <userorientation>
          <userorientation_row0>0.975822,0.131246,-0.174769</userorientation_row0>
          <userorientation_row1>-0.169146,0.959898,-0.223572</userorientation_row1>
          <userorientation_row2>0.138418,0.247729,0.958890</userorientation_row2>
        </userorientation>
      </transform>
      <snapped>false</snapped>
      <childlist count="1">
        <childid>34</childid>
      </childlist>
      <handles count="3">
        <weight channel="DeformAxisLeft">0</weight>
        <weight channel="DeformAxisForward">0.435505</weight>
        <weight channel="DeformAxisUp">0.373187</weight>
      </handles>
    </blockref>
    <blockref>
      <blockid>flora_parts~, FE_leaf_35</blockid>
      <transform>
        <scale>3,857409</scale>
        <position>-2.185298,1.980492,9.043583</position>
        <triangledirection>0.740855,-0.260002,-0.619298</triangledirection>
        <trianglepickorigin>0,0,0</trianglepickorigin>
        <orientation>
          <row0>-0.620489,-0.784214,-7.45058e-8</row0>
          <row1>0.656834,-0.519703,0.546330</row1>
          <row2>-0.428440,0.338992,0.837569</row2>
        </orientation>
        <userorientation>
          <userorientation_row0>0.717756,0.696134,0.0148090</userorientation_row0>
          <userorientation_row1>-0.255795,0.283401,-0.924256</userorientation_row1>
          <userorientation_row2>-0.647605,0.659604,0.381481</userorientation_row2>
        </userorientation>
      </transform>
      <snapped>false</snapped>
      <handles count="3">
        <weight channel="DeformAxisLeft">0</weight>
        <weight channel="DeformAxisForward">0.430419</weight>
        <weight channel="DeformAxisUp">0.373187</weight>
      </handles>
    </blockref>
    <blockref>
      <blockid>flora_parts~, FE_muscle_branch_04</blockid>
      <transform>
        <limbtype>0</limbtype>
        <musclescale>0.800000</musclescale>
        <basemusclescale>1.149997</basemusclescale>
        <scale>1</scale>
        <position>0.558634,-0.476041,6.883791</position>
        <triangledirection>-0.155650,0.307118,-0.938856</triangledirection>
        <trianglepickorigin>0,0,0</trianglepickorigin>
        <orientation>
          <row0>0.459875,-0.818631,-0.344031</row0>
          <row1>-0.155650,0.307118,-0.938856</row1>
          <row2>0.874235,0.485305,0.0138160</row2>
        </orientation>
      </transform>
      <snapped>true</snapped>
      <childlist count="2">
        <childid>31</childid>
        <childid>27</childid>
      </childlist>
      <handles count="1">
        <weight channel="longer">0.214100</weight>
      </handles>
    </blockref>
    <blockref>
      <blockid>Creature_parts~, ce_grasper_null</blockid>
      <transform>
        <basemusclescale>0.900000</basemusclescale>
        <scale>1</scale>
        <position>0.804202,-0.960579,8.365017</position>
        <triangledirection>0.263594,-0.486658,-0.832875</triangledirection>
        <trianglepickorigin>0,0,0</trianglepickorigin>
        <orientation>
          <row0>0.727464,-0.466730,0.502948</row0>
          <row1>0.263594,-0.486658,-0.832875</row1>
          <row2>0.633492,0.738462,-0.230999</row2>
        </orientation>
      </transform>
      <snapped>true</snapped>
    </blockref>
    <blockref>
      <blockid>flora_parts~, FE_muscle_branch_04</blockid>
      <transform>
        <limbtype>0</limbtype>
        <musclescale>0.174998</musclescale>
        <basemusclescale>1.049997</basemusclescale>
        <scale>1</scale>
        <position>-0.361357,-0.630369,6.293857</position>
        <triangledirection>0.248085,0.610466,-0.752186</triangledirection>
        <trianglepickorigin>0,0,0</trianglepickorigin>
        <orientation>
          <row0>0.831187,-0.532951,-0.158396</row0>
          <row1>0.248085,0.610466,-0.752186</row1>
          <row2>0.497574,0.585912,0.639629</row2>
        </orientation>
      </transform>
      <snapped>true</snapped>
      <childlist count="2">
        <childid>30</childid>
        <childid>29</childid>
      </childlist>
      <handles count="1">
        <weight channel="longer">0.233485</weight>
      </handles>
    </blockref>
    <blockref>
      <blockid>Creature_parts~, ce_grasper_null</blockid>
      <transform>
        <basemusclescale>1.599997</basemusclescale>
        <scale>1</scale>
        <position>-0.782939,-1.667766,7.572088</position>
        <triangledirection>0.292557,0.599257,-0.745185</triangledirection>
        <trianglepickorigin>0,0,0</trianglepickorigin>
        <orientation>
          <row0>0.907411,-0.419829,0.0186311</row0>
          <row1>0.292557,0.599257,-0.745185</row1>
          <row2>0.301686,0.681640,0.666597</row2>
        </orientation>
      </transform>
      <snapped>true</snapped>
    </blockref>
    <blockref>
      <blockid>flora_parts~, FE_leaf_35</blockid>
      <transform>
        <scale>4,481688</scale>
        <position>-0.793067,-1.819238,7.573680</position>
        <triangledirection>0.274687,0.498172,-0.822417</triangledirection>
        <trianglepickorigin>0,0,0</trianglepickorigin>
        <orientation>
          <row0>0.984491,-0.175433,5.95115e-7</row0>
          <row1>0.175064,0.982420,-0.0648247</row1>
          <row2>0.0113718,0.0638194,0.997896</row2>
        </orientation>
        <userorientation>
          <userorientation_row0>0.190331,-0.805446,-0.561274</userorientation_row0>
          <userorientation_row1>0.183031,0.590816,-0.785770</userorientation_row1>
          <userorientation_row2>0.964506,0.0468269,0.259873</userorientation_row2>
        </userorientation>
      </transform>
      <snapped>false</snapped>
      <childlist count="1">
        <childid>33</childid>
      </childlist>
      <handles count="3">
        <weight channel="DeformAxisLeft">0.0205507</weight>
        <weight channel="DeformAxisForward">0.400000</weight>
        <weight channel="DeformAxisUp">0.373187</weight>
      </handles>
    </blockref>
    <blockref>
      <blockid>flora_parts~, FE_leaf_35</blockid>
      <transform>
        <scale>3,857414</scale>
        <position>0.858499,-1.116780,8.259688</position>
        <triangledirection>-0.532459,0.485002,-0.693727</triangledirection>
        <trianglepickorigin>0,0,0</trianglepickorigin>
        <orientation>
          <row0>0.947519,0.319698,-2.79396e-8</row0>
          <row1>-0.319648,0.947371,0.0176575</row1>
          <row2>0.00564509,-0.0167308,0.999844</row2>
        </orientation>
        <userorientation>
          <userorientation_row0>0.505012,0.757676,0.413384</userorientation_row0>
          <userorientation_row1>-0.349461,0.617428,-0.704739</userorientation_row1>
          <userorientation_row2>-0.789200,0.211440,0.576586</userorientation_row2>
        </userorientation>
      </transform>
      <snapped>false</snapped>
      <handles count="3">
        <weight channel="DeformAxisLeft">0.0955440</weight>
        <weight channel="DeformAxisForward">0.480888</weight>
        <weight channel="DeformAxisUp">0.496149</weight>
      </handles>
    </blockref>
    <blockref>
      <blockid>flora_parts~, fe_cap_01a</blockid>
      <transform>
        <scale>1</scale>
        <position>-4.930443,-1.959959,8.438655</position>
        <triangledirection>-0.345743,-0.116402,0.931079</triangledirection>
        <trianglepickorigin>0,0,0</trianglepickorigin>
        <orientation>
          <row0>0.748864,0.662723,-1.63912e-7</row0>
          <row1>-0.143421,0.162063,0.976302</row1>
          <row2>0.647018,-0.731117,0.216411</row2>
        </orientation>
        <userorientation>
          <userorientation_row0>0.941603,0.336724,3.03609e-7</userorientation_row0>
          <userorientation_row1>-0.336057,0.939736,0.0628979</userorientation_row1>
          <userorientation_row2>0.0211788,-0.0592248,0.998020</userorientation_row2>
        </userorientation>
      </transform>
      <snapped>false</snapped>
    </blockref>
    <blockref>
      <blockid>flora_parts~, fe_canopy_05</blockid>
      <transform>
        <scale>2,857650</scale>
        <position>-2.460893,-2.311241,9.065154</position>
        <triangledirection>0.947393,-0.296465,0.120629</triangledirection>
        <trianglepickorigin>0,0,0</trianglepickorigin>
        <orientation>
          <row0>-0.529236,-0.848474,1.78813e-7</row0>
          <row1>0.774575,-0.483141,0.408175</row1>
          <row2>-0.346326,0.216021,0.912903</row2>
        </orientation>
        <userorientation>
          <userorientation_row0>0.915242,0.321002,0.243489</userorientation_row0>
          <userorientation_row1>-0.249851,0.926301,-0.282027</userorientation_row1>
          <userorientation_row2>-0.316076,0.197287,0.927994</userorientation_row2>
        </userorientation>
      </transform>
      <snapped>false</snapped>
      <childlist count="3">
        <childid>38</childid>
        <childid>37</childid>
        <childid>32</childid>
      </childlist>
      <handles count="2">
        <weight channel="DeformAxisForward">0.506469</weight>
        <weight channel="DeformAxisLeft">0.111744</weight>
      </handles>
    </blockref>
    <blockref>
      <blockid>flora_parts~, fe_canopy_05</blockid>
      <transform>
        <scale>2,857650</scale>
        <position>4.055535,0.398883,8.402949</position>
        <triangledirection>-0.487948,0.865297,-0.114742</triangledirection>
        <trianglepickorigin>0,0,0</trianglepickorigin>
        <orientation>
          <row0>0.971946,0.235200,3.09199e-7</row0>
          <row1>-0.228629,0.944791,-0.234730</row1>
          <row2>-0.0552089,0.228145,0.972060</row2>
        </orientation>
        <userorientation>
          <userorientation_row0>0.719709,0.123191,0.683256</userorientation_row0>
          <userorientation_row1>-0.270741,0.956018,0.112815</userorientation_row1>
          <userorientation_row2>-0.639307,-0.266180,0.721408</userorientation_row2>
        </userorientation>
      </transform>
      <snapped>false</snapped>
      <childlist count="3">
        <childid>42</childid>
        <childid>41</childid>
        <childid>40</childid>
      </childlist>
      <handles count="2">
        <weight channel="DeformAxisForward">0.506469</weight>
        <weight channel="DeformAxisLeft">0.111744</weight>
      </handles>
    </blockref>
    <blockref>
      <blockid>flora_parts~, fe_canopy_05</blockid>
      <transform>
        <scale>2,857650</scale>
        <position>0.274472,2.725649,10.218523</position>
        <triangledirection>-0.347323,-0.927689,-0.136957</triangledirection>
        <trianglepickorigin>0,0,0</trianglepickorigin>
        <orientation>
          <row0>-0.995494,0.0948186,0</row0>
          <row1>-0.0873808,-0.917405,0.388242</row1>
          <row2>0.0368125,0.386492,0.921557</row2>
        </orientation>
        <userorientation>
          <userorientation_row0>0.887071,0.00120349,0.461627</userorientation_row0>
          <userorientation_row1>0.257795,0.828243,-0.497545</userorientation_row1>
          <userorientation_row2>-0.382939,0.560365,0.734402</userorientation_row2>
        </userorientation>
      </transform>
      <snapped>false</snapped>
      <childlist count="2">
        <childid>39</childid>
        <childid>36</childid>
      </childlist>
      <handles count="2">
        <weight channel="DeformAxisForward">0.506469</weight>
        <weight channel="DeformAxisLeft">0.111744</weight>
      </handles>
    </blockref>
    <blockref>
      <blockid>flora_parts~, fe_cap_01a</blockid>
      <transform>
        <scale>1</scale>
        <position>1.000417,4.693526,10.217289</position>
        <triangledirection>0.297588,-0.165663,0.940208</triangledirection>
        <trianglepickorigin>0,0,0</trianglepickorigin>
        <orientation>
          <row0>-0.941216,0.337803,-2.75671e-7</row0>
          <row1>-0.0423456,-0.117986,0.992111</row1>
          <row2>0.335139,0.933792,0.125354</row2>
        </orientation>
        <userorientation>
          <userorientation_row0>0.941603,0.336724,3.03609e-7</userorientation_row0>
          <userorientation_row1>-0.336057,0.939736,0.0628979</userorientation_row1>
          <userorientation_row2>0.0211788,-0.0592248,0.998020</userorientation_row2>
        </userorientation>
      </transform>
      <snapped>false</snapped>
    </blockref>
    <blockref>
      <blockid>flora_parts~, fe_cap_01a</blockid>
      <transform>
        <scale>1</scale>
        <position>-7.000007,-2.622891,9.843327</position>
        <triangledirection>0.537108,-0.0164928,0.843350</triangledirection>
        <trianglepickorigin>0,0,0</trianglepickorigin>
        <orientation>
          <row0>-0.649038,-0.760755,-8.94069e-8</row0>
          <row1>0.383428,-0.327122,0.863697</row1>
          <row2>-0.657062,0.560573,0.504010</row2>
        </orientation>
        <userorientation>
          <userorientation_row0>0.941603,0.336724,3.03609e-7</userorientation_row0>
          <userorientation_row1>-0.336057,0.939736,0.0628979</userorientation_row1>
          <userorientation_row2>0.0211788,-0.0592248,0.998020</userorientation_row2>
        </userorientation>
      </transform>
      <snapped>false</snapped>
    </blockref>
    <blockref>
      <blockid>flora_parts~, fe_cap_01a</blockid>
      <transform>
        <scale>1</scale>
        <position>-2.624423,-2.079000,8.777846</position>
        <triangledirection>-0.336349,-0.0756720,0.938689</triangledirection>
        <trianglepickorigin>0,0,0</trianglepickorigin>
        <orientation>
          <row0>0.901998,0.431739,3.35276e-7</row0>
          <row1>-0.0639358,0.133575,0.988974</row1>
          <row2>0.426979,-0.892052,0.148088</row2>
        </orientation>
        <userorientation>
          <userorientation_row0>0.941603,0.336724,3.03609e-7</userorientation_row0>
          <userorientation_row1>-0.336057,0.939736,0.0628979</userorientation_row1>
          <userorientation_row2>0.0211788,-0.0592248,0.998019</userorientation_row2>
        </userorientation>
      </transform>
      <snapped>false</snapped>
    </blockref>
    <blockref>
      <blockid>flora_parts~, fe_cap_01a</blockid>
      <transform>
        <scale>1</scale>
        <position>0.0708981,6.877380,12.103236</position>
        <triangledirection>-0.0171121,-0.685036,0.728304</triangledirection>
        <trianglepickorigin>0,0,0</trianglepickorigin>
        <orientation>
          <row0>-0.858970,0.512024,-2.38418e-7</row0>
          <row1>-0.350374,-0.587786,0.729208</row1>
          <row2>0.373372,0.626368,0.684291</row2>
        </orientation>
        <userorientation>
          <userorientation_row0>0.941603,0.336724,3.03609e-7</userorientation_row0>
          <userorientation_row1>-0.336057,0.939736,0.0628979</userorientation_row1>
          <userorientation_row2>0.0211788,-0.0592248,0.998020</userorientation_row2>
        </userorientation>
      </transform>
      <snapped>false</snapped>
    </blockref>
    <blockref>
      <blockid>flora_parts~, fe_cap_01a</blockid>
      <transform>
        <scale>1</scale>
        <position>4.337671,-0.177512,8.202495</position>
        <triangledirection>-0.272131,-0.409509,0.870771</triangledirection>
        <trianglepickorigin>0,0,0</trianglepickorigin>
        <orientation>
          <row0>-0.229683,0.973265,1.49011e-8</row0>
          <row1>-0.430153,-0.101513,0.897030</row1>
          <row2>0.873048,0.206033,0.441969</row2>
        </orientation>
        <userorientation>
          <userorientation_row0>0.941603,0.336724,3.03609e-7</userorientation_row0>
          <userorientation_row1>-0.336057,0.939736,0.0628979</userorientation_row1>
          <userorientation_row2>0.0211788,-0.0592248,0.998019</userorientation_row2>
        </userorientation>
      </transform>
      <snapped>false</snapped>
    </blockref>
    <blockref>
      <blockid>flora_parts~, fe_cap_01a</blockid>
      <transform>
        <scale>1</scale>
        <position>6.053047,-1.896518,8.728329</position>
        <triangledirection>0.0799831,0.996067,0.0380544</triangledirection>
        <trianglepickorigin>0,0,0</trianglepickorigin>
        <orientation>
          <row0>0.911814,-0.410601,7.35744e-8</row0>
          <row1>0.410458,0.911496,-0.0264132</row1>
          <row2>0.0108452,0.0240839,0.999651</row2>
        </orientation>
        <userorientation>
          <userorientation_row0>0.941603,0.336724,3.03609e-7</userorientation_row0>
          <userorientation_row1>-0.336057,0.939736,0.0628979</userorientation_row1>
          <userorientation_row2>0.0211788,-0.0592248,0.998020</userorientation_row2>
        </userorientation>
      </transform>
      <snapped>false</snapped>
    </blockref>
    <blockref>
      <blockid>flora_parts~, fe_cap_01a</blockid>
      <transform>
        <scale>1</scale>
        <position>7.279893,-2.121331,11.028038</position>
        <triangledirection>-0.760142,0.456985,0.461892</triangledirection>
        <trianglepickorigin>0,0,0</trianglepickorigin>
        <orientation>
          <row0>-0.205273,0.978704,-3.20374e-7</row0>
          <row1>-0.900113,-0.188790,0.392623</row1>
          <row2>0.384262,0.0805956,0.919699</row2>
        </orientation>
        <userorientation>
          <userorientation_row0>0.795156,-0.604105,-0.0527230</userorientation_row0>
          <userorientation_row1>0.603291,0.779289,0.169538</userorientation_row1>
          <userorientation_row2>-0.0613331,-0.166616,0.984111</userorientation_row2>
        </userorientation>
      </transform>
      <snapped>false</snapped>
    </blockref>
    <blockref>
      <blockid>Creature_parts~, ce_grasper_null</blockid>
      <transform>
        <basemusclescale>1.049997</basemusclescale>
        <scale>1</scale>
        <position>-2.124480,1.933807,9.154891</position>
        <triangledirection>-0.240896,0.222050,-0.944808</triangledirection>
        <trianglepickorigin>0,0,0</trianglepickorigin>
        <orientation>
          <row0>0.862321,-0.397763,-0.313347</row0>
          <row1>-0.240896,0.222050,-0.944808</row1>
          <row2>0.445389,0.890212,0.0956587</row2>
        </orientation>
      </transform>
      <snapped>true</snapped>
    </blockref>
  </blocks></sporemodel>