spore0005438f63474066620020e42d16d816b417ffffffffffffffff0000000ebfdb7f4306KChangfffffffffffffffe06Mackle0000000<?xml version="1.0" encoding="UTF-8"?><sporemodel>
  <properties>
    <modeltype>PlantLarge</modeltype>
    <skineffectseed1>1234</skineffectseed1>
    <skineffectseed2>1234</skineffectseed2>
    <skineffectseed3>1234</skineffectseed3>
    <skincolor1>0.694117,0.572548,0.317647</skincolor1>
    <skincolor2>0.674509,0.850979,0.427451</skincolor2>
    <skincolor3>0.176470,0.282352,0.168626</skincolor3>
    <zcorpscore>4</zcorpscore>
  </properties>
  <blocks count="35">
    <blockref>
      <blockid>flora_parts~, fe_root_dummy</blockid>
      <transform>
        <scale>1</scale>
        <position>-0.00590292,-0.0100270,0.600000</position>
        <triangledirection>0,1,0</triangledirection>
        <trianglepickorigin>0,0,0</trianglepickorigin>
        <orientation>
          <row0>1,0,0</row0>
          <row1>0,1,0</row1>
          <row2>0,0,1</row2>
        </orientation>
      </transform>
      <snapped>false</snapped>
      <childlist count="4">
        <childid>14</childid>
        <childid>12</childid>
        <childid>10</childid>
        <childid>1</childid>
      </childlist>
    </blockref>
    <blockref>
      <blockid>flora_parts~, fe_muscle_branch_01</blockid>
      <transform>
        <limbtype>0</limbtype>
        <musclescale>0.5</musclescale>
        <basemusclescale>2.099998</basemusclescale>
        <scale>1</scale>
        <position>-0.00590292,-0.0100270,0.600000</position>
        <triangledirection>0,0,-1</triangledirection>
        <trianglepickorigin>0,0,0</trianglepickorigin>
        <orientation>
          <row0>-0.568501,-0.822682,0</row0>
          <row1>0,0,-1</row1>
          <row2>0.822682,-0.568501,0</row2>
        </orientation>
      </transform>
      <snapped>true</snapped>
      <childlist count="2">
        <childid>4</childid>
        <childid>2</childid>
      </childlist>
      <handles count="1">
        <weight channel="longer">0.727469</weight>
      </handles>
    </blockref>
    <blockref>
      <blockid>flora_parts~, fe_muscle_branch_01</blockid>
      <transform>
        <limbtype>0</limbtype>
        <musclescale>0.5</musclescale>
        <basemusclescale>1.899998</basemusclescale>
        <scale>1</scale>
        <position>-0.00590292,-0.0100270,5.399606</position>
        <triangledirection>-0.221820,-0.554061,-0.802378</triangledirection>
        <trianglepickorigin>0,0,0</trianglepickorigin>
        <orientation>
          <row0>0.227198,0.770861,-0.595107</row0>
          <row1>-0.221820,-0.554061,-0.802378</row1>
          <row2>-0.948249,0.314305,0.0451109</row2>
        </orientation>
      </transform>
      <snapped>true</snapped>
      <childlist count="1">
        <childid>3</childid>
      </childlist>
      <handles count="1">
        <weight channel="longer">0.123054</weight>
      </handles>
    </blockref>
    <blockref>
      <blockid>flora_parts~, fe_muscle_branch_01</blockid>
      <transform>
        <limbtype>0</limbtype>
        <musclescale>0.5</musclescale>
        <basemusclescale>2.099998</basemusclescale>
        <scale>1</scale>
        <position>0.217312,0.547517,6.207028</position>
        <triangledirection>-0.788605,-0.398288,-0.468473</triangledirection>
        <trianglepickorigin>0,0,0</trianglepickorigin>
        <orientation>
          <row0>-0.427364,-0.192764,0.883290</row0>
          <row1>-0.788605,-0.398288,-0.468473</row1>
          <row2>0.442109,-0.896776,0.0181991</row2>
        </orientation>
      </transform>
      <snapped>true</snapped>
      <childlist count="4">
        <childid>20</childid>
        <childid>18</childid>
        <childid>17</childid>
        <childid>16</childid>
      </childlist>
      <handles count="1">
        <weight channel="longer">0.452927</weight>
      </handles>
    </blockref>
    <blockref>
      <blockid>flora_parts~, fe_muscle_branch_01</blockid>
      <transform>
        <limbtype>0</limbtype>
        <musclescale>0.599998</musclescale>
        <basemusclescale>1.899998</basemusclescale>
        <scale>1</scale>
        <position>-0.00590292,-0.0100270,5.399606</position>
        <triangledirection>0.758784,-0.290553,-0.582944</triangledirection>
        <trianglepickorigin>0,0,0</trianglepickorigin>
        <orientation>
          <row0>-0.527523,-0.799106,-0.288353</row0>
          <row1>0.758784,-0.290553,-0.582944</row1>
          <row2>0.382052,-0.526315,0.759623</row2>
        </orientation>
      </transform>
      <snapped>true</snapped>
      <childlist count="3">
        <childid>7</childid>
        <childid>6</childid>
        <childid>5</childid>
      </childlist>
      <handles count="1">
        <weight channel="longer">0.267336</weight>
      </handles>
    </blockref>
    <blockref>
      <blockid>Creature_parts~, ce_grasper_null</blockid>
      <transform>
        <basemusclescale>2</basemusclescale>
        <scale>1</scale>
        <position>-1.456556,0.545457,6.514086</position>
        <triangledirection>-0.517988,0.711840,-0.474310</triangledirection>
        <trianglepickorigin>0,0,0</trianglepickorigin>
        <orientation>
          <row0>-0.0449553,-0.576386,-0.815939</row0>
          <row1>-0.517988,0.711840,-0.474310</row1>
          <row2>0.854205,0.401324,-0.330562</row2>
        </orientation>
      </transform>
      <snapped>true</snapped>
    </blockref>
    <blockref>
      <blockid>flora_parts~, FE_leaf_09</blockid>
      <transform>
        <scale>3,857404</scale>
        <position>-1.601045,0.668898,6.634867</position>
        <triangledirection>0.397184,-0.498891,-0.770292</triangledirection>
        <trianglepickorigin>0,0,0</trianglepickorigin>
        <orientation>
          <row0>-0.622254,-0.782814,-4.61935e-7</row0>
          <row1>0.659925,-0.524570,-0.537889</row1>
          <row2>0.421067,-0.334704,0.843015</row2>
        </orientation>
        <userorientation>
          <userorientation_row0>0.0863518,-0.329082,-0.940344</userorientation_row0>
          <userorientation_row1>0.143390,0.938148,-0.315145</userorientation_row1>
          <userorientation_row2>0.985891,-0.107623,0.128198</userorientation_row2>
        </userorientation>
      </transform>
      <snapped>false</snapped>
      <childlist count="4">
        <childid>32</childid>
        <childid>31</childid>
        <childid>25</childid>
        <childid>21</childid>
      </childlist>
      <handles count="3">
        <weight channel="DeformAxisLeft">1</weight>
        <weight channel="DeformAxisUp">0.762896</weight>
        <weight channel="DeformAxisForward">0.664929</weight>
      </handles>
    </blockref>
    <blockref>
      <blockid>flora_parts~, FE_leaf_09</blockid>
      <transform>
        <scale>4,157851</scale>
        <position>-0.308001,0.0654416,6.117959</position>
        <triangledirection>0.231550,0.368525,-0.900317</triangledirection>
        <trianglepickorigin>0,0,0</trianglepickorigin>
        <orientation>
          <row0>0.312743,0.949837,-7.45058e-7</row0>
          <row1>-0.397955,0.131030,-0.907999</row1>
          <row2>-0.862451,0.283971,0.418971</row2>
        </orientation>
        <userorientation>
          <userorientation_row0>0.645594,0.108881,0.755877</userorientation_row0>
          <userorientation_row1>0.422456,0.773629,-0.472258</userorientation_row1>
          <userorientation_row2>-0.636189,0.624212,0.453451</userorientation_row2>
        </userorientation>
      </transform>
      <snapped>false</snapped>
      <childlist count="4">
        <childid>30</childid>
        <childid>28</childid>
        <childid>24</childid>
        <childid>9</childid>
      </childlist>
      <handles count="3">
        <weight channel="DeformAxisLeft">1</weight>
        <weight channel="DeformAxisUp">0.573514</weight>
        <weight channel="DeformAxisForward">0.641234</weight>
      </handles>
    </blockref>
    <blockref>
      <blockid>flora_parts~, fe_cap_02a</blockid>
      <transform>
        <scale>0,860706</scale>
        <position>4.003601,-1.871964,8.137734</position>
        <triangledirection>0.0525289,0.658082,0.751111</triangledirection>
        <trianglepickorigin>0,0,0</trianglepickorigin>
        <orientation>
          <row0>0.842898,-0.538072,-2.98023e-7</row0>
          <row1>0.362845,0.568401,0.738419</row1>
          <row2>-0.397323,-0.622412,0.674341</row2>
        </orientation>
        <userorientation>
          <userorientation_row0>0.950501,0.310719,-2.32829e-7</userorientation_row0>
          <userorientation_row1>-0.309820,0.947750,0.0760359</userorientation_row1>
          <userorientation_row2>0.0236259,-0.0722721,0.997105</userorientation_row2>
        </userorientation>
      </transform>
      <snapped>false</snapped>
    </blockref>
    <blockref>
      <blockid>flora_parts~, fe_cap_02a</blockid>
      <transform>
        <scale>0,860706</scale>
        <position>-2.689665,-2.183969,8.909423</position>
        <triangledirection>0.489517,0.155660,0.857987</triangledirection>
        <trianglepickorigin>0,0,0</trianglepickorigin>
        <orientation>
          <row0>0.141058,-0.990001,1.11758e-7</row0>
          <row1>0.515196,0.0734069,0.853922</row1>
          <row2>-0.845384,-0.120453,0.520399</row2>
        </orientation>
        <userorientation>
          <userorientation_row0>0.996374,0.0850611,-3.34344e-7</userorientation_row0>
          <userorientation_row1>-0.0850530,0.996278,0.0139159</userorientation_row1>
          <userorientation_row2>0.00118403,-0.0138654,0.999902</userorientation_row2>
        </userorientation>
      </transform>
      <snapped>false</snapped>
    </blockref>
    <blockref>
      <blockid>flora_parts~, FE_muscle_branch_04</blockid>
      <transform>
        <limbtype>0</limbtype>
        <musclescale>0.524998</musclescale>
        <basemusclescale>2.099998</basemusclescale>
        <scale>1</scale>
        <position>-0.00590292,-0.0100270,0.600000</position>
        <triangledirection>-0.353939,0.716075,0.601633</triangledirection>
        <trianglepickorigin>0,0,0</trianglepickorigin>
        <orientation>
          <row0>0.292510,0.695756,-0.656018</row0>
          <row1>-0.353939,0.716075,0.601633</row1>
          <row2>0.888349,0.0562067,0.455715</row2>
        </orientation>
      </transform>
      <snapped>true</snapped>
      <childlist count="1">
        <childid>11</childid>
      </childlist>
      <handles count="1">
        <weight channel="longer">0.216651</weight>
      </handles>
    </blockref>
    <blockref>
      <blockid>Creature_parts~, ce_grasper_null</blockid>
      <transform>
        <basemusclescale>0.5</basemusclescale>
        <scale>1</scale>
        <position>0.558176,-1.151245,-0.358833</position>
        <triangledirection>0,0,-1</triangledirection>
        <trianglepickorigin>0,0,0</trianglepickorigin>
        <orientation>
          <row0>1,0,0</row0>
          <row1>0,0,-1</row1>
          <row2>0,1,0</row2>
        </orientation>
      </transform>
      <snapped>true</snapped>
    </blockref>
    <blockref>
      <blockid>flora_parts~, fe_muscle_branch_01</blockid>
      <transform>
        <limbtype>0</limbtype>
        <musclescale>0.75</musclescale>
        <basemusclescale>2.099998</basemusclescale>
        <scale>1</scale>
        <position>-0.00590292,-0.0100270,0.600000</position>
        <triangledirection>-0.484347,-0.579933,0.655046</triangledirection>
        <trianglepickorigin>0,0,0</trianglepickorigin>
        <orientation>
          <row0>0.105373,-0.781949,-0.614370</row0>
          <row1>-0.484347,-0.579933,0.655046</row1>
          <row2>-0.868506,0.228543,-0.439844</row2>
        </orientation>
      </transform>
      <snapped>true</snapped>
      <childlist count="1">
        <childid>13</childid>
      </childlist>
      <handles count="1">
        <weight channel="longer">0.202262</weight>
      </handles>
    </blockref>
    <blockref>
      <blockid>Creature_parts~, ce_grasper_null</blockid>
      <transform>
        <basemusclescale>0.75</basemusclescale>
        <scale>1</scale>
        <position>0.722262,0.861841,-0.384793</position>
        <triangledirection>0,0,-1</triangledirection>
        <trianglepickorigin>0,0,0</trianglepickorigin>
        <orientation>
          <row0>1,0,0</row0>
          <row1>0,0,-1</row1>
          <row2>0,1,0</row2>
        </orientation>
      </transform>
      <snapped>true</snapped>
    </blockref>
    <blockref>
      <blockid>flora_parts~, fe_muscle_branch_01</blockid>
      <transform>
        <limbtype>0</limbtype>
        <musclescale>0.824998</musclescale>
        <basemusclescale>2.099998</basemusclescale>
        <scale>1</scale>
        <position>-0.00590292,-0.0100270,0.600000</position>
        <triangledirection>0.704647,-0.400265,0.585883</triangledirection>
        <trianglepickorigin>0,0,0</trianglepickorigin>
        <orientation>
          <row0>0.500682,0.865563,-0.0108373</row0>
          <row1>0.704647,-0.400265,0.585883</row1>
          <row2>0.502781,-0.300978,-0.810322</row2>
        </orientation>
      </transform>
      <snapped>true</snapped>
      <childlist count="1">
        <childid>15</childid>
      </childlist>
      <handles count="1">
        <weight channel="longer">0.202728</weight>
      </handles>
    </blockref>
    <blockref>
      <blockid>Creature_parts~, ce_grasper_null</blockid>
      <transform>
        <basemusclescale>0.699998</basemusclescale>
        <scale>1</scale>
        <position>-1.067325,0.592900,-0.282530</position>
        <triangledirection>0,0,-1</triangledirection>
        <trianglepickorigin>0,0,0</trianglepickorigin>
        <orientation>
          <row0>1,-10e-7,0</row0>
          <row1>0,0,-1</row1>
          <row2>10e-7,1,0</row2>
        </orientation>
      </transform>
      <snapped>true</snapped>
    </blockref>
    <blockref>
      <blockid>flora_parts~, FE_leaf_09</blockid>
      <transform>
        <scale>3,320096</scale>
        <position>1.725718,1.071085,7.167407</position>
        <triangledirection>-0.686933,0.354096,-0.634616</triangledirection>
        <trianglepickorigin>0,0,0</trianglepickorigin>
        <orientation>
          <row0>0.869562,0.493823,-1.04308e-7</row0>
          <row1>-0.460211,0.810375,-0.362624</row1>
          <row2>-0.179072,0.315324,0.931935</row2>
        </orientation>
        <userorientation>
          <userorientation_row0>-0.0186751,-0.401523,-0.915656</userorientation_row0>
          <userorientation_row1>-0.422470,0.833212,-0.356755</userorientation_row1>
          <userorientation_row2>0.906184,0.380175,-0.185192</userorientation_row2>
        </userorientation>
      </transform>
      <snapped>false</snapped>
      <childlist count="4">
        <childid>27</childid>
        <childid>26</childid>
        <childid>23</childid>
        <childid>8</childid>
      </childlist>
      <handles count="3">
        <weight channel="DeformAxisLeft">1</weight>
        <weight channel="DeformAxisUp">0.725307</weight>
        <weight channel="DeformAxisForward">0.672277</weight>
      </handles>
    </blockref>
    <blockref>
      <blockid>flora_parts~, FE_leaf_09</blockid>
      <transform>
        <scale>2,857633</scale>
        <position>2.586891,1.911072,7.733712</position>
        <triangledirection>-0.0223034,-0.663523,-0.747821</triangledirection>
        <trianglepickorigin>0,0,0</trianglepickorigin>
        <orientation>
          <row0>-0.984412,-0.175873,2.98023e-7</row0>
          <row1>0.146660,-0.820897,-0.551921</row1>
          <row2>0.0970687,-0.543318,0.833896</row2>
        </orientation>
        <userorientation>
          <userorientation_row0>-0.583761,-0.137628,-0.800175</userorientation_row0>
          <userorientation_row1>0.138651,0.954153,-0.265264</userorientation_row1>
          <userorientation_row2>0.799997,-0.265796,-0.537914</userorientation_row2>
        </userorientation>
      </transform>
      <snapped>false</snapped>
      <childlist count="3">
        <childid>33</childid>
        <childid>22</childid>
        <childid>19</childid>
      </childlist>
      <handles count="3">
        <weight channel="DeformAxisLeft">1</weight>
        <weight channel="DeformAxisUp">0.737086</weight>
        <weight channel="DeformAxisForward">0.840125</weight>
      </handles>
    </blockref>
    <blockref>
      <blockid>Creature_parts~, ce_grasper_null</blockid>
      <transform>
        <basemusclescale>1.349998</basemusclescale>
        <scale>1</scale>
        <position>2.643520,1.772884,7.648323</position>
        <triangledirection>0.123718,-0.810641,-0.572323</triangledirection>
        <trianglepickorigin>0,0,0</trianglepickorigin>
        <orientation>
          <row0>0.682774,-0.348983,0.641895</row0>
          <row1>0.123718,-0.810641,-0.572323</row1>
          <row2>0.720078,0.470181,-0.510309</row2>
        </orientation>
      </transform>
      <snapped>true</snapped>
    </blockref>
    <blockref>
      <blockid>flora_parts~, FE_flatleaf_03</blockid>
      <transform>
        <scale>2,459604</scale>
        <position>4.070783,4.476436,9.500782</position>
        <triangledirection>-0.951716,-0.0445241,-0.303730</triangledirection>
        <trianglepickorigin>0,0,0</trianglepickorigin>
        <orientation>
          <row0>0.683093,0.730330,2.68220e-7</row0>
          <row1>-0.667220,0.624065,-0.406643</row1>
          <row2>-0.296984,0.277775,0.913587</row2>
        </orientation>
        <userorientation>
          <userorientation_row0>0.665486,0.625694,0.406978</userorientation_row0>
          <userorientation_row1>-0.682628,0.730728,-0.00720727</userorientation_row1>
          <userorientation_row2>-0.301899,-0.273019,0.913409</userorientation_row2>
        </userorientation>
      </transform>
      <snapped>false</snapped>
      <handles count="1">
        <weight channel="Leaf_bend">0.156194</weight>
      </handles>
    </blockref>
    <blockref>
      <blockid>flora_parts~, FE_leaf_14</blockid>
      <transform>
        <scale>7</scale>
        <position>0.850753,0.806955,6.777732</position>
        <triangledirection>0.627446,-0.714154,-0.310310</triangledirection>
        <trianglepickorigin>0,0,0</trianglepickorigin>
        <orientation>
          <row0>-0.304590,-0.952483,-3.42726e-7</row0>
          <row1>0.624481,-0.199700,-0.755078</row1>
          <row2>0.719199,-0.229990,0.655634</row2>
        </orientation>
        <userorientation>
          <userorientation_row0>0.863008,-0.495021,-0.100841</userorientation_row0>
          <userorientation_row1>0.489105,0.768754,0.412057</userorientation_row1>
          <userorientation_row2>-0.126453,-0.404932,0.905560</userorientation_row2>
        </userorientation>
      </transform>
      <snapped>false</snapped>
      <childlist count="1">
        <childid>34</childid>
      </childlist>
      <handles count="4">
        <weight channel="DeformForwardb">0.427250</weight>
        <weight channel="DeformAxisForward">0.868095</weight>
        <weight channel="DeformAxisLeft">0.5</weight>
        <weight channel="DeformAxisUp">0.689021</weight>
      </handles>
    </blockref>
    <blockref>
      <blockid>flora_parts~, FE_flatleaf_03</blockid>
      <transform>
        <scale>2,459604</scale>
        <position>-3.866109,4.478112,8.236334</position>
        <triangledirection>-0.364077,-0.755683,-0.544417</triangledirection>
        <trianglepickorigin>0,0,0</trianglepickorigin>
        <orientation>
          <row0>-0.495528,0.868591,-1.34110e-7</row0>
          <row1>-0.810249,-0.462244,-0.360314</row1>
          <row2>-0.312966,-0.178546,0.932830</row2>
        </orientation>
        <userorientation>
          <userorientation_row0>0.870427,0.492292,-0.00209321</userorientation_row0>
          <userorientation_row1>-0.475968,0.840465,-0.258980</userorientation_row1>
          <userorientation_row2>-0.125734,0.226420,0.965880</userorientation_row2>
        </userorientation>
      </transform>
      <snapped>false</snapped>
      <handles count="1">
        <weight channel="Leaf_bend">0.156194</weight>
      </handles>
    </blockref>
    <blockref>
      <blockid>flora_parts~, FE_flatleaf_03</blockid>
      <transform>
        <scale>2,459604</scale>
        <position>3.546300,4.579016,9.595305</position>
        <triangledirection>0.274231,-0.758894,-0.590655</triangledirection>
        <trianglepickorigin>0,0,0</trianglepickorigin>
        <orientation>
          <row0>-0.600260,-0.799804,-1.93715e-7</row0>
          <row1>0.475276,-0.356699,-0.804287</row1>
          <row2>0.643272,-0.482782,0.594240</row2>
        </orientation>
        <userorientation>
          <userorientation_row0>0.839350,-0.329090,-0.432653</userorientation_row0>
          <userorientation_row1>0.442357,0.876089,0.191795</userorientation_row1>
          <userorientation_row2>0.315923,-0.352371,0.880922</userorientation_row2>
        </userorientation>
      </transform>
      <snapped>false</snapped>
      <handles count="1">
        <weight channel="Leaf_bend">0.156194</weight>
      </handles>
    </blockref>
    <blockref>
      <blockid>flora_parts~, FE_flatleaf_03</blockid>
      <transform>
        <scale>3,080218</scale>
        <position>3.613112,-1.613170,8.247600</position>
        <triangledirection>0.151428,0.811512,-0.564372</triangledirection>
        <trianglepickorigin>0,0,0</trianglepickorigin>
        <orientation>
          <row0>0.401113,-0.916028,3.57627e-7</row0>
          <row1>0.588859,0.257851,-0.766000</row1>
          <row2>0.701678,0.307253,0.642839</row2>
        </orientation>
        <userorientation>
          <userorientation_row0>0.665486,0.625694,0.406978</userorientation_row0>
          <userorientation_row1>-0.682628,0.730728,-0.00720727</userorientation_row1>
          <userorientation_row2>-0.301899,-0.273019,0.913409</userorientation_row2>
        </userorientation>
      </transform>
      <snapped>false</snapped>
      <handles count="1">
        <weight channel="Leaf_bend">0.156194</weight>
      </handles>
    </blockref>
    <blockref>
      <blockid>flora_parts~, FE_flatleaf_03</blockid>
      <transform>
        <scale>3,080218</scale>
        <position>-0.000694146,-1.946802,8.867492</position>
        <triangledirection>0.485645,0.805023,-0.340711</triangledirection>
        <trianglepickorigin>0,0,0</trianglepickorigin>
        <orientation>
          <row0>0.844721,-0.535206,-5.06639e-7</row0>
          <row1>0.489766,0.773002,0.403232</row1>
          <row2>-0.215812,-0.340619,0.915097</row2>
        </orientation>
        <userorientation>
          <userorientation_row0>0.993328,0.0932191,0.0678823</userorientation_row0>
          <userorientation_row1>-0.0206187,0.722751,-0.690798</userorientation_row1>
          <userorientation_row2>-0.113458,0.684791,0.719852</userorientation_row2>
        </userorientation>
      </transform>
      <snapped>false</snapped>
      <handles count="1">
        <weight channel="Leaf_bend">0.156194</weight>
      </handles>
    </blockref>
    <blockref>
      <blockid>flora_parts~, FE_flatleaf_03</blockid>
      <transform>
        <scale>3,080218</scale>
        <position>-3.601199,3.134191,7.712753</position>
        <triangledirection>0.905175,0.148569,-0.398223</triangledirection>
        <trianglepickorigin>0,0,0</trianglepickorigin>
        <orientation>
          <row0>0.444495,-0.895781,-2.98023e-8</row0>
          <row1>0.879001,0.436169,-0.192648</row1>
          <row2>0.172570,0.0856313,0.981267</row2>
        </orientation>
        <userorientation>
          <userorientation_row0>0.898401,-0.327408,-0.292705</userorientation_row0>
          <userorientation_row1>0.269261,0.937169,-0.221835</userorientation_row1>
          <userorientation_row2>0.346946,0.120481,0.930113</userorientation_row2>
        </userorientation>
      </transform>
      <snapped>false</snapped>
      <handles count="1">
        <weight channel="Leaf_bend">0.156194</weight>
      </handles>
    </blockref>
    <blockref>
      <blockid>flora_parts~, FE_flatleaf_03</blockid>
      <transform>
        <scale>2,459604</scale>
        <position>3.768563,-0.887177,8.268510</position>
        <triangledirection>-0.952473,0.241130,-0.186139</triangledirection>
        <trianglepickorigin>0,0,0</trianglepickorigin>
        <orientation>
          <row0>-0.424736,0.905316,-4.39584e-7</row0>
          <row1>-0.855432,-0.401333,-0.327364</row1>
          <row2>-0.296368,-0.139043,0.944898</row2>
        </orientation>
        <userorientation>
          <userorientation_row0>0.760176,-0.624588,0.178940</userorientation_row0>
          <userorientation_row1>0.622850,0.778938,0.0728723</userorientation_row1>
          <userorientation_row2>-0.184899,0.0560574,0.981157</userorientation_row2>
        </userorientation>
      </transform>
      <snapped>false</snapped>
      <handles count="1">
        <weight channel="Leaf_bend">0.211981</weight>
      </handles>
    </blockref>
    <blockref>
      <blockid>flora_parts~, FE_leaf_14</blockid>
      <transform>
        <scale>5,185728</scale>
        <position>2.762715,0.254207,9.696766</position>
        <triangledirection>-0.761918,0.617102,-0.196628</triangledirection>
        <trianglepickorigin>0,0,0</trianglepickorigin>
        <orientation>
          <row0>0.387661,0.921801,-3.81842e-8</row0>
          <row1>-0.921612,0.387582,-0.0202708</row1>
          <row2>-0.0186856,0.00785825,0.999794</row2>
        </orientation>
        <userorientation>
          <userorientation_row0>0.960765,-0.277341,0.00317068</userorientation_row0>
          <userorientation_row1>0.273479,0.945357,-0.177501</userorientation_row1>
          <userorientation_row2>0.0462315,0.171405,0.984115</userorientation_row2>
        </userorientation>
      </transform>
      <snapped>false</snapped>
      <handles count="4">
        <weight channel="DeformForwardb">0.427250</weight>
        <weight channel="DeformAxisForward">0.690132</weight>
        <weight channel="DeformAxisLeft">0.5</weight>
        <weight channel="DeformAxisUp">0.689021</weight>
      </handles>
    </blockref>
    <blockref>
      <blockid>flora_parts~, FE_leaf_14</blockid>
      <transform>
        <scale>5,589612</scale>
        <position>-1.274495,-0.903966,7.939086</position>
        <triangledirection>0.986954,0.154619,0.0448592</triangledirection>
        <trianglepickorigin>0,0,0</trianglepickorigin>
        <orientation>
          <row0>0.369591,-0.929194,-1.63912e-7</row0>
          <row1>0.813019,0.323382,0.484172</row1>
          <row2>-0.449890,-0.178946,0.874972</row2>
        </orientation>
        <userorientation>
          <userorientation_row0>0.972712,-0.229632,0.0331482</userorientation_row0>
          <userorientation_row1>0.221098,0.874134,-0.432439</userorientation_row1>
          <userorientation_row2>0.0703265,0.427967,0.901053</userorientation_row2>
        </userorientation>
      </transform>
      <snapped>false</snapped>
      <childlist count="1">
        <childid>29</childid>
      </childlist>
      <handles count="4">
        <weight channel="DeformForwardb">0.427250</weight>
        <weight channel="DeformAxisForward">0.868095</weight>
        <weight channel="DeformAxisLeft">0.5</weight>
        <weight channel="DeformAxisUp">0.689021</weight>
      </handles>
    </blockref>
    <blockref>
      <blockid>flora_parts~, fe_cap_02a</blockid>
      <transform>
        <scale>0,860706</scale>
        <position>-6.408060,-1.945339,10.234971</position>
        <triangledirection>0.542212,0.582058,0.605980</triangledirection>
        <trianglepickorigin>0,0,0</trianglepickorigin>
        <orientation>
          <row0>0.654635,-0.755945,1.49011e-8</row0>
          <row1>0.606428,0.525156,0.597038</row1>
          <row2>-0.451328,-0.390842,0.802212</row2>
        </orientation>
        <userorientation>
          <userorientation_row0>0.996374,0.0850611,-3.34344e-7</userorientation_row0>
          <userorientation_row1>-0.0850530,0.996278,0.0139159</userorientation_row1>
          <userorientation_row2>0.00118403,-0.0138654,0.999902</userorientation_row2>
        </userorientation>
      </transform>
      <snapped>false</snapped>
    </blockref>
    <blockref>
      <blockid>flora_parts~, fe_cap_02a</blockid>
      <transform>
        <scale>0,860706</scale>
        <position>0.653699,-2.809494,9.894329</position>
        <triangledirection>-0.868707,0.0476393,0.493029</triangledirection>
        <trianglepickorigin>0,0,0</trianglepickorigin>
        <orientation>
          <row0>0.152108,0.988363,6.70552e-8</row0>
          <row1>-0.865629,0.133220,0.482637</row1>
          <row2>0.477021,-0.0734134,0.875820</row2>
        </orientation>
        <userorientation>
          <userorientation_row0>0.996374,0.0850611,-3.34344e-7</userorientation_row0>
          <userorientation_row1>-0.0850530,0.996278,0.0139159</userorientation_row1>
          <userorientation_row2>0.00118403,-0.0138654,0.999902</userorientation_row2>
        </userorientation>
      </transform>
      <snapped>false</snapped>
    </blockref>
    <blockref>
      <blockid>flora_parts~, fe_cap_02a</blockid>
      <transform>
        <scale>0,860706</scale>
        <position>-4.535956,4.698272,8.176541</position>
        <triangledirection>0.799089,0.601156,-0.00818489</triangledirection>
        <trianglepickorigin>0,0,0</trianglepickorigin>
        <orientation>
          <row0>0.531028,-0.847353,-1.11758e-8</row0>
          <row1>0.847145,0.530898,-0.0221800</row1>
          <row2>0.0187943,0.0117782,0.999754</row2>
        </orientation>
        <userorientation>
          <userorientation_row0>0.996374,0.0850611,-3.34344e-7</userorientation_row0>
          <userorientation_row1>-0.0850530,0.996278,0.0139159</userorientation_row1>
          <userorientation_row2>0.00118403,-0.0138654,0.999902</userorientation_row2>
        </userorientation>
      </transform>
      <snapped>false</snapped>
    </blockref>
    <blockref>
      <blockid>flora_parts~, fe_cap_02a</blockid>
      <transform>
        <scale>0,860706</scale>
        <position>-3.542389,1.052159,8.810285</position>
        <triangledirection>-0.0527521,0.833615,0.549820</triangledirection>
        <trianglepickorigin>0,0,0</trianglepickorigin>
        <orientation>
          <row0>0.999247,-0.0387955,-5.21540e-8</row0>
          <row1>0.0326499,0.840955,0.540118</row1>
          <row2>-0.0209541,-0.539711,0.841589</row2>
        </orientation>
        <userorientation>
          <userorientation_row0>0.996374,0.0850611,-3.34344e-7</userorientation_row0>
          <userorientation_row1>-0.0850530,0.996278,0.0139159</userorientation_row1>
          <userorientation_row2>0.00118403,-0.0138654,0.999902</userorientation_row2>
        </userorientation>
      </transform>
      <snapped>false</snapped>
    </blockref>
    <blockref>
      <blockid>flora_parts~, fe_cap_02a</blockid>
      <transform>
        <scale>0,860706</scale>
        <position>3.616559,4.622056,9.292222</position>
        <triangledirection>0.736776,-0.629864,0.245827</triangledirection>
        <trianglepickorigin>0,0,0</trianglepickorigin>
        <orientation>
          <row0>-0.713993,-0.700152,-1.93715e-7</row0>
          <row1>0.680854,-0.694314,0.233162</row1>
          <row2>-0.163249,0.166476,0.972437</row2>
        </orientation>
        <userorientation>
          <userorientation_row0>0.996374,0.0850611,-3.34344e-7</userorientation_row0>
          <userorientation_row1>-0.0850530,0.996278,0.0139159</userorientation_row1>
          <userorientation_row2>0.00118403,-0.0138654,0.999902</userorientation_row2>
        </userorientation>
      </transform>
      <snapped>false</snapped>
    </blockref>
    <blockref>
      <blockid>flora_parts~, fe_cap_02a</blockid>
      <transform>
        <scale>0,860706</scale>
        <position>-1.149280,3.750260,8.806399</position>
        <triangledirection>0.364341,-0.609866,0.703788</triangledirection>
        <trianglepickorigin>0,0,0</trianglepickorigin>
        <orientation>
          <row0>-0.913698,-0.406393,-3.12924e-7</row0>
          <row1>0.291652,-0.655725,0.696392</row1>
          <row2>-0.283009,0.636292,0.717660</row2>
        </orientation>
        <userorientation>
          <userorientation_row0>0.996374,0.0850611,-3.34344e-7</userorientation_row0>
          <userorientation_row1>-0.0850530,0.996278,0.0139159</userorientation_row1>
          <userorientation_row2>0.00118403,-0.0138654,0.999902</userorientation_row2>
        </userorientation>
      </transform>
      <snapped>false</snapped>
    </blockref>
  </blocks></sporemodel>