spore0005438f634740666200f8c6768ad816b417ffffffffffffffff0000000ebfdb7f4606KChangfffffffffffffffe08Illowill0000000<?xml version="1.0" encoding="UTF-8"?><sporemodel>
  <properties>
    <modeltype>PlantMedium</modeltype>
    <skineffectseed1>1234</skineffectseed1>
    <skineffectseed2>1234</skineffectseed2>
    <skineffectseed3>1234</skineffectseed3>
    <skincolor1>0.600000,0.694118,0.694118</skincolor1>
    <skincolor2>0.329412,0.443136,0.321568</skincolor2>
    <skincolor3>0.576470,0.694118,0.411764</skincolor3>
    <zcorpscore>21</zcorpscore>
  </properties>
  <blocks count="22">
    <blockref>
      <blockid>flora_parts~, fe_root_dummy</blockid>
      <transform>
        <scale>1</scale>
        <position>0,0,0.600000</position>
        <triangledirection>0,1,0</triangledirection>
        <trianglepickorigin>0,0,0</trianglepickorigin>
        <orientation>
          <row0>1,0,0</row0>
          <row1>0,1,0</row1>
          <row2>0,0,1</row2>
        </orientation>
      </transform>
      <snapped>false</snapped>
      <childlist count="2">
        <childid>3</childid>
        <childid>1</childid>
      </childlist>
    </blockref>
    <blockref>
      <blockid>flora_parts~, FE_muscle_branch_04</blockid>
      <transform>
        <limbtype>0</limbtype>
        <musclescale>0.474999</musclescale>
        <basemusclescale>2.5</basemusclescale>
        <scale>1</scale>
        <position>0,0,0.600000</position>
        <triangledirection>-0.00436399,0.0160359,0.999861</triangledirection>
        <trianglepickorigin>0,0,0</trianglepickorigin>
        <orientation>
          <row0>-0.0934408,-0.995503,0.0155582</row0>
          <row1>-0.00436399,0.0160359,0.999861</row1>
          <row2>-0.995615,0.0933600,-0.00584279</row2>
        </orientation>
      </transform>
      <snapped>true</snapped>
      <childlist count="4">
        <childid>12</childid>
        <childid>11</childid>
        <childid>10</childid>
        <childid>2</childid>
      </childlist>
      <handles count="1">
        <weight channel="longer">0.0538759</weight>
      </handles>
    </blockref>
    <blockref>
      <blockid>Creature_parts~, ce_grasper_null</blockid>
      <transform>
        <basemusclescale>0.5</basemusclescale>
        <scale>1</scale>
        <position>0.00249699,-0.00917499,0.0279530</position>
        <triangledirection>0,0,-1</triangledirection>
        <trianglepickorigin>0,0,0</trianglepickorigin>
        <orientation>
          <row0>1,0,0</row0>
          <row1>0,0,-1</row1>
          <row2>0,1,0</row2>
        </orientation>
      </transform>
      <snapped>true</snapped>
    </blockref>
    <blockref>
      <blockid>flora_parts~, fe_trunk_01</blockid>
      <transform>
        <limbtype>2</limbtype>
        <musclescale>0</musclescale>
        <basemusclescale>2.5</basemusclescale>
        <scale>1,252320</scale>
        <position>0,0,0.600000</position>
        <triangledirection>0,0,-1</triangledirection>
        <trianglepickorigin>0,0,0</trianglepickorigin>
        <orientation>
          <row0>1,0,0</row0>
          <row1>0,0,-1</row1>
          <row2>0,1,0</row2>
        </orientation>
      </transform>
      <snapped>true</snapped>
      <childlist count="10">
        <childid>21</childid>
        <childid>20</childid>
        <childid>17</childid>
        <childid>15</childid>
        <childid>14</childid>
        <childid>13</childid>
        <childid>7</childid>
        <childid>6</childid>
        <childid>5</childid>
        <childid>4</childid>
      </childlist>
      <handles count="3">
        <weight channel="DeformAxisLeft">0.554082</weight>
        <weight channel="DeformAxisForward">0</weight>
        <weight channel="DeformBoneLength">0.140568</weight>
      </handles>
    </blockref>
    <blockref>
      <blockid>flora_parts~, FE_leaf_27</blockid>
      <transform>
        <scale>1,252320</scale>
        <position>0.0134119,-0.180023,2.565907</position>
        <triangledirection>-0.104618,0.929349,-0.354067</triangledirection>
        <trianglepickorigin>0,0,0</trianglepickorigin>
        <orientation>
          <row0>0.994156,0.107256,-0.0122249</row0>
          <row1>-0.104618,0.929349,-0.354067</row1>
          <row2>-0.0266149,0.353277,0.935139</row2>
        </orientation>
      </transform>
      <snapped>false</snapped>
      <childlist count="2">
        <childid>19</childid>
        <childid>8</childid>
      </childlist>
      <handles count="3">
        <weight channel="DeformAxisLeft">0</weight>
        <weight channel="DeformAxisForward">0.447196</weight>
        <weight channel="DeformAxisUp">0.867834</weight>
      </handles>
    </blockref>
    <blockref>
      <blockid>flora_parts~, FE_leaf_27</blockid>
      <transform>
        <scale>1,252320</scale>
        <position>0.174897,0.0812240,2.607595</position>
        <triangledirection>-0.860338,-0.453715,-0.232293</triangledirection>
        <trianglepickorigin>0,0,0</trianglepickorigin>
        <orientation>
          <row0>-0.592045,0.805413,0.0281291</row0>
          <row1>-0.753669,-0.540972,-0.373269</row1>
          <row2>-0.285419,-0.242192,0.927296</row2>
        </orientation>
        <userorientation>
          <userorientation_row0>0.990343,-0.133351,-0.0379060</userorientation_row0>
          <userorientation_row1>0.137396,0.980567,0.140038</userorientation_row1>
          <userorientation_row2>0.0184949,-0.143895,0.989420</userorientation_row2>
        </userorientation>
      </transform>
      <snapped>false</snapped>
      <childlist count="1">
        <childid>16</childid>
      </childlist>
      <handles count="3">
        <weight channel="DeformAxisLeft">0</weight>
        <weight channel="DeformAxisForward">0.326416</weight>
        <weight channel="DeformAxisUp">0.898729</weight>
      </handles>
    </blockref>
    <blockref>
      <blockid>flora_parts~, FE_leaf_35</blockid>
      <transform>
        <scale>1,161830</scale>
        <position>-0.180997,0.0742370,2.580939</position>
        <triangledirection>0.569899,-0.619693,-0.539623</triangledirection>
        <trianglepickorigin>0,0,0</trianglepickorigin>
        <orientation>
          <row0>-0.394272,-0.918790,-0.0193211</row0>
          <row1>0.870539,-0.366665,-0.328205</row1>
          <row2>0.294467,-0.146222,0.944408</row2>
        </orientation>
        <userorientation>
          <userorientation_row0>0.934610,-0.336141,0.116250</userorientation_row0>
          <userorientation_row1>0.355099,0.900447,-0.251195</userorientation_row1>
          <userorientation_row2>-0.0202389,0.276051,0.960929</userorientation_row2>
        </userorientation>
      </transform>
      <snapped>false</snapped>
      <childlist count="2">
        <childid>18</childid>
        <childid>9</childid>
      </childlist>
      <handles count="3">
        <weight channel="DeformAxisLeft">0.0501149</weight>
        <weight channel="DeformAxisForward">0.241227</weight>
        <weight channel="DeformAxisUp">0.486839</weight>
      </handles>
    </blockref>
    <blockref>
      <blockid>Creature_parts~, ce_grasper_null</blockid>
      <transform>
        <basemusclescale>0.860707</basemusclescale>
        <scale>1</scale>
        <position>0,0,2.595684</position>
        <triangledirection>0.456999,-0.291437,-0.840366</triangledirection>
        <trianglepickorigin>0,0,0</trianglepickorigin>
        <orientation>
          <row0>0.888861,0.184481,0.419394</row0>
          <row1>0.456999,-0.291437,-0.840365</row1>
          <row2>-0.0328041,0.938632,-0.343355</row2>
        </orientation>
      </transform>
      <snapped>true</snapped>
    </blockref>
    <blockref>
      <blockid>flora_parts~, FE_leaf_27</blockid>
      <transform>
        <scale>0,860707</scale>
        <position>0.214153,-0.548269,3.576364</position>
        <triangledirection>-0.392677,-0.836887,-0.378936</triangledirection>
        <trianglepickorigin>0,0,0</trianglepickorigin>
        <orientation>
          <row0>-0.932838,0.360247,-0.00587323</row0>
          <row1>-0.342250,-0.891093,-0.298021</row1>
          <row2>-0.112595,-0.275995,0.954541</row2>
        </orientation>
        <userorientation>
          <userorientation_row0>0.974003,-0.0837229,-0.206252</userorientation_row0>
          <userorientation_row1>0.0670440,0.993070,-0.0865189</userorientation_row1>
          <userorientation_row2>0.212332,0.0703229,0.974214</userorientation_row2>
        </userorientation>
      </transform>
      <snapped>false</snapped>
      <handles count="3">
        <weight channel="DeformAxisLeft">0</weight>
        <weight channel="DeformAxisForward">0.507070</weight>
        <weight channel="DeformAxisUp">1</weight>
      </handles>
    </blockref>
    <blockref>
      <blockid>flora_parts~, FE_leaf_27</blockid>
      <transform>
        <scale>1,454989</scale>
        <position>-0.433512,0.436874,2.915713</position>
        <triangledirection>0.479541,-0.741082,-0.469933</triangledirection>
        <trianglepickorigin>0,0,0</trianglepickorigin>
        <orientation>
          <row0>-0.724338,-0.687437,0.0525639</row0>
          <row1>0.527064,-0.601277,-0.600556</row1>
          <row2>0.444451,-0.407301,0.797852</row2>
        </orientation>
        <userorientation>
          <userorientation_row0>0.990343,-0.133351,-0.0379060</userorientation_row0>
          <userorientation_row1>0.137396,0.980567,0.140038</userorientation_row1>
          <userorientation_row2>0.0184949,-0.143895,0.989420</userorientation_row2>
        </userorientation>
      </transform>
      <snapped>false</snapped>
      <handles count="3">
        <weight channel="DeformAxisLeft">0</weight>
        <weight channel="DeformAxisForward">0.259157</weight>
        <weight channel="DeformAxisUp">0.880278</weight>
      </handles>
    </blockref>
    <blockref>
      <blockid>flora_parts~, fe_detail_04</blockid>
      <transform>
        <scale>1,077880</scale>
        <position>-0.195001,0.373533,0.636200</position>
        <triangledirection>0.377077,-0.578750,0.723090</triangledirection>
        <trianglepickorigin>0,0,0</trianglepickorigin>
        <orientation>
          <row0>-0.891727,-0.452572,1.11758e-8</row0>
          <row1>0.448339,-0.883386,-0.136450</row1>
          <row2>0.0617540,-0.121677,0.990646</row2>
        </orientation>
        <userorientation>
          <userorientation_row0>0.996156,0.0810509,0.0332019</userorientation_row0>
          <userorientation_row1>-0.0743239,0.581652,0.810033</userorientation_row1>
          <userorientation_row2>0.0463420,-0.809388,0.585442</userorientation_row2>
        </userorientation>
      </transform>
      <snapped>false</snapped>
      <handles count="4">
        <weight channel="Stretch">0.763800</weight>
        <weight channel="Thicken">1</weight>
        <weight channel="tweak_side">0.427543</weight>
        <weight channel="tweak_top_bottom">0.229917</weight>
      </handles>
    </blockref>
    <blockref>
      <blockid>flora_parts~, fe_detail_04</blockid>
      <transform>
        <scale>1,077880</scale>
        <position>0.436825,-0.00372499,0.647490</position>
        <triangledirection>-0.676972,0.0131352,0.735891</triangledirection>
        <trianglepickorigin>0,0,0</trianglepickorigin>
        <orientation>
          <row0>-0.0168030,0.999858,5.13624e-7</row0>
          <row1>-0.980285,-0.0164739,-0.196898</row1>
          <row2>-0.196871,-0.00330900,0.980423</row2>
        </orientation>
        <userorientation>
          <userorientation_row0>-0.995935,0.0867799,-0.0240870</userorientation_row0>
          <userorientation_row1>0.0245089,0.518514,0.854718</userorientation_row1>
          <userorientation_row2>0.0866619,0.850654,-0.518534</userorientation_row2>
        </userorientation>
      </transform>
      <snapped>false</snapped>
      <handles count="4">
        <weight channel="Stretch">0.799783</weight>
        <weight channel="Thicken">1</weight>
        <weight channel="tweak_side">0.492000</weight>
        <weight channel="tweak_top_bottom">0.629476</weight>
      </handles>
    </blockref>
    <blockref>
      <blockid>flora_parts~, fe_detail_04</blockid>
      <transform>
        <scale>1,161830</scale>
        <position>-0.296680,-0.321788,0.605939</position>
        <triangledirection>0.494172,0.566823,0.659169</triangledirection>
        <trianglepickorigin>0,0,0</trianglepickorigin>
        <orientation>
          <row0>0.724272,-0.689513,2.73808e-7</row0>
          <row1>0.689269,0.724016,-0.0266289</row1>
          <row2>0.0183608,0.0192868,0.999645</row2>
        </orientation>
        <userorientation>
          <userorientation_row0>0.0858839,0.678873,-0.729215</userorientation_row0>
          <userorientation_row1>-0.0329169,0.733453,0.678941</userorientation_row1>
          <userorientation_row2>0.995761,-0.0343069,0.0853380</userorientation_row2>
        </userorientation>
      </transform>
      <snapped>false</snapped>
      <handles count="4">
        <weight channel="Stretch">0.683211</weight>
        <weight channel="Thicken">0.942691</weight>
        <weight channel="tweak_side">0.714329</weight>
        <weight channel="tweak_top_bottom">0.419915</weight>
      </handles>
    </blockref>
    <blockref>
      <blockid>flora_parts~, FE_leaf_21</blockid>
      <transform>
        <scale>1,568310</scale>
        <position>0.115556,-0.0432319,2.693499</position>
        <triangledirection>-0.530846,0.603038,-0.595438</triangledirection>
        <trianglepickorigin>0,0,0</trianglepickorigin>
        <orientation>
          <row0>0.509332,0.860539,-0.00728385</row0>
          <row1>-0.598556,0.348164,-0.721464</row1>
          <row2>-0.618312,0.371825,0.692413</row2>
        </orientation>
        <userorientation>
          <userorientation_row0>0.832368,-0.289127,0.472829</userorientation_row0>
          <userorientation_row1>0.252898,0.957286,0.140165</userorientation_row1>
          <userorientation_row2>-0.493158,0.00290899,0.869934</userorientation_row2>
        </userorientation>
      </transform>
      <snapped>false</snapped>
      <handles count="4">
        <weight channel="Bend_vert">0.0569529</weight>
        <weight channel="Length">0.453145</weight>
        <weight channel="tweak_sideways">0.474813</weight>
        <weight channel="WidthHeight">0</weight>
      </handles>
    </blockref>
    <blockref>
      <blockid>flora_parts~, FE_leaf_21</blockid>
      <transform>
        <scale>1,75</scale>
        <position>-0.0520959,-0.00538600,2.712136</position>
        <triangledirection>-0.145600,-0.0645985,-0.987232</triangledirection>
        <trianglepickorigin>0,0,0</trianglepickorigin>
        <orientation>
          <row0>0.523951,-0.850888,-0.0382464</row0>
          <row1>0.271355,0.209319,-0.939442</row1>
          <row2>0.807366,0.481843,0.340566</row2>
        </orientation>
        <userorientation>
          <userorientation_row0>0.504477,0.411457,0.759082</userorientation_row0>
          <userorientation_row1>0.0164369,0.874417,-0.484897</userorientation_row1>
          <userorientation_row2>-0.863268,0.257097,0.434361</userorientation_row2>
        </userorientation>
      </transform>
      <snapped>false</snapped>
      <handles count="4">
        <weight channel="Bend_vert">0.815687</weight>
        <weight channel="Length">0.453145</weight>
        <weight channel="tweak_sideways">0.474813</weight>
        <weight channel="WidthHeight">0</weight>
      </handles>
    </blockref>
    <blockref>
      <blockid>flora_parts~, FE_leaf_21</blockid>
      <transform>
        <scale>1,568310</scale>
        <position>-0.153075,-0.0854310,2.599256</position>
        <triangledirection>0.794833,0.579516,-0.180000</triangledirection>
        <trianglepickorigin>0,0,0</trianglepickorigin>
        <orientation>
          <row0>0.596533,-0.802440,-0.0154041</row0>
          <row1>0.751944,0.565498,-0.338807</row1>
          <row2>0.280584,0.190527,0.940729</row2>
        </orientation>
        <userorientation>
          <userorientation_row0>0.966772,-0.0532509,0.250033</userorientation_row0>
          <userorientation_row1>0.0118899,0.986371,0.164098</userorientation_row1>
          <userorientation_row2>-0.255363,-0.155673,0.954230</userorientation_row2>
        </userorientation>
      </transform>
      <snapped>false</snapped>
      <handles count="4">
        <weight channel="Bend_vert">0</weight>
        <weight channel="Length">0.351013</weight>
        <weight channel="tweak_sideways">0.594596</weight>
        <weight channel="WidthHeight">0.0330669</weight>
      </handles>
    </blockref>
    <blockref>
      <blockid>flora_parts~, fe_cap_01a</blockid>
      <transform>
        <scale>1</scale>
        <position>0.376460,0.137855,2.576349</position>
        <triangledirection>-0.316249,0.244413,0.916650</triangledirection>
        <trianglepickorigin>0,0,0</trianglepickorigin>
        <orientation>
          <row0>0.736328,0.676624,4.47034e-8</row0>
          <row1>-0.630301,0.685917,0.363646</row1>
          <row2>0.246051,-0.267762,0.931537</row2>
        </orientation>
        <userorientation>
          <userorientation_row0>0.992869,-0.0230100,0.116965</userorientation_row0>
          <userorientation_row1>-0.0674870,0.700316,0.710634</userorientation_row1>
          <userorientation_row2>-0.0982649,-0.713462,0.693769</userorientation_row2>
        </userorientation>
      </transform>
      <snapped>false</snapped>
    </blockref>
    <blockref>
      <blockid>flora_parts~, fe_cap_01a</blockid>
      <transform>
        <scale>1</scale>
        <position>0.0565279,0.201105,2.611958</position>
        <triangledirection>-0.0483423,-0.907471,0.417321</triangledirection>
        <trianglepickorigin>0,0,0</trianglepickorigin>
        <orientation>
          <row0>-0.994564,-0.104124,-4.47034e-7</row0>
          <row1>0.0971430,-0.927882,-0.359997</row1>
          <row2>0.0374839,-0.358040,0.932953</row2>
        </orientation>
        <userorientation>
          <userorientation_row0>0.966305,0.0592289,-0.250493</userorientation_row0>
          <userorientation_row1>0.142569,0.687096,0.712440</userorientation_row1>
          <userorientation_row2>0.214310,-0.724147,0.655500</userorientation_row2>
        </userorientation>
      </transform>
      <snapped>false</snapped>
    </blockref>
    <blockref>
      <blockid>flora_parts~, fe_cap_01a</blockid>
      <transform>
        <scale>1</scale>
        <position>-0.395661,0.576326,2.821130</position>
        <triangledirection>0.547813,-0.835739,0.0379737</triangledirection>
        <trianglepickorigin>0,0,0</trianglepickorigin>
        <orientation>
          <row0>-0.892694,-0.450106,-0.0223570</row0>
          <row1>0.430428,-0.836868,-0.338205</row1>
          <row2>0.133518,-0.311537,0.940806</row2>
        </orientation>
        <userorientation>
          <userorientation_row0>0.957144,0.201333,-0.208181</userorientation_row0>
          <userorientation_row1>-0.113706,0.922354,0.369233</userorientation_row1>
          <userorientation_row2>0.266355,-0.329737,0.905720</userorientation_row2>
        </userorientation>
      </transform>
      <snapped>false</snapped>
    </blockref>
    <blockref>
      <blockid>flora_parts~, fe_cap_01a</blockid>
      <transform>
        <scale>1</scale>
        <position>0.0232100,-0.244621,2.486083</position>
        <triangledirection>8.94069e-8,0.909776,0.415097</triangledirection>
        <trianglepickorigin>0,0,0</trianglepickorigin>
        <orientation>
          <row0>0.727105,0.686525,4.47034e-8</row0>
          <row1>-0.428883,0.454234,0.780851</row1>
          <row2>0.536074,-0.567761,0.624716</row2>
        </orientation>
        <userorientation>
          <userorientation_row0>0.708611,-0.673551,-0.210236</userorientation_row0>
          <userorientation_row1>0.624585,0.737381,-0.257218</userorientation_row1>
          <userorientation_row2>0.328273,0.0509569,0.943207</userorientation_row2>
        </userorientation>
      </transform>
      <snapped>false</snapped>
    </blockref>
    <blockref>
      <blockid>flora_parts~, fe_cap_01a</blockid>
      <transform>
        <scale>1</scale>
        <position>-0.116921,0.0363489,2.548181</position>
        <triangledirection>0.904278,-0.168212,0.392409</triangledirection>
        <trianglepickorigin>0,0,0</trianglepickorigin>
        <orientation>
          <row0>-0.425139,-0.900685,-0.0895700</row0>
          <row1>0.905062,-0.424216,-0.0300569</row1>
          <row2>-0.0109251,-0.0938448,0.995526</row2>
        </orientation>
        <userorientation>
          <userorientation_row0>0.854181,0.406987,-0.323628</userorientation_row0>
          <userorientation_row1>-0.268085,0.877991,0.396561</userorientation_row1>
          <userorientation_row2>0.445538,-0.251974,0.859071</userorientation_row2>
        </userorientation>
      </transform>
      <snapped>false</snapped>
    </blockref>
    <blockref>
      <blockid>flora_parts~, FE_leaf_21</blockid>
      <transform>
        <scale>1,690459</scale>
        <position>-0.0230490,-0.0589609,2.727764</position>
        <triangledirection>0.0510135,0.378206,-0.924313</triangledirection>
        <trianglepickorigin>0,0,0</trianglepickorigin>
        <orientation>
          <row0>0.998525,0.0542838,-1.15483e-7</row0>
          <row1>-0.0196899,0.362185,-0.931897</row1>
          <row2>-0.0505869,0.930523,0.362720</row2>
        </orientation>
        <userorientation>
          <userorientation_row0>-0.401629,0.0158510,0.915666</userorientation_row0>
          <userorientation_row1>0.0714690,0.997342,0.0140819</userorientation_row1>
          <userorientation_row2>-0.913010,0.0710980,-0.401695</userorientation_row2>
        </userorientation>
      </transform>
      <snapped>false</snapped>
      <handles count="4">
        <weight channel="Bend_vert">0.815687</weight>
        <weight channel="Length">0.453145</weight>
        <weight channel="tweak_sideways">1</weight>
        <weight channel="WidthHeight">0</weight>
      </handles>
    </blockref>
  </blocks></sporemodel>