spore0005438f6347406662000cff5165d816b417ffffffffffffffff0000000ebfdb7f3106KChangfffffffffffffffe07Bruvibe0000000<?xml version="1.0" encoding="UTF-8"?><sporemodel>
  <properties>
    <modeltype>PlantLarge</modeltype>
    <skineffectseed1>98326</skineffectseed1>
    <skineffectseed2>98326</skineffectseed2>
    <skineffectseed3>2187351400</skineffectseed3>
    <skincolor1>0.576469,0.474510,0.262743</skincolor1>
    <skincolor2>0.262743,0.286275,0.576469</skincolor2>
    <skincolor3>0.498039,0.803922,0.474510</skincolor3>
    <zcorpscore>5</zcorpscore>
  </properties>
  <blocks count="46">
    <blockref>
      <blockid>flora_parts~, fe_root_dummy</blockid>
      <transform>
        <scale>1</scale>
        <position>0.00366393,-0.000212573,0.600000</position>
        <triangledirection>0,1,0</triangledirection>
        <trianglepickorigin>0,0,0</trianglepickorigin>
        <orientation>
          <row0>1,0,0</row0>
          <row1>0,1,0</row1>
          <row2>0,0,1</row2>
        </orientation>
      </transform>
      <snapped>false</snapped>
      <childlist count="4">
        <childid>7</childid>
        <childid>5</childid>
        <childid>3</childid>
        <childid>1</childid>
      </childlist>
    </blockref>
    <blockref>
      <blockid>flora_parts~, FE_muscle_branch_04</blockid>
      <transform>
        <limbtype>0</limbtype>
        <musclescale>0.600000</musclescale>
        <basemusclescale>2</basemusclescale>
        <scale>1</scale>
        <position>0.00366393,-0.000212573,0.600000</position>
        <triangledirection>-0.484670,-0.759478,0.433919</triangledirection>
        <trianglepickorigin>0,0,0</trianglepickorigin>
        <orientation>
          <row0>-0.161782,-0.409685,-0.897766</row0>
          <row1>-0.484670,-0.759478,0.433919</row1>
          <row2>-0.859605,0.505321,-0.0756920</row2>
        </orientation>
      </transform>
      <snapped>true</snapped>
      <childlist count="1">
        <childid>2</childid>
      </childlist>
      <handles count="1">
        <weight channel="longer">0.311665</weight>
      </handles>
    </blockref>
    <blockref>
      <blockid>Creature_parts~, ce_grasper_null</blockid>
      <transform>
        <basemusclescale>0.75</basemusclescale>
        <scale>1</scale>
        <position>1.065101,1.663064,-0.350295</position>
        <triangledirection>0,0,-1</triangledirection>
        <trianglepickorigin>0,0,0</trianglepickorigin>
        <orientation>
          <row0>1,0,0</row0>
          <row1>0,0,-1</row1>
          <row2>0,1,0</row2>
        </orientation>
      </transform>
      <snapped>true</snapped>
    </blockref>
    <blockref>
      <blockid>flora_parts~, FE_muscle_branch_04</blockid>
      <transform>
        <limbtype>0</limbtype>
        <musclescale>0.100000</musclescale>
        <basemusclescale>2</basemusclescale>
        <scale>1</scale>
        <position>0.00366393,-0.000212573,0.600000</position>
        <triangledirection>-0.304474,0.850656,0.428578</triangledirection>
        <trianglepickorigin>0,0,0</trianglepickorigin>
        <orientation>
          <row0>0.952497,0.268753,0.143250</row0>
          <row1>-0.304474,0.850656,0.428578</row1>
          <row2>-0.00667508,-0.451836,0.892076</row2>
        </orientation>
      </transform>
      <snapped>true</snapped>
      <childlist count="1">
        <childid>4</childid>
      </childlist>
      <handles count="1">
        <weight channel="longer">0.340746</weight>
      </handles>
    </blockref>
    <blockref>
      <blockid>Creature_parts~, ce_grasper_null</blockid>
      <transform>
        <basemusclescale>0.5</basemusclescale>
        <scale>1</scale>
        <position>0.726040,-2.018423,-0.416818</position>
        <triangledirection>0,0,-1</triangledirection>
        <trianglepickorigin>0,0,0</trianglepickorigin>
        <orientation>
          <row0>1,0,0</row0>
          <row1>0,0,-1</row1>
          <row2>0,1,0</row2>
        </orientation>
      </transform>
      <snapped>true</snapped>
    </blockref>
    <blockref>
      <blockid>flora_parts~, fe_muscle_branch_01</blockid>
      <transform>
        <limbtype>0</limbtype>
        <musclescale>0.550000</musclescale>
        <basemusclescale>2</basemusclescale>
        <scale>1</scale>
        <position>0.00366393,-0.000212573,0.600000</position>
        <triangledirection>0.953992,-0.109185,0.279242</triangledirection>
        <trianglepickorigin>0,0,0</trianglepickorigin>
        <orientation>
          <row0>-0.225524,0.352405,0.908267</row0>
          <row1>0.953992,-0.109185,0.279242</row1>
          <row2>0.197575,0.929456,-0.311568</row2>
        </orientation>
      </transform>
      <snapped>true</snapped>
      <childlist count="1">
        <childid>6</childid>
      </childlist>
      <handles count="1">
        <weight channel="longer">0.274726</weight>
      </handles>
    </blockref>
    <blockref>
      <blockid>Creature_parts~, ce_grasper_null</blockid>
      <transform>
        <basemusclescale>0.5</basemusclescale>
        <scale>1</scale>
        <position>-1.864424,0.213592,0.0531928</position>
        <triangledirection>0,0,-1</triangledirection>
        <trianglepickorigin>0,0,0</trianglepickorigin>
        <orientation>
          <row0>1,0,0</row0>
          <row1>0,0,-1</row1>
          <row2>0,1,0</row2>
        </orientation>
      </transform>
      <snapped>true</snapped>
    </blockref>
    <blockref>
      <blockid>flora_parts~, fe_muscle_branch_01</blockid>
      <transform>
        <limbtype>0</limbtype>
        <musclescale>1</musclescale>
        <basemusclescale>2</basemusclescale>
        <scale>1</scale>
        <position>0.00366393,-0.000212573,0.600000</position>
        <triangledirection>0,0,-1</triangledirection>
        <trianglepickorigin>0,0,0</trianglepickorigin>
        <orientation>
          <row0>0.997901,-0.0647540,0</row0>
          <row1>0,0,-1</row1>
          <row2>0.0647540,0.997901,0</row2>
        </orientation>
      </transform>
      <snapped>true</snapped>
      <childlist count="2">
        <childid>9</childid>
        <childid>8</childid>
      </childlist>
      <handles count="1">
        <weight channel="longer">0.00555498</weight>
      </handles>
    </blockref>
    <blockref>
      <blockid>flora_parts~, fe_muscle_branch_01</blockid>
      <transform>
        <limbtype>0</limbtype>
        <musclescale>0.975000</musclescale>
        <basemusclescale>1.900000</basemusclescale>
        <scale>1</scale>
        <position>0.00366393,-0.000212573,0.868863</position>
        <triangledirection>0.331661,-0.102467,-0.937817</triangledirection>
        <trianglepickorigin>0,0,0</trianglepickorigin>
        <orientation>
          <row0>0.939722,0.123552,0.318835</row0>
          <row1>0.331661,-0.102467,-0.937817</row1>
          <row2>-0.0831993,0.987033,-0.137268</row2>
        </orientation>
      </transform>
      <snapped>true</snapped>
      <childlist count="1">
        <childid>10</childid>
      </childlist>
      <handles count="1">
        <weight channel="longer">0.274432</weight>
      </handles>
    </blockref>
    <blockref>
      <blockid>flora_parts~, fe_muscle_branch_01</blockid>
      <transform>
        <limbtype>0</limbtype>
        <musclescale>0.850000</musclescale>
        <basemusclescale>1.900000</basemusclescale>
        <scale>1</scale>
        <position>0.00366393,-0.000212573,0.868863</position>
        <triangledirection>-0.755451,-0.482359,-0.443421</triangledirection>
        <trianglepickorigin>0,0,0</trianglepickorigin>
        <orientation>
          <row0>0.641281,-0.683119,-0.349437</row0>
          <row1>-0.755451,-0.482359,-0.443421</row1>
          <row2>0.134355,0.548340,-0.825391</row2>
        </orientation>
      </transform>
      <snapped>true</snapped>
      <childlist count="2">
        <childid>20</childid>
        <childid>17</childid>
      </childlist>
      <handles count="1">
        <weight channel="longer">0.0967068</weight>
      </handles>
    </blockref>
    <blockref>
      <blockid>flora_parts~, fe_muscle_branch_06</blockid>
      <transform>
        <limbtype>0</limbtype>
        <musclescale>0.5</musclescale>
        <basemusclescale>1.849998</basemusclescale>
        <scale>1</scale>
        <position>-0.645178,0.200247,2.703550</position>
        <triangledirection>0,0,-1</triangledirection>
        <trianglepickorigin>0,0,0</trianglepickorigin>
        <orientation>
          <row0>0.820131,-0.572175,0</row0>
          <row1>0,0,-1</row1>
          <row2>0.572175,0.820131,0</row2>
        </orientation>
      </transform>
      <snapped>true</snapped>
      <childlist count="2">
        <childid>12</childid>
        <childid>11</childid>
      </childlist>
      <handles count="1">
        <weight channel="longer">0.312831</weight>
      </handles>
    </blockref>
    <blockref>
      <blockid>flora_parts~, fe_muscle_branch_01</blockid>
      <transform>
        <limbtype>0</limbtype>
        <musclescale>1</musclescale>
        <basemusclescale>2.049998</basemusclescale>
        <scale>1</scale>
        <position>-0.645178,0.200247,4.900878</position>
        <triangledirection>-0.243867,-0.262002,-0.933747</triangledirection>
        <trianglepickorigin>0,0,0</trianglepickorigin>
        <orientation>
          <row0>0.627779,-0.776521,0.0539283</row0>
          <row1>-0.243867,-0.262002,-0.933747</row1>
          <row2>0.739203,0.573035,-0.353847</row2>
        </orientation>
      </transform>
      <snapped>true</snapped>
      <childlist count="2">
        <childid>24</childid>
        <childid>21</childid>
      </childlist>
      <handles count="1">
        <weight channel="longer">0.138579</weight>
      </handles>
    </blockref>
    <blockref>
      <blockid>flora_parts~, FE_muscle_branch_04</blockid>
      <transform>
        <limbtype>0</limbtype>
        <musclescale>0.800000</musclescale>
        <basemusclescale>2.049998</basemusclescale>
        <scale>1</scale>
        <position>-0.645178,0.200247,4.900878</position>
        <triangledirection>0.248085,0.610466,-0.752186</triangledirection>
        <trianglepickorigin>0,0,0</trianglepickorigin>
        <orientation>
          <row0>0.831187,-0.532951,-0.158396</row0>
          <row1>0.248085,0.610466,-0.752186</row1>
          <row2>0.497574,0.585912,0.639629</row2>
        </orientation>
      </transform>
      <snapped>true</snapped>
      <childlist count="4">
        <childid>16</childid>
        <childid>15</childid>
        <childid>14</childid>
        <childid>13</childid>
      </childlist>
      <handles count="1">
        <weight channel="longer">0.233485</weight>
      </handles>
    </blockref>
    <blockref>
      <blockid>Creature_parts~, ce_grasper_null</blockid>
      <transform>
        <basemusclescale>0.75</basemusclescale>
        <scale>1</scale>
        <position>-1.066761,-0.837149,6.179109</position>
        <triangledirection>0.292557,0.599257,-0.745185</triangledirection>
        <trianglepickorigin>0,0,0</trianglepickorigin>
        <orientation>
          <row0>0.907411,-0.419830,0.0186305</row0>
          <row1>0.292557,0.599257,-0.745185</row1>
          <row2>0.301687,0.681640,0.666597</row2>
        </orientation>
      </transform>
      <snapped>true</snapped>
    </blockref>
    <blockref>
      <blockid>flora_parts~, FE_flatleaf_06</blockid>
      <transform>
        <scale>0,927743</scale>
        <position>-0.937623,-0.939795,6.102199</position>
        <triangledirection>-0.785256,0.599988,-0.152920</triangledirection>
        <trianglepickorigin>0,0,0</trianglepickorigin>
        <orientation>
          <row0>0.730472,0.392113,0.559157</row0>
          <row1>-0.507372,0.859636,0.0599953</row1>
          <row2>-0.457146,-0.327525,0.826888</row2>
        </orientation>
        <userorientation>
          <userorientation_row0>0.905573,0.424185,-0.00177195</userorientation_row0>
          <userorientation_row1>-0.423852,0.905014,0.0360178</userorientation_row1>
          <userorientation_row2>0.0168818,-0.0318657,0.999348</userorientation_row2>
        </userorientation>
      </transform>
      <snapped>false</snapped>
      <handles count="1">
        <weight channel="Leaf_bend">0.184578</weight>
      </handles>
    </blockref>
    <blockref>
      <blockid>flora_parts~, FE_flatleaf_06</blockid>
      <transform>
        <scale>0,860706</scale>
        <position>-1.159039,-0.900958,6.146993</position>
        <triangledirection>0.916270,-0.00460874,-0.400532</triangledirection>
        <trianglepickorigin>0,0,0</trianglepickorigin>
        <orientation>
          <row0>0.512039,-0.741767,-0.433124</row0>
          <row1>0.844701,0.526338,0.0972006</row1>
          <row2>0.155869,-0.415631,0.896077</row2>
        </orientation>
        <userorientation>
          <userorientation_row0>0.751266,-0.659940,0.00880114</userorientation_row0>
          <userorientation_row1>0.646066,0.732616,-0.214174</userorientation_row1>
          <userorientation_row2>0.134893,0.166587,0.976755</userorientation_row2>
        </userorientation>
      </transform>
      <snapped>false</snapped>
      <handles count="1">
        <weight channel="Leaf_bend">0.100327</weight>
      </handles>
    </blockref>
    <blockref>
      <blockid>flora_parts~, FE_flatleaf_06</blockid>
      <transform>
        <scale>0,927743</scale>
        <position>-1.076900,-0.988586,6.180703</position>
        <triangledirection>0.443736,0.875087,0.193178</triangledirection>
        <trianglepickorigin>0,0,0</trianglepickorigin>
        <orientation>
          <row0>0.984492,-0.175429,2.14204e-6</row0>
          <row1>0.175061,0.982421,-0.0648252</row1>
          <row2>0.0113701,0.0638203,0.997896</row2>
        </orientation>
        <userorientation>
          <userorientation_row0>0.956797,-0.290612,-0.00915562</userorientation_row0>
          <userorientation_row1>0.283338,0.924863,0.253665</userorientation_row1>
          <userorientation_row2>-0.0652509,-0.245302,0.967247</userorientation_row2>
        </userorientation>
      </transform>
      <snapped>false</snapped>
      <handles count="1">
        <weight channel="Leaf_bend">0.195445</weight>
      </handles>
    </blockref>
    <blockref>
      <blockid>Creature_parts~, ce_grasper_null</blockid>
      <transform>
        <basemusclescale>0.900000</basemusclescale>
        <scale>1</scale>
        <position>0.638947,0.405419,1.241750</position>
        <triangledirection>0.427002,-0.297408,-0.853942</triangledirection>
        <trianglepickorigin>0,0,0</trianglepickorigin>
        <orientation>
          <row0>0.903401,0.181225,0.388617</row0>
          <row1>0.427002,-0.297408,-0.853942</row1>
          <row2>-0.0391780,0.937393,-0.346062</row2>
        </orientation>
      </transform>
      <snapped>true</snapped>
    </blockref>
    <blockref>
      <blockid>flora_parts~, FE_leaf_29</blockid>
      <transform>
        <scale>3,080218</scale>
        <position>-0.261405,1.507049,7.574665</position>
        <triangledirection>-0.796008,0.597846,0.0945923</triangledirection>
        <trianglepickorigin>0,0,0</trianglepickorigin>
        <orientation>
          <row0>0.699403,0.714726,-7.00354e-7</row0>
          <row1>-0.684121,0.669454,-0.289498</row1>
          <row2>-0.206911,0.202476,0.957178</row2>
        </orientation>
        <userorientation>
          <userorientation_row0>0.987672,0.152967,-0.0332029</userorientation_row0>
          <userorientation_row1>-0.129435,0.917413,0.376295</userorientation_row1>
          <userorientation_row2>0.0880218,-0.367359,0.925903</userorientation_row2>
        </userorientation>
      </transform>
      <snapped>false</snapped>
      <childlist count="8">
        <childid>37</childid>
        <childid>36</childid>
        <childid>35</childid>
        <childid>31</childid>
        <childid>30</childid>
        <childid>29</childid>
        <childid>23</childid>
        <childid>19</childid>
      </childlist>
      <handles count="4">
        <weight channel="bend">1</weight>
        <weight channel="invert">0.724521</weight>
        <weight channel="Length">1</weight>
        <weight channel="scale_horiz">1</weight>
      </handles>
    </blockref>
    <blockref>
      <blockid>flora_parts~, FE_leaf_29</blockid>
      <transform>
        <scale>2,651167</scale>
        <position>2.583403,-0.606619,8.995125</position>
        <triangledirection>0.121729,0.817114,0.563475</triangledirection>
        <trianglepickorigin>0,0,0</trianglepickorigin>
        <orientation>
          <row0>0.999983,-0.00570705,-3.72529e-9</row0>
          <row1>0.00476158,0.834318,0.551262</row1>
          <row2>-0.00314608,-0.551253,0.834331</row2>
        </orientation>
        <userorientation>
          <userorientation_row0>0.986600,-0.118497,0.112145</userorientation_row0>
          <userorientation_row1>0.117063,0.992935,0.0193052</userorientation_row1>
          <userorientation_row2>-0.113641,-0.00591829,0.993504</userorientation_row2>
        </userorientation>
      </transform>
      <snapped>false</snapped>
      <childlist count="3">
        <childid>28</childid>
        <childid>27</childid>
        <childid>26</childid>
      </childlist>
      <handles count="4">
        <weight channel="bend">0.984936</weight>
        <weight channel="invert">1</weight>
        <weight channel="Length">0.578351</weight>
        <weight channel="scale_horiz">0.167594</weight>
      </handles>
    </blockref>
    <blockref>
      <blockid>flora_parts~, FE_leaf_29</blockid>
      <transform>
        <scale>1,161834</scale>
        <position>0.707574,0.459549,1.292391</position>
        <triangledirection>-0.705528,-0.514796,-0.487046</triangledirection>
        <trianglepickorigin>0,0,0</trianglepickorigin>
        <orientation>
          <row0>-0.589432,0.807817,2.53319e-7</row0>
          <row1>-0.705528,-0.514796,-0.487046</row1>
          <row2>-0.393444,-0.287081,0.873376</row2>
        </orientation>
        <userorientation>
          <userorientation_row0>0.817185,0,0.576373</userorientation_row0>
          <userorientation_row1>0,1,0</userorientation_row1>
          <userorientation_row2>-0.576373,0,0.817185</userorientation_row2>
        </userorientation>
      </transform>
      <snapped>false</snapped>
      <handles count="4">
        <weight channel="bend">1</weight>
        <weight channel="invert">0.841282</weight>
        <weight channel="Length">0</weight>
        <weight channel="scale_horiz">0</weight>
      </handles>
    </blockref>
    <blockref>
      <blockid>flora_parts~, FE_leaf_29</blockid>
      <transform>
        <scale>3,857428</scale>
        <position>-0.380148,0.670581,6.077208</position>
        <triangledirection>-0.00762588,-0.730329,-0.683051</triangledirection>
        <trianglepickorigin>0,0,0</trianglepickorigin>
        <orientation>
          <row0>-0.999945,0.0104411,-9.31322e-10</row0>
          <row1>-0.00772468,-0.739791,-0.672791</row1>
          <row2>-0.00702471,-0.672755,0.739832</row2>
        </orientation>
        <userorientation>
          <userorientation_row0>0.999888,0.000208743,0.0149547</userorientation_row0>
          <userorientation_row1>-1.45518e-11,0.999902,-0.0139569</userorientation_row1>
          <userorientation_row2>-0.0149561,0.0139553,0.999790</userorientation_row2>
        </userorientation>
      </transform>
      <snapped>false</snapped>
      <childlist count="3">
        <childid>25</childid>
        <childid>22</childid>
        <childid>18</childid>
      </childlist>
      <handles count="4">
        <weight channel="bend">0.773131</weight>
        <weight channel="invert">0.819292</weight>
        <weight channel="Length">0.0738190</weight>
        <weight channel="scale_horiz">1</weight>
      </handles>
    </blockref>
    <blockref>
      <blockid>flora_parts~, FE_leaf_29</blockid>
      <transform>
        <scale>3,080218</scale>
        <position>-0.467571,0.850831,6.614567</position>
        <triangledirection>0.766332,0.622124,-0.160293</triangledirection>
        <trianglepickorigin>0,0,0</trianglepickorigin>
        <orientation>
          <row0>0.625629,-0.780120,-8.94069e-8</row0>
          <row1>0.664276,0.532726,-0.524346</row1>
          <row2>0.409053,0.328046,0.851505</row2>
        </orientation>
        <userorientation>
          <userorientation_row0>0.999888,0.000208743,0.0149547</userorientation_row0>
          <userorientation_row1>-0.00589239,0.924528,0.381065</userorientation_row1>
          <userorientation_row2>-0.0137464,-0.381110,0.924426</userorientation_row2>
        </userorientation>
      </transform>
      <snapped>false</snapped>
      <childlist count="2">
        <childid>34</childid>
        <childid>33</childid>
      </childlist>
      <handles count="4">
        <weight channel="bend">0.970800</weight>
        <weight channel="invert">1</weight>
        <weight channel="Length">0.971822</weight>
        <weight channel="scale_horiz">0.417537</weight>
      </handles>
    </blockref>
    <blockref>
      <blockid>flora_parts~, FE_leaf_29</blockid>
      <transform>
        <scale>2,857651</scale>
        <position>4.522542,-1.529258,13.652968</position>
        <triangledirection>0.420250,-0.0484319,-0.906114</triangledirection>
        <trianglepickorigin>0,0,0</trianglepickorigin>
        <orientation>
          <row0>0.114487,0.993424,-2.32830e-8</row0>
          <row1>-0.132463,0.0152657,-0.991070</row1>
          <row2>-0.984553,0.113465,0.133339</row2>
        </orientation>
        <userorientation>
          <userorientation_row0>1,0,0</userorientation_row0>
          <userorientation_row1>0,0.841616,-0.540076</userorientation_row1>
          <userorientation_row2>0,0.540076,0.841616</userorientation_row2>
        </userorientation>
      </transform>
      <snapped>false</snapped>
      <handles count="4">
        <weight channel="bend">0.0302272</weight>
        <weight channel="invert">0.201591</weight>
        <weight channel="Length">0.595071</weight>
        <weight channel="scale_horiz">0.217638</weight>
      </handles>
    </blockref>
    <blockref>
      <blockid>Creature_parts~, ce_grasper_null</blockid>
      <transform>
        <basemusclescale>2</basemusclescale>
        <scale>1</scale>
        <position>-0.376013,0.489428,5.931487</position>
        <triangledirection>-0.526356,0.697725,-0.485930</triangledirection>
        <trianglepickorigin>0,0,0</trianglepickorigin>
        <orientation>
          <row0>0.774794,0.158200,-0.612099</row0>
          <row1>-0.526356,0.697725,-0.485930</row1>
          <row2>0.350202,0.698678,0.623863</row2>
        </orientation>
      </transform>
      <snapped>true</snapped>
    </blockref>
    <blockref>
      <blockid>flora_parts~, FE_leaf_29</blockid>
      <transform>
        <scale>2,857651</scale>
        <position>-0.390960,2.068867,10.082373</position>
        <triangledirection>-0.156359,0.387648,-0.908449</triangledirection>
        <trianglepickorigin>0,0,0</trianglepickorigin>
        <orientation>
          <row0>0.775881,0.630878,-5.51342e-7</row0>
          <row1>-0.0820469,0.100904,-0.991507</row1>
          <row2>-0.625520,0.769292,0.130051</row2>
        </orientation>
        <userorientation>
          <userorientation_row0>0.811351,0.0645016,-0.580988</userorientation_row0>
          <userorientation_row1>0.123243,0.952677,0.277876</userorientation_row1>
          <userorientation_row2>0.571419,-0.297057,0.765006</userorientation_row2>
        </userorientation>
      </transform>
      <snapped>false</snapped>
      <handles count="4">
        <weight channel="bend">0.994471</weight>
        <weight channel="invert">0.696631</weight>
        <weight channel="Length">0.841463</weight>
        <weight channel="scale_horiz">0.101337</weight>
      </handles>
    </blockref>
    <blockref>
      <blockid>flora_parts~, FE_flatleaf_06</blockid>
      <transform>
        <scale>2,281880</scale>
        <position>1.991176,-4.529697,9.462444</position>
        <triangledirection>-0.244325,0.915653,0.319190</triangledirection>
        <trianglepickorigin>0,0,0</trianglepickorigin>
        <orientation>
          <row0>0.757725,0.652573,2.83122e-7</row0>
          <row1>-0.560752,0.651109,0.511480</row1>
          <row2>0.333778,-0.387562,0.859294</row2>
        </orientation>
        <userorientation>
          <userorientation_row0>0.894598,-0.364882,0.257981</userorientation_row0>
          <userorientation_row1>0.412398,0.896456,-0.162143</userorientation_row1>
          <userorientation_row2>-0.172106,0.251444,0.952446</userorientation_row2>
        </userorientation>
      </transform>
      <snapped>false</snapped>
      <handles count="1">
        <weight channel="Leaf_bend">0</weight>
      </handles>
    </blockref>
    <blockref>
      <blockid>flora_parts~, FE_flatleaf_06</blockid>
      <transform>
        <scale>2,281880</scale>
        <position>1.762468,-4.685238,9.673999</position>
        <triangledirection>0.960597,-0.0957178,-0.260938</triangledirection>
        <trianglepickorigin>0,0,0</trianglepickorigin>
        <orientation>
          <row0>0.545558,-0.838072,-1.49011e-7</row0>
          <row1>0.696014,0.453083,0.557027</row1>
          <row2>-0.466829,-0.303891,0.830494</row2>
        </orientation>
        <userorientation>
          <userorientation_row0>0.646113,-0.762255,0.0387528</userorientation_row0>
          <userorientation_row1>0.604281,0.479872,-0.636054</userorientation_row1>
          <userorientation_row2>0.466241,0.434381,0.770668</userorientation_row2>
        </userorientation>
      </transform>
      <snapped>false</snapped>
      <childlist count="1">
        <childid>44</childid>
      </childlist>
      <handles count="1">
        <weight channel="Leaf_bend">0</weight>
      </handles>
    </blockref>
    <blockref>
      <blockid>flora_parts~, FE_flatleaf_06</blockid>
      <transform>
        <scale>2,281880</scale>
        <position>2.041388,-4.408250,9.431921</position>
        <triangledirection>-0.806774,0.00623487,-0.590825</triangledirection>
        <trianglepickorigin>0,0,0</trianglepickorigin>
        <orientation>
          <row0>-0.505222,0.862989,-4.61935e-7</row0>
          <row1>-0.745848,-0.436644,-0.503041</row1>
          <row2>-0.434119,-0.254147,0.864262</row2>
        </orientation>
        <userorientation>
          <userorientation_row0>0.894329,-0.365465,0.258086</userorientation_row0>
          <userorientation_row1>0.412981,0.896218,-0.161976</userorientation_row1>
          <userorientation_row2>-0.172106,0.251444,0.952446</userorientation_row2>
        </userorientation>
      </transform>
      <snapped>false</snapped>
      <childlist count="1">
        <childid>45</childid>
      </childlist>
      <handles count="1">
        <weight channel="Leaf_bend">0</weight>
      </handles>
    </blockref>
    <blockref>
      <blockid>flora_parts~, FE_flatleaf_06</blockid>
      <transform>
        <scale>3,578702</scale>
        <position>-0.314494,1.931198,7.718647</position>
        <triangledirection>0.0349347,-0.876030,-0.480987</triangledirection>
        <trianglepickorigin>0,0,0</trianglepickorigin>
        <orientation>
          <row0>-0.829523,-0.558471,-5.21540e-7</row0>
          <row1>0.533127,-0.791878,-0.297830</row1>
          <row2>0.166329,-0.247057,0.954618</row2>
        </orientation>
        <userorientation>
          <userorientation_row0>0.879809,-0.475271,-0.00716380</userorientation_row0>
          <userorientation_row1>0.460259,0.855587,-0.236919</userorientation_row1>
          <userorientation_row2>0.118730,0.205145,0.971502</userorientation_row2>
        </userorientation>
      </transform>
      <snapped>false</snapped>
      <handles count="1">
        <weight channel="Leaf_bend">0.136098</weight>
      </handles>
    </blockref>
    <blockref>
      <blockid>flora_parts~, FE_flatleaf_06</blockid>
      <transform>
        <scale>3,578702</scale>
        <position>-0.595144,1.737714,7.672976</position>
        <triangledirection>0.815844,-0.355079,-0.456414</triangledirection>
        <trianglepickorigin>0,0,0</trianglepickorigin>
        <orientation>
          <row0>-0.339603,-0.940568,1.63912e-7</row0>
          <row1>0.886039,-0.319915,-0.335542</row1>
          <row2>0.315600,-0.113951,0.942025</row2>
        </orientation>
        <userorientation>
          <userorientation_row0>0.970176,-0.0236130,0.241247</userorientation_row0>
          <userorientation_row1>0.0569125,0.989612,-0.132010</userorientation_row1>
          <userorientation_row2>-0.235623,0.141803,0.961442</userorientation_row2>
        </userorientation>
      </transform>
      <snapped>false</snapped>
      <childlist count="1">
        <childid>40</childid>
      </childlist>
      <handles count="1">
        <weight channel="Leaf_bend">0.158434</weight>
      </handles>
    </blockref>
    <blockref>
      <blockid>flora_parts~, FE_flatleaf_06</blockid>
      <transform>
        <scale>3,578702</scale>
        <position>-0.0612455,1.618517,7.767205</position>
        <triangledirection>-0.913792,-0.275963,-0.298038</triangledirection>
        <trianglepickorigin>0,0,0</trianglepickorigin>
        <orientation>
          <row0>-0.669785,0.742554,3.27825e-7</row0>
          <row1>-0.571869,-0.515827,-0.637877</row1>
          <row2>-0.473658,-0.427241,0.770137</row2>
        </orientation>
        <userorientation>
          <userorientation_row0>0.913280,-0.386045,-0.129952</userorientation_row0>
          <userorientation_row1>0.407126,0.855031,0.321197</userorientation_row1>
          <userorientation_row2>-0.0128828,-0.346251,0.938053</userorientation_row2>
        </userorientation>
      </transform>
      <snapped>false</snapped>
      <childlist count="1">
        <childid>41</childid>
      </childlist>
      <handles count="1">
        <weight channel="Leaf_bend">0.136098</weight>
      </handles>
    </blockref>
    <blockref>
      <blockid>flora_parts~, FE_flatleaf_06</blockid>
      <transform>
        <scale>3,578702</scale>
        <position>-3.937630,-1.939257,12.274867</position>
        <triangledirection>0.754789,0.642479,0.132335</triangledirection>
        <trianglepickorigin>0,0,0</trianglepickorigin>
        <orientation>
          <row0>-0.0954633,-0.995432,1.26659e-7</row0>
          <row1>0.518587,-0.0497333,-0.853576</row1>
          <row2>0.849678,-0.0814852,0.520966</row2>
        </orientation>
        <userorientation>
          <userorientation_row0>0.697921,0.355735,0.621576</userorientation_row0>
          <userorientation_row1>-0.711599,0.246512,0.657918</userorientation_row1>
          <userorientation_row2>0.0808179,-0.901489,0.425187</userorientation_row2>
        </userorientation>
      </transform>
      <snapped>false</snapped>
      <handles count="1">
        <weight channel="Leaf_bend">0.109191</weight>
      </handles>
    </blockref>
    <blockref>
      <blockid>flora_parts~, FE_flatleaf_06</blockid>
      <transform>
        <scale>3,578702</scale>
        <position>-3.736690,-1.904605,12.175108</position>
        <triangledirection>-0.196086,0.976288,-0.0917013</triangledirection>
        <trianglepickorigin>0,0,0</trianglepickorigin>
        <orientation>
          <row0>0.985044,-0.172298,8.38190e-9</row0>
          <row1>0.172258,0.984816,0.0215248</row1>
          <row2>-0.00370869,-0.0212029,0.999768</row2>
        </orientation>
        <userorientation>
          <userorientation_row0>0.928470,0.346231,-0.134410</userorientation_row0>
          <userorientation_row1>-0.361366,0.925714,-0.111653</userorientation_row1>
          <userorientation_row2>0.0857686,0.152238,0.984615</userorientation_row2>
        </userorientation>
      </transform>
      <snapped>false</snapped>
      <childlist count="2">
        <childid>38</childid>
        <childid>32</childid>
      </childlist>
      <handles count="1">
        <weight channel="Leaf_bend">0.105394</weight>
      </handles>
    </blockref>
    <blockref>
      <blockid>flora_parts~, FE_flatleaf_06</blockid>
      <transform>
        <scale>3,578702</scale>
        <position>-3.904211,-1.704632,11.596995</position>
        <triangledirection>0.795308,-0.424090,-0.433162</triangledirection>
        <trianglepickorigin>0,0,0</trianglepickorigin>
        <orientation>
          <row0>0.0196451,-0.999807,-2.27009e-9</row0>
          <row1>0.999015,0.0196296,0.0397898</row1>
          <row2>-0.0397821,-0.000781679,0.999208</row2>
        </orientation>
        <userorientation>
          <userorientation_row0>0.872777,-0.487762,0.0185957</userorientation_row0>
          <userorientation_row1>0.439633,0.768965,-0.464127</userorientation_row1>
          <userorientation_row2>0.212084,0.413255,0.885572</userorientation_row2>
        </userorientation>
      </transform>
      <snapped>false</snapped>
      <childlist count="1">
        <childid>39</childid>
      </childlist>
      <handles count="1">
        <weight channel="Leaf_bend">0</weight>
      </handles>
    </blockref>
    <blockref>
      <blockid>flora_parts~, FE_flatleaf_06</blockid>
      <transform>
        <scale>3,578702</scale>
        <position>4.322472,-1.531008,12.229878</position>
        <triangledirection>-0.192427,0.960039,-0.203209</triangledirection>
        <trianglepickorigin>0,0,0</trianglepickorigin>
        <orientation>
          <row0>0.964084,0.265596,-1.22934e-7</row0>
          <row1>-0.263693,0.957176,0.119498</row1>
          <row2>0.0317383,-0.115206,0.992834</row2>
        </orientation>
        <userorientation>
          <userorientation_row0>0.980897,-0.122874,-0.150802</userorientation_row0>
          <userorientation_row1>0.0694661,0.945386,-0.318462</userorientation_row1>
          <userorientation_row2>0.181698,0.301903,0.935863</userorientation_row2>
        </userorientation>
      </transform>
      <snapped>false</snapped>
      <childlist count="1">
        <childid>43</childid>
      </childlist>
      <handles count="1">
        <weight channel="Leaf_bend">0.136098</weight>
      </handles>
    </blockref>
    <blockref>
      <blockid>flora_parts~, FE_flatleaf_06</blockid>
      <transform>
        <scale>3,578702</scale>
        <position>4.341144,-1.484251,11.941784</position>
        <triangledirection>-0.941405,0.280256,0.187645</triangledirection>
        <trianglepickorigin>0,0,0</trianglepickorigin>
        <orientation>
          <row0>-0.0511458,0.998691,9.31322e-10</row0>
          <row1>-0.976363,-0.0500023,0.210274</row1>
          <row2>0.209998,0.0107546,0.977642</row2>
        </orientation>
        <userorientation>
          <userorientation_row0>0.941566,-0.327902,-0.0770267</userorientation_row0>
          <userorientation_row1>0.328039,0.944597,-0.0112295</userorientation_row1>
          <userorientation_row2>0.0764414,-0.0146944,0.996964</userorientation_row2>
        </userorientation>
      </transform>
      <snapped>false</snapped>
      <handles count="1">
        <weight channel="Leaf_bend">0.136098</weight>
      </handles>
    </blockref>
    <blockref>
      <blockid>flora_parts~, FE_flatleaf_06</blockid>
      <transform>
        <scale>3,578702</scale>
        <position>4.465314,-1.414248,12.537459</position>
        <triangledirection>-0.734011,-0.661544,0.153576</triangledirection>
        <trianglepickorigin>0,0,0</trianglepickorigin>
        <orientation>
          <row0>-0.0734602,0.997298,6.33299e-8</row0>
          <row1>-0.975788,-0.0718758,0.206567</row1>
          <row2>0.206009,0.0151744,0.978432</row2>
        </orientation>
        <userorientation>
          <userorientation_row0>0.795293,0.605929,0.0188519</userorientation_row0>
          <userorientation_row1>-0.605836,0.795512,-0.0109868</userorientation_row1>
          <userorientation_row2>-0.0216543,-0.00268336,0.999761</userorientation_row2>
        </userorientation>
      </transform>
      <snapped>false</snapped>
      <childlist count="1">
        <childid>42</childid>
      </childlist>
      <handles count="1">
        <weight channel="Leaf_bend">0.136098</weight>
      </handles>
    </blockref>
    <blockref>
      <blockid>flora_parts~, fe_cap_01a</blockid>
      <transform>
        <scale>1</scale>
        <position>-3.285632,-4.205014,12.407064</position>
        <triangledirection>0.776779,0.0334190,0.628885</triangledirection>
        <trianglepickorigin>0,0,0</trianglepickorigin>
        <orientation>
          <row0>0.0429826,-0.999075,1.00582e-7</row0>
          <row1>0.776779,0.0334190,0.628885</row1>
          <row2>-0.628304,-0.0270311,0.777497</row2>
        </orientation>
      </transform>
      <snapped>false</snapped>
    </blockref>
    <blockref>
      <blockid>flora_parts~, fe_cap_01a</blockid>
      <transform>
        <scale>1</scale>
        <position>-5.419488,-0.949437,12.518911</position>
        <triangledirection>0.638135,0.467931,0.611410</triangledirection>
        <trianglepickorigin>0,0,0</trianglepickorigin>
        <orientation>
          <row0>0.591335,-0.806426,2.53319e-7</row0>
          <row1>0.638135,0.467931,0.611410</row1>
          <row2>-0.493057,-0.361548,0.791313</row2>
        </orientation>
      </transform>
      <snapped>false</snapped>
    </blockref>
    <blockref>
      <blockid>flora_parts~, fe_cap_01a</blockid>
      <transform>
        <scale>1</scale>
        <position>-2.403766,2.621337,8.784669</position>
        <triangledirection>0.0648283,-0.543255,0.837060</triangledirection>
        <trianglepickorigin>0,0,0</trianglepickorigin>
        <orientation>
          <row0>-0.992955,-0.118492,8.19563e-8</row0>
          <row1>0.0648283,-0.543255,0.837060</row1>
          <row2>-0.0991851,0.831163,0.547109</row2>
        </orientation>
      </transform>
      <snapped>false</snapped>
    </blockref>
    <blockref>
      <blockid>flora_parts~, fe_cap_01a</blockid>
      <transform>
        <scale>1</scale>
        <position>1.782219,2.170744,8.435921</position>
        <triangledirection>0.0306291,-0.843024,0.537002</triangledirection>
        <trianglepickorigin>0,0,0</trianglepickorigin>
        <orientation>
          <row0>-0.999340,-0.0363084,1.30385e-8</row0>
          <row1>0.0306291,-0.843024,0.537002</row1>
          <row2>-0.0194977,0.536648,0.843580</row2>
        </orientation>
      </transform>
      <snapped>false</snapped>
    </blockref>
    <blockref>
      <blockid>flora_parts~, fe_cap_01a</blockid>
      <transform>
        <scale>1</scale>
        <position>6.364051,0.382095,12.156129</position>
        <triangledirection>0.719394,-0.444460,0.533784</triangledirection>
        <trianglepickorigin>0,0,0</trianglepickorigin>
        <orientation>
          <row0>-0.525602,-0.850730,-2.38418e-7</row0>
          <row1>0.719394,-0.444460,0.533784</row1>
          <row2>-0.454106,0.280558,0.845620</row2>
        </orientation>
      </transform>
      <snapped>false</snapped>
    </blockref>
    <blockref>
      <blockid>flora_parts~, fe_cap_01a</blockid>
      <transform>
        <scale>1</scale>
        <position>4.880146,-3.547308,12.824990</position>
        <triangledirection>-0.588037,-0.106517,0.801789</triangledirection>
        <trianglepickorigin>0,0,0</trianglepickorigin>
        <orientation>
          <row0>-0.178239,0.983987,2.23517e-7</row0>
          <row1>-0.588037,-0.106517,0.801789</row1>
          <row2>0.788950,0.142910,0.597606</row2>
        </orientation>
      </transform>
      <snapped>false</snapped>
    </blockref>
    <blockref>
      <blockid>flora_parts~, fe_cap_01a</blockid>
      <transform>
        <scale>1</scale>
        <position>0.281441,-4.362242,10.204276</position>
        <triangledirection>-0.220254,-0.332106,0.917166</triangledirection>
        <trianglepickorigin>0,0,0</trianglepickorigin>
        <orientation>
