spore0005438f634740666200cd94503cd816b417ffffffffffffffff0000000ebfdb7f3806KChangfffffffffffffffe0bPsychlederm0000000<?xml version="1.0" encoding="UTF-8"?><sporemodel>
  <properties>
    <modeltype>PlantLarge</modeltype>
    <skineffectseed1>1234</skineffectseed1>
    <skineffectseed2>1234</skineffectseed2>
    <skineffectseed3>1234</skineffectseed3>
    <skincolor1>0.168625,0.176471,0.282353</skincolor1>
    <skincolor2>0.368627,0.400000,0.803922</skincolor2>
    <skincolor3>0.411763,0.694118,0.694118</skincolor3>
    <zcorpscore>11</zcorpscore>
  </properties>
  <blocks count="31">
    <blockref>
      <blockid>flora_parts~, fe_root_dummy</blockid>
      <transform>
        <scale>1</scale>
        <position>0.000292113,0.000918923,0.600000</position>
        <triangledirection>0,1,0</triangledirection>
        <trianglepickorigin>0,0,0</trianglepickorigin>
        <orientation>
          <row0>1,0,0</row0>
          <row1>0,1,0</row1>
          <row2>0,0,1</row2>
        </orientation>
      </transform>
      <snapped>false</snapped>
      <childlist count="2">
        <childid>3</childid>
        <childid>1</childid>
      </childlist>
    </blockref>
    <blockref>
      <blockid>flora_parts~, FE_muscle_branch_04</blockid>
      <transform>
        <limbtype>0</limbtype>
        <musclescale>0.524998</musclescale>
        <basemusclescale>3</basemusclescale>
        <scale>1</scale>
        <position>0.000292113,0.000918923,0.600000</position>
        <triangledirection>-0.00436399,0.0160359,0.999861</triangledirection>
        <trianglepickorigin>0,0,0</trianglepickorigin>
        <orientation>
          <row0>-0.0934408,-0.995503,0.0155581</row0>
          <row1>-0.00436399,0.0160359,0.999861</row1>
          <row2>-0.995615,0.0933600,-0.00584277</row2>
        </orientation>
      </transform>
      <snapped>true</snapped>
      <childlist count="1">
        <childid>2</childid>
      </childlist>
      <handles count="1">
        <weight channel="longer">0.0929698</weight>
      </handles>
    </blockref>
    <blockref>
      <blockid>Creature_parts~, ce_grasper_null</blockid>
      <transform>
        <basemusclescale>1.549998</basemusclescale>
        <scale>1</scale>
        <position>0.00385910,-0.0121900,-0.217366</position>
        <triangledirection>0,0,-1</triangledirection>
        <trianglepickorigin>0,0,0</trianglepickorigin>
        <orientation>
          <row0>1,0,0</row0>
          <row1>0,0,-1</row1>
          <row2>0,1,0</row2>
        </orientation>
      </transform>
      <snapped>true</snapped>
    </blockref>
    <blockref>
      <blockid>flora_parts~, fe_muscle_branch_06</blockid>
      <transform>
        <limbtype>0</limbtype>
        <musclescale>0.0499999</musclescale>
        <basemusclescale>3</basemusclescale>
        <scale>1</scale>
        <position>0.000292113,0.000918923,0.600000</position>
        <triangledirection>-0.235267,0.395571,-0.887790</triangledirection>
        <trianglepickorigin>0,0,0</trianglepickorigin>
        <orientation>
          <row0>0.958313,-0.0579556,-0.279779</row0>
          <row1>-0.235267,0.395571,-0.887790</row1>
          <row2>0.162125,0.916604,0.365446</row2>
        </orientation>
      </transform>
      <snapped>true</snapped>
      <childlist count="3">
        <childid>12</childid>
        <childid>5</childid>
        <childid>4</childid>
      </childlist>
      <handles count="1">
        <weight channel="longer">0.123132</weight>
      </handles>
    </blockref>
    <blockref>
      <blockid>flora_parts~, fe_muscle_branch_06</blockid>
      <transform>
        <limbtype>0</limbtype>
        <musclescale>0.524998</musclescale>
        <basemusclescale>1.700000</basemusclescale>
        <scale>1</scale>
        <position>0.237152,-0.397333,1.493806</position>
        <triangledirection>0,0,-1</triangledirection>
        <trianglepickorigin>0,0,0</trianglepickorigin>
        <orientation>
          <row0>0.998856,0.0478146,0</row0>
          <row1>0,0,-1</row1>
          <row2>-0.0478146,0.998856,0</row2>
        </orientation>
      </transform>
      <snapped>true</snapped>
      <childlist count="2">
        <childid>11</childid>
        <childid>9</childid>
      </childlist>
      <handles count="1">
        <weight channel="longer">0.209863</weight>
      </handles>
    </blockref>
    <blockref>
      <blockid>flora_parts~, FE_leaf_21</blockid>
      <transform>
        <scale>1,077880</scale>
        <position>-0.0555411,0.0560387,1.660579</position>
        <triangledirection>0.144487,-0.866680,-0.477479</triangledirection>
        <trianglepickorigin>0,0,0</trianglepickorigin>
        <orientation>
          <row0>-0.912545,-0.179196,-0.367626</row0>
          <row1>0.393313,-0.630901,-0.668780</row1>
          <row2>-0.112093,-0.754885,0.646206</row2>
        </orientation>
        <userorientation>
          <userorientation_row0>0.979983,-0.189372,-0.0613813</userorientation_row0>
          <userorientation_row1>0.198988,0.922947,0.329498</userorientation_row1>
          <userorientation_row2>-0.00574604,-0.335117,0.942158</userorientation_row2>
        </userorientation>
      </transform>
      <snapped>false</snapped>
      <handles count="4">
        <weight channel="Bend_vert">0.143930</weight>
        <weight channel="Length">0.845107</weight>
        <weight channel="tweak_sideways">0.484759</weight>
        <weight channel="WidthHeight">1</weight>
      </handles>
    </blockref>
    <blockref>
      <blockid>flora_parts~, FE_leaf_27</blockid>
      <transform>
        <scale>4,304307</scale>
        <position>-0.474085,-0.890013,6.226098</position>
        <triangledirection>0.541065,-0.156164,-0.826353</triangledirection>
        <trianglepickorigin>0,0,0</trianglepickorigin>
        <orientation>
          <row0>-0.168449,-0.985710,-1.78813e-7</row0>
          <row1>0.586174,-0.100172,-0.803968</row1>
          <row2>0.792479,-0.135428,0.594671</row2>
        </orientation>
        <userorientation>
          <userorientation_row0>0.996693,-0.0605054,0.0542199</userorientation_row0>
          <userorientation_row1>0.0627904,0.997164,-0.0414766</userorientation_row1>
          <userorientation_row2>-0.0515566,0.0447441,0.997666</userorientation_row2>
        </userorientation>
      </transform>
      <snapped>false</snapped>
      <childlist count="3">
        <childid>14</childid>
        <childid>8</childid>
        <childid>7</childid>
      </childlist>
      <handles count="3">
        <weight channel="DeformAxisLeft">0.275177</weight>
        <weight channel="DeformAxisForward">0.916729</weight>
        <weight channel="DeformAxisUp">0.933590</weight>
      </handles>
    </blockref>
    <blockref>
      <blockid>flora_parts~, FE_leaf_07</blockid>
      <transform>
        <scale>3,704751</scale>
        <position>-1.038421,-0.382445,7.436916</position>
        <triangledirection>-0.608525,-0.735479,0.297934</triangledirection>
        <trianglepickorigin>0,0,0</trianglepickorigin>
        <orientation>
          <row0>-0.307654,0.951498,4.47034e-7</row0>
          <row1>-0.778559,-0.251737,-0.574867</row1>
          <row2>-0.546985,-0.176861,0.818246</row2>
        </orientation>
        <userorientation>
          <userorientation_row0>0.852770,0.193130,0.485263</userorientation_row0>
          <userorientation_row1>-0.512591,0.487648,0.706716</userorientation_row1>
          <userorientation_row2>-0.100148,-0.851410,0.514850</userorientation_row2>
        </userorientation>
      </transform>
      <snapped>false</snapped>
      <childlist count="5">
        <childid>30</childid>
        <childid>29</childid>
        <childid>22</childid>
        <childid>21</childid>
        <childid>20</childid>
      </childlist>
      <handles count="4">
        <weight channel="DeformAxisForward">0.272030</weight>
        <weight channel="DeformAxisForwardb">0.635734</weight>
        <weight channel="DeformAxisLeft">1</weight>
        <weight channel="DeformAxisUp">0.851992</weight>
      </handles>
    </blockref>
    <blockref>
      <blockid>flora_parts~, FE_leaf_07</blockid>
      <transform>
        <scale>4,304307</scale>
        <position>-1.673725,-0.494450,8.087608</position>
        <triangledirection>0.952710,-0.277145,-0.124626</triangledirection>
        <trianglepickorigin>0,0,0</trianglepickorigin>
        <orientation>
          <row0>0.231144,-0.972919,-2.42143e-7</row0>
          <row1>0.967571,0.229874,0.104706</row1>
          <row2>-0.101870,-0.0242024,0.994503</row2>
        </orientation>
        <userorientation>
          <userorientation_row0>0.869655,-0.456407,0.188121</userorientation_row0>
          <userorientation_row1>0.489854,0.845058,-0.214287</userorientation_row1>
          <userorientation_row2>-0.0611712,0.278507,0.958483</userorientation_row2>
        </userorientation>
      </transform>
      <snapped>false</snapped>
      <childlist count="6">
        <childid>25</childid>
        <childid>24</childid>
        <childid>23</childid>
        <childid>19</childid>
        <childid>18</childid>
        <childid>17</childid>
      </childlist>
      <handles count="4">
        <weight channel="DeformAxisForward">1</weight>
        <weight channel="DeformAxisForwardb">0.551131</weight>
        <weight channel="DeformAxisLeft">1</weight>
        <weight channel="DeformAxisUp">0.831316</weight>
      </handles>
    </blockref>
    <blockref>
      <blockid>flora_parts~, fe_muscle_branch_06</blockid>
      <transform>
        <limbtype>0</limbtype>
        <musclescale>0.224998</musclescale>
        <basemusclescale>1.449998</basemusclescale>
        <scale>1</scale>
        <position>0.237152,-0.397333,3.044906</position>
        <triangledirection>0.184698,0.176475,-0.966821</triangledirection>
        <trianglepickorigin>0,0,0</trianglepickorigin>
        <orientation>
          <row0>0.982764,-0.0253022,0.183125</row0>
          <row1>0.184698,0.176475,-0.966821</row1>
          <row2>-0.00785427,0.983979,0.178106</row2>
        </orientation>
      </transform>
      <snapped>true</snapped>
      <childlist count="2">
        <childid>10</childid>
        <childid>6</childid>
      </childlist>
      <handles count="1">
        <weight channel="longer">0.422630</weight>
      </handles>
    </blockref>
    <blockref>
      <blockid>Creature_parts~, ce_grasper_null</blockid>
      <transform>
        <basemusclescale>1.749998</basemusclescale>
        <scale>1</scale>
        <position>-0.295964,-0.906717,5.835567</position>
        <triangledirection>0,0,-1</triangledirection>
        <trianglepickorigin>0,0,0</trianglepickorigin>
        <orientation>
          <row0>1,0,0</row0>
          <row1>0,0,-1</row1>
          <row2>0,1,0</row2>
        </orientation>
      </transform>
      <snapped>true</snapped>
    </blockref>
    <blockref>
      <blockid>flora_parts~, FE_leaf_21</blockid>
      <transform>
        <scale>1,161830</scale>
        <position>0.452879,0.122877,1.788983</position>
        <triangledirection>-0.479680,-0.765774,-0.428363</triangledirection>
        <trianglepickorigin>0,0,0</trianglepickorigin>
        <orientation>
          <row0>-0.969312,-0.000307226,-0.245833</row0>
          <row1>0.00913653,-0.999353,-0.0347760</row1>
          <row2>-0.245664,-0.0359548,0.968688</row2>
        </orientation>
        <userorientation>
          <userorientation_row0>0.779869,-0.614641,-0.118398</userorientation_row0>
          <userorientation_row1>0.570501,0.775792,-0.269576</userorientation_row1>
          <userorientation_row2>0.257545,0.142688,0.955672</userorientation_row2>
        </userorientation>
      </transform>
      <snapped>false</snapped>
      <handles count="4">
        <weight channel="Bend_vert">0.113316</weight>
        <weight channel="Length">0.845107</weight>
        <weight channel="tweak_sideways">0.758266</weight>
        <weight channel="WidthHeight">1</weight>
      </handles>
    </blockref>
    <blockref>
      <blockid>flora_parts~, FE_leaf_21</blockid>
      <transform>
        <scale>1</scale>
        <position>-0.470629,-0.156767,1.425387</position>
        <triangledirection>0.880680,-0.331354,-0.338532</triangledirection>
        <trianglepickorigin>0,0,0</trianglepickorigin>
        <orientation>
          <row0>-0.184438,-0.963423,-0.194416</row0>
          <row1>0.795060,-0.0299596,-0.605790</row1>
          <row2>0.577807,-0.266304,0.771505</row2>
        </orientation>
        <userorientation>
          <userorientation_row0>0.971646,-0.236432,0.000221981</userorientation_row0>
          <userorientation_row1>0.222619,0.915201,0.335925</userorientation_row1>
          <userorientation_row2>-0.0796269,-0.326352,0.941888</userorientation_row2>
        </userorientation>
      </transform>
      <snapped>false</snapped>
      <handles count="4">
        <weight channel="Bend_vert">0.142546</weight>
        <weight channel="Length">0.591033</weight>
        <weight channel="tweak_sideways">0.469719</weight>
        <weight channel="WidthHeight">1</weight>
      </handles>
    </blockref>
    <blockref>
      <blockid>flora_parts~, FE_leaf_21</blockid>
      <transform>
        <scale>3,578689</scale>
        <position>-0.804146,-2.824479,9.082855</position>
        <triangledirection>-0.888966,0.398979,-0.224842</triangledirection>
        <trianglepickorigin>0,0,0</trianglepickorigin>
        <orientation>
          <row0>-0.268812,0.963192,-5.58793e-7</row0>
          <row1>-0.921212,-0.257096,0.292008</row1>
          <row2>0.281259,0.0784959,0.956415</row2>
        </orientation>
        <userorientation>
          <userorientation_row0>0.760968,-0.376828,0.528132</userorientation_row0>
          <userorientation_row1>0.623259,0.650695,-0.433755</userorientation_row1>
          <userorientation_row2>-0.180203,0.659237,0.730020</userorientation_row2>
        </userorientation>
      </transform>
      <snapped>false</snapped>
      <handles count="4">
        <weight channel="Bend_vert">0.215229</weight>
        <weight channel="Length">0.591033</weight>
        <weight channel="tweak_sideways">0.563655</weight>
        <weight channel="WidthHeight">1</weight>
      </handles>
    </blockref>
    <blockref>
      <blockid>flora_parts~, FE_leaf_07</blockid>
      <transform>
        <scale>3,704751</scale>
        <position>-1.392908,-0.745737,8.909083</position>
        <triangledirection>-0.0149170,0.979551,0.200641</triangledirection>
        <trianglepickorigin>0,0,0</trianglepickorigin>
        <orientation>
          <row0>0.974491,0.224424,7.13393e-7</row0>
          <row1>-0.222732,0.967141,0.122586</row1>
          <row2>0.0275106,-0.119459,0.992457</row2>
        </orientation>
        <userorientation>
          <userorientation_row0>0.972001,-0.193433,-0.133406</userorientation_row0>
          <userorientation_row1>0.205299,0.975282,0.0817009</userorientation_row1>
          <userorientation_row2>0.114304,-0.106800,0.987687</userorientation_row2>
        </userorientation>
      </transform>
      <snapped>false</snapped>
      <childlist count="6">
        <childid>28</childid>
        <childid>27</childid>
        <childid>26</childid>
        <childid>16</childid>
        <childid>15</childid>
        <childid>13</childid>
      </childlist>
      <handles count="4">
        <weight channel="DeformAxisForward">0.692816</weight>
        <weight channel="DeformAxisForwardb">0.551131</weight>
        <weight channel="DeformAxisLeft">1</weight>
        <weight channel="DeformAxisUp">0.831316</weight>
      </handles>
    </blockref>
    <blockref>
      <blockid>flora_parts~, FE_leaf_21</blockid>
      <transform>
        <scale>4,157844</scale>
        <position>-1.217553,-2.944736,8.853744</position>
        <triangledirection>-0.0399233,0.976694,-0.210883</triangledirection>
        <trianglepickorigin>0,0,0</trianglepickorigin>
        <orientation>
          <row0>0.759608,0.650380,8.64267e-7</row0>
          <row1>-0.483432,0.564621,0.668951</row1>
          <row2>0.435072,-0.508141,0.743306</row2>
        </orientation>
        <userorientation>
          <userorientation_row0>0.796288,-0.321319,0.512520</userorientation_row0>
          <userorientation_row1>0.604897,0.429692,-0.670420</userorientation_row1>
          <userorientation_row2>-0.00480577,0.843870,0.536525</userorientation_row2>
        </userorientation>
      </transform>
      <snapped>false</snapped>
      <handles count="4">
        <weight channel="Bend_vert">0.215229</weight>
        <weight channel="Length">0.567724</weight>
        <weight channel="tweak_sideways">0.442193</weight>
        <weight channel="WidthHeight">1</weight>
      </handles>
    </blockref>
    <blockref>
      <blockid>flora_parts~, FE_leaf_21</blockid>
      <transform>
        <scale>3,578689</scale>
        <position>-1.591019,-2.636519,8.932396</position>
        <triangledirection>0.998012,-0.00634761,0.0626749</triangledirection>
        <trianglepickorigin>0,0,0</trianglepickorigin>
        <orientation>
          <row0>0.401301,-0.915946,2.38418e-7</row0>
          <row1>0.624178,0.273470,0.731857</row1>
          <row2>-0.670342,-0.293695,0.681457</row2>
        </orientation>
        <userorientation>
          <userorientation_row0>0.902233,-0.184833,0.389625</userorientation_row0>
          <userorientation_row1>0.406318,0.667071,-0.624435</userorientation_row1>
          <userorientation_row2>-0.144491,0.721699,0.676956</userorientation_row2>
        </userorientation>
      </transform>
      <snapped>false</snapped>
      <handles count="4">
        <weight channel="Bend_vert">0.336853</weight>
        <weight channel="Length">0.567724</weight>
        <weight channel="tweak_sideways">0.768624</weight>
        <weight channel="WidthHeight">1</weight>
      </handles>
    </blockref>
    <blockref>
      <blockid>flora_parts~, FE_leaf_21</blockid>
      <transform>
        <scale>3,578689</scale>
        <position>-4.447977,-0.0515996,9.502439</position>
        <triangledirection>0.718305,0.534108,-0.445830</triangledirection>
        <trianglepickorigin>0,0,0</trianglepickorigin>
        <orientation>
          <row0>0.987033,-0.160515,8.41682e-7</row0>
          <row1>0.160487,0.986861,-0.0186743</row1>
          <row2>0.00299667,0.0184322,0.999825</row2>
        </orientation>
        <userorientation>
          <userorientation_row0>0.760968,-0.376828,0.528132</userorientation_row0>
          <userorientation_row1>0.623259,0.650695,-0.433755</userorientation_row1>
          <userorientation_row2>-0.180203,0.659237,0.730020</userorientation_row2>
        </userorientation>
      </transform>
      <snapped>false</snapped>
      <handles count="4">
        <weight channel="Bend_vert">0.215229</weight>
        <weight channel="Length">0.591033</weight>
        <weight channel="tweak_sideways">0.563655</weight>
        <weight channel="WidthHeight">1</weight>
      </handles>
    </blockref>
    <blockref>
      <blockid>flora_parts~, FE_leaf_21</blockid>
      <transform>
        <scale>4,157844</scale>
        <position>-4.489129,0.611746,9.242393</position>
        <triangledirection>0.818169,-0.404836,-0.408295</triangledirection>
        <trianglepickorigin>0,0,0</trianglepickorigin>
        <orientation>
          <row0>-0.801993,-0.597333,-4.02331e-7</row0>
          <row1>0.417545,-0.560606,0.715105</row1>
          <row2>-0.427156,0.573509,0.699016</row2>
        </orientation>
        <userorientation>
          <userorientation_row0>0.905035,0.225788,-0.360458</userorientation_row0>
          <userorientation_row1>-0.414343,0.276602,-0.867069</userorientation_row1>
          <userorientation_row2>-0.0960711,0.934082,0.343888</userorientation_row2>
        </userorientation>
      </transform>
      <snapped>false</snapped>
      <handles count="4">
        <weight channel="Bend_vert">0.215229</weight>
        <weight channel="Length">0.567724</weight>
        <weight channel="tweak_sideways">0.442193</weight>
        <weight channel="WidthHeight">1</weight>
      </handles>
    </blockref>
    <blockref>
      <blockid>flora_parts~, FE_leaf_21</blockid>
      <transform>
        <scale>3,578689</scale>
        <position>-3.812613,0.626179,9.094087</position>
        <triangledirection>-0.139411,-0.918914,-0.368995</triangledirection>
        <trianglepickorigin>0,0,0</trianglepickorigin>
        <orientation>
          <row0>-0.921050,0.389444,-1.37090e-6</row0>
          <row1>-0.369216,-0.873208,0.318097</row1>
          <row2>0.123880,0.292984,0.948058</row2>
        </orientation>
        <userorientation>
          <userorientation_row0>0.966524,0.249527,-0.0597224</userorientation_row0>
          <userorientation_row1>-0.229461,0.736500,-0.636326</userorientation_row1>
          <userorientation_row2>-0.114794,0.628729,0.769104</userorientation_row2>
        </userorientation>
      </transform>
      <snapped>false</snapped>
      <handles count="4">
        <weight channel="Bend_vert">0.336853</weight>
        <weight channel="Length">0.567724</weight>
        <weight channel="tweak_sideways">0.768624</weight>
        <weight channel="WidthHeight">1</weight>
      </handles>
    </blockref>
    <blockref>
      <blockid>flora_parts~, FE_leaf_21</blockid>
      <transform>
        <scale>3,080205</scale>
        <position>0.329822,1.585254,7.773586</position>
        <triangledirection>0.608778,-0.775518,0.167208</triangledirection>
        <trianglepickorigin>0,0,0</trianglepickorigin>
        <orientation>
          <row0>-0.989466,-0.144759,-7.97212e-7</row0>
          <row1>0.118865,-0.812475,0.570749</row1>
          <row2>-0.0826221,0.564737,0.821124</row2>
        </orientation>
        <userorientation>
          <userorientation_row0>0.871228,0.435687,-0.226128</userorientation_row0>
          <userorientation_row1>-0.490103,0.797885,-0.350964</userorientation_row1>
          <userorientation_row2>0.0275144,0.416597,0.908674</userorientation_row2>
        </userorientation>
      </transform>
      <snapped>false</snapped>
      <handles count="4">
        <weight channel="Bend_vert">0.713804</weight>
        <weight channel="Length">0.567724</weight>
        <weight channel="tweak_sideways">0.768624</weight>
        <weight channel="WidthHeight">1</weight>
      </handles>
    </blockref>
    <blockref>
      <blockid>flora_parts~, FE_leaf_21</blockid>
      <transform>
        <scale>3,080205</scale>
        <position>0.951241,1.116446,7.484708</position>
        <triangledirection>-0.561268,-0.708099,0.428452</triangledirection>
        <trianglepickorigin>0,0,0</trianglepickorigin>
        <orientation>
          <row0>-0.321444,0.946928,8.64267e-7</row0>
          <row1>-0.567435,-0.192622,0.800570</row1>
          <row2>0.758083,0.257338,0.599238</row2>
        </orientation>
        <userorientation>
          <userorientation_row0>0.871228,0.435687,-0.226128</userorientation_row0>
          <userorientation_row1>-0.490103,0.797885,-0.350964</userorientation_row1>
          <userorientation_row2>0.0275144,0.416597,0.908674</userorientation_row2>
        </userorientation>
      </transform>
      <snapped>false</snapped>
      <handles count="4">
        <weight channel="Bend_vert">0.740582</weight>
        <weight channel="Length">0.567724</weight>
        <weight channel="tweak_sideways">0.480385</weight>
        <weight channel="WidthHeight">1</weight>
      </handles>
    </blockref>
    <blockref>
      <blockid>flora_parts~, FE_leaf_21</blockid>
      <transform>
        <scale>3,080205</scale>
        <position>0.719179,0.749162,7.371341</position>
        <triangledirection>-0.787440,0.610731,0.0833179</triangledirection>
        <trianglepickorigin>0,0,0</trianglepickorigin>
        <orientation>
          <row0>0.880674,0.473722,4.17232e-7</row0>
          <row1>-0.425646,0.791297,0.438945</row1>
          <row2>0.207938,-0.386568,0.898513</row2>
        </orientation>
        <userorientation>
          <userorientation_row0>0.907456,0.330225,-0.259755</userorientation_row0>
          <userorientation_row1>-0.404161,0.855014,-0.324966</userorientation_row1>
          <userorientation_row2>0.114781,0.399876,0.909353</userorientation_row2>
        </userorientation>
      </transform>
      <snapped>false</snapped>
      <handles count="4">
        <weight channel="Bend_vert">0.406383</weight>
        <weight channel="Length">0.567724</weight>
        <weight channel="tweak_sideways">0.272798</weight>
        <weight channel="WidthHeight">1</weight>
      </handles>
    </blockref>
    <blockref>
      <blockid>flora_parts~, fe_cap_01a</blockid>
      <transform>
        <scale>1</scale>
        <position>-6.709507,1.554964,12.881409</position>
        <triangledirection>0.626259,0.349859,0.696704</triangledirection>
        <trianglepickorigin>0,0,0</trianglepickorigin>
        <orientation>
          <row0>0.487705,-0.873008,3.87430e-7</row0>
          <row1>0.626259,0.349859,0.696704</row1>
          <row2>-0.608229,-0.339786,0.717358</row2>
        </orientation>
      </transform>
      <snapped>false</snapped>
    </blockref>
    <blockref>
      <blockid>flora_parts~, fe_cap_01a</blockid>
      <transform>
        <scale>1</scale>
        <position>-3.734694,-1.175557,12.684403</position>
        <triangledirection>-0.462592,0.476959,0.747340</triangledirection>
        <trianglepickorigin>0,0,0</trianglepickorigin>
        <orientation>
          <row0>0.717835,0.696212,2.53319e-7</row0>
          <row1>-0.462592,0.476959,0.747340</row1>
          <row2>0.520307,-0.536467,0.664441</row2>
        </orientation>
      </transform>
      <snapped>false</snapped>
    </blockref>
    <blockref>
      <blockid>flora_parts~, fe_cap_01a</blockid>
      <transform>
        <scale>1</scale>
        <position>-2.714249,2.326799,12.228325</position>
        <triangledirection>-0.0232712,-0.526353,0.849947</triangledirection>
        <trianglepickorigin>0,0,0</trianglepickorigin>
        <orientation>
          <row0>-0.999024,0.0441690,5.40167e-8</row0>
          <row1>-0.0232712,-0.526353,0.849947</row1>
          <row2>0.0375414,0.849117,0.526867</row2>
        </orientation>
      </transform>
      <snapped>false</snapped>
    </blockref>
    <blockref>
      <blockid>flora_parts~, fe_cap_01a</blockid>
      <transform>
        <scale>1</scale>
        <position>-1.221904,-4.817488,10.257295</position>
        <triangledirection>0.585621,0.223464,0.779173</triangledirection>
        <trianglepickorigin>0,0,0</trianglepickorigin>
        <orientation>
          <row0>0.356511,-0.934291,-1.49011e-7</row0>
          <row1>0.585621,0.223464,0.779173</row1>
          <row2>-0.727974,-0.277784,0.626808</row2>
        </orientation>
      </transform>
      <snapped>false</snapped>
    </blockref>
    <blockref>
      <blockid>flora_parts~, fe_cap_01a</blockid>
      <transform>
        <scale>1</scale>
        <position>0.642494,-2.321989,10.822580</position>
        <triangledirection>-0.0875054,-0.795906,0.599061</triangledirection>
        <trianglepickorigin>0,0,0</trianglepickorigin>
        <orientation>
          <row0>-0.994010,0.109285,-2.98023e-8</row0>
          <row1>-0.0875054,-0.795907,0.599061</row1>
          <row2>0.0654688,0.595473,0.800702</row2>
        </orientation>
      </transform>
      <snapped>false</snapped>
    </blockref>
    <blockref>
      <blockid>flora_parts~, fe_cap_01a</blockid>
      <transform>
        <scale>1</scale>
        <position>-2.443221,-2.641805,11.155653</position>
        <triangledirection>0.732041,-0.101880,0.673599</triangledirection>
        <trianglepickorigin>0,0,0</trianglepickorigin>
        <orientation>
          <row0>-0.137844,-0.990454,4.47034e-8</row0>
          <row1>0.732041,-0.101880,0.673599</row1>
          <row2>-0.667169,0.0928516,0.739096</row2>
        </orientation>
      </transform>
      <snapped>false</snapped>
    </blockref>
    <blockref>
      <blockid>flora_parts~, fe_cap_01a</blockid>
      <transform>
        <scale>1</scale>
        <position>-0.194493,1.713518,9.571640</position>
        <triangledirection>0.753246,-0.564526,0.337533</triangledirection>
        <trianglepickorigin>0,0,0</trianglepickorigin>
        <orientation>
          <row0>-0.599722,-0.800208,-2.08616e-7</row0>
          <row1>0.753246,-0.564526,0.337533</row1>
          <row2>-0.270097,0.202426,0.941313</row2>
        </orientation>
      </transform>
      <snapped>false</snapped>
    </blockref>
    <blockref>
      <blockid>flora_parts~, fe_cap_01a</blockid>
      <transform>
        <scale>1</scale>
        <position>1.800390,-0.300837,8.818187</position>
        <triangledirection>-0.270421,0.567613,0.777616</triangledirection>
        <trianglepickorigin>0,0,0</trianglepickorigin>
        <orientation>
          <row0>0.902781,0.430100,2.38418e-7</row0>
          <row1>-0.270421,0.567613,0.777616</row1>
          <row2>0.334453,-0.702017,0.628738</row2>
        </orientation>
      </transform>
      <snapped>false</snapped>
    </blockref>
  </blocks></sporemodel>