spore0005438f6347406662004f506004d816b417ffffffffffffffff0000000ebfdb7f6606KChangfffffffffffffffe08Loppolip0000000<?xml version="1.0" encoding="UTF-8"?><sporemodel>
  <properties>
    <modeltype>PlantSmall</modeltype>
    <skineffectseed1>1234</skineffectseed1>
    <skineffectseed2>1234</skineffectseed2>
    <skineffectseed3>1234</skineffectseed3>
    <skincolor1>0.423528,0.462745,0.941176</skincolor1>
    <skincolor2>0.576469,0.105881,0.192156</skincolor2>
    <skincolor3>0.803921,0.396078,0.368627</skincolor3>
    <zcorpscore>23</zcorpscore>
  </properties>
  <blocks count="21">
    <blockref>
      <blockid>flora_parts~, fe_root_dummy</blockid>
      <transform>
        <scale>1</scale>
        <position>0,0,0.600000</position>
        <triangledirection>0,1,0</triangledirection>
        <trianglepickorigin>0,0,0</trianglepickorigin>
        <orientation>
          <row0>1,0,0</row0>
          <row1>0,1,0</row1>
          <row2>0,0,1</row2>
        </orientation>
      </transform>
      <snapped>false</snapped>
      <childlist count="1">
        <childid>1</childid>
      </childlist>
    </blockref>
    <blockref>
      <blockid>flora_parts~, FE_muscle_branch_04</blockid>
      <transform>
        <limbtype>0</limbtype>
        <musclescale>0.425000</musclescale>
        <basemusclescale>0.850000</basemusclescale>
        <scale>1</scale>
        <position>0,0,0.600000</position>
        <triangledirection>0.00436398,0.0160358,0.999861</triangledirection>
        <trianglepickorigin>0,0,0</trianglepickorigin>
        <orientation>
          <row0>-0.0934407,0.995503,-0.0155581</row0>
          <row1>0.00436398,0.0160358,0.999861</row1>
          <row2>0.995615,0.0933599,-0.00584277</row2>
        </orientation>
      </transform>
      <snapped>true</snapped>
      <childlist count="11">
        <childid>14</childid>
        <childid>13</childid>
        <childid>12</childid>
        <childid>11</childid>
        <childid>10</childid>
        <childid>9</childid>
        <childid>6</childid>
        <childid>5</childid>
        <childid>4</childid>
        <childid>3</childid>
        <childid>2</childid>
      </childlist>
      <handles count="1">
        <weight channel="longer">0.0672240</weight>
      </handles>
    </blockref>
    <blockref>
      <blockid>Creature_parts~, ce_grasper_null</blockid>
      <transform>
        <basemusclescale>1.049999</basemusclescale>
        <scale>1</scale>
        <position>-0.00286198,-0.0105178,-0.0558048</position>
        <triangledirection>0,0,-1</triangledirection>
        <trianglepickorigin>0,0,0</trianglepickorigin>
        <orientation>
          <row0>1,0,0</row0>
          <row1>0,0,-1</row1>
          <row2>0,1,0</row2>
        </orientation>
      </transform>
      <snapped>true</snapped>
    </blockref>
    <blockref>
      <blockid>flora_parts~, fe_detail_04</blockid>
      <transform>
        <scale>0,568140</scale>
        <position>0.152658,-0.220410,0.455861</position>
        <triangledirection>-0.578868,0.212117,-0.787348</triangledirection>
        <trianglepickorigin>0,0,0</trianglepickorigin>
        <orientation>
          <row0>0.816964,0.576687,-4.17232e-7</row0>
          <row1>-0.465663,0.659681,-0.589897</row1>
          <row2>-0.340186,0.481925,0.807478</row2>
        </orientation>
        <userorientation>
          <userorientation_row0>-0.915922,-0.244976,0.317918</userorientation_row0>
          <userorientation_row1>-0.350589,0.873942,-0.336619</userorientation_row1>
          <userorientation_row2>-0.195378,-0.419775,-0.886348</userorientation_row2>
        </userorientation>
      </transform>
      <snapped>false</snapped>
      <handles count="4">
        <weight channel="Stretch">1</weight>
        <weight channel="Thicken">1</weight>
        <weight channel="tweak_side">0.885199</weight>
        <weight channel="tweak_top_bottom">0.109409</weight>
      </handles>
    </blockref>
    <blockref>
      <blockid>flora_parts~, fe_detail_04</blockid>
      <transform>
        <scale>0,548810</scale>
        <position>-0.176633,0.00563719,0.561205</position>
        <triangledirection>0.810658,0.179846,-0.557212</triangledirection>
        <trianglepickorigin>0,0,0</trianglepickorigin>
        <orientation>
          <row0>0.00938896,-0.999956,5.36674e-8</row0>
          <row1>0.978381,0.00918637,-0.206606</row1>
          <row2>0.206596,0.00193986,0.978424</row2>
        </orientation>
        <userorientation>
          <userorientation_row0>-0.983721,-0.178815,0.0178055</userorientation_row0>
          <userorientation_row1>-0.172227,0.909909,-0.377361</userorientation_row1>
          <userorientation_row2>0.0512761,-0.374285,-0.925894</userorientation_row2>
        </userorientation>
      </transform>
      <snapped>false</snapped>
      <childlist count="1">
        <childid>16</childid>
      </childlist>
      <handles count="4">
        <weight channel="Stretch">0.707763</weight>
        <weight channel="Thicken">0.933460</weight>
        <weight channel="tweak_side">0.0141478</weight>
        <weight channel="tweak_top_bottom">0.553118</weight>
      </handles>
    </blockref>
    <blockref>
      <blockid>flora_parts~, fe_detail_04</blockid>
      <transform>
        <scale>0,5</scale>
        <position>0.0383298,0.155530,0.486666</position>
        <triangledirection>0.131603,-0.779594,-0.612302</triangledirection>
        <trianglepickorigin>0,0,0</trianglepickorigin>
        <orientation>
          <row0>-0.963041,0.269353,-4.47034e-8</row0>
          <row1>-0.259353,-0.927285,-0.269959</row1>
          <row2>-0.0727145,-0.259981,0.962871</row2>
        </orientation>
        <userorientation>
          <userorientation_row0>-0.922499,-0.214841,0.320684</userorientation_row0>
          <userorientation_row1>-0.336726,0.854071,-0.396458</userorientation_row1>
          <userorientation_row2>-0.188710,-0.473715,-0.860222</userorientation_row2>
        </userorientation>
      </transform>
      <snapped>false</snapped>
      <childlist count="2">
        <childid>20</childid>
        <childid>17</childid>
      </childlist>
      <handles count="4">
        <weight channel="Stretch">1</weight>
        <weight channel="Thicken">0.888049</weight>
        <weight channel="tweak_side">0.724129</weight>
        <weight channel="tweak_top_bottom">0.0123928</weight>
      </handles>
    </blockref>
    <blockref>
      <blockid>flora_parts~, FE_leaf_21</blockid>
      <transform>
        <scale>0,637627</scale>
        <position>-0.138895,0.140468,0.191220</position>
        <triangledirection>0.723592,-0.646667,-0.241316</triangledirection>
        <trianglepickorigin>0,0,0</trianglepickorigin>
        <orientation>
          <row0>-0.562508,-0.826791,4.47034e-8</row0>
          <row1>0.772899,-0.525842,-0.355129</row1>
          <row2>0.293617,-0.199762,0.934817</row2>
        </orientation>
        <userorientation>
          <userorientation_row0>0.988199,-0.116301,-0.0996848</userorientation_row0>
          <userorientation_row1>0.127632,0.985008,0.116053</userorientation_row1>
          <userorientation_row2>0.0846930,-0.127407,0.988228</userorientation_row2>
        </userorientation>
      </transform>
      <snapped>false</snapped>
      <handles count="4">
        <weight channel="Bend_vert">0.705734</weight>
        <weight channel="Length">0.427634</weight>
        <weight channel="tweak_sideways">1</weight>
        <weight channel="WidthHeight">0</weight>
      </handles>
    </blockref>
    <blockref>
      <blockid>flora_parts~, FE_leaf_21</blockid>
      <transform>
        <scale>0,5</scale>
        <position>-0.169631,0.482245,1.490213</position>
        <triangledirection>-0.644223,0.181579,-0.742972</triangledirection>
        <trianglepickorigin>0,0,0</trianglepickorigin>
        <orientation>
          <row0>0.968147,0.250381,-4.47034e-8</row0>
          <row1>-0.249515,0.964796,-0.0831279</row1>
          <row2>-0.0208136,0.0804800,0.996538</row2>
        </orientation>
        <userorientation>
          <userorientation_row0>-0.805415,-0.138921,0.576200</userorientation_row0>
          <userorientation_row1>-0.578238,0.397692,-0.712378</userorientation_row1>
          <userorientation_row2>-0.130185,-0.906940,-0.400637</userorientation_row2>
        </userorientation>
      </transform>
      <snapped>false</snapped>
      <handles count="4">
        <weight channel="Bend_vert">0.743876</weight>
        <weight channel="Length">0.549864</weight>
        <weight channel="tweak_sideways">1</weight>
        <weight channel="WidthHeight">0</weight>
      </handles>
    </blockref>
    <blockref>
      <blockid>flora_parts~, FE_leaf_21</blockid>
      <transform>
        <scale>0,509154</scale>
        <position>0.350889,0.103385,0.353125</position>
        <triangledirection>-0.645715,-0.163521,-0.745861</triangledirection>
        <trianglepickorigin>0,0,0</trianglepickorigin>
        <orientation>
          <row0>-0.438049,0.898950,-5.51342e-7</row0>
          <row1>-0.677099,-0.329944,-0.657778</row1>
          <row2>-0.591310,-0.288139,0.753211</row2>
        </orientation>
        <userorientation>
          <userorientation_row0>0.983760,-0.149562,-0.0992370</userorientation_row0>
          <userorientation_row1>0.135857,0.981778,-0.132855</userorientation_row1>
          <userorientation_row2>0.117299,0.117217,0.986155</userorientation_row2>
        </userorientation>
      </transform>
      <snapped>false</snapped>
      <handles count="4">
        <weight channel="Bend_vert">0.660034</weight>
        <weight channel="Length">0.426217</weight>
        <weight channel="tweak_sideways">0.334987</weight>
        <weight channel="WidthHeight">0.143271</weight>
      </handles>
    </blockref>
    <blockref>
      <blockid>flora_parts~, FE_leaf_21</blockid>
      <transform>
        <scale>0,687288</scale>
        <position>0.127296,-0.157105,0.224614</position>
        <triangledirection>-0.769956,0.564438,-0.297612</triangledirection>
        <trianglepickorigin>0,0,0</trianglepickorigin>
        <orientation>
          <row0>0.797429,0.603411,-1.49011e-8</row0>
          <row1>-0.578325,0.764277,0.285339</row1>
          <row2>0.172177,-0.227538,0.958426</row2>
        </orientation>
        <userorientation>
          <userorientation_row0>0.961146,0.202377,-0.187727</userorientation_row0>
          <userorientation_row1>-0.273397,0.791752,-0.546239</userorientation_row1>
          <userorientation_row2>0.0380869,0.576340,0.816321</userorientation_row2>
        </userorientation>
      </transform>
      <snapped>false</snapped>
      <handles count="4">
        <weight channel="Bend_vert">0.803468</weight>
        <weight channel="Length">0.597977</weight>
        <weight channel="tweak_sideways">0.284393</weight>
        <weight channel="WidthHeight">0</weight>
      </handles>
    </blockref>
    <blockref>
      <blockid>flora_parts~, fe_cap_01a</blockid>
      <transform>
        <scale>0,591554</scale>
        <position>0.0364009,0.168720,0.207890</position>
        <triangledirection>-0.0425618,-0.840242,-0.540539</triangledirection>
        <trianglepickorigin>0,0,0</trianglepickorigin>
        <orientation>
          <row0>-0.996651,0.0817707,3.53902e-8</row0>
          <row1>-0.0800396,-0.975551,-0.204677</row1>
          <row2>-0.0167365,-0.203991,0.978829</row2>
        </orientation>
        <userorientation>
          <userorientation_row0>0.999602,0.0281418,0</userorientation_row0>
          <userorientation_row1>-0.0262878,0.933742,-0.356981</userorientation_row1>
          <userorientation_row2>-0.0100459,0.356840,0.934112</userorientation_row2>
        </userorientation>
      </transform>
      <snapped>false</snapped>
    </blockref>
    <blockref>
      <blockid>flora_parts~, fe_cap_01a</blockid>
      <transform>
        <scale>0,591554</scale>
        <position>0.164303,0.0701978,0.287930</position>
        <triangledirection>-0.787821,0.568570,-0.236782</triangledirection>
        <trianglepickorigin>0,0,0</trianglepickorigin>
        <orientation>
          <row0>-0.537246,0.843425,-3.05473e-7</row0>
          <row1>-0.827084,-0.526837,-0.195891</row1>
          <row2>-0.165219,-0.105241,0.980625</row2>
        </orientation>
        <userorientation>
          <userorientation_row0>0.430014,-0.841828,0.326211</userorientation_row0>
          <userorientation_row1>0.902801,0.398434,-0.161869</userorientation_row1>
          <userorientation_row2>0.00629198,0.364109,0.931333</userorientation_row2>
        </userorientation>
      </transform>
      <snapped>false</snapped>
      <childlist count="1">
        <childid>8</childid>
      </childlist>
    </blockref>
    <blockref>
      <blockid>flora_parts~, fe_cap_01a</blockid>
      <transform>
        <scale>0,591554</scale>
        <position>-0.112391,-0.0509373,0.284243</position>
        <triangledirection>0.968730,0.247192,-0.0213374</triangledirection>
        <trianglepickorigin>0,0,0</trianglepickorigin>
        <orientation>
          <row0>0.296250,-0.955110,-2.53319e-7</row0>
          <row1>0.899094,0.278875,0.337429</row1>
          <row2>-0.322282,-0.0999637,0.941350</row2>
        </orientation>
        <userorientation>
          <userorientation_row0>0.998654,-0.0439509,0.0275298</userorientation_row0>
          <userorientation_row1>0.0508908,0.932716,-0.357001</userorientation_row1>
          <userorientation_row2>-0.00998698,0.357922,0.933696</userorientation_row2>
        </userorientation>
      </transform>
      <snapped>false</snapped>
    </blockref>
    <blockref>
      <blockid>flora_parts~, FE_leaf_21</blockid>
      <transform>
        <scale>0,509156</scale>
        <position>0.0394090,-0.174879,0.298319</position>
        <triangledirection>-0.0787432,0.830988,-0.550686</triangledirection>
        <trianglepickorigin>0,0,0</trianglepickorigin>
        <orientation>
          <row0>0.999956,0.00927310,4.48198e-9</row0>
          <row1>-0.00922624,0.994903,-0.100409</row1>
          <row2>-0.000931108,0.100404,0.994946</row2>
        </orientation>
        <userorientation>
          <userorientation_row0>0.996681,0.0442758,-0.0682900</userorientation_row0>
          <userorientation_row1>-0.0710340,0.882773,-0.464395</userorientation_row1>
          <userorientation_row2>0.0397229,0.467705,0.882989</userorientation_row2>
        </userorientation>
      </transform>
      <snapped>false</snapped>
      <childlist count="1">
        <childid>15</childid>
      </childlist>
      <handles count="4">
        <weight channel="Bend_vert">0.693132</weight>
        <weight channel="Length">0.568581</weight>
        <weight channel="tweak_sideways">0.382681</weight>
        <weight channel="WidthHeight">0.0804238</weight>
      </handles>
    </blockref>
    <blockref>
      <blockid>flora_parts~, fe_canopy_02</blockid>
      <transform>
        <scale>0,318814</scale>
        <position>-0.00943230,0.00793710,0.740376</position>
        <triangledirection>0.322335,-0.153318,-0.934126</triangledirection>
        <trianglepickorigin>0,0,0</trianglepickorigin>
        <orientation>
          <row0>-0.446918,-0.894574,-4.84287e-8</row0>
          <row1>0.0636147,-0.0317811,-0.997468</row1>
          <row2>0.892309,-0.445787,0.0711116</row2>
        </orientation>
        <userorientation>
          <userorientation_row0>0.998898,-0.00684087,0.0464296</userorientation_row0>
          <userorientation_row1>-0.00690327,0.957140,0.289543</userorientation_row1>
          <userorientation_row2>-0.0464203,-0.289543,0.956037</userorientation_row2>
        </userorientation>
      </transform>
      <snapped>false</snapped>
      <handles count="2">
        <weight channel="DeformAxisLeft">0.992155</weight>
        <weight channel="DeformAxisForward">0.379327</weight>
      </handles>
    </blockref>
    <blockref>
      <blockid>flora_parts~, FE_leaf_21</blockid>
      <transform>
        <scale>0,637627</scale>
        <position>-0.0484533,-0.351797,0.468731</position>
        <triangledirection>0.713728,0.212069,-0.667545</triangledirection>
        <trianglepickorigin>0,0,0</trianglepickorigin>
        <orientation>
          <row0>-0.999624,0.0273848,-4.09781e-8</row0>
          <row1>-0.0167849,-0.612697,-0.790139</row1>
          <row2>-0.0216379,-0.789843,0.612927</row2>
        </orientation>
        <userorientation>
          <userorientation_row0>0.527848,-0.268588,-0.805751</userorientation_row0>
          <userorientation_row1>-0.707652,0.385539,-0.592101</userorientation_row1>
          <userorientation_row2>0.469682,0.882732,0.0134387</userorientation_row2>
        </userorientation>
      </transform>
      <snapped>false</snapped>
      <childlist count="1">
        <childid>19</childid>
      </childlist>
      <handles count="4">
        <weight channel="Bend_vert">0.191025</weight>
        <weight channel="Length">1</weight>
        <weight channel="tweak_sideways">0.422976</weight>
        <weight channel="WidthHeight">0</weight>
      </handles>
    </blockref>
    <blockref>
      <blockid>flora_parts~, FE_leaf_21</blockid>
      <transform>
        <scale>0,548811</scale>
        <position>-0.335929,0.0177304,0.726619</position>
        <triangledirection>0.405405,-0.487920,-0.773031</triangledirection>
        <trianglepickorigin>0,0,0</trianglepickorigin>
        <orientation>
          <row0>-0.968756,0.248015,-4.17232e-7</row0>
          <row1>-0.188555,-0.736502,-0.649623</row1>
          <row2>-0.161117,-0.629326,0.760256</row2>
        </orientation>
        <userorientation>
          <userorientation_row0>0.154128,-0.312224,-0.937422</userorientation_row0>
          <userorientation_row1>-0.513751,0.785092,-0.345957</userorientation_row1>
          <userorientation_row2>0.843980,0.534923,-0.0394006</userorientation_row2>
        </userorientation>
      </transform>
      <snapped>false</snapped>
      <childlist count="1">
        <childid>7</childid>
      </childlist>
      <handles count="4">
        <weight channel="Bend_vert">0.191025</weight>
        <weight channel="Length">1</weight>
        <weight channel="tweak_sideways">0.422976</weight>
        <weight channel="WidthHeight">0</weight>
      </handles>
    </blockref>
    <blockref>
      <blockid>flora_parts~, FE_leaf_21</blockid>
      <transform>
        <scale>0,548811</scale>
        <position>0.0658605,0.213812,0.598001</position>
        <triangledirection>-0.701134,0.0564328,-0.710792</triangledirection>
        <trianglepickorigin>0,0,0</trianglepickorigin>
        <orientation>
          <row0>0.809380,0.587284,-3.72529e-7</row0>
          <row1>-0.303113,0.417742,-0.856512</row1>
          <row2>-0.503016,0.693244,0.516126</row2>
        </orientation>
        <userorientation>
          <userorientation_row0>-0.0466334,0,-0.998912</userorientation_row0>
          <userorientation_row1>-0.534341,0.844900,0.0249454</userorientation_row1>
          <userorientation_row2>0.843980,0.534923,-0.0394006</userorientation_row2>
        </userorientation>
      </transform>
      <snapped>false</snapped>
      <childlist count="1">
        <childid>18</childid>
      </childlist>
      <handles count="4">
        <weight channel="Bend_vert">0.191025</weight>
        <weight channel="Length">1</weight>
        <weight channel="tweak_sideways">0.422976</weight>
        <weight channel="WidthHeight">0</weight>
      </handles>
    </blockref>
    <blockref>
      <blockid>flora_parts~, FE_leaf_21</blockid>
      <transform>
        <scale>0,548811</scale>
        <position>0.293771,-0.240022,1.373183</position>
        <triangledirection>0.133381,-0.264103,-0.955229</triangledirection>
        <trianglepickorigin>0,0,0</trianglepickorigin>
        <orientation>
          <row0>-0.576723,-0.816939,-3.87430e-7</row0>
          <row1>0.809986,-0.571814,-0.130194</row1>
          <row2>0.106360,-0.0750862,0.991488</row2>
        </orientation>
        <userorientation>
          <userorientation_row0>-0.989589,0.0183522,-0.142758</userorientation_row0>
          <userorientation_row1>0.138832,0.383421,-0.913082</userorientation_row1>
          <userorientation_row2>0.0379795,-0.923393,-0.381975</userorientation_row2>
        </userorientation>
      </transform>
      <snapped>false</snapped>
      <handles count="4">
        <weight channel="Bend_vert">0.743876</weight>
        <weight channel="Length">0.547694</weight>
        <weight channel="tweak_sideways">1</weight>
        <weight channel="WidthHeight">0</weight>
      </handles>
    </blockref>
    <blockref>
      <blockid>flora_parts~, FE_leaf_21</blockid>
      <transform>
        <scale>0,548811</scale>
        <position>-0.426888,-0.251065,1.438435</position>
        <triangledirection>-0.701725,-0.336473,-0.627988</triangledirection>
        <trianglepickorigin>0,0,0</trianglepickorigin>
        <orientation>
          <row0>0.527055,0.841456,-0.119010</row0>
          <row1>-0.845549,0.533272,0.0258280</row1>
          <row2>0.0851978,0.0870160,0.992557</row2>
        </orientation>
        <userorientation>
          <userorientation_row0>-0.805415,-0.138921,0.576200</userorientation_row0>
          <userorientation_row1>-0.578238,0.397692,-0.712378</userorientation_row1>
          <userorientation_row2>-0.130185,-0.906940,-0.400637</userorientation_row2>
        </userorientation>
      </transform>
      <snapped>false</snapped>
      <handles count="4">
        <weight channel="Bend_vert">0.743876</weight>
        <weight channel="Length">0.549864</weight>
        <weight channel="tweak_sideways">1</weight>
        <weight channel="WidthHeight">0</weight>
      </handles>
    </blockref>
    <blockref>
      <blockid>flora_parts~, FE_leaf_21</blockid>
      <transform>
        <scale>0,509156</scale>
        <position>0.00395195,0.424587,0.684758</position>
        <triangledirection>0.640871,-0.420548,-0.642226</triangledirection>
        <trianglepickorigin>0,0,0</trianglepickorigin>
        <orientation>
          <row0>-0.0710507,-0.997472,6.33299e-8</row0>
          <row1>0.854015,-0.0608322,-0.516678</row1>
          <row2>0.515372,-0.0367103,0.856179</row2>
        </orientation>
        <userorientation>
          <userorientation_row0>0.0267104,-0.230517,-0.972716</userorientation_row0>
          <userorientation_row1>0.373951,0.904722,-0.204135</userorientation_row1>
          <userorientation_row2>0.927078,-0.358290,0.110365</userorientation_row2>
        </userorientation>
      </transform>
      <snapped>false</snapped>
      <handles count="4">
        <weight channel="Bend_vert">0.743876</weight>
        <weight channel="Length">0.549864</weight>
        <weight channel="tweak_sideways">1</weight>
        <weight channel="WidthHeight">0</weight>
      </handles>
    </blockref>
  </blocks></sporemodel>