spore0005438f63474066620017665fded816b417ffffffffffffffff0000000ebfdb7f6b06KChangfffffffffffffffe09Pedrumpel0000000<?xml version="1.0" encoding="UTF-8"?><sporemodel>
  <properties>
    <modeltype>PlantLarge</modeltype>
    <skineffectseed1>1234</skineffectseed1>
    <skineffectseed2>1234</skineffectseed2>
    <skineffectseed3>1234</skineffectseed3>
    <skincolor1>0.576469,0.211764,0.184312</skincolor1>
    <skincolor2>0.290193,0.337254,0.905882</skincolor2>
    <skincolor3>0.905882,0.549019,0.411761</skincolor3>
    <zcorpscore>8</zcorpscore>
  </properties>
  <blocks count="24">
    <blockref>
      <blockid>flora_parts~, fe_root_dummy</blockid>
      <transform>
        <scale>1</scale>
        <position>-2.92041e-6,1.07440e-5,0.600000</position>
        <triangledirection>0,1,0</triangledirection>
        <trianglepickorigin>0,0,0</trianglepickorigin>
        <orientation>
          <row0>1,0,0</row0>
          <row1>0,1,0</row1>
          <row2>0,0,1</row2>
        </orientation>
      </transform>
      <snapped>false</snapped>
      <childlist count="2">
        <childid>3</childid>
        <childid>1</childid>
      </childlist>
    </blockref>
    <blockref>
      <blockid>flora_parts~, FE_muscle_branch_04</blockid>
      <transform>
        <limbtype>0</limbtype>
        <musclescale>0.675000</musclescale>
        <basemusclescale>3</basemusclescale>
        <scale>1</scale>
        <position>-2.92041e-6,1.07440e-5,0.600000</position>
        <triangledirection>-0.00436398,0.0160358,0.999861</triangledirection>
        <trianglepickorigin>0,0,0</trianglepickorigin>
        <orientation>
          <row0>-0.0934407,-0.995503,0.0155580</row0>
          <row1>-0.00436398,0.0160358,0.999861</row1>
          <row2>-0.995615,0.0933599,-0.00584275</row2>
        </orientation>
      </transform>
      <snapped>true</snapped>
      <childlist count="1">
        <childid>2</childid>
      </childlist>
      <handles count="1">
        <weight channel="longer">0.0695424</weight>
      </handles>
    </blockref>
    <blockref>
      <blockid>Creature_parts~, ce_grasper_null</blockid>
      <transform>
        <basemusclescale>2</basemusclescale>
        <scale>1</scale>
        <position>0.00292289,-0.0107403,-0.0703560</position>
        <triangledirection>0,0,-1</triangledirection>
        <trianglepickorigin>0,0,0</trianglepickorigin>
        <orientation>
          <row0>1,0,0</row0>
          <row1>0,0,-1</row1>
          <row2>0,1,0</row2>
        </orientation>
      </transform>
      <snapped>true</snapped>
    </blockref>
    <blockref>
      <blockid>flora_parts~, fe_trunk_01</blockid>
      <transform>
        <limbtype>2</limbtype>
        <musclescale>0.5</musclescale>
        <basemusclescale>5.071378</basemusclescale>
        <scale>3,380919</scale>
        <position>-2.92041e-6,1.07440e-5,0.600000</position>
        <triangledirection>0,1.19209e-6,-1</triangledirection>
        <trianglepickorigin>0,0,0</trianglepickorigin>
        <orientation>
          <row0>1,0,0</row0>
          <row1>0,1.19209e-6,-1</row1>
          <row2>0,1,1.19209e-6</row2>
        </orientation>
        <userorientation>
          <userorientation_row0>0.449245,0,-0.893408</userorientation_row0>
          <userorientation_row1>0,1,0</userorientation_row1>
          <userorientation_row2>0.893408,0,0.449245</userorientation_row2>
        </userorientation>
      </transform>
      <snapped>true</snapped>
      <childlist count="8">
        <childid>15</childid>
        <childid>12</childid>
        <childid>9</childid>
        <childid>8</childid>
        <childid>7</childid>
        <childid>6</childid>
        <childid>5</childid>
        <childid>4</childid>
      </childlist>
      <handles count="3">
        <weight channel="DeformAxisLeft">0</weight>
        <weight channel="DeformAxisForward">0.553103</weight>
        <weight channel="DeformBoneLength">0.859710</weight>
      </handles>
    </blockref>
    <blockref>
      <blockid>Creature_parts~, ce_grasper_null</blockid>
      <transform>
        <basemusclescale>1</basemusclescale>
        <scale>1</scale>
        <position>-2.92041e-6,-3.79416e-6,12.795619</position>
        <triangledirection>0,1.19209e-6,-1</triangledirection>
        <trianglepickorigin>0,0,0</trianglepickorigin>
        <orientation>
          <row0>1,0,0</row0>
          <row1>0,1.19209e-6,-1</row1>
          <row2>0,1,1.19209e-6</row2>
        </orientation>
      </transform>
      <snapped>true</snapped>
    </blockref>
    <blockref>
      <blockid>flora_parts~, fe_canopy_06</blockid>
      <transform>
        <scale>2,651164</scale>
        <position>0.0888206,-2.544070,8.464670</position>
        <triangledirection>-0.0623713,0.925939,-0.372485</triangledirection>
        <trianglepickorigin>0,0,0</trianglepickorigin>
        <orientation>
          <row0>0.999523,0.0308698,4.37721e-8</row0>
          <row1>-0.0201539,0.652556,-0.757472</row1>
          <row2>-0.0233831,0.757111,0.652867</row2>
        </orientation>
        <userorientation>
          <userorientation_row0>0.999342,0.0360400,0.00380006</userorientation_row0>
          <userorientation_row1>-0.0337579,0.887631,0.459313</userorientation_row1>
          <userorientation_row2>0.0131805,-0.459139,0.888265</userorientation_row2>
        </userorientation>
      </transform>
      <snapped>false</snapped>
      <childlist count="4">
        <childid>19</childid>
        <childid>18</childid>
        <childid>13</childid>
        <childid>11</childid>
      </childlist>
      <handles count="2">
        <weight channel="DeformAxisLeft">0.906646</weight>
        <weight channel="DeformAxisForward">0</weight>
      </handles>
    </blockref>
    <blockref>
      <blockid>flora_parts~, fe_canopy_06</blockid>
      <transform>
        <scale>2,744544</scale>
        <position>-3.378997,1.023820,10.225020</position>
        <triangledirection>0.946673,-0.283596,-0.152906</triangledirection>
        <trianglepickorigin>0,0,0</trianglepickorigin>
        <orientation>
          <row0>0.130374,-0.991464,3.76254e-7</row0>
          <row1>0.818433,0.107621,-0.564432</row1>
          <row2>0.559614,0.0735878,0.825479</row2>
        </orientation>
        <userorientation>
          <userorientation_row0>0.909863,-0.323549,-0.259737</userorientation_row0>
          <userorientation_row1>0.404597,0.830573,0.382681</userorientation_row1>
          <userorientation_row2>0.0919158,-0.453277,0.886616</userorientation_row2>
        </userorientation>
      </transform>
      <snapped>false</snapped>
      <childlist count="2">
        <childid>21</childid>
        <childid>20</childid>
      </childlist>
      <handles count="2">
        <weight channel="DeformAxisLeft">0.906646</weight>
        <weight channel="DeformAxisForward">0</weight>
      </handles>
    </blockref>
    <blockref>
      <blockid>flora_parts~, fe_canopy_06</blockid>
      <transform>
        <scale>2,651166</scale>
        <position>1.846566,1.508798,7.944912</position>
        <triangledirection>-0.472796,-0.730098,-0.493373</triangledirection>
        <trianglepickorigin>0,0,0</trianglepickorigin>
        <orientation>
          <row0>-0.531509,0.847052,7.45058e-8</row0>
          <row1>-0.605385,-0.379868,-0.699434</row1>
          <row2>-0.592457,-0.371756,0.714696</row2>
        </orientation>
        <userorientation>
          <userorientation_row0>0.926778,0.339100,0.161526</userorientation_row0>
          <userorientation_row1>-0.367136,0.908648,0.198917</userorientation_row1>
          <userorientation_row2>-0.0793183,-0.243655,0.966612</userorientation_row2>
        </userorientation>
      </transform>
      <snapped>false</snapped>
      <childlist count="4">
        <childid>17</childid>
        <childid>16</childid>
        <childid>14</childid>
        <childid>10</childid>
      </childlist>
      <handles count="2">
        <weight channel="DeformAxisLeft">0.906646</weight>
        <weight channel="DeformAxisForward">0</weight>
      </handles>
    </blockref>
    <blockref>
      <blockid>flora_parts~, fe_canopy_06</blockid>
      <transform>
        <scale>3,437058</scale>
        <position>0.502462,-0.727546,13.789644</position>
        <triangledirection>-0.655418,0.664919,-0.358199</triangledirection>
        <trianglepickorigin>0,0,0</trianglepickorigin>
        <orientation>
          <row0>0.476655,0.879090,-2.08616e-7</row0>
          <row1>-0.775770,0.420633,-0.470369</row1>
          <row2>-0.413497,0.224204,0.882469</row2>
        </orientation>
        <userorientation>
          <userorientation_row0>0.960467,-0.263415,-0.0900751</userorientation_row0>
          <userorientation_row1>0.272116,0.956628,0.103991</userorientation_row1>
          <userorientation_row2>0.0587754,-0.124391,0.990490</userorientation_row2>
        </userorientation>
      </transform>
      <snapped>false</snapped>
      <childlist count="1">
        <childid>23</childid>
      </childlist>
      <handles count="2">
        <weight channel="DeformAxisLeft">0.906646</weight>
        <weight channel="DeformAxisForward">0</weight>
      </handles>
    </blockref>
    <blockref>
      <blockid>flora_parts~, fe_canopy_06</blockid>
      <transform>
        <scale>2,958301</scale>
        <position>-0.481814,0.846406,13.721401</position>
        <triangledirection>0.373848,-0.827422,-0.419056</triangledirection>
        <trianglepickorigin>0,0,0</trianglepickorigin>
        <orientation>
          <row0>-0.997663,-0.0683279,-3.72529e-8</row0>
          <row1>0.0565562,-0.825782,-0.561145</row1>
          <row2>0.0383419,-0.559834,0.827717</row2>
        </orientation>
        <userorientation>
          <userorientation_row0>0.947414,0.319949,-0.00623734</userorientation_row0>
          <userorientation_row1>-0.316439,0.939566,0.130692</userorientation_row1>
          <userorientation_row2>0.0476755,-0.121846,0.991402</userorientation_row2>
        </userorientation>
      </transform>
      <snapped>false</snapped>
      <childlist count="1">
        <childid>22</childid>
      </childlist>
      <handles count="2">
        <weight channel="DeformAxisLeft">0.906646</weight>
        <weight channel="DeformAxisForward">0</weight>
      </handles>
    </blockref>
    <blockref>
      <blockid>flora_parts~, fe_cap_01a</blockid>
      <transform>
        <scale>1</scale>
        <position>2.391992,2.968746,8.838123</position>
        <triangledirection>-0.877010,-0.422410,-0.228960</triangledirection>
        <trianglepickorigin>0,0,0</trianglepickorigin>
        <orientation>
          <row0>-0.435140,0.900344,0.00571490</row0>
          <row1>-0.877010,-0.422410,-0.228960</row1>
          <row2>-0.203728,-0.104641,0.973419</row2>
        </orientation>
      </transform>
      <snapped>false</snapped>
    </blockref>
    <blockref>
      <blockid>flora_parts~, fe_cap_01a</blockid>
      <transform>
        <scale>1</scale>
        <position>0.723116,-4.109053,9.062775</position>
        <triangledirection>0.167783,0.738057,0.653544</triangledirection>
        <trianglepickorigin>0,0,0</trianglepickorigin>
        <orientation>
          <row0>0.972451,-0.232734,0.0131749</row0>
          <row1>0.167783,0.738057,0.653544</row1>
          <row2>-0.161826,-0.633329,0.756773</row2>
        </orientation>
      </transform>
      <snapped>false</snapped>
    </blockref>
    <blockref>
      <blockid>flora_parts~, fe_cap_01a</blockid>
      <transform>
        <scale>1</scale>
        <position>-3.471004,0.968336,9.889591</position>
        <triangledirection>0.615227,0.776140,-0.138208</triangledirection>
        <trianglepickorigin>0,0,0</trianglepickorigin>
        <orientation>
          <row0>0.783661,-0.621188,-2.60770e-7</row0>
          <row1>0.615227,0.776140,-0.138208</row1>
          <row2>0.0858535,0.108308,0.990403</row2>
        </orientation>
      </transform>
      <snapped>false</snapped>
    </blockref>
    <blockref>
      <blockid>flora_parts~, fe_cap_01a</blockid>
      <transform>
        <scale>1</scale>
        <position>2.381213,-4.329198,9.210956</position>
        <triangledirection>0.000944966,-0.491953,0.870621</triangledirection>
        <trianglepickorigin>0,0,0</trianglepickorigin>
        <orientation>
          <row0>-0.999990,-0.00428142,-0.00133388</row0>
          <row1>0.000944966,-0.491953,0.870621</row1>
          <row2>-0.00438371,0.870611,0.491952</row2>
        </orientation>
      </transform>
      <snapped>false</snapped>
    </blockref>
    <blockref>
      <blockid>flora_parts~, fe_cap_01a</blockid>
      <transform>
        <scale>1</scale>
        <position>0.678065,3.116185,8.951396</position>
        <triangledirection>-0.658480,0.112912,0.744079</triangledirection>
        <trianglepickorigin>0,0,0</trianglepickorigin>
        <orientation>
          <row0>0.208455,0.977363,0.0361627</row0>
          <row1>-0.658480,0.112912,0.744079</row1>
          <row2>0.723152,-0.178920,0.667111</row2>
        </orientation>
      </transform>
      <snapped>false</snapped>
    </blockref>
    <blockref>
      <blockid>flora_parts~, FE_leaf_07</blockid>
      <transform>
        <scale>4,463397</scale>
        <position>-0.328614,-0.0927108,14.297413</position>
        <triangledirection>-0.0531531,-0.00804728,-0.998552</triangledirection>
        <trianglepickorigin>0,0,0</trianglepickorigin>
        <orientation>
          <row0>0.535575,-0.844487,3.72529e-7</row0>
          <row1>0.431467,0.273637,-0.859626</row1>
          <row2>0.725943,0.460395,0.510922</row2>
        </orientation>
        <userorientation>
          <userorientation_row0>-0.993915,0.0417362,0.101935</userorientation_row0>
          <userorientation_row1>-0.0216721,0.833246,-0.552473</userorientation_row1>
          <userorientation_row2>-0.107996,-0.551322,-0.827272</userorientation_row2>
        </userorientation>
      </transform>
      <snapped>false</snapped>
      <handles count="4">
        <weight channel="DeformAxisForward">0.532316</weight>
        <weight channel="DeformAxisForwardb">0.560948</weight>
        <weight channel="DeformAxisLeft">1</weight>
        <weight channel="DeformAxisUp">0.467275</weight>
      </handles>
    </blockref>
    <blockref>
      <blockid>flora_parts~, fe_cap_01a</blockid>
      <transform>
        <scale>1</scale>
        <position>5.573630,3.846788,10.264549</position>
        <triangledirection>-0.0482874,0.340889,0.938862</triangledirection>
        <trianglepickorigin>0,0,0</trianglepickorigin>
        <orientation>
          <row0>0.990116,0.140250,2.04890e-7</row0>
          <row1>-0.0482874,0.340889,0.938862</row1>
          <row2>0.131676,-0.929582,0.344292</row2>
        </orientation>
      </transform>
      <snapped>false</snapped>
    </blockref>
    <blockref>
      <blockid>flora_parts~, fe_cap_01a</blockid>
      <transform>
        <scale>1</scale>
        <position>0.609434,4.828898,8.865689</position>
        <triangledirection>-0.648728,0.138925,0.748231</triangledirection>
        <trianglepickorigin>0,0,0</trianglepickorigin>
        <orientation>
          <row0>0.209401,0.977829,-1.26659e-7</row0>
          <row1>-0.648728,0.138925,0.748231</row1>
          <row2>0.731643,-0.156681,0.663437</row2>
        </orientation>
      </transform>
      <snapped>false</snapped>
    </blockref>
    <blockref>
      <blockid>flora_parts~, fe_cap_01a</blockid>
      <transform>
        <scale>1</scale>
        <position>-2.783501,-5.211356,9.707448</position>
        <triangledirection>-0.173384,0.174708,0.969234</triangledirection>
        <trianglepickorigin>0,0,0</trianglepickorigin>
        <orientation>
          <row0>0.709792,0.704410,6.25848e-7</row0>
          <row1>-0.173384,0.174708,0.969234</row1>
          <row2>0.682738,-0.687955,0.246140</row2>
        </orientation>
      </transform>
      <snapped>false</snapped>
    </blockref>
    <blockref>
      <blockid>flora_parts~, fe_cap_01a</blockid>
      <transform>
        <scale>1</scale>
        <position>3.219381,-4.524618,9.323945</position>
        <triangledirection>0.517190,0.193265,0.833764</triangledirection>
        <trianglepickorigin>0,0,0</trianglepickorigin>
        <orientation>
          <row0>0.350041,-0.936734,-1.49011e-8</row0>
          <row1>0.517190,0.193265,0.833764</row1>
          <row2>-0.781015,-0.291852,0.552120</row2>
        </orientation>
      </transform>
      <snapped>false</snapped>
    </blockref>
    <blockref>
      <blockid>flora_parts~, fe_cap_01a</blockid>
      <transform>
        <scale>1</scale>
        <position>-4.758522,4.819948,10.920181</position>
        <triangledirection>-0.292854,0.102568,0.950639</triangledirection>
        <trianglepickorigin>0,0,0</trianglepickorigin>
        <orientation>
          <row0>0.330549,0.943788,9.68575e-8</row0>
          <row1>-0.292854,0.102568,0.950639</row1>
          <row2>0.897203,-0.314233,0.310296</row2>
        </orientation>
      </transform>
      <snapped>false</snapped>
    </blockref>
    <blockref>
      <blockid>flora_parts~, fe_cap_01a</blockid>
      <transform>
        <scale>1</scale>
        <position>-6.490612,-1.294440,10.555317</position>
        <triangledirection>-0.186697,-0.501015,0.845060</triangledirection>
        <trianglepickorigin>0,0,0</trianglepickorigin>
        <orientation>
          <row0>-0.937054,0.349182,1.34110e-7</row0>
          <row1>-0.186697,-0.501015,0.845060</row1>
          <row2>0.295080,0.791868,0.534670</row2>
        </orientation>
      </transform>
      <snapped>false</snapped>
    </blockref>
    <blockref>
      <blockid>flora_parts~, fe_cap_01a</blockid>
      <transform>
        <scale>1</scale>
        <position>-4.666988,5.561376,15.999297</position>
        <triangledirection>-0.308023,-0.195117,0.931155</triangledirection>
        <trianglepickorigin>0,0,0</trianglepickorigin>
        <orientation>
          <row0>-0.535123,0.844774,-6.85453e-7</row0>
          <row1>-0.308023,-0.195117,0.931155</row1>
          <row2>0.786615,0.498283,0.364621</row2>
        </orientation>
      </transform>
      <snapped>false</snapped>
    </blockref>
    <blockref>
      <blockid>flora_parts~, fe_cap_01a</blockid>
      <transform>
        <scale>1</scale>
        <position>6.712694,-5.672570,15.306889</position>
        <triangledirection>0.167842,-0.229941,0.958621</triangledirection>
        <trianglepickorigin>0,0,0</trianglepickorigin>
        <orientation>
          <row0>-0.807710,-0.589578,-5.51342e-7</row0>
          <row1>0.167842,-0.229941,0.958621</row1>
          <row2>-0.565183,0.774289,0.284682</row2>
        </orientation>
      </transform>
      <snapped>false</snapped>
    </blockref>
  </blocks></sporemodel>