spore0005438f6347406662002d62b0c6d816b417ffffffffffffffff0000000ebfdb7f7106KChangfffffffffffffffe08Avidepht0000000<?xml version="1.0" encoding="UTF-8"?><sporemodel>
  <properties>
    <modeltype>PlantSmall</modeltype>
    <skineffectseed1>1234</skineffectseed1>
    <skineffectseed2>1234</skineffectseed2>
    <skineffectseed3>1234</skineffectseed3>
    <skincolor1>0.576469,0.211764,0.184312</skincolor1>
    <skincolor2>0.905882,0.709802,0.290195</skincolor2>
    <skincolor3>0.258823,0.298038,0.803921</skincolor3>
    <zcorpscore>34</zcorpscore>
  </properties>
  <blocks count="11">
    <blockref>
      <blockid>flora_parts~, fe_root_dummy</blockid>
      <transform>
        <scale>1</scale>
        <position>0,0,0.600000</position>
        <triangledirection>0,1,0</triangledirection>
        <trianglepickorigin>0,0,0</trianglepickorigin>
        <orientation>
          <row0>1,0,0</row0>
          <row1>0,1,0</row1>
          <row2>0,0,1</row2>
        </orientation>
      </transform>
      <snapped>false</snapped>
      <childlist count="1">
        <childid>1</childid>
      </childlist>
    </blockref>
    <blockref>
      <blockid>flora_parts~, FE_muscle_branch_04</blockid>
      <transform>
        <limbtype>0</limbtype>
        <musclescale>0.299998</musclescale>
        <basemusclescale>1.300000</basemusclescale>
        <scale>1</scale>
        <position>0,0,0.600000</position>
        <triangledirection>-0.00436398,0.0160358,0.999861</triangledirection>
        <trianglepickorigin>0,0,0</trianglepickorigin>
        <orientation>
          <row0>-0.0934407,-0.995503,0.0155581</row0>
          <row1>-0.00436398,0.0160358,0.999861</row1>
          <row2>-0.995615,0.0933599,-0.00584277</row2>
        </orientation>
      </transform>
      <snapped>true</snapped>
      <childlist count="9">
        <childid>10</childid>
        <childid>9</childid>
        <childid>8</childid>
        <childid>7</childid>
        <childid>6</childid>
        <childid>5</childid>
        <childid>4</childid>
        <childid>3</childid>
        <childid>2</childid>
      </childlist>
      <handles count="1">
        <weight channel="longer">0.128675</weight>
      </handles>
    </blockref>
    <blockref>
      <blockid>Creature_parts~, ce_grasper_null</blockid>
      <transform>
        <basemusclescale>0.5</basemusclescale>
        <scale>1</scale>
        <position>0.00454498,-0.0167030,-0.441421</position>
        <triangledirection>0,0,-1</triangledirection>
        <trianglepickorigin>0,0,0</trianglepickorigin>
        <orientation>
          <row0>1,0,0</row0>
          <row1>0,0,-1</row1>
          <row2>0,1,0</row2>
        </orientation>
      </transform>
      <snapped>true</snapped>
    </blockref>
    <blockref>
      <blockid>flora_parts~, FE_leaf_24</blockid>
      <transform>
        <scale>0,5</scale>
        <position>0.190290,0.0478445,0.668067</position>
        <triangledirection>-0.783080,-0.384857,-0.488535</triangledirection>
        <trianglepickorigin>0,0,0</trianglepickorigin>
        <orientation>
          <row0>-0.276784,0.960932,-6.78002e-7</row0>
          <row1>-0.879749,-0.253401,-0.402280</row1>
          <row2>-0.386563,-0.111344,0.915516</row2>
        </orientation>
        <userorientation>
          <userorientation_row0>0.882834,0.0897838,-0.461019</userorientation_row0>
          <userorientation_row1>-0.153077,0.982966,-0.101700</userorientation_row1>
          <userorientation_row2>0.444036,0.160356,0.881542</userorientation_row2>
        </userorientation>
      </transform>
      <snapped>false</snapped>
      <handles count="4">
        <weight channel="bend">0.302217</weight>
        <weight channel="flatten">0.402423</weight>
        <weight channel="Length">0.428124</weight>
        <weight channel="width">0.588169</weight>
      </handles>
    </blockref>
    <blockref>
      <blockid>flora_parts~, FE_leaf_24</blockid>
      <transform>
        <scale>0,509154</scale>
        <position>-0.0617328,-0.181386,0.638907</position>
        <triangledirection>0.0969972,0.900183,-0.424571</triangledirection>
        <trianglepickorigin>0,0,0</trianglepickorigin>
        <orientation>
          <row0>0.935742,-0.352684,2.08616e-7</row0>
          <row1>0.337858,0.896406,-0.286892</row1>
          <row2>0.101182,0.268457,0.957962</row2>
        </orientation>
        <userorientation>
          <userorientation_row0>0.971971,0.233539,0.0269788</userorientation_row0>
          <userorientation_row1>-0.226715,0.961508,-0.155248</userorientation_row1>
          <userorientation_row2>-0.0621969,0.144778,0.987506</userorientation_row2>
        </userorientation>
      </transform>
      <snapped>false</snapped>
      <handles count="4">
        <weight channel="bend">0.399529</weight>
        <weight channel="flatten">0.496546</weight>
        <weight channel="Length">0.317730</weight>
        <weight channel="width">0.594947</weight>
      </handles>
    </blockref>
    <blockref>
      <blockid>flora_parts~, fe_cap_02a</blockid>
      <transform>
        <scale>0,687288</scale>
        <position>-0.185938,0.0227504,0.424315</position>
        <triangledirection>0.808665,-0.209811,0.549577</triangledirection>
        <trianglepickorigin>0,0,0</trianglepickorigin>
        <orientation>
          <row0>-0.212509,-0.977159,-2.04890e-8</row0>
          <row1>0.976937,-0.212461,-0.0213066</row1>
          <row2>0.0208199,-0.00452788,0.999773</row2>
        </orientation>
        <userorientation>
          <userorientation_row0>0.994861,0.0271378,-0.0975430</userorientation_row0>
          <userorientation_row1>0.0331699,0.822882,0.567238</userorientation_row1>
          <userorientation_row2>0.0956609,-0.567561,0.817756</userorientation_row2>
        </userorientation>
      </transform>
      <snapped>false</snapped>
    </blockref>
    <blockref>
      <blockid>flora_parts~, fe_cap_02a</blockid>
      <transform>
        <scale>0,687286</scale>
        <position>0.0299597,-0.212688,0.422000</position>
        <triangledirection>-0.0193163,0.964184,0.264524</triangledirection>
        <trianglepickorigin>0,0,0</trianglepickorigin>
        <orientation>
          <row0>0.994323,0.106401,-2.14204e-8</row0>
          <row1>-0.105815,0.988842,0.104856</row1>
          <row2>0.0111568,-0.104260,0.994487</row2>
        </orientation>
        <userorientation>
          <userorientation_row0>0.984405,-0.0559515,-0.166775</userorientation_row0>
          <userorientation_row1>0.0833840,0.983206,0.162323</userorientation_row1>
          <userorientation_row2>0.154892,-0.173699,0.972541</userorientation_row2>
        </userorientation>
      </transform>
      <snapped>false</snapped>
    </blockref>
    <blockref>
      <blockid>flora_parts~, fe_cap_02a</blockid>
      <transform>
        <scale>0,740818</scale>
        <position>0.123870,0.101101,0.385004</position>
        <triangledirection>-0.729638,-0.653345,0.201906</triangledirection>
        <trianglepickorigin>0,0,0</trianglepickorigin>
        <orientation>
          <row0>-0.754577,0.656210,1.71363e-7</row0>
          <row1>-0.634066,-0.729114,0.257588</row1>
          <row2>0.169032,0.194370,0.966254</row2>
        </orientation>
        <userorientation>
          <userorientation_row0>0.984620,-0.113655,0.132688</userorientation_row0>
          <userorientation_row1>0.121837,0.991012,-0.0552298</userorientation_row1>
          <userorientation_row2>-0.125218,0.0705470,0.989618</userorientation_row2>
        </userorientation>
      </transform>
      <snapped>false</snapped>
    </blockref>
    <blockref>
      <blockid>flora_parts~, fe_canopy_06</blockid>
      <transform>
        <scale>0,626161</scale>
        <position>0.00832634,0.181890,0.676183</position>
        <triangledirection>-0.0351297,-0.908628,-0.416126</triangledirection>
        <trianglepickorigin>0,0,0</trianglepickorigin>
        <orientation>
          <row0>-0.999253,0.0386335,-8.38190e-9</row0>
          <row1>-0.0351297,-0.908628,-0.416126</row1>
          <row2>-0.0160764,-0.415815,0.909307</row2>
        </orientation>
      </transform>
      <snapped>false</snapped>
      <handles count="2">
        <weight channel="DeformAxisLeft">0.100651</weight>
        <weight channel="DeformAxisForward">0.495065</weight>
      </handles>
    </blockref>
    <blockref>
      <blockid>flora_parts~, fe_canopy_06</blockid>
      <transform>
        <scale>0,5</scale>
        <position>0.152042,-0.134855,0.644921</position>
        <triangledirection>-0.708628,0.619009,-0.338634</triangledirection>
        <trianglepickorigin>0,0,0</trianglepickorigin>
        <orientation>
          <row0>0.657878,0.753124,-4.02331e-7</row0>
          <row1>-0.708628,0.619009,-0.338634</row1>
          <row2>-0.255033,0.222780,0.940918</row2>
        </orientation>
      </transform>
      <snapped>false</snapped>
      <handles count="2">
        <weight channel="DeformAxisLeft">0.100651</weight>
        <weight channel="DeformAxisForward">0.502112</weight>
      </handles>
    </blockref>
    <blockref>
      <blockid>flora_parts~, fe_canopy_06</blockid>
      <transform>
        <scale>0,591554</scale>
        <position>-0.182867,-0.0285127,0.670492</position>
        <triangledirection>0.914520,0.115082,-0.387826</triangledirection>
        <trianglepickorigin>0,0,0</trianglepickorigin>
        <orientation>
          <row0>0.124854,-0.992175,3.24100e-7</row0>
          <row1>0.914520,0.115082,-0.387826</row1>
          <row2>0.384791,0.0484220,0.921732</row2>
        </orientation>
      </transform>
      <snapped>false</snapped>
      <handles count="2">
        <weight channel="DeformAxisLeft">0.100651</weight>
        <weight channel="DeformAxisForward">0.495065</weight>
      </handles>
    </blockref>
  </blocks></sporemodel>