spore0005438f63474066620077be0b54d816b417ffffffffffffffff0000000ebfdb7f7806KChangfffffffffffffffe0bMistletipps0000000<?xml version="1.0" encoding="UTF-8"?><sporemodel>
  <properties>
    <modeltype>PlantLarge</modeltype>
    <skineffectseed1>226342</skineffectseed1>
    <skineffectseed2>1234</skineffectseed2>
    <skineffectseed3>1234</skineffectseed3>
    <skincolor1>0.694118,0.572547,0.317647</skincolor1>
    <skincolor2>0.101961,0.282353,0.0901959</skincolor2>
    <skincolor3>0.905882,0.458822,0.290194</skincolor3>
    <zcorpscore>8</zcorpscore>
  </properties>
  <blocks count="44">
    <blockref>
      <blockid>flora_parts~, fe_root_dummy</blockid>
      <transform>
        <scale>1</scale>
        <position>-0.00502316,0.00560787,0.600000</position>
        <triangledirection>0,1,0</triangledirection>
        <trianglepickorigin>0,0,0</trianglepickorigin>
        <orientation>
          <row0>1,0,0</row0>
          <row1>0,1,0</row1>
          <row2>0,0,1</row2>
        </orientation>
      </transform>
      <snapped>false</snapped>
      <childlist count="4">
        <childid>14</childid>
        <childid>11</childid>
        <childid>6</childid>
        <childid>1</childid>
      </childlist>
    </blockref>
    <blockref>
      <blockid>flora_parts~, fe_muscle_branch_01</blockid>
      <transform>
        <limbtype>0</limbtype>
        <musclescale>0.5</musclescale>
        <basemusclescale>2.149998</basemusclescale>
        <scale>1</scale>
        <position>-0.00502316,0.00560787,0.600000</position>
        <triangledirection>-0.627812,-0.735520,-0.254676</triangledirection>
        <trianglepickorigin>0,0,0</trianglepickorigin>
        <orientation>
          <row0>0.394408,-0.0185324,-0.918748</row0>
          <row1>-0.627812,-0.735520,-0.254676</row1>
          <row2>-0.671038,0.677248,-0.301730</row2>
        </orientation>
      </transform>
      <snapped>true</snapped>
      <childlist count="2">
        <childid>4</childid>
        <childid>2</childid>
      </childlist>
      <handles count="1">
        <weight channel="longer">0.162245</weight>
      </handles>
    </blockref>
    <blockref>
      <blockid>flora_parts~, FE_muscle_branch_04</blockid>
      <transform>
        <limbtype>0</limbtype>
        <musclescale>0.5</musclescale>
        <basemusclescale>0.850000</basemusclescale>
        <scale>1</scale>
        <position>0.781153,0.926662,0.918919</position>
        <triangledirection>-0.354555,-0.100697,0.929597</triangledirection>
        <trianglepickorigin>0,0,0</trianglepickorigin>
        <orientation>
          <row0>-0.543446,-0.786832,-0.292507</row0>
          <row1>-0.354555,-0.100697,0.929597</row1>
          <row2>-0.760892,0.608895,-0.224252</row2>
        </orientation>
      </transform>
      <snapped>true</snapped>
      <childlist count="1">
        <childid>3</childid>
      </childlist>
      <handles count="1">
        <weight channel="longer">0.162245</weight>
      </handles>
    </blockref>
    <blockref>
      <blockid>Creature_parts~, ce_grasper_null</blockid>
      <transform>
        <basemusclescale>0.950000</basemusclescale>
        <scale>1</scale>
        <position>1.225146,1.052759,-0.245168</position>
        <triangledirection>-0.450499,-0.878580,0.158578</triangledirection>
        <trianglepickorigin>0,0,0</trianglepickorigin>
        <orientation>
          <row0>-0.00935123,-0.172970,-0.984882</row0>
          <row1>-0.450499,-0.878580,0.158578</row1>
          <row2>-0.892727,0.445171,-0.0697070</row2>
        </orientation>
      </transform>
      <snapped>true</snapped>
    </blockref>
    <blockref>
      <blockid>flora_parts~, FE_muscle_branch_04</blockid>
      <transform>
        <limbtype>0</limbtype>
        <musclescale>0.550000</musclescale>
        <basemusclescale>0.850000</basemusclescale>
        <scale>1</scale>
        <position>0.781153,0.926662,0.918919</position>
        <triangledirection>0.457375,-0.310239,0.833402</triangledirection>
        <trianglepickorigin>0,0,0</trianglepickorigin>
        <orientation>
          <row0>0.714431,-0.429853,-0.552099</row0>
          <row1>0.457375,-0.310239,0.833402</row1>
          <row2>-0.529523,-0.847925,-0.0250404</row2>
        </orientation>
      </transform>
      <snapped>true</snapped>
      <childlist count="1">
        <childid>5</childid>
      </childlist>
      <handles count="1">
        <weight channel="longer">0.162245</weight>
      </handles>
    </blockref>
    <blockref>
      <blockid>Creature_parts~, ce_grasper_null</blockid>
      <transform>
        <basemusclescale>0.950000</basemusclescale>
        <scale>1</scale>
        <position>0.208406,1.315158,-0.124709</position>
        <triangledirection>-0.120263,-0.944767,-0.304880</triangledirection>
        <trianglepickorigin>0,0,0</trianglepickorigin>
        <orientation>
          <row0>0.0822669,0.296568,-0.951461</row0>
          <row1>-0.120263,-0.944767,-0.304880</row1>
          <row2>-0.989327,0.139507,-0.0420569</row2>
        </orientation>
      </transform>
      <snapped>true</snapped>
    </blockref>
    <blockref>
      <blockid>flora_parts~, FE_muscle_branch_04</blockid>
      <transform>
        <limbtype>0</limbtype>
        <musclescale>0.5</musclescale>
        <basemusclescale>2.149998</basemusclescale>
        <scale>1</scale>
        <position>-0.00502316,0.00560787,0.600000</position>
        <triangledirection>0.899445,0.436969,-0.00748400</triangledirection>
        <trianglepickorigin>0,0,0</trianglepickorigin>
        <orientation>
          <row0>-0.146270,0.317127,0.937035</row0>
          <row1>0.899445,0.436969,-0.00748400</row1>
          <row2>-0.411828,0.841717,-0.349154</row2>
        </orientation>
      </transform>
      <snapped>true</snapped>
      <childlist count="2">
        <childid>9</childid>
        <childid>7</childid>
      </childlist>
      <handles count="1">
        <weight channel="longer">0.162245</weight>
      </handles>
    </blockref>
    <blockref>
      <blockid>flora_parts~, FE_muscle_branch_04</blockid>
      <transform>
        <limbtype>0</limbtype>
        <musclescale>0.5</musclescale>
        <basemusclescale>0.850000</basemusclescale>
        <scale>1</scale>
        <position>-1.131353,-0.541586,0.609371</position>
        <triangledirection>0.547299,-0.392385,0.739254</triangledirection>
        <trianglepickorigin>0,0,0</trianglepickorigin>
        <orientation>
          <row0>-0.660158,0.340539,0.669494</row0>
          <row1>0.547299,-0.392385,0.739254</row1>
          <row2>0.514445,0.854439,0.0726593</row2>
        </orientation>
      </transform>
      <snapped>true</snapped>
      <childlist count="1">
        <childid>8</childid>
      </childlist>
      <handles count="1">
        <weight channel="longer">0.162245</weight>
      </handles>
    </blockref>
    <blockref>
      <blockid>Creature_parts~, ce_grasper_null</blockid>
      <transform>
        <basemusclescale>0.900000</basemusclescale>
        <scale>1</scale>
        <position>-1.816707,-0.0502220,-0.316359</position>
        <triangledirection>0.983118,0.0428230,0.177889</triangledirection>
        <trianglepickorigin>0,0,0</trianglepickorigin>
        <orientation>
          <row0>-0.182969,0.226025,0.956783</row0>
          <row1>0.983118,0.0428230,0.177889</row1>
          <row2>-0.000764877,0.973179,-0.230045</row2>
        </orientation>
      </transform>
      <snapped>true</snapped>
    </blockref>
    <blockref>
      <blockid>flora_parts~, FE_muscle_branch_04</blockid>
      <transform>
        <limbtype>0</limbtype>
        <musclescale>0.5</musclescale>
        <basemusclescale>0.850000</basemusclescale>
        <scale>1</scale>
        <position>-1.131353,-0.541586,0.609371</position>
        <triangledirection>0.0962730,0.809646,0.578968</triangledirection>
        <trianglepickorigin>0,0,0</trianglepickorigin>
        <orientation>
          <row0>0.949459,0.0998910,-0.297570</row0>
          <row1>0.0962730,0.809646,0.578968</row1>
          <row2>0.298760,-0.578355,0.759109</row2>
        </orientation>
      </transform>
      <snapped>true</snapped>
      <childlist count="1">
        <childid>10</childid>
      </childlist>
      <handles count="1">
        <weight channel="longer">0.162245</weight>
      </handles>
    </blockref>
    <blockref>
      <blockid>Creature_parts~, ce_grasper_null</blockid>
      <transform>
        <basemusclescale>0.850000</basemusclescale>
        <scale>1</scale>
        <position>-1.251911,-1.555465,-0.115642</position>
        <triangledirection>0.0951470,0.989685,0.107099</triangledirection>
        <trianglepickorigin>0,0,0</trianglepickorigin>
        <orientation>
          <row0>0.938621,-0.0533582,-0.340797</row0>
          <row1>0.0951470,0.989685,0.107099</row1>
          <row2>0.331568,-0.132951,0.934016</row2>
        </orientation>
      </transform>
      <snapped>true</snapped>
    </blockref>
    <blockref>
      <blockid>flora_parts~, FE_muscle_branch_04</blockid>
      <transform>
        <limbtype>0</limbtype>
        <musclescale>0.5</musclescale>
        <basemusclescale>2.149998</basemusclescale>
        <scale>1</scale>
        <position>-0.00502316,0.00560787,0.600000</position>
        <triangledirection>-0.738478,0.641411,-0.207946</triangledirection>
        <trianglepickorigin>0,0,0</trianglepickorigin>
        <orientation>
          <row0>0.322079,0.0646112,-0.944505</row0>
          <row1>-0.738478,0.641411,-0.207946</row1>
          <row2>0.592380,0.764471,0.254299</row2>
        </orientation>
      </transform>
      <snapped>true</snapped>
      <childlist count="4">
        <childid>35</childid>
        <childid>34</childid>
        <childid>19</childid>
        <childid>12</childid>
      </childlist>
      <handles count="1">
        <weight channel="longer">0.162245</weight>
      </handles>
    </blockref>
    <blockref>
      <blockid>flora_parts~, FE_muscle_branch_04</blockid>
      <transform>
        <limbtype>0</limbtype>
        <musclescale>0.550000</musclescale>
        <basemusclescale>0.75</basemusclescale>
        <scale>1</scale>
        <position>0.919735,-0.797598,0.860400</position>
        <triangledirection>0.00719700,0.478742,0.877926</triangledirection>
        <trianglepickorigin>0,0,0</trianglepickorigin>
        <orientation>
          <row0>-0.350654,0.823408,-0.446138</row0>
          <row1>0.00719700,0.478742,0.877926</row1>
          <row2>0.936477,0.304638,-0.173799</row2>
        </orientation>
      </transform>
      <snapped>true</snapped>
      <childlist count="1">
        <childid>13</childid>
      </childlist>
      <handles count="1">
        <weight channel="longer">0.162245</weight>
      </handles>
    </blockref>
    <blockref>
      <blockid>Creature_parts~, ce_grasper_null</blockid>
      <transform>
        <basemusclescale>0.900000</basemusclescale>
        <scale>1</scale>
        <position>0.910723,-1.397104,-0.238983</position>
        <triangledirection>-0.0302189,0.747218,0.663890</triangledirection>
        <trianglepickorigin>0,0,0</trianglepickorigin>
        <orientation>
          <row0>-0.514215,0.557938,-0.651373</row0>
          <row1>-0.0302189,0.747218,0.663890</row1>
          <row2>0.857128,0.361066,-0.367370</row2>
        </orientation>
      </transform>
      <snapped>true</snapped>
    </blockref>
    <blockref>
      <blockid>flora_parts~, fe_muscle_branch_01</blockid>
      <transform>
        <limbtype>0</limbtype>
        <musclescale>0.25</musclescale>
        <basemusclescale>2.149998</basemusclescale>
        <scale>1</scale>
        <position>-0.00502316,0.00560787,0.600000</position>
        <triangledirection>0,0,-1</triangledirection>
        <trianglepickorigin>0,0,0</trianglepickorigin>
        <orientation>
          <row0>-0.796833,0.604199,0</row0>
          <row1>0,0,-1</row1>
          <row2>-0.604199,-0.796833,0</row2>
        </orientation>
      </transform>
      <snapped>true</snapped>
      <childlist count="5">
        <childid>28</childid>
        <childid>26</childid>
        <childid>24</childid>
        <childid>22</childid>
        <childid>15</childid>
      </childlist>
      <handles count="1">
        <weight channel="longer">0.795538</weight>
      </handles>
    </blockref>
    <blockref>
      <blockid>flora_parts~, fe_muscle_branch_02</blockid>
      <transform>
        <limbtype>0</limbtype>
        <musclescale>0.5</musclescale>
        <basemusclescale>1.749998</basemusclescale>
        <scale>1</scale>
        <position>-0.00502316,0.00560787,5.826807</position>
        <triangledirection>-0.137076,0.267350,-0.953799</triangledirection>
        <trianglepickorigin>0,0,0</trianglepickorigin>
        <orientation>
          <row0>-0.854855,0.454523,0.250259</row0>
          <row1>-0.137076,0.267350,-0.953799</row1>
          <row2>-0.500431,-0.849665,-0.166241</row2>
        </orientation>
      </transform>
      <snapped>true</snapped>
      <childlist count="1">
        <childid>16</childid>
      </childlist>
      <handles count="1">
        <weight channel="longer">0.292787</weight>
      </handles>
    </blockref>
    <blockref>
      <blockid>Creature_parts~, ce_grasper_null</blockid>
      <transform>
        <basemusclescale>2</basemusclescale>
        <scale>1</scale>
        <position>0.278935,-0.548219,7.802643</position>
        <triangledirection>-0.263924,-0.166940,-0.949986</triangledirection>
        <trianglepickorigin>0,0,0</trianglepickorigin>
        <orientation>
          <row0>-0.775842,0.621915,0.106255</row0>
          <row1>-0.263924,-0.166940,-0.949986</row1>
          <row2>-0.573073,-0.765083,0.293657</row2>
        </orientation>
      </transform>
      <snapped>true</snapped>
    </blockref>
    <blockref>
      <blockid>flora_parts~, FE_leaf_27</blockid>
      <transform>
        <scale>4,157855</scale>
        <position>-0.159469,0.343217,8.332844</position>
        <triangledirection>0.111577,-0.179351,-0.977436</triangledirection>
        <trianglepickorigin>0,0,0</trianglepickorigin>
        <orientation>
          <row0>-0.936494,-0.350681,3.57627e-7</row0>
          <row1>0.340945,-0.910493,-0.234005</row1>
          <row2>0.0820616,-0.219144,0.972235</row2>
        </orientation>
        <userorientation>
          <userorientation_row0>-0.832066,-0.514594,-0.207018</userorientation_row0>
          <userorientation_row1>-0.0415972,0.430065,-0.901838</userorientation_row1>
          <userorientation_row2>0.553112,-0.741777,-0.379249</userorientation_row2>
        </userorientation>
      </transform>
      <snapped>false</snapped>
      <childlist count="2">
        <childid>42</childid>
        <childid>41</childid>
      </childlist>
      <handles count="3">
        <weight channel="DeformAxisLeft">1</weight>
        <weight channel="DeformAxisForward">0.746749</weight>
        <weight channel="DeformAxisUp">0.795216</weight>
      </handles>
    </blockref>
    <blockref>
      <blockid>flora_parts~, FE_leaf_01</blockid>
      <transform>
        <scale>3,080210</scale>
        <position>0.982212,-0.363094,7.564918</position>
        <triangledirection>-0.781552,0.311650,-0.540415</triangledirection>
        <trianglepickorigin>0,0,0</trianglepickorigin>
        <orientation>
          <row0>0.454978,0.890502,-1.86264e-9</row0>
          <row1>-0.889662,0.454549,0.0434152</row1>
          <row2>0.0386613,-0.0197529,0.999057</row2>
        </orientation>
        <userorientation>
          <userorientation_row0>-0.990948,0,0.134235</userorientation_row0>
          <userorientation_row1>-0.0780642,0.813516,-0.576277</userorientation_row1>
          <userorientation_row2>-0.109203,-0.581542,-0.806152</userorientation_row2>
        </userorientation>
      </transform>
      <snapped>false</snapped>
      <handles count="3">
        <weight channel="DeformAxisLeft">0.5</weight>
        <weight channel="DeformAxisUp">0.921859</weight>
        <weight channel="DeformAxisForward">0.293087</weight>
      </handles>
    </blockref>
    <blockref>
      <blockid>flora_parts~, FE_leaf_01</blockid>
      <transform>
        <scale>0,860704</scale>
        <position>0.676146,-0.484691,0.926711</position>
        <triangledirection>-0.745252,0.239559,-0.622260</triangledirection>
        <trianglepickorigin>0,0,0</trianglepickorigin>
        <orientation>
          <row0>0.306026,0.952023,-4.17232e-7</row0>
          <row1>-0.421783,0.135581,-0.896502</row1>
          <row2>-0.853491,0.274353,0.443038</row2>
        </orientation>
        <userorientation>
          <userorientation_row0>1,0,0</userorientation_row0>
          <userorientation_row1>0,0.904672,0.426105</userorientation_row1>
          <userorientation_row2>0,-0.426105,0.904672</userorientation_row2>
        </userorientation>
      </transform>
      <snapped>false</snapped>
      <handles count="3">
        <weight channel="DeformAxisLeft">0.5</weight>
        <weight channel="DeformAxisUp">0.159078</weight>
        <weight channel="DeformAxisForward">0.153067</weight>
      </handles>
    </blockref>
    <blockref>
      <blockid>flora_parts~, FE_leaf_27</blockid>
      <transform>
        <scale>7</scale>
        <position>0.323226,-0.0467367,8.190754</position>
        <triangledirection>-0.0194278,0.0758284,-0.996931</triangledirection>
        <trianglepickorigin>0,0,0</trianglepickorigin>
        <orientation>
          <row0>0.132868,0.991133,-5.06639e-7</row0>
          <row1>-0.789701,0.105865,-0.604287</row1>
          <row2>-0.598929,0.0802914,0.796766</row2>
        </orientation>
        <userorientation>
          <userorientation_row0>-0.991912,-0.0359933,-0.121701</userorientation_row0>
          <userorientation_row1>0.0725752,0.625802,-0.776596</userorientation_row1>
          <userorientation_row2>0.104113,-0.779150,-0.618130</userorientation_row2>
        </userorientation>
      </transform>
      <snapped>false</snapped>
      <childlist count="6">
        <childid>43</childid>
        <childid>40</childid>
        <childid>39</childid>
        <childid>38</childid>
        <childid>21</childid>
        <childid>17</childid>
      </childlist>
      <handles count="3">
        <weight channel="DeformAxisLeft">1</weight>
        <weight channel="DeformAxisForward">0.234319</weight>
        <weight channel="DeformAxisUp">0.568212</weight>
      </handles>
    </blockref>
    <blockref>
      <blockid>flora_parts~, FE_leaf_27</blockid>
      <transform>
        <scale>4,157855</scale>
        <position>0.461272,-0.629025,8.342423</position>
        <triangledirection>-0.312606,0.382078,-0.869650</triangledirection>
        <trianglepickorigin>0,0,0</trianglepickorigin>
        <orientation>
          <row0>0.937267,0.348611,1.17719e-6</row0>
          <row1>-0.348610,0.937264,-0.00265684</row1>
          <row2>-0.000927309,0.00248976,0.999996</row2>
        </orientation>
        <userorientation>
          <userorientation_row0>-0.673411,0.591395,0.443583</userorientation_row0>
          <userorientation_row1>-0.159800,0.469397,-0.868406</userorientation_row1>
          <userorientation_row2>-0.721788,-0.655680,-0.221591</userorientation_row2>
        </userorientation>
      </transform>
      <snapped>false</snapped>
      <childlist count="2">
        <childid>37</childid>
        <childid>36</childid>
      </childlist>
      <handles count="3">
        <weight channel="DeformAxisLeft">1</weight>
        <weight channel="DeformAxisForward">0.605008</weight>
        <weight channel="DeformAxisUp">0.795216</weight>
      </handles>
    </blockref>
    <blockref>
      <blockid>flora_parts~, fe_muscle_branch_02</blockid>
      <transform>
        <limbtype>0</limbtype>
        <musclescale>0.5</musclescale>
        <basemusclescale>1.749998</basemusclescale>
        <scale>1</scale>
        <position>-0.00502316,0.00560787,5.826807</position>
        <triangledirection>0,0,-1</triangledirection>
        <trianglepickorigin>0,0,0</trianglepickorigin>
        <orientation>
          <row0>-0.516702,-0.856165,0</row0>
          <row1>0,0,-1</row1>
          <row2>0.856165,-0.516702,0</row2>
        </orientation>
      </transform>
      <snapped>true</snapped>
      <childlist count="3">
        <childid>33</childid>
        <childid>23</childid>
        <childid>20</childid>
      </childlist>
      <handles count="1">
        <weight channel="longer">0.335085</weight>
      </handles>
    </blockref>
    <blockref>
      <blockid>Creature_parts~, ce_grasper_null</blockid>
      <transform>
        <basemusclescale>2</basemusclescale>
        <scale>1</scale>
        <position>-0.00502316,0.00560787,8.163808</position>
        <triangledirection>-4.91738e-7,-3.27824e-7,-1</triangledirection>
        <trianglepickorigin>0,0,0</trianglepickorigin>
        <orientation>
          <row0>-0.796833,0.604198,1.93762e-7</row0>
          <row1>-4.91738e-7,-3.27824e-7,-1</row1>
          <row2>-0.604198,-0.796833,5.58329e-7</row2>
        </orientation>
      </transform>
      <snapped>true</snapped>
    </blockref>
    <blockref>
      <blockid>flora_parts~, fe_muscle_branch_02</blockid>
      <transform>
        <limbtype>0</limbtype>
        <musclescale>0.5</musclescale>
        <basemusclescale>1.749998</basemusclescale>
        <scale>1</scale>
        <position>-0.00502316,0.00560787,5.826807</position>
        <triangledirection>-0.325896,0.0941469,-0.940706</triangledirection>
        <trianglepickorigin>0,0,0</trianglepickorigin>
        <orientation>
          <row0>-0.773996,0.544808,0.322666</row0>
          <row1>-0.325896,0.0941469,-0.940706</row1>
          <row2>-0.542882,-0.833258,0.104681</row2>
        </orientation>
      </transform>
      <snapped>true</snapped>
      <childlist count="3">
        <childid>32</childid>
        <childid>25</childid>
        <childid>18</childid>
      </childlist>
      <handles count="1">
        <weight channel="longer">0.309177</weight>
      </handles>
    </blockref>
    <blockref>
      <blockid>Creature_parts~, ce_grasper_null</blockid>
      <transform>
        <basemusclescale>2</basemusclescale>
        <scale>1</scale>
        <position>0.703606,-0.199105,7.872282</position>
        <triangledirection>-0.240518,0.100308,-0.965447</triangledirection>
        <trianglepickorigin>0,0,0</trianglepickorigin>
        <orientation>
          <row0>-0.712132,0.657632,0.245737</row0>
          <row1>-0.240518,0.100308,-0.965447</row1>
          <row2>-0.659559,-0.746631,0.0867399</row2>
        </orientation>
      </transform>
      <snapped>true</snapped>
    </blockref>
    <blockref>
      <blockid>flora_parts~, fe_muscle_branch_02</blockid>
      <transform>
        <limbtype>0</limbtype>
        <musclescale>0.5</musclescale>
        <basemusclescale>1.749998</basemusclescale>
        <scale>1</scale>
        <position>-0.00502316,0.00560787,5.826807</position>
        <triangledirection>-0.180898,0.397379,-0.899647</triangledirection>
        <trianglepickorigin>0,0,0</trianglepickorigin>
        <orientation>
          <row0>0.532135,0.808826,0.250263</row0>
          <row1>-0.180898,0.397379,-0.899647</row1>
          <row2>-0.827108,0.433461,0.357774</row2>
        </orientation>
      </transform>
      <snapped>true</snapped>
      <childlist count="2">
        <childid>30</childid>
        <childid>27</childid>
      </childlist>
      <handles count="1">
        <weight channel="longer">0.309177</weight>
      </handles>
    </blockref>
    <blockref>
      <blockid>Creature_parts~, ce_grasper_null</blockid>
      <transform>
        <basemusclescale>2</basemusclescale>
        <scale>1</scale>
        <position>0.388322,-0.858455,7.783002</position>
        <triangledirection>0.0890146,0.000365727,-0.996030</triangledirection>
        <trianglepickorigin>0,0,0</trianglepickorigin>
        <orientation>
          <row0>-0.705920,0.705499,-0.0628286</row0>
          <row1>0.0890146,0.000365727,-0.996030</row1>
          <row2>-0.702675,-0.708710,-0.0630579</row2>
        </orientation>
      </transform>
      <snapped>true</snapped>
    </blockref>
    <blockref>
      <blockid>flora_parts~, fe_muscle_branch_02</blockid>
      <transform>
        <limbtype>0</limbtype>
        <musclescale>0.5</musclescale>
        <basemusclescale>1.749998</basemusclescale>
        <scale>1</scale>
        <position>-0.00502316,0.00560787,5.826807</position>
        <triangledirection>-0.0364760,-0.298324,-0.953767</triangledirection>
        <trianglepickorigin>0,0,0</trianglepickorigin>
        <orientation>
          <row0>-0.818875,0.555979,-0.142584</row0>
          <row1>-0.0364760,-0.298324,-0.953767</row1>
          <row2>-0.572811,-0.775815,0.264570</row2>
        </orientation>
      </transform>
      <snapped>true</snapped>
      <childlist count="2">
        <childid>31</childid>
        <childid>29</childid>
      </childlist>
      <handles count="1">
        <weight channel="longer">0.309177</weight>
      </handles>
    </blockref>
    <blockref>
      <blockid>Creature_parts~, ce_grasper_null</blockid>
      <transform>
        <basemusclescale>2</basemusclescale>
        <scale>1</scale>
        <position>0.0742904,0.654286,7.900681</position>
        <triangledirection>0.420344,0.220686,-0.880118</triangledirection>
        <trianglepickorigin>0,0,0</trianglepickorigin>
        <orientation>
          <row0>-0.666802,-0.582704,-0.464575</row0>
          <row1>0.420344,0.220686,-0.880118</row1>
          <row2>0.615374,-0.782146,0.0977824</row2>
        </orientation>
      </transform>
      <snapped>true</snapped>
    </blockref>
    <blockref>
      <blockid>flora_parts~, FE_leaf_01</blockid>
      <transform>
        <scale>3,080210</scale>
        <position>0.00327813,-1.001804,7.565850</position>
        <triangledirection>0.348292,0.691112,-0.633287</triangledirection>
        <trianglepickorigin>0,0,0</trianglepickorigin>
        <orientation>
          <row0>0.641292,-0.767296,2.53319e-7</row0>
          <row1>0.759944,0.635147,-0.138102</row1>
          <row2>0.105965,0.0885640,0.990418</row2>
        </orientation>
        <userorientation>
          <userorientation_row0>-0.912479,-0.402617,-0.0726549</userorientation_row0>
          <userorientation_row1>-0.306931,0.791099,-0.529105</userorientation_row1>
          <userorientation_row2>0.270503,-0.460498,-0.845439</userorientation_row2>
        </userorientation>
      </transform>
      <snapped>false</snapped>
      <handles count="3">
        <weight channel="DeformAxisLeft">0.5</weight>
        <weight channel="DeformAxisUp">0.921859</weight>
        <weight channel="DeformAxisForward">0.270145</weight>
      </handles>
    </blockref>
    <blockref>
      <blockid>flora_parts~, FE_leaf_01</blockid>
      <transform>
        <scale>3,080210</scale>
        <position>-0.146647,0.846834,7.930472</position>
        <triangledirection>0.266554,-0.683072,-0.679970</triangledirection>
        <trianglepickorigin>0,0,0</trianglepickorigin>
        <orientation>
          <row0>-0.751235,-0.660034,7.45058e-8</row0>
          <row1>0.564574,-0.642584,-0.518015</row1>
          <row2>0.341908,-0.389151,0.855371</row2>
        </orientation>
        <userorientation>
          <userorientation_row0>-0.966037,0.258345,0.00524416</userorientation_row0>
          <userorientation_row1>0.250606,0.941657,-0.224670</userorientation_row1>
          <userorientation_row2>-0.0629810,-0.215726,-0.974420</userorientation_row2>
        </userorientation>
      </transform>
      <snapped>false</snapped>
      <handles count="3">
        <weight channel="DeformAxisLeft">0.5</weight>
        <weight channel="DeformAxisUp">0.921859</weight>
        <weight channel="DeformAxisForward">0.385313</weight>
      </handles>
    </blockref>
    <blockref>
      <blockid>flora_parts~, FE_leaf_01</blockid>
      <transform>
        <scale>3,080210</scale>
        <position>0.669565,0.363519,7.158648</position>
        <triangledirection>-0.495635,-0.510888,-0.702379</triangledirection>
        <trianglepickorigin>0,0,0</trianglepickorigin>
        <orientation>
          <row0>-0.653735,0.756723,-1.19209e-7</row0>
          <row1>-0.734997,-0.634966,-0.237900</row1>
          <row2>-0.180024,-0.155523,0.971289</row2>
        </orientation>
        <userorientation>
          <userorientation_row0>-0.987766,0.0205184,0.154578</userorientation_row0>
          <userorientation_row1>-0.0625870,0.855783,-0.513532</userorientation_row1>
          <userorientation_row2>-0.142821,-0.516924,-0.844031</userorientation_row2>
        </userorientation>
      </transform>
      <snapped>false</snapped>
      <handles count="3">
        <weight channel="DeformAxisLeft">0.5</weight>
        <weight channel="DeformAxisUp">0.921859</weight>
        <weight channel="DeformAxisForward">0.319881</weight>
      </handles>
    </blockref>
    <blockref>
      <blockid>flora_parts~, FE_leaf_01</blockid>
      <transform>
        <scale>3,080210</scale>
        <position>-0.373944,-0.212768,7.972680</position>
        <triangledirection>0.639577,0.181426,-0.747009</triangledirection>
        <trianglepickorigin>0,0,0</trianglepickorigin>
        <orientation>
          <row0>0.500057,-0.865992,-6.55651e-7</row0>
          <row1>0.819774,0.473369,-0.322322</row1>
          <row2>0.279128,0.161178,0.946630</row2>
        </orientation>
        <userorientation>
          <userorientation_row0>-0.953415,0.265900,0.142460</userorientation_row0>
          <userorientation_row1>0.162711,0.850969,-0.499375</userorientation_row1>
          <userorientation_row2>-0.254014,-0.452932,-0.854592</userorientation_row2>
        </userorientation>
      </transform>
      <snapped>false</snapped>
      <handles count="3">
        <weight channel="DeformAxisLeft">0.5</weight>
        <weight channel="DeformAxisUp">0.921859</weight>
        <weight channel="DeformAxisForward">0.457118</weight>
      </handles>
    </blockref>
    <blockref>
      <blockid>flora_parts~, FE_leaf_01</blockid>
      <transform>
        <scale>0,999996</scale>
        <position>0.552106,-0.492443,0.968789</position>
        <triangledirection>-0.0520199,0.553104,-0.831485</triangledirection>
        <trianglepickorigin>0,0,0</trianglepickorigin>
        <orientation>
          <row0>0.907671,0.419680,1.63912e-7</row0>
          <row1>-0.231044,0.499695,-0.834819</row1>
          <row2>-0.350357,0.757741,0.550524</row2>
        </orientation>
        <userorientation>
          <userorientation_row0>0.978636,-0.185995,-0.0876049</userorientation_row0>
          <userorientation_row1>0.184909,0.982542,-0.0204172</userorientation_row1>
          <userorientation_row2>0.0898732,0.00378201,0.995945</userorientation_row2>
        </userorientation>
      </transform>
      <snapped>false</snapped>
      <handles count="3">
        <weight channel="DeformAxisLeft">0.5</weight>
        <weight channel="DeformAxisUp">0.159078</weight>
        <weight channel="DeformAxisForward">0.153067</weight>
      </handles>
    </blockref>
    <blockref>
      <blockid>flora_parts~, FE_leaf_01</blockid>
      <transform>
        <scale>0,860704</scale>
        <position>0.545485,-0.633231,0.855402</position>
        <triangledirection>0.509736,0.663771,-0.547335</triangledirection>
        <trianglepickorigin>0,0,0</trianglepickorigin>
        <orientation>
          <row0>0.908087,-0.418781,1.63912e-7</row0>
          <row1>0.352590,0.764558,-0.539564</row1>
          <row2>0.225959,0.489971,0.841944</row2>
        </orientation>
        <userorientation>
          <userorientation_row0>0.978636,-0.185995,-0.0876049</userorientation_row0>
          <userorientation_row1>0.184909,0.982542,-0.0204172</userorientation_row1>
          <userorientation_row2>0.0898732,0.00378201,0.995945</userorientation_row2>
        </userorientation>
      </transform>
      <snapped>false</snapped>
      <handles count="3">
        <weight channel="DeformAxisLeft">0.5</weight>
        <weight channel="DeformAxisUp">0.159078</weight>
        <weight channel="DeformAxisForward">0.153067</weight>
      </handles>
    </blockref>
    <blockref>
      <blockid>flora_parts~, fe_cap_01a</blockid>
      <transform>
        <scale>1</scale>
        <position>1.269595,-4.472182,11.170214</position>
        <triangledirection>-0.576403,0.801113,-0.161172</triangledirection>
        <trianglepickorigin>0,0,0</trianglepickorigin>
        <orientation>
          <row0>0.811725,0.584038,8.19563e-8</row0>
          <row1>-0.576403,0.801113,-0.161172</row1>
          <row2>-0.0941308,0.130827,0.986926</row2>
        </orientation>
      </transform>
      <snapped>false</snapped>
    </blockref>
    <blockref>
      <blockid>flora_parts~, fe_cap_01a</blockid>
      <transform>
        <scale>1</scale>
        <position>-0.384979,-4.461510,11.479922</position>
        <triangledirection>0.853168,0.251564,0.456967</triangledirection>
        <trianglepickorigin>0,0,0</trianglepickorigin>
        <orientation>
          <row0>0.282820,-0.959172,4.09781e-7</row0>
          <row1>0.853168,0.251564,0.456967</row1>
          <row2>-0.438310,-0.129239,0.889483</row2>
        </orientation>
      </transform>
      <snapped>false</snapped>
    </blockref>
    <blockref>
      <blockid>flora_parts~, fe_cap_01a</blockid>
      <transform>
        <scale>1</scale>
        <position>-0.876742,-1.017448,11.231610</position>
        <triangledirection>0.886032,0.335976,0.319478</triangledirection>
        <trianglepickorigin>0,0,0</trianglepickorigin>
        <orientation>
          <row0>0.354557,-0.935034,2.45869e-7</row0>
          <row1>0.886032,0.335976,0.319478</row1>
          <row2>-0.298723,-0.113273,0.947593</row2>
        </orientation>
      </transform>
      <snapped>false</snapped>
    </blockref>
    <blockref>
      <blockid>flora_parts~, fe_cap_01a</blockid>
      <transform>
        <scale>1</scale>
        <position>0.534051,-2.270911,13.410334</position>
        <triangledirection>0.191999,0.761488,-0.619089</triangledirection>
        <trianglepickorigin>0,0,0</trianglepickorigin>
        <orientation>
          <row0>0.969653,-0.244485,9.68575e-8</row0>
          <row1>0.191999,0.761488,-0.619089</row1>
          <row2>0.151357,0.600301,0.785320</row2>
        </orientation>
      </transform>
      <snapped>false</snapped>
    </blockref>
    <blockref>
      <blockid>flora_parts~, fe_cap_01a</blockid>
      <transform>
        <scale>1</scale>
        <position>1.395202,1.673588,12.107031</position>
        <triangledirection>-0.413266,-0.908908,-0.0556511</triangledirection>
        <trianglepickorigin>0,0,0</trianglepickorigin>
        <orientation>
          <row0>-0.910318,0.413907,9.31322e-9</row0>
          <row1>-0.413266,-0.908908,-0.0556511</row1>
          <row2>-0.0230344,-0.0506602,0.998450</row2>
        </orientation>
      </transform>
      <snapped>false</snapped>
    </blockref>
    <blockref>
      <blockid>flora_parts~, fe_cap_01a</blockid>
      <transform>
        <scale>1</scale>
        <position>-1.902703,2.879204,12.147440</position>
        <triangledirection>-0.578651,-0.553880,0.598647</triangledirection>
        <trianglepickorigin>0,0,0</trianglepickorigin>
        <orientation>
          <row0>-0.691475,0.722400,5.96046e-8</row0>
          <row1>-0.578651,-0.553880,0.598647</row1>
          <row2>0.432462,0.413949,0.801012</row2>
        </orientation>
      </transform>
      <snapped>false</snapped>
    </blockref>
    <blockref>
      <blockid>flora_parts~, fe_cap_01a</blockid>
      <transform>
        <scale>1</scale>
        <position>-3.665728,2.786494,12.827703</position>
        <triangledirection>0.656756,0.352476,-0.666656</triangledirection>
        <trianglepickorigin>0,0,0</trianglepickorigin>
        <orientation>
          <row0>0.472890,-0.881121,-1.63912e-7</row0>
          <row1>0.656756,0.352476,-0.666656</row1>
          <row2>0.587405,0.315255,0.745365</row2>
        </orientation>
      </transform>
      <snapped>false</snapped>
    </blockref>
    <blockref>
      <blockid>flora_parts~, fe_cap_01a</blockid>
      <transform>
        <scale>1</scale>
        <position>1.865648,-0.324667,10.388402</position>
        <triangledirection>-0.278101,-0.246497,0.928385</triangledirection>
        <trianglepickorigin>0,0,0</trianglepickorigin>
        <orientation>
          <row0>-0.663305,0.748348,-1.19209e-7</row0>
          <row1>-0.278101,-0.246497,0.928385</row1>
          <row2>0.694755,0.615802,0.371619</row2>
        </orientation>
      </transform>
      <snapped>false</snapped>
    </blockref>
  </blocks></sporemodel>