spore0005438f634740666200ad46c553d816b417ffffffffffffffff0000000ebfdb7f6e06KChangfffffffffffffffe06Vixxus0000000<?xml version="1.0" encoding="UTF-8"?><sporemodel>
  <properties>
    <modeltype>PlantMedium</modeltype>
    <skineffectseed1>1234</skineffectseed1>
    <skineffectseed2>1234</skineffectseed2>
    <skineffectseed3>1234</skineffectseed3>
    <skincolor1>0.576469,0.211764,0.184312</skincolor1>
    <skincolor2>0.290195,0.337254,0.905882</skincolor2>
    <skincolor3>0.905882,0.549019,0.411763</skincolor3>
    <zcorpscore>19</zcorpscore>
  </properties>
  <blocks count="13">
    <blockref>
      <blockid>flora_parts~, fe_root_dummy</blockid>
      <transform>
        <scale>1</scale>
        <position>0,0,0.600000</position>
        <triangledirection>0,1,0</triangledirection>
        <trianglepickorigin>0,0,0</trianglepickorigin>
        <orientation>
          <row0>1,0,0</row0>
          <row1>0,1,0</row1>
          <row2>0,0,1</row2>
        </orientation>
      </transform>
      <snapped>false</snapped>
      <childlist count="2">
        <childid>3</childid>
        <childid>1</childid>
      </childlist>
    </blockref>
    <blockref>
      <blockid>flora_parts~, FE_muscle_branch_04</blockid>
      <transform>
        <limbtype>0</limbtype>
        <musclescale>0.675000</musclescale>
        <basemusclescale>2.849998</basemusclescale>
        <scale>1</scale>
        <position>0,0,0.600000</position>
        <triangledirection>-0.00436398,0.0160358,0.999861</triangledirection>
        <trianglepickorigin>0,0,0</trianglepickorigin>
        <orientation>
          <row0>-0.0934407,-0.995503,0.0155581</row0>
          <row1>-0.00436398,0.0160358,0.999861</row1>
          <row2>-0.995615,0.0933599,-0.00584277</row2>
        </orientation>
      </transform>
      <snapped>true</snapped>
      <childlist count="1">
        <childid>2</childid>
      </childlist>
      <handles count="1">
        <weight channel="longer">0.0356860</weight>
      </handles>
    </blockref>
    <blockref>
      <blockid>Creature_parts~, ce_grasper_null</blockid>
      <transform>
        <basemusclescale>1.399998</basemusclescale>
        <scale>1</scale>
        <position>0.00199898,-0.00734398,0.142098</position>
        <triangledirection>0,0,-1</triangledirection>
        <trianglepickorigin>0,0,0</trianglepickorigin>
        <orientation>
          <row0>1,0,0</row0>
          <row1>0,0,-1</row1>
          <row2>0,1,0</row2>
        </orientation>
      </transform>
      <snapped>true</snapped>
    </blockref>
    <blockref>
      <blockid>flora_parts~, fe_trunk_01</blockid>
      <transform>
        <limbtype>2</limbtype>
        <musclescale>0.5</musclescale>
        <basemusclescale>2.849998</basemusclescale>
        <scale>2</scale>
        <position>0,0,0.600000</position>
        <triangledirection>0,1.19209e-6,-1</triangledirection>
        <trianglepickorigin>0,0,0</trianglepickorigin>
        <orientation>
          <row0>1,0,0</row0>
          <row1>0,1.19209e-6,-1</row1>
          <row2>0,1,1.19209e-6</row2>
        </orientation>
        <userorientation>
          <userorientation_row0>0.449245,0,-0.893408</userorientation_row0>
          <userorientation_row1>0,1,0</userorientation_row1>
          <userorientation_row2>0.893408,0,0.449245</userorientation_row2>
        </userorientation>
      </transform>
      <snapped>true</snapped>
      <childlist count="7">
        <childid>11</childid>
        <childid>10</childid>
        <childid>8</childid>
        <childid>7</childid>
        <childid>6</childid>
        <childid>5</childid>
        <childid>4</childid>
      </childlist>
      <handles count="3">
        <weight channel="DeformAxisLeft">0.562830</weight>
        <weight channel="DeformAxisForward">0.254561</weight>
        <weight channel="DeformBoneLength">0.100361</weight>
      </handles>
    </blockref>
    <blockref>
      <blockid>Creature_parts~, ce_grasper_null</blockid>
      <transform>
        <basemusclescale>1</basemusclescale>
        <scale>1</scale>
        <position>0,-3.53100e-6,3.562026</position>
        <triangledirection>0,1.19209e-6,-1</triangledirection>
        <trianglepickorigin>0,0,0</trianglepickorigin>
        <orientation>
          <row0>1,0,0</row0>
          <row1>0,1.19209e-6,-1</row1>
          <row2>0,1,1.19209e-6</row2>
        </orientation>
      </transform>
      <snapped>true</snapped>
    </blockref>
    <blockref>
      <blockid>flora_parts~, fe_canopy_06</blockid>
      <transform>
        <scale>1,75</scale>
        <position>0.330332,0.00730260,3.613675</position>
        <triangledirection>-0.971464,-0.183419,-0.150371</triangledirection>
        <trianglepickorigin>0,0,0</trianglepickorigin>
        <orientation>
          <row0>0.449414,0.893323,-2.98023e-8</row0>
          <row1>-0.836584,0.420870,-0.350705</row1>
          <row2>-0.313293,0.157612,0.936485</row2>
        </orientation>
        <userorientation>
          <userorientation_row0>0.797503,0.602645,0.0283601</userorientation_row0>
          <userorientation_row1>-0.600443,0.788252,0.134622</userorientation_row1>
          <userorientation_row2>0.0587754,-0.124391,0.990490</userorientation_row2>
        </userorientation>
      </transform>
      <snapped>false</snapped>
      <childlist count="1">
        <childid>9</childid>
      </childlist>
      <handles count="2">
        <weight channel="DeformAxisLeft">0.215265</weight>
        <weight channel="DeformAxisForward">0</weight>
      </handles>
    </blockref>
    <blockref>
      <blockid>flora_parts~, fe_canopy_06</blockid>
      <transform>
        <scale>1,75</scale>
        <position>-0.100077,0.230173,3.694920</position>
        <triangledirection>0.390928,-0.731116,-0.559144</triangledirection>
        <trianglepickorigin>0,0,0</trianglepickorigin>
        <orientation>
          <row0>-0.995063,-0.0992445,-1.86264e-8</row0>
          <row1>0.0713473,-0.715355,-0.695108</row1>
          <row2>0.0689857,-0.691676,0.718904</row2>
        </orientation>
        <userorientation>
          <userorientation_row0>0.937017,0.331065,-0.111327</userorientation_row0>
          <userorientation_row1>-0.316439,0.939566,0.130692</userorientation_row1>
          <userorientation_row2>0.147868,-0.0872334,0.985152</userorientation_row2>
        </userorientation>
      </transform>
      <snapped>false</snapped>
      <handles count="2">
        <weight channel="DeformAxisLeft">0.176578</weight>
        <weight channel="DeformAxisForward">0</weight>
      </handles>
    </blockref>
    <blockref>
      <blockid>flora_parts~, fe_cap_02a</blockid>
      <transform>
        <scale>1</scale>
        <position>0.0468345,-0.706709,2.259276</position>
        <triangledirection>-0.307033,0.944933,0.113274</triangledirection>
        <trianglepickorigin>0,0,0</trianglepickorigin>
        <orientation>
          <row0>0.951054,0.309022,-2.64495e-7</row0>
          <row1>-0.307033,0.944933,0.113274</row1>
          <row2>0.0350044,-0.107729,0.993563</row2>
        </orientation>
      </transform>
      <snapped>false</snapped>
    </blockref>
    <blockref>
      <blockid>flora_parts~, fe_cap_02a</blockid>
      <transform>
        <scale>1</scale>
        <position>0.297468,0.493088,2.200078</position>
        <triangledirection>-0.555832,0.170168,0.813690</triangledirection>
        <trianglepickorigin>0,0,0</trianglepickorigin>
        <orientation>
          <row0>0.292739,0.956192,4.32133e-7</row0>
          <row1>-0.555832,0.170168,0.813690</row1>
          <row2>0.778045,-0.238199,0.581297</row2>
        </orientation>
      </transform>
      <snapped>false</snapped>
    </blockref>
    <blockref>
      <blockid>flora_parts~, fe_cap_02a</blockid>
      <transform>
        <scale>1</scale>
        <position>1.330411,0.389257,3.772018</position>
        <triangledirection>-0.580134,0.257467,0.772757</triangledirection>
        <trianglepickorigin>0,0,0</trianglepickorigin>
        <orientation>
          <row0>0.405652,0.914027,8.34465e-7</row0>
          <row1>-0.580134,0.257467,0.772757</row1>
          <row2>0.706321,-0.313471,0.634701</row2>
        </orientation>
      </transform>
      <snapped>false</snapped>
    </blockref>
    <blockref>
      <blockid>flora_parts~, fe_cap_02a</blockid>
      <transform>
        <scale>1</scale>
        <position>-0.264817,0.110905,2.649300</position>
        <triangledirection>0.478612,-0.659844,-0.579253</triangledirection>
        <trianglepickorigin>0,0,0</trianglepickorigin>
        <orientation>
          <row0>-0.809479,-0.587148,-7.59959e-7</row0>
          <row1>0.478612,-0.659844,-0.579253</row1>
          <row2>0.340107,-0.468894,0.815147</row2>
        </orientation>
      </transform>
      <snapped>false</snapped>
    </blockref>
    <blockref>
      <blockid>flora_parts~, fe_canopy_06</blockid>
      <transform>
        <scale>1,75</scale>
        <position>-0.124686,-0.312205,3.506381</position>
        <triangledirection>0.365123,0.890836,-0.270359</triangledirection>
        <trianglepickorigin>0,0,0</trianglepickorigin>
        <orientation>
          <row0>0.999361,0.0357454,2.70083e-8</row0>
          <row1>-0.0329453,0.921075,-0.387987</row1>
          <row2>-0.0138688,0.387739,0.921664</row2>
        </orientation>
        <userorientation>
          <userorientation_row0>0.794922,-0.292203,-0.531706</userorientation_row0>
          <userorientation_row1>0.396733,0.913395,0.0911676</userorientation_row1>
          <userorientation_row2>0.459019,-0.283417,0.842006</userorientation_row2>
        </userorientation>
      </transform>
      <snapped>false</snapped>
      <childlist count="1">
        <childid>12</childid>
      </childlist>
      <handles count="2">
        <weight channel="DeformAxisLeft">0.215265</weight>
        <weight channel="DeformAxisForward">0</weight>
      </handles>
    </blockref>
    <blockref>
      <blockid>flora_parts~, fe_cap_02a</blockid>
      <transform>
        <scale>1</scale>
        <position>-0.219177,-1.025278,3.452183</position>
        <triangledirection>0.648196,-0.00126171,0.761472</triangledirection>
        <trianglepickorigin>0,0,0</trianglepickorigin>
        <orientation>
          <row0>-0.00194650,-0.999998,8.55652e-9</row0>
          <row1>0.648196,-0.00126171,0.761472</row1>
          <row2>-0.761470,0.00148221,0.648197</row2>
        </orientation>
      </transform>
      <snapped>false</snapped>
    </blockref>
  </blocks></sporemodel>