spore0005438f63474066620065302f19d816b417ffffffffffffffff0000000ebfdb7f6106KChangfffffffffffffffe08Lingulus0000000<?xml version="1.0" encoding="UTF-8"?><sporemodel>
  <properties>
    <modeltype>PlantLarge</modeltype>
    <skineffectseed1>1234</skineffectseed1>
    <skineffectseed2>1234</skineffectseed2>
    <skineffectseed3>1234</skineffectseed3>
    <skincolor1>0.223527,0.258823,0.694117</skincolor1>
    <skincolor2>0.694117,0.129411,0.231372</skincolor2>
    <skincolor3>0.972549,0.749019,0.262743</skincolor3>
    <zcorpscore>4</zcorpscore>
  </properties>
  <blocks count="34">
    <blockref>
      <blockid>flora_parts~, fe_root_dummy</blockid>
      <transform>
        <scale>1</scale>
        <position>0.00522697,0.00798370,0.600000</position>
        <triangledirection>0,1,0</triangledirection>
        <trianglepickorigin>0,0,0</trianglepickorigin>
        <orientation>
          <row0>1,0,0</row0>
          <row1>0,1,0</row1>
          <row2>0,0,1</row2>
        </orientation>
      </transform>
      <snapped>false</snapped>
      <childlist count="4">
        <childid>8</childid>
        <childid>6</childid>
        <childid>4</childid>
        <childid>1</childid>
      </childlist>
    </blockref>
    <blockref>
      <blockid>flora_parts~, fe_muscle_branch_01</blockid>
      <transform>
        <limbtype>0</limbtype>
        <musclescale>1</musclescale>
        <basemusclescale>2.099997</basemusclescale>
        <scale>1</scale>
        <position>0.00522697,0.00798370,0.600000</position>
        <triangledirection>0,0,-1</triangledirection>
        <trianglepickorigin>0,0,0</trianglepickorigin>
        <orientation>
          <row0>-0.444080,-0.895987,0</row0>
          <row1>0,0,-1</row1>
          <row2>0.895987,-0.444080,0</row2>
        </orientation>
      </transform>
      <snapped>true</snapped>
      <childlist count="1">
        <childid>2</childid>
      </childlist>
      <handles count="1">
        <weight channel="longer">0.659457</weight>
      </handles>
    </blockref>
    <blockref>
      <blockid>flora_parts~, fe_muscle_branch_01</blockid>
      <transform>
        <limbtype>0</limbtype>
        <musclescale>0.900000</musclescale>
        <basemusclescale>1.949998</basemusclescale>
        <scale>1</scale>
        <position>0.00522697,0.00798370,4.972756</position>
        <triangledirection>0.399826,0.609316,-0.684741</triangledirection>
        <trianglepickorigin>0,0,0</trianglepickorigin>
        <orientation>
          <row0>-0.0739003,-0.723191,-0.686682</row0>
          <row1>0.399826,0.609316,-0.684741</row1>
          <row2>0.913606,-0.325156,0.244122</row2>
        </orientation>
      </transform>
      <snapped>true</snapped>
      <childlist count="3">
        <childid>13</childid>
        <childid>10</childid>
        <childid>3</childid>
      </childlist>
      <handles count="1">
        <weight channel="longer">0.503305</weight>
      </handles>
    </blockref>
    <blockref>
      <blockid>flora_parts~, fe_canopy_12</blockid>
      <transform>
        <scale>3,437059</scale>
        <position>-1.485770,-2.256114,7.320406</position>
        <triangledirection>0.679643,0.678211,-0.279485</triangledirection>
        <trianglepickorigin>0,0,0</trianglepickorigin>
        <orientation>
          <row0>0.828208,-0.560420,-9.68575e-8</row0>
          <row1>0.551898,0.815613,-0.173730</row1>
          <row2>0.0973620,0.143884,0.984793</row2>
        </orientation>
        <userorientation>
          <userorientation_row0>0.980377,-0.172602,0.0952211</userorientation_row0>
          <userorientation_row1>0.182802,0.976808,-0.111479</userorientation_row1>
          <userorientation_row2>-0.0737710,0.126699,0.989194</userorientation_row2>
        </userorientation>
      </transform>
      <snapped>false</snapped>
      <childlist count="2">
        <childid>33</childid>
        <childid>32</childid>
      </childlist>
      <handles count="2">
        <weight channel="DeformAxisLeft">1</weight>
        <weight channel="DeformAxisForward">0</weight>
      </handles>
    </blockref>
    <blockref>
      <blockid>flora_parts~, FE_muscle_branch_04</blockid>
      <transform>
        <limbtype>0</limbtype>
        <musclescale>0.524997</musclescale>
        <basemusclescale>2.099997</basemusclescale>
        <scale>1</scale>
        <position>0.00522697,0.00798370,0.600000</position>
        <triangledirection>-0.353940,0.716074,0.601633</triangledirection>
        <trianglepickorigin>0,0,0</trianglepickorigin>
        <orientation>
          <row0>0.292510,0.695756,-0.656018</row0>
          <row1>-0.353940,0.716074,0.601633</row1>
          <row2>0.888348,0.0562074,0.455715</row2>
        </orientation>
      </transform>
      <snapped>true</snapped>
      <childlist count="1">
        <childid>5</childid>
      </childlist>
      <handles count="1">
        <weight channel="longer">0.216650</weight>
      </handles>
    </blockref>
    <blockref>
      <blockid>Creature_parts~, ce_grasper_null</blockid>
      <transform>
        <basemusclescale>0.5</basemusclescale>
        <scale>1</scale>
        <position>0.569303,-1.133234,-0.358833</position>
        <triangledirection>0,0,-1</triangledirection>
        <trianglepickorigin>0,0,0</trianglepickorigin>
        <orientation>
          <row0>1,0,0</row0>
          <row1>0,0,-1</row1>
          <row2>0,1,0</row2>
        </orientation>
      </transform>
      <snapped>true</snapped>
    </blockref>
    <blockref>
      <blockid>flora_parts~, fe_muscle_branch_01</blockid>
      <transform>
        <limbtype>0</limbtype>
        <musclescale>0.75</musclescale>
        <basemusclescale>2.099997</basemusclescale>
        <scale>1</scale>
        <position>0.00522697,0.00798370,0.600000</position>
        <triangledirection>-0.484347,-0.579932,0.655046</triangledirection>
        <trianglepickorigin>0,0,0</trianglepickorigin>
        <orientation>
          <row0>0.105374,-0.781950,-0.614369</row0>
          <row1>-0.484347,-0.579932,0.655046</row1>
          <row2>-0.868506,0.228543,-0.439845</row2>
        </orientation>
      </transform>
      <snapped>true</snapped>
      <childlist count="1">
        <childid>7</childid>
      </childlist>
      <handles count="1">
        <weight channel="longer">0.202262</weight>
      </handles>
    </blockref>
    <blockref>
      <blockid>Creature_parts~, ce_grasper_null</blockid>
      <transform>
        <basemusclescale>0.75</basemusclescale>
        <scale>1</scale>
        <position>0.733392,0.879852,-0.384793</position>
        <triangledirection>0,0,-1</triangledirection>
        <trianglepickorigin>0,0,0</trianglepickorigin>
        <orientation>
          <row0>1,0,0</row0>
          <row1>0,0,-1</row1>
          <row2>0,1,0</row2>
        </orientation>
      </transform>
      <snapped>true</snapped>
    </blockref>
    <blockref>
      <blockid>flora_parts~, fe_muscle_branch_01</blockid>
      <transform>
        <limbtype>0</limbtype>
        <musclescale>0.824997</musclescale>
        <basemusclescale>2.099997</basemusclescale>
        <scale>1</scale>
        <position>0.00522697,0.00798370,0.600000</position>
        <triangledirection>0.704647,-0.400265,0.585883</triangledirection>
        <trianglepickorigin>0,0,0</trianglepickorigin>
        <orientation>
          <row0>0.500682,0.865563,-0.0108376</row0>
          <row1>0.704647,-0.400265,0.585883</row1>
          <row2>0.502781,-0.300978,-0.810322</row2>
        </orientation>
      </transform>
      <snapped>true</snapped>
      <childlist count="1">
        <childid>9</childid>
      </childlist>
      <handles count="1">
        <weight channel="longer">0.202728</weight>
      </handles>
    </blockref>
    <blockref>
      <blockid>Creature_parts~, ce_grasper_null</blockid>
      <transform>
        <basemusclescale>0.699997</basemusclescale>
        <scale>1</scale>
        <position>-1.056197,0.610911,-0.282530</position>
        <triangledirection>0,0,-1</triangledirection>
        <trianglepickorigin>0,0,0</trianglepickorigin>
        <orientation>
          <row0>1,-10e-7,0</row0>
          <row1>0,0,-1</row1>
          <row2>10e-7,1,0</row2>
        </orientation>
      </transform>
      <snapped>true</snapped>
    </blockref>
    <blockref>
      <blockid>flora_parts~, FE_leaf_24</blockid>
      <transform>
        <scale>3,857426</scale>
        <position>0.0610510,0.112813,5.216181</position>
        <triangledirection>-0.191999,-0.459638,-0.867103</triangledirection>
        <trianglepickorigin>0,0,0</trianglepickorigin>
        <orientation>
          <row0>-0.922732,0.385440,5.21540e-7</row0>
          <row1>-0.356344,-0.853075,-0.381157</row1>
          <row2>-0.146913,-0.351706,0.924510</row2>
        </orientation>
        <userorientation>
          <userorientation_row0>1,0,0</userorientation_row0>
          <userorientation_row1>0,0.791026,-0.611781</userorientation_row1>
          <userorientation_row2>0,0.611781,0.791026</userorientation_row2>
        </userorientation>
      </transform>
      <snapped>false</snapped>
      <childlist count="4">
        <childid>18</childid>
        <childid>17</childid>
        <childid>16</childid>
        <childid>11</childid>
      </childlist>
      <handles count="4">
        <weight channel="bend">0.522502</weight>
        <weight channel="flatten">0.415875</weight>
        <weight channel="Length">0.254477</weight>
        <weight channel="width">0.637567</weight>
      </handles>
    </blockref>
    <blockref>
      <blockid>flora_parts~, FE_leaf_24</blockid>
      <transform>
        <scale>6,049651</scale>
        <position>0.123125,1.018331,8.843012</position>
        <triangledirection>-0.376516,0.587592,-0.716219</triangledirection>
        <trianglepickorigin>0,0,0</trianglepickorigin>
        <orientation>
          <row0>0.992003,0.126210,7.45058e-8</row0>
          <row1>-0.123476,0.970510,-0.207034</row1>
          <row2>-0.0261299,0.205378,0.978333</row2>
        </orientation>
        <userorientation>
          <userorientation_row0>-0.0390015,0.587275,0.808446</userorientation_row0>
          <userorientation_row1>-0.299344,0.765036,-0.570183</userorientation_row1>
          <userorientation_row2>-0.953347,-0.264241,0.145960</userorientation_row2>
        </userorientation>
      </transform>
      <snapped>false</snapped>
      <childlist count="2">
        <childid>20</childid>
        <childid>12</childid>
      </childlist>
      <handles count="4">
        <weight channel="bend">0.522502</weight>
        <weight channel="flatten">0.415875</weight>
        <weight channel="Length">0.254477</weight>
        <weight channel="width">0.637567</weight>
      </handles>
    </blockref>
    <blockref>
      <blockid>flora_parts~, FE_leaf_24</blockid>
      <transform>
        <scale>5,612524</scale>
        <position>0.476352,-3.192493,12.578591</position>
        <triangledirection>0.577797,0.606387,-0.546299</triangledirection>
        <trianglepickorigin>0,0,0</trianglepickorigin>
        <orientation>
          <row0>-0.311103,-0.950008,-0.0264369</row0>
          <row1>0.742666,-0.225659,-0.630494</row1>
          <row2>0.593009,-0.215783,0.775743</row2>
        </orientation>
        <userorientation>
          <userorientation_row0>-0.381792,-0.140395,0.913522</userorientation_row0>
          <userorientation_row1>-0.741384,0.636712,-0.211997</userorientation_row1>
          <userorientation_row2>-0.551887,-0.758211,-0.347179</userorientation_row2>
        </userorientation>
      </transform>
      <snapped>false</snapped>
      <childlist count="2">
        <childid>21</childid>
        <childid>14</childid>
      </childlist>
      <handles count="4">
        <weight channel="bend">0.522502</weight>
        <weight channel="flatten">0.415875</weight>
        <weight channel="Length">0.135852</weight>
        <weight channel="width">0.637567</weight>
      </handles>
    </blockref>
    <blockref>
      <blockid>Creature_parts~, ce_grasper_null</blockid>
      <transform>
        <basemusclescale>1.599998</basemusclescale>
        <scale>1</scale>
        <position>-1.351282,-2.059271,7.295907</position>
        <triangledirection>-0.877143,0.172206,-0.448290</triangledirection>
        <trianglepickorigin>0,0,0</trianglepickorigin>
        <orientation>
          <row0>0.199671,-0.718199,-0.666573</row0>
          <row1>-0.877143,0.172206,-0.448290</row1>
          <row2>0.436750,0.674191,-0.595579</row2>
        </orientation>
      </transform>
      <snapped>true</snapped>
    </blockref>
    <blockref>
      <blockid>flora_parts~, FE_leaf_24</blockid>
      <transform>
        <scale>4,157859</scale>
        <position>-2.675289,-4.893885,14.616492</position>
        <triangledirection>0.679014,-0.524280,-0.513874</triangledirection>
        <trianglepickorigin>0,0,0</trianglepickorigin>
        <orientation>
          <row0>-0.984579,-0.164908,-0.0583780</row0>
          <row1>0.152513,-0.645710,-0.748196</row1>
          <row2>0.0856884,-0.745562,0.660904</row2>
        </orientation>
        <userorientation>
          <userorientation_row0>-0.704382,-0.532605,0.469227</userorientation_row0>
          <userorientation_row1>-0.552086,0.826570,0.109445</userorientation_row1>
          <userorientation_row2>-0.446141,-0.181962,-0.876267</userorientation_row2>
        </userorientation>
      </transform>
      <snapped>false</snapped>
      <childlist count="2">
        <childid>22</childid>
        <childid>15</childid>
      </childlist>
      <handles count="4">
        <weight channel="bend">0.522502</weight>
        <weight channel="flatten">0.415875</weight>
        <weight channel="Length">0.235686</weight>
        <weight channel="width">0.637567</weight>
      </handles>
    </blockref>
    <blockref>
      <blockid>flora_parts~, FE_leaf_24</blockid>
      <transform>
        <scale>3,578702</scale>
        <position>-4.831783,-2.150644,15.608635</position>
        <triangledirection>0.106963,-0.989794,0.0941514</triangledirection>
        <trianglepickorigin>0,0,0</trianglepickorigin>
        <orientation>
          <row0>-0.913061,0.404846,-0.0491736</row0>
          <row1>-0.325693,-0.796434,-0.509526</row1>
          <row2>-0.245443,-0.449213,0.859048</row2>
        </orientation>
        <userorientation>
          <userorientation_row0>-0.0981239,-0.620536,0.778014</userorientation_row0>
          <userorientation_row1>-0.503008,0.705496,0.499256</userorientation_row1>
          <userorientation_row2>-0.858693,-0.342357,-0.381359</userorientation_row2>
        </userorientation>
      </transform>
      <snapped>false</snapped>
      <childlist count="1">
        <childid>23</childid>
      </childlist>
      <handles count="4">
        <weight channel="bend">0.522502</weight>
        <weight channel="flatten">0.415875</weight>
        <weight channel="Length">0.156829</weight>
        <weight channel="width">0.637567</weight>
      </handles>
    </blockref>
    <blockref>
      <blockid>flora_parts~, FE_leaf_24</blockid>
      <transform>
        <scale>4,481690</scale>
        <position>0.774048,1.649379,7.774374</position>
        <triangledirection>-0.470454,-0.878618,-0.0818578</triangledirection>
        <trianglepickorigin>0,0,0</trianglepickorigin>
        <orientation>
          <row0>-0.813330,0.581801,2.16066e-7</row0>
          <row1>-0.564169,-0.788681,0.244325</row1>
          <row2>0.142148,0.198716,0.969693</row2>
        </orientation>
        <userorientation>
          <userorientation_row0>0.942573,0.216178,0.254603</userorientation_row0>
          <userorientation_row1>-0.128546,0.938366,-0.320848</userorientation_row1>
          <userorientation_row2>-0.308271,0.269694,0.912267</userorientation_row2>
        </userorientation>
      </transform>
      <snapped>false</snapped>
      <childlist count="1">
        <childid>19</childid>
      </childlist>
      <handles count="4">
        <weight channel="bend">0.500948</weight>
        <weight channel="flatten">0.314345</weight>
        <weight channel="Length">0.303685</weight>
        <weight channel="width">0.693686</weight>
      </handles>
    </blockref>
    <blockref>
      <blockid>flora_parts~, FE_leaf_24</blockid>
      <transform>
        <scale>3,578702</scale>
        <position>-0.134502,1.541708,7.691521</position>
        <triangledirection>0.642059,-0.763109,0.0736422</triangledirection>
        <trianglepickorigin>0,0,0</trianglepickorigin>
        <orientation>
          <row0>-0.652686,-0.757628,4.17232e-7</row0>
          <row1>0.721546,-0.621602,0.304927</row1>
          <row2>-0.231021,0.199022,0.952375</row2>
        </orientation>
        <userorientation>
          <userorientation_row0>0.937901,-0.0742093,0.338871</userorientation_row0>
          <userorientation_row1>0.159090,0.960082,-0.230070</userorientation_row1>
          <userorientation_row2>-0.308271,0.269694,0.912267</userorientation_row2>
        </userorientation>
      </transform>
      <snapped>false</snapped>
      <childlist count="1">
        <childid>24</childid>
      </childlist>
      <handles count="4">
        <weight channel="bend">0.500948</weight>
        <weight channel="flatten">0.0357191</weight>
        <weight channel="Length">0.303685</weight>
        <weight channel="width">0.693686</weight>
      </handles>
    </blockref>
    <blockref>
      <blockid>flora_parts~, FE_leaf_24</blockid>
      <transform>
        <scale>4,830744</scale>
        <position>1.264049,0.810326,7.900008</position>
        <triangledirection>-0.998412,0.0539902,-0.0159921</triangledirection>
        <trianglepickorigin>0,0,0</trianglepickorigin>
        <orientation>
          <row0>0.0817259,0.996654,-2.79396e-8</row0>
          <row1>-0.957715,0.0785329,0.276790</row1>
          <row2>0.275864,-0.0226209,0.960930</row2>
        </orientation>
        <userorientation>
          <userorientation_row0>0.950892,0.115368,0.287216</userorientation_row0>
          <userorientation_row1>-0.0277865,0.956009,-0.292015</userorientation_row1>
          <userorientation_row2>-0.308271,0.269694,0.912267</userorientation_row2>
        </userorientation>
      </transform>
      <snapped>false</snapped>
      <childlist count="1">
        <childid>25</childid>
      </childlist>
      <handles count="4">
        <weight channel="bend">0.500948</weight>
        <weight channel="flatten">0.728752</weight>
        <weight channel="Length">0.303685</weight>
        <weight channel="width">0.693686</weight>
      </handles>
    </blockref>
    <blockref>
      <blockid>flora_parts~, FE_leaf_21</blockid>
      <transform>
        <scale>3,080216</scale>
        <position>2.806913,4.986300,9.623008</position>
        <triangledirection>-0.676872,-0.0288785,-0.735532</triangledirection>
        <trianglepickorigin>0,0,0</trianglepickorigin>
        <orientation>
          <row0>-0.771347,0.636414,2.53319e-7</row0>
          <row1>-0.627262,-0.760255,-0.168977</row1>
          <row2>-0.107539,-0.130340,0.985620</row2>
        </orientation>
        <userorientation>
          <userorientation_row0>0.201864,0.652023,0.730831</userorientation_row0>
          <userorientation_row1>0.503725,0.570820,-0.648401</userorientation_row1>
          <userorientation_row2>-0.839946,0.499027,-0.213212</userorientation_row2>
        </userorientation>
      </transform>
      <snapped>false</snapped>
      <handles count="4">
        <weight channel="Bend_vert">0.397085</weight>
        <weight channel="Length">0.689377</weight>
        <weight channel="tweak_sideways">0.252471</weight>
        <weight channel="WidthHeight">1</weight>
      </handles>
    </blockref>
    <blockref>
      <blockid>flora_parts~, fe_canopy_12</blockid>
      <transform>
        <scale>2,546236</scale>
        <position>2.193938,-2.119194,12.637244</position>
        <triangledirection>-0.822774,-0.409004,-0.394659</triangledirection>
        <trianglepickorigin>0,0,0</trianglepickorigin>
        <orientation>
          <row0>0.109096,0.994031,1.60071e-9</row0>
          <row1>-0.994027,0.109096,0.00256489</row1>
          <row2>0.00254958,-0.000279822,0.999996</row2>
        </orientation>
        <userorientation>
          <userorientation_row0>0.838230,0.545171,0.0125080</userorientation_row0>
          <userorientation_row1>-0.496325,0.772227,-0.396641</userorientation_row1>
          <userorientation_row2>-0.225896,0.326268,0.917888</userorientation_row2>
        </userorientation>
      </transform>
      <snapped>false</snapped>
      <childlist count="2">
        <childid>31</childid>
        <childid>30</childid>
      </childlist>
      <handles count="2">
        <weight channel="DeformAxisLeft">1</weight>
        <weight channel="DeformAxisForward">0</weight>
      </handles>
    </blockref>
    <blockref>
      <blockid>flora_parts~, fe_canopy_12</blockid>
      <transform>
        <scale>2,744548</scale>
        <position>-1.300534,-5.551403,15.085028</position>
        <triangledirection>-0.522955,0.664494,-0.533820</triangledirection>
        <trianglepickorigin>0,0,0</trianglepickorigin>
        <orientation>
          <row0>0.904047,0.427432,-1.49011e-8</row0>
          <row1>-0.419853,0.888016,-0.187482</row1>
          <row2>-0.0801359,0.169492,0.982268</row2>
        </orientation>
        <userorientation>
          <userorientation_row0>0.955690,0.256793,0.143921</userorientation_row0>
          <userorientation_row1>-0.188749,0.909728,-0.369820</userorientation_row1>
          <userorientation_row2>-0.225896,0.326269,0.917888</userorientation_row2>
        </userorientation>
      </transform>
      <snapped>false</snapped>
      <childlist count="2">
        <childid>29</childid>
        <childid>28</childid>
      </childlist>
      <handles count="2">
        <weight channel="DeformAxisLeft">1</weight>
        <weight channel="DeformAxisForward">0</weight>
      </handles>
    </blockref>
    <blockref>
      <blockid>flora_parts~, fe_canopy_12</blockid>
      <transform>
        <scale>2,191565</scale>
        <position>-5.481359,-2.907905,15.771382</position>
        <triangledirection>0.875765,0.403838,-0.264479</triangledirection>
        <trianglepickorigin>0,0,0</trianglepickorigin>
        <orientation>
          <row0>0.533009,-0.846109,4.74974e-8</row0>
          <row1>0.846068,0.532984,0.00980654</row1>
          <row2>-0.00829743,-0.00522694,0.999951</row2>
        </orientation>
        <userorientation>
          <userorientation_row0>0.985491,-0.0875251,0.145412</userorientation_row0>
          <userorientation_row1>0.125100,0.953603,-0.273844</userorientation_row1>
          <userorientation_row2>-0.114698,0.288061,0.950717</userorientation_row2>
        </userorientation>
      </transform>
      <snapped>false</snapped>
      <childlist count="1">
        <childid>27</childid>
      </childlist>
      <handles count="2">
        <weight channel="DeformAxisLeft">1</weight>
        <weight channel="DeformAxisForward">0</weight>
      </handles>
    </blockref>
    <blockref>
      <blockid>flora_parts~, fe_canopy_12</blockid>
      <transform>
        <scale>2,191565</scale>
        <position>-4.401713,1.580895,15.581735</position>
        <triangledirection>0.0949878,-0.930348,-0.354156</triangledirection>
        <trianglepickorigin>0,0,0</trianglepickorigin>
        <orientation>
          <row0>-0.747956,-0.663747,7.15255e-7</row0>
          <row1>0.648061,-0.730280,-0.216118</row1>
          <row2>0.143448,-0.161646,0.976367</row2>
        </orientation>
        <userorientation>
          <userorientation_row0>0.835642,-0.546632,0.0537711</userorientation_row0>
          <userorientation_row1>0.546469,0.817513,-0.181773</userorientation_row1>
          <userorientation_row2>0.0554047,0.181282,0.981869</userorientation_row2>
        </userorientation>
      </transform>
      <snapped>false</snapped>
      <childlist count="1">
        <childid>26</childid>
      </childlist>
      <handles count="2">
        <weight channel="DeformAxisLeft">1</weight>
        <weight channel="DeformAxisForward">0</weight>
      </handles>
    </blockref>
    <blockref>
      <blockid>flora_parts~, FE_leaf_21</blockid>
      <transform>
        <scale>2,281880</scale>
        <position>-2.102905,4.276500,8.405025</position>
        <triangledirection>-0.112005,-0.241323,-0.963958</triangledirection>
        <trianglepickorigin>0,0,0</trianglepickorigin>
        <orientation>
          <row0>-0.817310,-0.576197,-2.01165e-7</row0>
          <row1>0.568370,-0.806208,0.164263</row1>
          <row2>-0.0946481,0.134253,0.986416</row2>
        </orientation>
        <userorientation>
          <userorientation_row0>0.491237,0.866150,0.0920198</userorientation_row0>
          <userorientation_row1>0.230593,-0.0274461,-0.972662</userorientation_row1>
          <userorientation_row2>-0.839946,0.499027,-0.213212</userorientation_row2>
        </userorientation>
      </transform>
      <snapped>false</snapped>
      <handles count="4">
        <weight channel="Bend_vert">0.397085</weight>
        <weight channel="Length">0.689377</weight>
        <weight channel="tweak_sideways">0.252471</weight>
        <weight channel="WidthHeight">1</weight>
      </handles>
    </blockref>
    <blockref>
      <blockid>flora_parts~, FE_leaf_21</blockid>
      <transform>
        <scale>3,578701</scale>
        <position>6.081031,-0.277107,9.114994</position>
        <triangledirection>-0.558556,0.0973002,-0.823739</triangledirection>
        <trianglepickorigin>0,0,0</trianglepickorigin>
        <orientation>
          <row0>-0.943552,0.331223,1.34110e-7</row0>
          <row1>-0.194072,-0.552850,-0.810365</row1>
          <row2>-0.268412,-0.764622,0.585924</row2>
        </orientation>
        <userorientation>
          <userorientation_row0>0.428070,0.169005,0.887802</userorientation_row0>
          <userorientation_row1>0.559255,0.722137,-0.407123</userorientation_row1>
          <userorientation_row2>-0.709922,0.670785,0.214607</userorientation_row2>
        </userorientation>
      </transform>
      <snapped>false</snapped>
      <handles count="4">
        <weight channel="Bend_vert">0.397085</weight>
        <weight channel="Length">0.689377</weight>
        <weight channel="tweak_sideways">0.252471</weight>
        <weight channel="WidthHeight">1</weight>
      </handles>
    </blockref>
    <blockref>
      <blockid>flora_parts~, fe_cap_01a</blockid>
      <transform>
        <scale>1</scale>
        <position>-5.058820,3.294534,16.288894</position>
        <triangledirection>0.215797,-0.495846,0.841169</triangledirection>
        <trianglepickorigin>0,0,0</trianglepickorigin>
        <orientation>
          <row0>0.0962257,-0.995359,1.56462e-7</row0>
          <row1>0.795103,0.0768660,-0.601583</row1>
          <row2>0.598791,0.0578879,0.798810</row2>
        </orientation>
        <userorientation>
          <userorientation_row0>-0.586647,-0.809841,-5.96046e-8</userorientation_row0>
          <userorientation_row1>0.514311,-0.372565,0.772448</userorientation_row1>
          <userorientation_row2>-0.625561,0.453155,0.635075</userorientation_row2>
        </userorientation>
      </transform>
      <snapped>false</snapped>
    </blockref>
    <blockref>
      <blockid>flora_parts~, fe_cap_01a</blockid>
      <transform>
        <scale>1</scale>
        <position>-6.891254,-3.523105,16.543483</position>
        <triangledirection>0.778975,0.495346,0.384484</triangledirection>
        <trianglepickorigin>0,0,0</trianglepickorigin>
        <orientation>
          <row0>0.536593,-0.843840,-3.27825e-7</row0>
          <row1>0.778975,0.495346,0.384484</row1>
          <row2>-0.324443,-0.206312,0.923131</row2>
        </orientation>
      </transform>
      <snapped>false</snapped>
    </blockref>
    <blockref>
      <blockid>flora_parts~, fe_cap_01a</blockid>
      <transform>
        <scale>1</scale>
        <position>-1.125005,-7.311586,16.335723</position>
        <triangledirection>-0.0566902,0.135100,0.989208</triangledirection>
        <trianglepickorigin>0,0,0</trianglepickorigin>
        <orientation>
          <row0>0.922108,0.386930,2.16066e-7</row0>
          <row1>-0.0566902,0.135100,0.989208</row1>
          <row2>0.382755,-0.912158,0.146512</row2>
        </orientation>
      </transform>
      <snapped>false</snapped>
    </blockref>
    <blockref>
      <blockid>flora_parts~, fe_cap_01a</blockid>
      <transform>
        <scale>1</scale>
        <position>1.786154,-6.771327,17.251962</position>
        <triangledirection>-0.509701,0.239431,0.826363</triangledirection>
        <trianglepickorigin>0,0,0</trianglepickorigin>
        <orientation>
          <row0>0.425174,0.905111,2.98023e-8</row0>
          <row1>-0.509701,0.239431,0.826363</row1>
          <row2>0.747951,-0.351348,0.563136</row2>
        </orientation>
      </transform>
      <snapped>false</snapped>
    </blockref>
    <blockref>
      <blockid>flora_parts~, fe_cap_01a</blockid>
      <transform>
        <scale>1</scale>
        <position>4.030037,-2.217920,13.647242</position>
        <triangledirection>-0.0391809,0.120817,0.991901</triangledirection>
        <trianglepickorigin>0,0,0</trianglepickorigin>
        <orientation>
          <row0>0.951230,0.308482,1.37835e-7</row0>
          <row1>-0.0391809,0.120817,0.991901</row1>
          <row2>0.305984,-0.943526,0.127011</row2>
        </orientation>
      </transform>
      <snapped>false</snapped>
    </blockref>
    <blockref>
      <blockid>flora_parts~, fe_cap_01a</blockid>
      <transform>
        <scale>1</scale>
        <position>2.699583,0.160605,13.417838</position>
        <triangledirection>0.339885,0.0665289,0.938110</triangledirection>
        <trianglepickorigin>0,0,0</trianglepickorigin>
        <orientation>
          <row0>0.192093,-0.981376,1.11758e-7</row0>
          <row1>0.339885,0.0665289,0.938110</row1>
          <row2>-0.920640,-0.180205,0.346335</row2>
        </orientation>
      </transform>
      <snapped>false</snapped>
    </blockref>
    <blockref>
      <blockid>flora_parts~, fe_cap_01a</blockid>
      <transform>
        <scale>1</scale>
        <position>-5.434262,-4.693700,7.963208</position>
        <triangledirection>-0.0235510,0.413044,0.910406</triangledirection>
        <trianglepickorigin>0,0,0</trianglepickorigin>
        <orientation>
          <row0>0.998378,0.0569256,2.04890e-8</row0>
          <row1>-0.0235510,0.413044,0.910406</row1>
          <row2>0.0518254,-0.908930,0.413715</row2>
        </orientation>
      </transform>
      <snapped>false</snapped>
    </blockref>
    <blockref>
      <blockid>flora_parts~, fe_cap_01a</blockid>
      <transform>
        <scale>1</scale>
        <position>-1.272289,-4.994784,8.449833</position>
        <triangledirection>-0.537914,-0.239719,0.808197</triangledirection>
        <trianglepickorigin>0,0,0</trianglepickorigin>
        <orientation>
          <row0>-0.407054,0.913403,-2.08616e-7</row0>
          <row1>-0.537914,-0.239719,0.808197</row1>
          <row2>0.738210,0.328980,0.588912</row2>
        </orientation>
      </transform>
      <snapped>false</snapped>
    </blockref>
  </blocks></sporemodel>