spore0005438f6347406662002c1ef376d816b417ffffffffffffffff0000000ebfdb7f7b06KChangfffffffffffffffe06Alorge0000000<?xml version="1.0" encoding="UTF-8"?><sporemodel>
  <properties>
    <modeltype>PlantLarge</modeltype>
    <skineffectseed1>226342</skineffectseed1>
    <skineffectseed2>1234</skineffectseed2>
    <skineffectseed3>4969</skineffectseed3>
    <skincolor1>0.352941,0.352941,0.352941</skincolor1>
    <skincolor2>0.101961,0.282353,0.0901959</skincolor2>
    <skincolor3>1,0.694118,0.0509798</skincolor3>
    <zcorpscore>7</zcorpscore>
  </properties>
  <blocks count="43">
    <blockref>
      <blockid>flora_parts~, fe_root_dummy</blockid>
      <transform>
        <scale>1</scale>
        <position>0.00553730,0.00618569,0.600000</position>
        <triangledirection>0,1,0</triangledirection>
        <trianglepickorigin>0,0,0</trianglepickorigin>
        <orientation>
          <row0>1,0,0</row0>
          <row1>0,1,0</row1>
          <row2>0,0,1</row2>
        </orientation>
      </transform>
      <snapped>false</snapped>
      <childlist count="4">
        <childid>8</childid>
        <childid>5</childid>
        <childid>3</childid>
        <childid>1</childid>
      </childlist>
    </blockref>
    <blockref>
      <blockid>flora_parts~, fe_muscle_branch_01</blockid>
      <transform>
        <limbtype>0</limbtype>
        <musclescale>0.474999</musclescale>
        <basemusclescale>1.849998</basemusclescale>
        <scale>1</scale>
        <position>0.00553730,0.00618569,0.600000</position>
        <triangledirection>-0.702784,0.221380,0.676079</triangledirection>
        <trianglepickorigin>0,0,0</trianglepickorigin>
        <orientation>
          <row0>-0.711014,-0.249972,-0.657246</row0>
          <row1>-0.702784,0.221380,0.676079</row1>
          <row2>-0.0235003,0.942605,-0.333081</row2>
        </orientation>
      </transform>
      <snapped>true</snapped>
      <childlist count="1">
        <childid>2</childid>
      </childlist>
      <handles count="1">
        <weight channel="longer">0.142245</weight>
      </handles>
    </blockref>
    <blockref>
      <blockid>Creature_parts~, ce_grasper_null</blockid>
      <transform>
        <basemusclescale>0.550000</basemusclescale>
        <scale>1</scale>
        <position>0.797385,-0.243249,-0.161757</position>
        <triangledirection>0,0,-1</triangledirection>
        <trianglepickorigin>0,0,0</trianglepickorigin>
        <orientation>
          <row0>1,0,0</row0>
          <row1>0,0,-1</row1>
          <row2>0,1,0</row2>
        </orientation>
      </transform>
      <snapped>true</snapped>
    </blockref>
    <blockref>
      <blockid>flora_parts~, fe_muscle_branch_01</blockid>
      <transform>
        <limbtype>0</limbtype>
        <musclescale>1</musclescale>
        <basemusclescale>1.849998</basemusclescale>
        <scale>1</scale>
        <position>0.00553730,0.00618569,0.600000</position>
        <triangledirection>0.151135,-0.710464,0.687313</triangledirection>
        <trianglepickorigin>0,0,0</trianglepickorigin>
        <orientation>
          <row0>0.911165,-0.169496,-0.375564</row0>
          <row1>0.151135,-0.710464,0.687313</row1>
          <row2>-0.383322,-0.683016,-0.621733</row2>
        </orientation>
      </transform>
      <snapped>true</snapped>
      <childlist count="1">
        <childid>4</childid>
      </childlist>
      <handles count="1">
        <weight channel="longer">0.162245</weight>
      </handles>
    </blockref>
    <blockref>
      <blockid>Creature_parts~, ce_grasper_null</blockid>
      <transform>
        <basemusclescale>0.5</basemusclescale>
        <scale>1</scale>
        <position>-0.183720,0.895862,-0.260686</position>
        <triangledirection>0,0,-1</triangledirection>
        <trianglepickorigin>0,0,0</trianglepickorigin>
        <orientation>
          <row0>1,0,0</row0>
          <row1>0,0,-1</row1>
          <row2>0,1,0</row2>
        </orientation>
      </transform>
      <snapped>true</snapped>
    </blockref>
    <blockref>
      <blockid>flora_parts~, fe_muscle_branch_01</blockid>
      <transform>
        <limbtype>0</limbtype>
        <musclescale>0.275000</musclescale>
        <basemusclescale>1.849998</basemusclescale>
        <scale>1</scale>
        <position>0.00553730,0.00618569,0.600000</position>
        <triangledirection>0.330631,0.594707,0.732807</triangledirection>
        <trianglepickorigin>0,0,0</trianglepickorigin>
        <orientation>
          <row0>-0.765473,-0.285191,0.576815</row0>
          <row1>0.330631,0.594707,0.732807</row1>
          <row2>-0.552026,0.751657,-0.360939</row2>
        </orientation>
      </transform>
      <snapped>true</snapped>
      <childlist count="1">
        <childid>6</childid>
      </childlist>
      <handles count="1">
        <weight channel="longer">0.162245</weight>
      </handles>
    </blockref>
    <blockref>
      <blockid>Creature_parts~, ce_grasper_null</blockid>
      <transform>
        <basemusclescale>0.5</basemusclescale>
        <scale>1</scale>
        <position>-0.408495,-0.738536,-0.317658</position>
        <triangledirection>-1.99998e-6,9.99998e-7,-1</triangledirection>
        <trianglepickorigin>0,0,0</trianglepickorigin>
        <orientation>
          <row0>1,1.00000e-6,-1.99998e-6</row0>
          <row1>-1.99998e-6,9.99998e-7,-1</row1>
          <row2>-9.99998e-7,1,1.00000e-6</row2>
        </orientation>
      </transform>
      <snapped>true</snapped>
    </blockref>
    <blockref>
      <blockid>flora_parts~, FE_muscle_branch_04</blockid>
      <transform>
        <limbtype>0</limbtype>
        <musclescale>0.375</musclescale>
        <basemusclescale>2.449999</basemusclescale>
        <scale>1</scale>
        <position>0.00553730,0.00618569,5.103740</position>
        <triangledirection>0.675466,0.0612801,-0.734840</triangledirection>
        <trianglepickorigin>0,0,0</trianglepickorigin>
        <orientation>
          <row0>0.636067,0.455729,0.622678</row0>
          <row1>0.675466,0.0612801,-0.734840</row1>
          <row2>-0.373045,0.888006,-0.268851</row2>
        </orientation>
      </transform>
      <snapped>true</snapped>
      <childlist count="1">
        <childid>17</childid>
      </childlist>
      <handles count="1">
        <weight channel="longer">0.545621</weight>
      </handles>
    </blockref>
    <blockref>
      <blockid>flora_parts~, FE_muscle_branch_04</blockid>
      <transform>
        <limbtype>0</limbtype>
        <musclescale>0.449999</musclescale>
        <basemusclescale>1.849998</basemusclescale>
        <scale>1</scale>
        <position>0.00553730,0.00618569,0.600000</position>
        <triangledirection>0,0,-1</triangledirection>
        <trianglepickorigin>0,0,0</trianglepickorigin>
        <orientation>
          <row0>0.992665,-0.120890,0</row0>
          <row1>0,0,-1</row1>
          <row2>0.120890,0.992665,0</row2>
        </orientation>
      </transform>
      <snapped>true</snapped>
      <childlist count="3">
        <childid>10</childid>
        <childid>9</childid>
        <childid>7</childid>
      </childlist>
      <handles count="1">
        <weight channel="longer">0.680328</weight>
      </handles>
    </blockref>
    <blockref>
      <blockid>flora_parts~, FE_muscle_branch_04</blockid>
      <transform>
        <limbtype>0</limbtype>
        <musclescale>0.474999</musclescale>
        <basemusclescale>2.449999</basemusclescale>
        <scale>1</scale>
        <position>0.00553730,0.00618569,5.103740</position>
        <triangledirection>0.0748444,0.692881,-0.717156</triangledirection>
        <trianglepickorigin>0,0,0</trianglepickorigin>
        <orientation>
          <row0>0.869273,-0.397733,-0.293550</row0>
          <row1>0.0748444,0.692881,-0.717156</row1>
          <row2>0.488632,0.601434,0.632071</row2>
        </orientation>
      </transform>
      <snapped>true</snapped>
      <childlist count="1">
        <childid>23</childid>
      </childlist>
      <handles count="1">
        <weight channel="longer">0.402365</weight>
      </handles>
    </blockref>
    <blockref>
      <blockid>flora_parts~, FE_muscle_branch_04</blockid>
      <transform>
        <limbtype>0</limbtype>
        <musclescale>0.400000</musclescale>
        <basemusclescale>2.449999</basemusclescale>
        <scale>1</scale>
        <position>0.00553730,0.00618569,5.103740</position>
        <triangledirection>-0.496124,-0.450558,-0.742197</triangledirection>
        <trianglepickorigin>0,0,0</trianglepickorigin>
        <orientation>
          <row0>-0.187676,0.890259,-0.414987</row0>
          <row1>-0.496124,-0.450558,-0.742197</row1>
          <row2>-0.847725,0.0665922,0.526239</row2>
        </orientation>
      </transform>
      <snapped>true</snapped>
      <childlist count="1">
        <childid>11</childid>
      </childlist>
      <handles count="1">
        <weight channel="longer">0.527000</weight>
      </handles>
    </blockref>
    <blockref>
      <blockid>flora_parts~, FE_muscle_branch_04</blockid>
      <transform>
        <limbtype>0</limbtype>
        <musclescale>0.5</musclescale>
        <basemusclescale>1.200000</basemusclescale>
        <scale>1</scale>
        <position>1.762542,1.601821,7.732202</position>
        <triangledirection>0,0,-1</triangledirection>
        <trianglepickorigin>0,0,0</trianglepickorigin>
        <orientation>
          <row0>0.437131,0.899397,0</row0>
          <row1>0,0,-1</row1>
          <row2>-0.899397,0.437131,0</row2>
        </orientation>
      </transform>
      <snapped>true</snapped>
      <childlist count="3">
        <childid>30</childid>
        <childid>16</childid>
        <childid>13</childid>
      </childlist>
      <handles count="1">
        <weight channel="longer">0.362185</weight>
      </handles>
    </blockref>
    <blockref>
      <blockid>flora_parts~, FE_leaf_21</blockid>
      <transform>
        <scale>4,157863</scale>
        <position>2.092192,1.438871,10.305673</position>
        <triangledirection>-0.563021,0.403798,-0.721077</triangledirection>
        <trianglepickorigin>0,0,0</trianglepickorigin>
        <orientation>
          <row0>0.710532,0.703664,1.19209e-7</row0>
          <row1>-0.576564,0.582191,0.573259</row1>
          <row2>0.403382,-0.407319,0.819373</row2>
        </orientation>
        <userorientation>
          <userorientation_row0>0.985452,0.140717,-0.0953023</userorientation_row0>
          <userorientation_row1>-0.115906,0.146341,-0.982420</userorientation_row1>
          <userorientation_row2>-0.124297,0.979174,0.160523</userorientation_row2>
        </userorientation>
      </transform>
      <snapped>false</snapped>
      <handles count="4">
        <weight channel="Bend_vert">0.243932</weight>
        <weight channel="Length">0.508821</weight>
        <weight channel="tweak_sideways">0.5</weight>
        <weight channel="WidthHeight">1</weight>
      </handles>
    </blockref>
    <blockref>
      <blockid>flora_parts~, FE_leaf_21</blockid>
      <transform>
        <scale>4,157851</scale>
        <position>1.871747,1.682131,10.331470</position>
        <triangledirection>-0.658138,-0.480381,-0.579729</triangledirection>
        <trianglepickorigin>0,0,0</trianglepickorigin>
        <orientation>
          <row0>-0.589563,0.807721,-1.78813e-7</row0>
          <row1>-0.658138,-0.480381,-0.579729</row1>
          <row2>-0.468260,-0.341787,0.814808</row2>
        </orientation>
      </transform>
      <snapped>false</snapped>
      <childlist count="3">
        <childid>32</childid>
        <childid>15</childid>
        <childid>12</childid>
      </childlist>
      <handles count="4">
        <weight channel="Bend_vert">0.244562</weight>
        <weight channel="Length">0.5</weight>
        <weight channel="tweak_sideways">0.5</weight>
        <weight channel="WidthHeight">1</weight>
      </handles>
    </blockref>
    <blockref>
      <blockid>flora_parts~, FE_leaf_21</blockid>
      <transform>
        <scale>4,481681</scale>
        <position>1.346483,1.117872,10.505311</position>
        <triangledirection>0.444710,0.416630,-0.792876</triangledirection>
        <trianglepickorigin>0,0,0</trianglepickorigin>
        <orientation>
          <row0>0.738966,-0.673742,-3.50177e-7</row0>
          <row1>0.666876,0.731436,-0.142391</row1>
          <row2>0.0959351,0.105222,0.989810</row2>
        </orientation>
        <userorientation>
          <userorientation_row0>0.997756,-0.0669530,-8.41914e-7</userorientation_row0>
          <userorientation_row1>0.0479249,0.714203,-0.698294</userorientation_row1>
          <userorientation_row2>0.0467534,0.696727,0.715810</userorientation_row2>
        </userorientation>
      </transform>
      <snapped>false</snapped>
      <childlist count="1">
        <childid>36</childid>
      </childlist>
      <handles count="4">
        <weight channel="Bend_vert">0.0284738</weight>
        <weight channel="Length">0.5</weight>
        <weight channel="tweak_sideways">0.635176</weight>
        <weight channel="WidthHeight">1</weight>
      </handles>
    </blockref>
    <blockref>
      <blockid>flora_parts~, FE_leaf_21</blockid>
      <transform>
        <scale>4,157863</scale>
        <position>1.602522,1.839267,10.235187</position>
        <triangledirection>0.455768,-0.531914,-0.713681</triangledirection>
        <trianglepickorigin>0,0,0</trianglepickorigin>
        <orientation>
          <row0>-0.723500,-0.690324,-1.19209e-7</row0>
          <row1>0.576033,-0.603716,0.551100</row1>
          <row2>-0.380438,0.398721,0.834438</row2>
        </orientation>
        <userorientation>
          <userorientation_row0>0.861360,-0.503834,-0.0648856</userorientation_row0>
          <userorientation_row1>0.0374446,0.190352,-0.981001</userorientation_row1>
          <userorientation_row2>0.506612,0.842565,0.182828</userorientation_row2>
        </userorientation>
      </transform>
      <snapped>false</snapped>
      <childlist count="1">
        <childid>35</childid>
      </childlist>
      <handles count="4">
        <weight channel="Bend_vert">0.0825738</weight>
        <weight channel="Length">0.5</weight>
        <weight channel="tweak_sideways">0.5</weight>
        <weight channel="WidthHeight">1</weight>
      </handles>
    </blockref>
    <blockref>
      <blockid>flora_parts~, FE_leaf_21</blockid>
      <transform>
        <scale>4,481676</scale>
        <position>1.946248,1.694375,9.454771</position>
        <triangledirection>-0.922810,-0.0665287,-0.379464</triangledirection>
        <trianglepickorigin>0,0,0</trianglepickorigin>
        <orientation>
          <row0>-0.0719069,0.997411,-1.39698e-9</row0>
          <row1>-0.993073,-0.0715942,0.0931607</row1>
          <row2>0.0929196,0.00669891,0.995651</row2>
        </orientation>
        <userorientation>
          <userorientation_row0>1,0,0</userorientation_row0>
          <userorientation_row1>0,0.885830,-0.464007</userorientation_row1>
          <userorientation_row2>0,0.464007,0.885830</userorientation_row2>
        </userorientation>
      </transform>
      <snapped>false</snapped>
      <childlist count="1">
        <childid>37</childid>
      </childlist>
      <handles count="4">
        <weight channel="Bend_vert">0.0284738</weight>
        <weight channel="Length">0.5</weight>
        <weight channel="tweak_sideways">0.5</weight>
        <weight channel="WidthHeight">0.300000</weight>
      </handles>
    </blockref>
    <blockref>
      <blockid>flora_parts~, FE_muscle_branch_04</blockid>
      <transform>
        <limbtype>0</limbtype>
        <musclescale>0.5</musclescale>
        <basemusclescale>1.549998</basemusclescale>
        <scale>1</scale>
        <position>-2.465535,-0.217996,7.792023</position>
        <triangledirection>0.353531,0.0108620,-0.935359</triangledirection>
        <trianglepickorigin>0,0,0</trianglepickorigin>
        <orientation>
          <row0>0.854649,0.402722,0.327702</row0>
          <row1>0.353531,0.0108620,-0.935359</row1>
          <row2>-0.380250,0.915257,-0.133091</row2>
        </orientation>
      </transform>
      <snapped>true</snapped>
      <childlist count="2">
        <childid>21</childid>
        <childid>18</childid>
      </childlist>
      <handles count="1">
        <weight channel="longer">0.501576</weight>
      </handles>
    </blockref>
    <blockref>
      <blockid>Creature_parts~, ce_grasper_null</blockid>
      <transform>
        <basemusclescale>1.200000</basemusclescale>
        <scale>1</scale>
        <position>-3.661138,-0.254731,10.955309</position>
        <triangledirection>-0.865499,-0.434172,0.249809</triangledirection>
        <trianglepickorigin>0,0,0</trianglepickorigin>
        <orientation>
          <row0>0.379838,-0.893979,-0.237745</row0>
          <row1>-0.865499,-0.434172,0.249809</row1>
          <row2>-0.326546,0.110881,-0.938654</row2>
        </orientation>
      </transform>
      <snapped>true</snapped>
    </blockref>
    <blockref>
      <blockid>flora_parts~, FE_leaf_21</blockid>
      <transform>
        <scale>4,304307</scale>
        <position>-3.994749,-0.164686,10.883587</position>
        <triangledirection>0.832557,0.349844,-0.429482</triangledirection>
        <trianglepickorigin>0,0,0</trianglepickorigin>
        <orientation>
          <row0>-0.0745999,-0.997213,-2.04890e-8</row0>
          <row1>0.963288,-0.0720620,-0.258617</row1>
          <row2>0.257896,-0.0192928,0.965979</row2>
        </orientation>
        <userorientation>
          <userorientation_row0>0.864068,0.451725,0.222099</userorientation_row0>
          <userorientation_row1>-0.410977,0.887853,-0.206907</userorientation_row1>
          <userorientation_row2>-0.290657,0.0875042,0.952817</userorientation_row2>
        </userorientation>
      </transform>
      <snapped>false</snapped>
      <handles count="4">
        <weight channel="Bend_vert">0.108647</weight>
        <weight channel="Length">0.5</weight>
        <weight channel="tweak_sideways">0.5</weight>
        <weight channel="WidthHeight">1</weight>
      </handles>
    </blockref>
    <blockref>
      <blockid>flora_parts~, FE_leaf_21</blockid>
      <transform>
        <scale>3,704751</scale>
        <position>-2.765194,-0.423301,11.006346</position>
        <triangledirection>-0.712758,0.296179,-0.635807</triangledirection>
        <trianglepickorigin>0,0,0</trianglepickorigin>
        <orientation>
          <row0>0.234151,0.972200,3.72529e-8</row0>
          <row1>-0.910964,0.219403,-0.349292</row1>
          <row2>-0.339582,0.0817873,0.937013</row2>
        </orientation>
        <userorientation>
          <userorientation_row0>0.986631,-0.149978,-0.0637344</userorientation_row0>
          <userorientation_row1>0.121052,0.936362,-0.329497</userorientation_row1>
          <userorientation_row2>0.109095,0.317377,0.942002</userorientation_row2>
        </userorientation>
      </transform>
      <snapped>false</snapped>
      <handles count="4">
        <weight channel="Bend_vert">0.272879</weight>
        <weight channel="Length">0.585101</weight>
        <weight channel="tweak_sideways">0.5</weight>
        <weight channel="WidthHeight">1</weight>
      </handles>
    </blockref>
    <blockref>
      <blockid>flora_parts~, FE_leaf_21</blockid>
      <transform>
        <scale>4,639544</scale>
        <position>-3.636966,-0.102273,10.688795</position>
        <triangledirection>0.606366,-0.775763,-0.174669</triangledirection>
        <trianglepickorigin>0,0,0</trianglepickorigin>
        <orientation>
          <row0>-0.809122,-0.587640,5.96046e-8</row0>
          <row1>0.569593,-0.784272,0.245926</row1>
          <row2>-0.144516,0.198984,0.969288</row2>
        </orientation>
        <userorientation>
          <userorientation_row0>0.996092,-0.00186622,-0.0883014</userorientation_row0>
          <userorientation_row1>-0.0347543,0.910836,-0.411299</userorientation_row1>
          <userorientation_row2>0.0811958,0.412761,0.907212</userorientation_row2>
        </userorientation>
      </transform>
      <snapped>false</snapped>
      <childlist count="2">
        <childid>41</childid>
        <childid>33</childid>
      </childlist>
      <handles count="4">
        <weight channel="Bend_vert">0.0825738</weight>
        <weight channel="Length">0.5</weight>
        <weight channel="tweak_sideways">0.5</weight>
        <weight channel="WidthHeight">1</weight>
      </handles>
    </blockref>
    <blockref>
      <blockid>flora_parts~, FE_leaf_21</blockid>
      <transform>
        <scale>4,830734</scale>
        <position>-3.191859,-0.959002,10.863393</position>
        <triangledirection>0.317124,0.910002,-0.267069</triangledirection>
        <trianglepickorigin>0,0,0</trianglepickorigin>
        <orientation>
          <row0>0.977427,-0.211269,-2.01165e-7</row0>
          <row1>0.182954,0.846426,-0.500089</row1>
          <row2>0.105654,0.488801,0.865973</row2>
        </orientation>
        <userorientation>
          <userorientation_row0>0.945569,-0.184560,0.268022</userorientation_row0>
          <userorientation_row1>0.117709,0.961828,0.247041</userorientation_row1>
          <userorientation_row2>-0.303385,-0.202045,0.931199</userorientation_row2>
        </userorientation>
      </transform>
      <snapped>false</snapped>
      <childlist count="1">
        <childid>40</childid>
      </childlist>
      <handles count="4">
        <weight channel="Bend_vert">0.179201</weight>
        <weight channel="Length">0.5</weight>
        <weight channel="tweak_sideways">0.5</weight>
        <weight channel="WidthHeight">1</weight>
      </handles>
    </blockref>
    <blockref>
      <blockid>flora_parts~, FE_muscle_branch_04</blockid>
      <transform>
        <limbtype>0</limbtype>
        <musclescale>0.5</musclescale>
        <basemusclescale>1.499998</basemusclescale>
        <scale>1</scale>
        <position>-0.200977,-1.905650,7.082558</position>
        <triangledirection>-0.431810,0.254773,-0.865234</triangledirection>
        <trianglepickorigin>0,0,0</trianglepickorigin>
        <orientation>
          <row0>0.832287,-0.257157,-0.491088</row0>
          <row1>-0.431810,0.254773,-0.865234</row1>
          <row2>0.347617,0.932180,0.101001</row2>
        </orientation>
      </transform>
      <snapped>true</snapped>
      <childlist count="5">
        <childid>28</childid>
        <childid>27</childid>
        <childid>26</childid>
        <childid>25</childid>
        <childid>24</childid>
      </childlist>
      <handles count="1">
        <weight channel="longer">0.343671</weight>
      </handles>
    </blockref>
    <blockref>
      <blockid>Creature_parts~, ce_grasper_null</blockid>
      <transform>
        <basemusclescale>1.399998</basemusclescale>
        <scale>1</scale>
        <position>0.831429,-2.514783,9.151230</position>
        <triangledirection>-0.932013,-0.0407822,0.360121</triangledirection>
        <trianglepickorigin>0,0,0</trianglepickorigin>
        <orientation>
          <row0>-0.292271,-0.502989,-0.813375</row0>
          <row1>-0.932013,-0.0407822,0.360121</row1>
          <row2>-0.214308,0.863330,-0.456873</row2>
        </orientation>
      </transform>
      <snapped>true</snapped>
    </blockref>
    <blockref>
      <blockid>flora_parts~, FE_leaf_21</blockid>
      <transform>
        <scale>4,157863</scale>
        <position>0.757634,-2.653023,9.283637</position>
        <triangledirection>0.450644,0.853473,-0.261729</triangledirection>
        <trianglepickorigin>0,0,0</trianglepickorigin>
        <orientation>
          <row0>0.884299,-0.466920,-2.38418e-7</row0>
          <row1>0.357253,0.676600,-0.643880</row1>
          <row2>0.300641,0.569382,0.765126</row2>
        </orientation>
        <userorientation>
          <userorientation_row0>1,0,0</userorientation_row0>
          <userorientation_row1>0,0.906976,0.421178</userorientation_row1>
          <userorientation_row2>0,-0.421178,0.906976</userorientation_row2>
        </userorientation>
      </transform>
      <snapped>false</snapped>
      <childlist count="2">
        <childid>38</childid>
        <childid>34</childid>
      </childlist>
      <handles count="4">
        <weight channel="Bend_vert">0.286848</weight>
        <weight channel="Length">0.5</weight>
        <weight channel="tweak_sideways">0.5</weight>
        <weight channel="WidthHeight">1</weight>
      </handles>
    </blockref>
    <blockref>
      <blockid>flora_parts~, FE_leaf_21</blockid>
      <transform>
        <scale>4,157853</scale>
        <position>0.947939,-2.665536,9.080155</position>
        <triangledirection>-0.800715,0.565143,-0.198659</triangledirection>
        <trianglepickorigin>0,0,0</trianglepickorigin>
        <orientation>
          <row0>0.775505,0.631340,5.58793e-8</row0>
          <row1>-0.629446,0.773178,0.0774103</row1>
          <row2>0.0488722,-0.0600321,0.996999</row2>
        </orientation>
        <userorientation>
          <userorientation_row0>0.961602,0.274441,3.57627e-7</userorientation_row0>
          <userorientation_row1>-0.264160,0.925586,-0.271122</userorientation_row1>
          <userorientation_row2>-0.0744078,0.260713,0.962544</userorientation_row2>
        </userorientation>
      </transform>
      <snapped>false</snapped>
      <handles count="4">
        <weight channel="Bend_vert">0.300054</weight>
        <weight channel="Length">0.5</weight>
        <weight channel="tweak_sideways">0.5</weight>
        <weight channel="WidthHeight">1</weight>
      </handles>
    </blockref>
    <blockref>
      <blockid>flora_parts~, FE_leaf_21</blockid>
      <transform>
        <scale>3,578704</scale>
        <position>0.617563,-2.364971,8.923605</position>
        <triangledirection>0.764505,-0.390315,-0.513015</triangledirection>
        <trianglepickorigin>0,0,0</trianglepickorigin>
        <orientation>
          <row0>-0.545364,-0.815928,-0.191933</row0>
          <row1>0.764505,-0.390315,-0.513015</row1>
          <row2>0.343669,-0.426514,0.836646</row2>
        </orientation>
      </transform>
      <snapped>false</snapped>
      <childlist count="1">
        <childid>31</childid>
      </childlist>
      <handles count="4">
        <weight channel="Bend_vert">0.0284738</weight>
        <weight channel="Length">0.5</weight>
        <weight channel="tweak_sideways">0.5</weight>
        <weight channel="WidthHeight">0.300000</weight>
      </handles>
    </blockref>
    <blockref>
      <blockid>flora_parts~, FE_leaf_21</blockid>
      <transform>
        <scale>4,481681</scale>
        <position>0.816076,-2.589880,8.666921</position>
        <triangledirection>-0.452417,0.889861,0.0588451</triangledirection>
        <trianglepickorigin>0,0,0</trianglepickorigin>
        <orientation>
          <row0>0.891407,0.453203,5.66244e-7</row0>
          <row1>-0.381190,0.749763,0.540877</row1>
          <row2>0.245127,-0.482142,0.841101</row2>
        </orientation>
        <userorientation>
          <userorientation_row0>1,0,0</userorientation_row0>
          <userorientation_row1>0,0.871470,-0.490445</userorientation_row1>
          <userorientation_row2>0,0.490445,0.871470</userorientation_row2>
        </userorientation>
      </transform>
      <snapped>false</snapped>
      <handles count="4">
        <weight channel="Bend_vert">0.0284738</weight>
        <weight channel="Length">0.5</weight>
        <weight channel="tweak_sideways">0.5</weight>
        <weight channel="WidthHeight">0.300000</weight>
      </handles>
    </blockref>
    <blockref>
      <blockid>flora_parts~, FE_leaf_21</blockid>
      <transform>
        <scale>4,304307</scale>
        <position>-2.986038,0.470657,10.905963</position>
        <triangledirection>-0.254487,-0.928944,-0.268880</triangledirection>
        <trianglepickorigin>0,0,0</trianglepickorigin>
        <orientation>
          <row0>-0.916391,0.400282,5.96046e-8</row0>
          <row1>-0.362873,-0.830748,-0.422113</row1>
          <row2>-0.168964,-0.386821,0.906543</row2>
        </orientation>
        <userorientation>
          <userorientation_row0>0.990342,0.136513,0.0242143</userorientation_row0>
          <userorientation_row1>-0.138629,0.977564,0.158583</userorientation_row1>
          <userorientation_row2>-0.00202218,-0.160409,0.987047</userorientation_row2>
        </userorientation>
      </transform>
      <snapped>false</snapped>
      <childlist count="1">
        <childid>42</childid>
      </childlist>
      <handles count="4">
        <weight channel="Bend_vert">0.288971</weight>
        <weight channel="Length">0.5</weight>
        <weight channel="tweak_sideways">0.5</weight>
        <weight channel="WidthHeight">1</weight>
      </handles>
    </blockref>
    <blockref>
      <blockid>Creature_parts~, ce_grasper_null</blockid>
      <transform>
        <basemusclescale>1.199998</basemusclescale>
        <scale>1</scale>
        <position>1.762542,1.601821,10.239285</position>
        <triangledirection>0.0659655,-0.0849727,-0.994197</triangledirection>
        <trianglepickorigin>0,0,0</trianglepickorigin>
        <orientation>
          <row0>-0.244886,0.964516,-0.0986842</row0>
          <row1>0.0659655,-0.0849727,-0.994197</row1>
          <row2>-0.967305,-0.249975,-0.0428161</row2>
        </orientation>
      </transform>
      <snapped>true</snapped>
    </blockref>
    <blockref>
      <blockid>flora_parts~, FE_leaf_21</blockid>
      <transform>
        <scale>3,857414</scale>
        <position>0.719464,-2.133395,8.905135</position>
        <triangledirection>-0.922484,-0.242700,-0.300195</triangledirection>
        <trianglepickorigin>0,0,0</trianglepickorigin>
        <orientation>
          <row0>-0.858686,0.512501,-2.98023e-8</row0>
          <row1>-0.467524,-0.783327,0.409657</row1>
          <row2>0.209950,0.351767,0.912239</row2>
        </orientation>
        <userorientation>
          <userorientation_row0>0.736602,-0.335243,0.587388</userorientation_row0>
          <userorientation_row1>0.667740,0.498420,-0.552899</userorientation_row1>
          <userorientation_row2>-0.107410,0.799492,0.590993</userorientation_row2>
        </userorientation>
      </transform>
      <snapped>false</snapped>
      <childlist count="1">
        <childid>39</childid>
      </childlist>
      <handles count="4">
        <weight channel="Bend_vert">0.137932</weight>
        <weight channel="Length">0.637898</weight>
        <weight channel="tweak_sideways">0.655413</weight>
        <weight channel="WidthHeight">0.547969</weight>
      </handles>
    </blockref>
    <blockref>
      <blockid>flora_parts~, fe_detail_02</blockid>
      <transform>
        <scale>2,459604</scale>
        <position>1.881224,1.541900,10.433848</position>
        <triangledirection>0.442880,0.328695,-0.834156</triangledirection>
        <trianglepickorigin>0,0,0</trianglepickorigin>
        <orientation>
          <row0>0.595971,-0.803005,-1.78813e-7</row0>
          <row1>0.442880,0.328695,-0.834156</row1>
          <row2>0.669832,0.497133,0.551528</row2>
        </orientation>
      </transform>
      <snapped>false</snapped>
      <childlist count="1">
        <childid>14</childid>
      </childlist>
      <handles count="3">
        <weight channel="DeformAxisUp">0.5</weight>
        <weight channel="DeformAxisForward">0.400000</weight>
        <weight channel="DeformAxisLeft">0.530466</weight>
      </handles>
    </blockref>
    <blockref>
      <blockid>flora_parts~, fe_detail_02</blockid>
      <transform>
        <scale>2,459604</scale>
        <position>-3.311347,-0.201412,10.792938</position>
        <triangledirection>-0.0984407,0.262408,-0.959922</triangledirection>
        <trianglepickorigin>0,0,0</trianglepickorigin>
        <orientation>
          <row0>0.936285,0.351240,-4.02331e-7</row0>
          <row1>-0.0984407,0.262408,-0.959922</row1>
          <row2>-0.337163,0.898761,0.280265</row2>
        </orientation>
      </transform>
      <snapped>false</snapped>
      <childlist count="4">
        <childid>29</childid>
        <childid>22</childid>
        <childid>20</childid>
        <childid>19</childid>
      </childlist>
      <handles count="3">
        <weight channel="DeformAxisUp">0.5</weight>
        <weight channel="DeformAxisForward">0.400000</weight>
        <weight channel="DeformAxisLeft">0.530466</weight>
      </handles>
    </blockref>
    <blockref>
      <blockid>flora_parts~, fe_detail_02</blockid>
      <transform>
        <scale>2,117000</scale>
        <position>0.785874,-2.630131,9.407238</position>
        <triangledirection>-0.113653,-0.220596,-0.968720</triangledirection>
        <trianglepickorigin>0,0,0</trianglepickorigin>
        <orientation>
          <row0>-0.888953,0.457997,-1.11758e-7</row0>
          <row1>-0.113653,-0.220596,-0.968720</row1>
          <row2>-0.443671,-0.861148,0.248152</row2>
        </orientation>
      </transform>
      <snapped>false</snapped>
      <handles count="3">
        <weight channel="DeformAxisUp">0.5</weight>
        <weight channel="DeformAxisForward">0.400000</weight>
        <weight channel="DeformAxisLeft">0.530466</weight>
      </handles>
    </blockref>
    <blockref>
      <blockid>flora_parts~, fe_cap_01a</blockid>
      <transform>
        <scale>1</scale>
        <position>1.422365,2.364177,10.669406</position>
        <triangledirection>0.0384428,-0.740305,0.671170</triangledirection>
        <trianglepickorigin>0,0,0</trianglepickorigin>
        <orientation>
          <row0>-0.998654,-0.0518584,3.35276e-8</row0>
          <row1>0.0384428,-0.740305,0.671170</row1>
          <row2>-0.0348058,0.670267,0.741303</row2>
        </orientation>
      </transform>
      <snapped>false</snapped>
    </blockref>
    <blockref>
      <blockid>flora_parts~, fe_cap_01a</blockid>
      <transform>
        <scale>1</scale>
        <position>0.713234,0.634101,11.161369</position>
        <triangledirection>0.443428,0.434984,0.783683</triangledirection>
        <trianglepickorigin>0,0,0</trianglepickorigin>
        <orientation>
          <row0>0.699637,-0.714497,0.000709667</row0>
          <row1>0.443428,0.434984,0.783683</row1>
          <row2>-0.560248,-0.547979,0.621159</row2>
        </orientation>
      </transform>
      <snapped>false</snapped>
    </blockref>
    <blockref>
      <blockid>flora_parts~, fe_cap_01a</blockid>
      <transform>
        <scale>1</scale>
        <position>3.314301,1.835542,9.688996</position>
        <triangledirection>-0.158652,-0.0422087,0.986431</triangledirection>
        <trianglepickorigin>0,0,0</trianglepickorigin>
        <orientation>
          <row0>-0.257101,0.966384,1.63912e-7</row0>
          <row1>-0.158652,-0.0422087,0.986431</row1>
          <row2>0.953272,0.253613,0.164170</row2>
        </orientation>
      </transform>
      <snapped>false</snapped>
    </blockref>
    <blockref>
      <blockid>flora_parts~, fe_cap_01a</blockid>
      <transform>
        <scale>1</scale>
        <position>0.0345791,-3.698195,9.543512</position>
        <triangledirection>0.111238,0.221479,0.968799</triangledirection>
        <trianglepickorigin>0,0,0</trianglepickorigin>
        <orientation>
          <row0>0.893620,-0.448822,2.08616e-7</row0>
          <row1>0.111238,0.221479,0.968799</row1>
          <row2>-0.434819,-0.865739,0.247844</row2>
        </orientation>
      </transform>
      <snapped>false</snapped>
    </blockref>
    <blockref>
      <blockid>flora_parts~, fe_cap_01a</blockid>
      <transform>
        <scale>1</scale>
        <position>1.793668,-1.952465,9.025971</position>
        <triangledirection>-0.0265365,-0.426393,0.904148</triangledirection>
        <trianglepickorigin>0,0,0</trianglepickorigin>
        <orientation>
          <row0>-0.998069,0.0621146,-1.30385e-8</row0>
          <row1>-0.0265365,-0.426393,0.904148</row1>
          <row2>0.0561608,0.902402,0.427218</row2>
        </orientation>
      </transform>
      <snapped>false</snapped>
    </blockref>
    <blockref>
      <blockid>flora_parts~, fe_cap_01a</blockid>
      <transform>
        <scale>1</scale>
        <position>-3.560934,-2.042701,11.011069</position>
        <triangledirection>-0.279630,0.257869,0.924829</triangledirection>
        <trianglepickorigin>0,0,0</trianglepickorigin>
        <orientation>
          <row0>0.677924,0.735131,2.98023e-7</row0>
          <row1>-0.279630,0.257869,0.924829</row1>
          <row2>0.679871,-0.626964,0.380380</row2>
        </orientation>
      </transform>
      <snapped>false</snapped>
    </blockref>
    <blockref>
      <blockid>flora_parts~, fe_cap_01a</blockid>
      <transform>
        <scale>1</scale>
        <position>-4.026926,0.698379,10.677630</position>
        <triangledirection>0.0143926,-0.124955,0.992058</triangledirection>
        <trianglepickorigin>0,0,0</trianglepickorigin>
        <orientation>
          <row0>-0.993431,-0.114425,-2.04890e-8</row0>
          <row1>0.0143926,-0.124955,0.992058</row1>
          <row2>-0.113517,0.985541,0.125781</row2>
        </orientation>
      </transform>
      <snapped>false</snapped>
    </blockref>
    <blockref>
      <blockid>flora_parts~, fe_cap_01a</blockid>
      <transform>
        <scale>1</scale>
        <position>-2.186443,1.357426,11.142342</position>
        <triangledirection>-0.0999007,-0.238732,0.965933</triangledirection>
        <trianglepickorigin>0,0,0</trianglepickorigin>
        <orientation>
          <row0>-0.922487,0.386026,-1.71363e-7</row0>
          <row1>-0.0999007,-0.238732,0.965933</row1>
          <row2>0.372876,0.891061,0.258791</row2>
        </orientation>
      </transform>
      <snapped>false</snapped>
    </blockref>
  </blocks></sporemodel>