spore0005438f6347406662008c9d0727d816b417ffffffffffffffff0000000ebfdb7f8d06KChangfffffffffffffffe09Lullabees0000000<?xml version="1.0" encoding="UTF-8"?><sporemodel>
  <properties>
    <modeltype>PlantMedium</modeltype>
    <skineffectseed1>1234</skineffectseed1>
    <skineffectseed2>1234</skineffectseed2>
    <skineffectseed3>2201038870</skineffectseed3>
    <skincolor1>0.254902,0.243137,0.282353</skincolor1>
    <skincolor2>0.443136,0.223528,0.141176</skincolor2>
    <skincolor3>0.905882,0.666666,0.168626</skincolor3>
    <zcorpscore>21</zcorpscore>
  </properties>
  <blocks count="16">
    <blockref>
      <blockid>flora_parts~, fe_root_dummy</blockid>
      <transform>
        <scale>1</scale>
        <position>0,0,0.600000</position>
        <triangledirection>0,1,0</triangledirection>
        <trianglepickorigin>0,0,0</trianglepickorigin>
        <orientation>
          <row0>1,0,0</row0>
          <row1>0,1,0</row1>
          <row2>0,0,1</row2>
        </orientation>
      </transform>
      <snapped>false</snapped>
      <childlist count="2">
        <childid>3</childid>
        <childid>1</childid>
      </childlist>
    </blockref>
    <blockref>
      <blockid>flora_parts~, FE_muscle_branch_04</blockid>
      <transform>
        <limbtype>0</limbtype>
        <musclescale>0.675000</musclescale>
        <basemusclescale>2.5</basemusclescale>
        <scale>1</scale>
        <position>0,0,0.600000</position>
        <triangledirection>-0.00436399,0.0160359,0.999861</triangledirection>
        <trianglepickorigin>0,0,0</trianglepickorigin>
        <orientation>
          <row0>-0.0934408,-0.995503,0.0155582</row0>
          <row1>-0.00436399,0.0160359,0.999861</row1>
          <row2>-0.995615,0.0933600,-0.00584279</row2>
        </orientation>
      </transform>
      <snapped>true</snapped>
      <childlist count="1">
        <childid>2</childid>
      </childlist>
      <handles count="1">
        <weight channel="longer">0.0356860</weight>
      </handles>
    </blockref>
    <blockref>
      <blockid>Creature_parts~, ce_grasper_null</blockid>
      <transform>
        <basemusclescale>1.399999</basemusclescale>
        <scale>1</scale>
        <position>0.00199899,-0.00734399,0.142098</position>
        <triangledirection>0,0,-1</triangledirection>
        <trianglepickorigin>0,0,0</trianglepickorigin>
        <orientation>
          <row0>1,0,0</row0>
          <row1>0,0,-1</row1>
          <row2>0,1,0</row2>
        </orientation>
      </transform>
      <snapped>true</snapped>
    </blockref>
    <blockref>
      <blockid>flora_parts~, fe_trunk_01</blockid>
      <transform>
        <limbtype>2</limbtype>
        <musclescale>0</musclescale>
        <basemusclescale>2.5</basemusclescale>
        <scale>1,568310</scale>
        <position>0,0,0.600000</position>
        <triangledirection>0,0,-1</triangledirection>
        <trianglepickorigin>0,0,0</trianglepickorigin>
        <orientation>
          <row0>1,0,0</row0>
          <row1>0,0,-1</row1>
          <row2>0,1,0</row2>
        </orientation>
      </transform>
      <snapped>true</snapped>
      <childlist count="7">
        <childid>10</childid>
        <childid>9</childid>
        <childid>8</childid>
        <childid>7</childid>
        <childid>6</childid>
        <childid>5</childid>
        <childid>4</childid>
      </childlist>
      <handles count="3">
        <weight channel="DeformAxisLeft">0.459865</weight>
        <weight channel="DeformAxisForward">0.572122</weight>
        <weight channel="DeformBoneLength">0</weight>
      </handles>
    </blockref>
    <blockref>
      <blockid>Creature_parts~, ce_grasper_null</blockid>
      <transform>
        <basemusclescale>1</basemusclescale>
        <scale>1</scale>
        <position>0,0,2.481971</position>
        <triangledirection>0,0,-1</triangledirection>
        <trianglepickorigin>0,0,0</trianglepickorigin>
        <orientation>
          <row0>1,0,0</row0>
          <row1>0,0,-1</row1>
          <row2>0,1,0</row2>
        </orientation>
      </transform>
      <snapped>true</snapped>
    </blockref>
    <blockref>
      <blockid>flora_parts~, FE_leaf_26</blockid>
      <transform>
        <scale>0,548811</scale>
        <position>-0.135313,0.0309830,2.705643</position>
        <triangledirection>0.0920866,-0.170547,-0.981037</triangledirection>
        <trianglepickorigin>0,0,0</trianglepickorigin>
        <orientation>
          <row0>0.517114,-0.855914,-0.00196935</row0>
          <row1>0.301743,0.184455,-0.935375</row1>
          <row2>0.800964,0.483101,0.353650</row2>
        </orientation>
        <userorientation>
          <userorientation_row0>0.977873,-0.209196,0</userorientation_row0>
          <userorientation_row1>0.195524,0.913967,-0.355578</userorientation_row1>
          <userorientation_row2>0.0743849,0.347711,0.934646</userorientation_row2>
        </userorientation>
      </transform>
      <snapped>false</snapped>
      <handles count="4">
        <weight channel="DeformAxisLeft">0</weight>
        <weight channel="DeformAxisForward">0.925222</weight>
        <weight channel="DeformAxisUp">0.562046</weight>
        <weight channel="DeformAxisUPb">0.246118</weight>
      </handles>
    </blockref>
    <blockref>
      <blockid>flora_parts~, FE_leaf_22</blockid>
      <transform>
        <scale>1</scale>
        <position>-0.194846,0.189998,2.606589</position>
        <triangledirection>0.548306,-0.595431,-0.587215</triangledirection>
        <trianglepickorigin>0,0,0</trianglepickorigin>
        <orientation>
          <row0>-0.391783,-0.920048,-0.00402761</row0>
          <row1>0.679583,-0.286429,-0.675369</row1>
          <row2>0.620219,-0.267335,0.737468</row2>
        </orientation>
        <userorientation>
          <userorientation_row0>-0.815367,0.324745,-0.479285</userorientation_row0>
          <userorientation_row1>0.335373,0.939756,0.0661980</userorientation_row1>
          <userorientation_row2>0.471909,-0.106763,-0.875159</userorientation_row2>
        </userorientation>
      </transform>
      <snapped>false</snapped>
      <childlist count="1">
        <childid>13</childid>
      </childlist>
      <handles count="4">
        <weight channel="DeformAxisLeft">1</weight>
        <weight channel="DeformAxisForward">0.402959</weight>
        <weight channel="DeformAxisRight">0.252843</weight>
        <weight channel="DeformAxisUp">0.856302</weight>
      </handles>
    </blockref>
    <blockref>
      <blockid>flora_parts~, FE_leaf_22</blockid>
      <transform>
        <scale>1</scale>
        <position>0.213452,-0.0351170,2.635710</position>
        <triangledirection>-0.433327,0.0611427,-0.899160</triangledirection>
        <trianglepickorigin>0,0,0</trianglepickorigin>
        <orientation>
          <row0>0.415338,0.909482,0.0183201</row0>
          <row1>-0.675631,0.321904,-0.663248</row1>
          <row2>-0.609110,0.263095,0.748174</row2>
        </orientation>
        <userorientation>
          <userorientation_row0>-0.733619,-0.362155,-0.575017</userorientation_row0>
          <userorientation_row1>-0.140841,0.908819,-0.392699</userorientation_row1>
          <userorientation_row2>0.664805,-0.207106,-0.717733</userorientation_row2>
        </userorientation>
      </transform>
      <snapped>false</snapped>
      <childlist count="1">
        <childid>12</childid>
      </childlist>
      <handles count="4">
        <weight channel="DeformAxisLeft">1</weight>
        <weight channel="DeformAxisForward">0.475558</weight>
        <weight channel="DeformAxisRight">0.324083</weight>
        <weight channel="DeformAxisUp">0.935169</weight>
      </handles>
    </blockref>
    <blockref>
      <blockid>flora_parts~, FE_leaf_22</blockid>
      <transform>
        <scale>1</scale>
        <position>0.0495129,-0.213731,2.601204</position>
        <triangledirection>0.0959154,0.454703,-0.885463</triangledirection>
        <trianglepickorigin>0,0,0</trianglepickorigin>
        <orientation>
          <row0>0.995292,0.0961970,0.0117690</row0>
          <row1>-0.0555699,0.665962,-0.743912</row1>
          <row2>-0.0794000,0.739757,0.668172</row2>
        </orientation>
        <userorientation>
          <userorientation_row0>-0.802469,-0.0552649,-0.594128</userorientation_row0>
          <userorientation_row1>0.128784,0.956193,-0.262887</userorientation_row1>
          <userorientation_row2>0.582629,-0.287473,-0.760199</userorientation_row2>
        </userorientation>
      </transform>
      <snapped>false</snapped>
      <childlist count="1">
        <childid>15</childid>
      </childlist>
      <handles count="4">
        <weight channel="DeformAxisLeft">1</weight>
        <weight channel="DeformAxisForward">0.444385</weight>
        <weight channel="DeformAxisRight">0.612916</weight>
        <weight channel="DeformAxisUp">0.856302</weight>
      </handles>
    </blockref>
    <blockref>
      <blockid>flora_parts~, FE_leaf_22</blockid>
      <transform>
        <scale>1</scale>
        <position>-0.199715,-0.150582,2.551522</position>
        <triangledirection>0.427401,0.294098,-0.854888</triangledirection>
        <trianglepickorigin>0,0,0</trianglepickorigin>
        <orientation>
          <row0>0.606233,-0.793470,0.0537144</row0>
          <row1>0.745953,0.543911,-0.384334</row1>
          <row2>0.275742,0.273065,0.921629</row2>
        </orientation>
        <userorientation>
          <userorientation_row0>-0.901183,-0.270121,-0.338973</userorientation_row0>
          <userorientation_row1>-0.0201730,0.807349,-0.589729</userorientation_row1>
          <userorientation_row2>0.432969,-0.524616,-0.733017</userorientation_row2>
        </userorientation>
      </transform>
      <snapped>false</snapped>
      <childlist count="1">
        <childid>14</childid>
      </childlist>
      <handles count="4">
        <weight channel="DeformAxisLeft">1</weight>
        <weight channel="DeformAxisForward">0.422420</weight>
        <weight channel="DeformAxisRight">0</weight>
        <weight channel="DeformAxisUp">0.945990</weight>
      </handles>
    </blockref>
    <blockref>
      <blockid>flora_parts~, FE_leaf_22</blockid>
      <transform>
        <scale>1</scale>
        <position>0.0562089,0.189496,2.777549</position>
        <triangledirection>-0.0126464,-0.168452,-0.985629</triangledirection>
        <trianglepickorigin>0,0,0</trianglepickorigin>
        <orientation>
          <row0>-0.994900,-0.0885142,0.0483602</row0>
          <row1>0.0298519,-0.716383,-0.697067</row1>
          <row2>0.0963449,-0.692069,0.715372</row2>
        </orientation>
        <userorientation>
          <userorientation_row0>-0.934480,0.194475,0.298204</userorientation_row0>
          <userorientation_row1>-0.0201730,0.807349,-0.589729</userorientation_row1>
          <userorientation_row2>-0.355443,-0.557106,-0.750528</userorientation_row2>
        </userorientation>
      </transform>
      <snapped>false</snapped>
      <childlist count="1">
        <childid>11</childid>
      </childlist>
      <handles count="4">
        <weight channel="DeformAxisLeft">1</weight>
        <weight channel="DeformAxisForward">0.456667</weight>
        <weight channel="DeformAxisRight">0</weight>
        <weight channel="DeformAxisUp">0.952968</weight>
      </handles>
    </blockref>
    <blockref>
      <blockid>flora_parts~, fe_cap_01a</blockid>
      <transform>
        <scale>0,798516</scale>
        <position>0.401343,1.422407,2.656540</position>
        <triangledirection>-0.0832806,0.544230,0.834791</triangledirection>
        <trianglepickorigin>0,0,0</trianglepickorigin>
        <orientation>
          <row0>-0.0175638,0.999845,-4.77768e-7</row0>
          <row1>-0.876792,-0.0154020,0.480622</row1>
          <row2>0.480548,0.00844200,0.876927</row2>
        </orientation>
        <userorientation>
          <userorientation_row0>0.719870,-0.686123,-0.104980</userorientation_row0>
          <userorientation_row1>0.545608,0.465857,0.696626</userorientation_row1>
          <userorientation_row2>-0.429065,-0.558760,0.709711</userorientation_row2>
        </userorientation>
      </transform>
      <snapped>false</snapped>
    </blockref>
    <blockref>
      <blockid>flora_parts~, fe_cap_01a</blockid>
      <transform>
        <scale>0,798516</scale>
        <position>1.310727,0.212448,3.055571</position>
        <triangledirection>-0.753756,0.387710,0.530595</triangledirection>
        <trianglepickorigin>0,0,0</trianglepickorigin>
        <orientation>
          <row0>-0.101522,0.994833,-1.42492e-7</row0>
          <row1>-0.985544,-0.100574,0.136332</row1>
          <row2>0.135628,0.0138410,0.990663</row2>
        </orientation>
        <userorientation>
          <userorientation_row0>0.859193,-0.511650,0</userorientation_row0>
          <userorientation_row1>0.462231,0.776203,0.428777</userorientation_row1>
          <userorientation_row2>-0.219384,-0.368402,0.903410</userorientation_row2>
        </userorientation>
      </transform>
      <snapped>false</snapped>
    </blockref>
    <blockref>
      <blockid>flora_parts~, fe_cap_01a</blockid>
      <transform>
        <scale>0,798516</scale>
        <position>-0.922360,0.674585,2.876306</position>
        <triangledirection>-0.809173,-0.312033,0.497869</triangledirection>
        <trianglepickorigin>0,0,0</trianglepickorigin>
        <orientation>
          <row0>-0.801722,0.597696,-1.08033e-7</row0>
          <row1>-0.595198,-0.798372,0.0913209</row1>
          <row2>0.0545821,0.0732141,0.995821</row2>
        </orientation>
        <userorientation>
          <userorientation_row0>0.859193,-0.511650,0</userorientation_row0>
          <userorientation_row1>0.462231,0.776203,0.428777</userorientation_row1>
          <userorientation_row2>-0.219384,-0.368402,0.903410</userorientation_row2>
        </userorientation>
      </transform>
      <snapped>false</snapped>
    </blockref>
    <blockref>
      <blockid>flora_parts~, fe_cap_01a</blockid>
      <transform>
        <scale>0,798516</scale>
        <position>-0.977551,-1.239705,2.806126</position>
        <triangledirection>0.496784,0.00258621,0.867869</triangledirection>
        <trianglepickorigin>0,0,0</trianglepickorigin>
        <orientation>
          <row0>0.932327,-0.361614,4.47034e-8</row0>
          <row1>0.236112,0.608754,0.757408</row1>
          <row2>-0.273890,-0.706153,0.652940</row2>
        </orientation>
        <userorientation>
          <userorientation_row0>0.859193,-0.511650,0</userorientation_row0>
          <userorientation_row1>0.462231,0.776203,0.428777</userorientation_row1>
          <userorientation_row2>-0.219384,-0.368402,0.903410</userorientation_row2>
        </userorientation>
      </transform>
      <snapped>false</snapped>
    </blockref>
    <blockref>
      <blockid>flora_parts~, fe_cap_01a</blockid>
      <transform>
        <scale>0,798516</scale>
        <position>0.861165,-1.275395,2.919085</position>
        <triangledirection>-0.292367,0.345166,0.891841</triangledirection>
        <trianglepickorigin>0,0,0</trianglepickorigin>
        <orientation>
          <row0>-0.0118058,0.999930,-2.55182e-7</row0>
          <row1>-0.497918,-0.00587900,-0.867204</row1>
          <row2>-0.867143,-0.0102379,0.497952</row2>
        </orientation>
        <userorientation>
          <userorientation_row0>-0.503319,-0.750501,-0.428274</userorientation_row0>
          <userorientation_row1>0.348593,-0.629863,0.694086</userorientation_row1>
          <userorientation_row2>-0.790665,0.200052,0.578642</userorientation_row2>
        </userorientation>
      </transform>
      <snapped>false</snapped>
    </blockref>
  </blocks></sporemodel>