spore0005438f634740666200547be79fd816b417ffffffffffffffff0000000ebfdb7fa706KChangfffffffffffffffe08Tapplest0000000<?xml version="1.0" encoding="UTF-8"?><sporemodel>
  <properties>
    <modeltype>PlantMedium</modeltype>
    <skineffectseed1>226342</skineffectseed1>
    <skineffectseed2>209942</skineffectseed2>
    <skineffectseed3>1234</skineffectseed3>
    <skincolor1>0.352941,0.352941,0.352941</skincolor1>
    <skincolor2>0.101961,0.282353,0.0901959</skincolor2>
    <skincolor3>1,0.694118,0.0509799</skincolor3>
    <zcorpscore>17</zcorpscore>
  </properties>
  <blocks count="32">
    <blockref>
      <blockid>flora_parts~, fe_root_dummy</blockid>
      <transform>
        <scale>1</scale>
        <position>0,0,0.600000</position>
        <triangledirection>0,1,0</triangledirection>
        <trianglepickorigin>0,0,0</trianglepickorigin>
        <orientation>
          <row0>1,0,0</row0>
          <row1>0,1,0</row1>
          <row2>0,0,1</row2>
        </orientation>
      </transform>
      <snapped>false</snapped>
      <childlist count="6">
        <childid>10</childid>
        <childid>9</childid>
        <childid>7</childid>
        <childid>5</childid>
        <childid>3</childid>
        <childid>1</childid>
      </childlist>
    </blockref>
    <blockref>
      <blockid>flora_parts~, fe_muscle_branch_01</blockid>
      <transform>
        <limbtype>0</limbtype>
        <musclescale>0.474999</musclescale>
        <basemusclescale>1.100000</basemusclescale>
        <scale>1</scale>
        <position>0,0,0.600000</position>
        <triangledirection>-0.542131,-0.0199040,0.840058</triangledirection>
        <trianglepickorigin>0,0,0</trianglepickorigin>
        <orientation>
          <row0>-0.809985,-0.253699,-0.528734</row0>
          <row1>-0.542131,-0.0199040,0.840058</row1>
          <row2>-0.223645,0.967078,-0.121416</row2>
        </orientation>
      </transform>
      <snapped>true</snapped>
      <childlist count="1">
        <childid>2</childid>
      </childlist>
      <handles count="1">
        <weight channel="longer">0.142245</weight>
      </handles>
    </blockref>
    <blockref>
      <blockid>Creature_parts~, ce_grasper_null</blockid>
      <transform>
        <basemusclescale>0.550000</basemusclescale>
        <scale>1</scale>
        <position>0.610835,0.0224269,-0.346518</position>
        <triangledirection>0,0,-1</triangledirection>
        <trianglepickorigin>0,0,0</trianglepickorigin>
        <orientation>
          <row0>1,0,0</row0>
          <row1>0,0,-1</row1>
          <row2>0,1,0</row2>
        </orientation>
      </transform>
      <snapped>true</snapped>
    </blockref>
    <blockref>
      <blockid>flora_parts~, fe_muscle_branch_01</blockid>
      <transform>
        <limbtype>0</limbtype>
        <musclescale>1</musclescale>
        <basemusclescale>1.100000</basemusclescale>
        <scale>1</scale>
        <position>0,0,0.600000</position>
        <triangledirection>0.151135,-0.710464,0.687313</triangledirection>
        <trianglepickorigin>0,0,0</trianglepickorigin>
        <orientation>
          <row0>0.911165,-0.169497,-0.375564</row0>
          <row1>0.151135,-0.710464,0.687313</row1>
          <row2>-0.383322,-0.683016,-0.621733</row2>
        </orientation>
      </transform>
      <snapped>true</snapped>
      <childlist count="1">
        <childid>4</childid>
      </childlist>
      <handles count="1">
        <weight channel="longer">0.162245</weight>
      </handles>
    </blockref>
    <blockref>
      <blockid>Creature_parts~, ce_grasper_null</blockid>
      <transform>
        <basemusclescale>0.5</basemusclescale>
        <scale>1</scale>
        <position>-0.189258,0.889677,-0.260687</position>
        <triangledirection>0,0,-1</triangledirection>
        <trianglepickorigin>0,0,0</trianglepickorigin>
        <orientation>
          <row0>1,0,0</row0>
          <row1>0,0,-1</row1>
          <row2>0,1,0</row2>
        </orientation>
      </transform>
      <snapped>true</snapped>
    </blockref>
    <blockref>
      <blockid>flora_parts~, fe_muscle_branch_01</blockid>
      <transform>
        <limbtype>0</limbtype>
        <musclescale>0.275000</musclescale>
        <basemusclescale>1.100000</basemusclescale>
        <scale>1</scale>
        <position>0,0,0.600000</position>
        <triangledirection>0.306164,0.117479,0.944701</triangledirection>
        <trianglepickorigin>0,0,0</trianglepickorigin>
        <orientation>
          <row0>-0.853430,-0.405824,0.327052</row0>
          <row1>0.306164,0.117479,0.944701</row1>
          <row2>-0.421805,0.906369,0.0239883</row2>
        </orientation>
      </transform>
      <snapped>true</snapped>
      <childlist count="1">
        <childid>6</childid>
      </childlist>
      <handles count="1">
        <weight channel="longer">0.162245</weight>
      </handles>
    </blockref>
    <blockref>
      <blockid>Creature_parts~, ce_grasper_null</blockid>
      <transform>
        <basemusclescale>0.5</basemusclescale>
        <scale>1</scale>
        <position>-0.383395,-0.147113,-0.583002</position>
        <triangledirection>-1.99999e-6,9.99999e-7,-1</triangledirection>
        <trianglepickorigin>0,0,0</trianglepickorigin>
        <orientation>
          <row0>1,1.00000e-6,-1.99999e-6</row0>
          <row1>-1.99999e-6,9.99999e-7,-1</row1>
          <row2>-9.99999e-7,1,1.00000e-6</row2>
        </orientation>
      </transform>
      <snapped>true</snapped>
    </blockref>
    <blockref>
      <blockid>flora_parts~, fe_muscle_branch_01</blockid>
      <transform>
        <limbtype>0</limbtype>
        <musclescale>0.425000</musclescale>
        <basemusclescale>1.100000</basemusclescale>
        <scale>1</scale>
        <position>0,0,0.600000</position>
        <triangledirection>-0.388500,0.522938,-0.758685</triangledirection>
        <trianglepickorigin>0,0,0</trianglepickorigin>
        <orientation>
          <row0>0.906307,0.365505,-0.212161</row0>
          <row1>-0.388500,0.522938,-0.758685</row1>
          <row2>-0.166356,0.770027,0.615941</row2>
        </orientation>
      </transform>
      <snapped>true</snapped>
      <childlist count="4">
        <childid>29</childid>
        <childid>15</childid>
        <childid>14</childid>
        <childid>8</childid>
      </childlist>
      <handles count="1">
        <weight channel="longer">0.255544</weight>
      </handles>
    </blockref>
    <blockref>
      <blockid>Creature_parts~, ce_grasper_null</blockid>
      <transform>
        <basemusclescale>0.900000</basemusclescale>
        <scale>1</scale>
        <position>0.713984,-0.961057,1.994314</position>
        <triangledirection>0,0,-1</triangledirection>
        <trianglepickorigin>0,0,0</trianglepickorigin>
        <orientation>
          <row0>1,0,0</row0>
          <row1>0,0,-1</row1>
          <row2>0,1,0</row2>
        </orientation>
      </transform>
      <snapped>true</snapped>
    </blockref>
    <blockref>
      <blockid>flora_parts~, FE_muscle_branch_04</blockid>
      <transform>
        <limbtype>0</limbtype>
        <musclescale>0.375</musclescale>
        <basemusclescale>1.100000</basemusclescale>
        <scale>1</scale>
        <position>0,0,0.600000</position>
        <triangledirection>0.0471489,-0.839285,-0.541642</triangledirection>
        <trianglepickorigin>0,0,0</trianglepickorigin>
        <orientation>
          <row0>0.991828,0.103689,-0.0743316</row0>
          <row1>0.0471489,-0.839285,-0.541642</row1>
          <row2>-0.118547,0.533711,-0.837316</row2>
        </orientation>
      </transform>
      <snapped>true</snapped>
      <childlist count="2">
        <childid>20</childid>
        <childid>11</childid>
      </childlist>
      <handles count="1">
        <weight channel="longer">0.137247</weight>
      </handles>
    </blockref>
    <blockref>
      <blockid>flora_parts~, FE_muscle_branch_04</blockid>
      <transform>
        <limbtype>0</limbtype>
        <musclescale>0.449999</musclescale>
        <basemusclescale>1.100000</basemusclescale>
        <scale>1</scale>
        <position>0,0,0.600000</position>
        <triangledirection>0.404774,0.421190,-0.811638</triangledirection>
        <trianglepickorigin>0,0,0</trianglepickorigin>
        <orientation>
          <row0>0.911641,-0.116775,0.394047</row0>
          <row1>0.404774,0.421190,-0.811638</row1>
          <row2>-0.0711890,0.899423,0.431242</row2>
        </orientation>
      </transform>
      <snapped>true</snapped>
      <childlist count="1">
        <childid>16</childid>
      </childlist>
      <handles count="1">
        <weight channel="longer">0.147953</weight>
      </handles>
    </blockref>
    <blockref>
      <blockid>flora_parts~, FE_muscle_branch_04</blockid>
      <transform>
        <limbtype>0</limbtype>
        <musclescale>0.449999</musclescale>
        <basemusclescale>0.850000</basemusclescale>
        <scale>1</scale>
        <position>-0.0516449,0.919326,1.193297</position>
        <triangledirection>-0.516435,0.163349,-0.840602</triangledirection>
        <trianglepickorigin>0,0,0</trianglepickorigin>
        <orientation>
          <row0>0.586480,-0.647806,-0.486196</row0>
          <row1>-0.516435,0.163349,-0.840602</row1>
          <row2>0.623967,0.744086,-0.238748</row2>
        </orientation>
      </transform>
      <snapped>true</snapped>
      <childlist count="3">
        <childid>26</childid>
        <childid>25</childid>
        <childid>12</childid>
      </childlist>
      <handles count="1">
        <weight channel="longer">0.125760</weight>
      </handles>
    </blockref>
    <blockref>
      <blockid>Creature_parts~, ce_grasper_null</blockid>
      <transform>
        <basemusclescale>1.049999</basemusclescale>
        <scale>1</scale>
        <position>0.476807,0.752175,2.053460</position>
        <triangledirection>-0.949478,0.190999,0.249016</triangledirection>
        <trianglepickorigin>0,0,0</trianglepickorigin>
        <orientation>
          <row0>-0.230549,-0.962858,-0.140539</row0>
          <row1>-0.949478,0.190999,0.249016</row1>
          <row2>-0.212924,0.190849,-0.958248</row2>
        </orientation>
      </transform>
      <snapped>true</snapped>
    </blockref>
    <blockref>
      <blockid>flora_parts~, FE_leaf_24</blockid>
      <transform>
        <scale>1,349859</scale>
        <position>0.779125,-1.046451,2.028705</position>
        <triangledirection>-0.0756350,0.735819,-0.672940</triangledirection>
        <trianglepickorigin>0,0,0</trianglepickorigin>
        <orientation>
          <row0>0.987758,0.155172,-0.0159866</row0>
          <row1>-0.153022,0.943930,-0.292541</row1>
          <row2>-0.0303040,0.291406,0.956119</row2>
        </orientation>
        <userorientation>
          <userorientation_row0>0.790683,0.225058,0.569356</userorientation_row0>
          <userorientation_row1>0.0502279,0.902998,-0.426697</userorientation_row1>
          <userorientation_row2>-0.610160,0.365979,0.702682</userorientation_row2>
        </userorientation>
      </transform>
      <snapped>false</snapped>
      <handles count="4">
        <weight channel="bend">0.130337</weight>
        <weight channel="flatten">0.0755050</weight>
        <weight channel="Length">0.5</weight>
        <weight channel="width">0.650803</weight>
      </handles>
    </blockref>
    <blockref>
      <blockid>flora_parts~, FE_leaf_24</blockid>
      <transform>
        <scale>1,349859</scale>
        <position>0.720456,-0.901453,2.078758</position>
        <triangledirection>-0.184013,-0.275885,-0.943412</triangledirection>
        <trianglepickorigin>0,0,0</trianglepickorigin>
        <orientation>
          <row0>-0.967097,0.254405,-2.98023e-8</row0>
          <row1>-0.120622,-0.458533,-0.880453</row1>
          <row2>-0.223992,-0.851484,0.474133</row2>
        </orientation>
        <userorientation>
          <userorientation_row0>-0.982358,0.0784340,-0.169762</userorientation_row0>
          <userorientation_row1>0.107771,0.979329,-0.171173</userorientation_row1>
          <userorientation_row2>0.152828,-0.186449,-0.970505</userorientation_row2>
        </userorientation>
      </transform>
      <snapped>false</snapped>
      <childlist count="1">
        <childid>13</childid>
      </childlist>
      <handles count="4">
        <weight channel="bend">0.130337</weight>
        <weight channel="flatten">0.0755050</weight>
        <weight channel="Length">0.5</weight>
        <weight channel="width">0.650803</weight>
      </handles>
    </blockref>
    <blockref>
      <blockid>flora_parts~, FE_leaf_24</blockid>
      <transform>
        <scale>1,077880</scale>
        <position>0.616916,-1.043275,1.979105</position>
        <triangledirection>0.342206,0.401714,-0.849423</triangledirection>
        <trianglepickorigin>0,0,0</trianglepickorigin>
        <orientation>
          <row0>0.852015,-0.523516,-2.45869e-7</row0>
          <row1>0.505741,0.823088,-0.258359</row1>
          <row2>0.135255,0.220126,0.966048</row2>
        </orientation>
        <userorientation>
          <userorientation_row0>-0.984840,-0.0475540,-0.166821</userorientation_row0>
          <userorientation_row1>0.0812610,0.723172,-0.685871</userorientation_row1>
          <userorientation_row2>0.153256,-0.689029,-0.708343</userorientation_row2>
        </userorientation>
      </transform>
      <snapped>false</snapped>
      <handles count="4">
        <weight channel="bend">0.130337</weight>
        <weight channel="flatten">0.0755050</weight>
        <weight channel="Length">0.5</weight>
        <weight channel="width">0.650803</weight>
      </handles>
    </blockref>
    <blockref>
      <blockid>flora_parts~, fe_muscle_branch_01</blockid>
      <transform>
        <limbtype>0</limbtype>
        <musclescale>0.425000</musclescale>
        <basemusclescale>0.850000</basemusclescale>
        <scale>1</scale>
        <position>-0.470573,-0.489658,1.543575</position>
        <triangledirection>0.234016,0.127915,-0.963781</triangledirection>
        <trianglepickorigin>0,0,0</trianglepickorigin>
        <orientation>
          <row0>0.965081,-0.150575,0.214348</row0>
          <row1>0.234016,0.127915,-0.963781</row1>
          <row2>0.117703,0.980288,0.158685</row2>
        </orientation>
      </transform>
      <snapped>true</snapped>
      <childlist count="4">
        <childid>28</childid>
        <childid>19</childid>
        <childid>18</childid>
        <childid>17</childid>
      </childlist>
      <handles count="1">
        <weight channel="longer">0.119791</weight>
      </handles>
    </blockref>
    <blockref>
      <blockid>Creature_parts~, ce_grasper_null</blockid>
      <transform>
        <basemusclescale>0.900000</basemusclescale>
        <scale>1</scale>
        <position>-0.701269,-0.615758,2.493681</position>
        <triangledirection>0.544359,-0.259216,-0.797797</triangledirection>
        <trianglepickorigin>0,0,0</trianglepickorigin>
        <orientation>
          <row0>0.680815,-0.419092,0.600708</row0>
          <row1>0.544359,-0.259216,-0.797797</row1>
          <row2>0.490063,0.870154,0.0516581</row2>
        </orientation>
      </transform>
      <snapped>true</snapped>
    </blockref>
    <blockref>
      <blockid>flora_parts~, FE_leaf_24</blockid>
      <transform>
        <scale>1,349859</scale>
        <position>-0.706197,-0.663277,2.612419</position>
        <triangledirection>0.0444649,0.353743,-0.934284</triangledirection>
        <trianglepickorigin>0,0,0</trianglepickorigin>
        <orientation>
          <row0>0.992192,-0.124715,3.57627e-7</row0>
          <row1>0.0444649,0.353743,-0.934284</row1>
          <row2>0.116520,0.926990,0.356527</row2>
        </orientation>
        <userorientation>
          <userorientation_row0>-0.985394,0,-0.170287</userorientation_row0>
          <userorientation_row1>0,1,0</userorientation_row1>
          <userorientation_row2>0.170287,0,-0.985394</userorientation_row2>
        </userorientation>
      </transform>
      <snapped>false</snapped>
      <handles count="4">
        <weight channel="bend">0.130337</weight>
        <weight channel="flatten">0.0755050</weight>
        <weight channel="Length">0.5</weight>
        <weight channel="width">0.650803</weight>
      </handles>
    </blockref>
    <blockref>
      <blockid>flora_parts~, FE_leaf_24</blockid>
      <transform>
        <scale>1,077880</scale>
        <position>-0.817926,-0.653457,2.456870</position>
        <triangledirection>0.929638,-0.0860034,-0.358298</triangledirection>
        <trianglepickorigin>0,0,0</trianglepickorigin>
        <orientation>
          <row0>0.354903,-0.698938,0.620909</row0>
          <row1>0.932173,0.315267,-0.177930</row1>
          <row2>-0.0713900,0.641942,0.763421</row2>
        </orientation>
        <userorientation>
          <userorientation_row0>0.961324,-0.238561,-0.137638</userorientation_row0>
          <userorientation_row1>0.167571,0.903222,-0.395108</userorientation_row1>
          <userorientation_row2>0.218576,0.356763,0.908265</userorientation_row2>
        </userorientation>
      </transform>
      <snapped>false</snapped>
      <handles count="4">
        <weight channel="bend">0.130337</weight>
        <weight channel="flatten">0.0755050</weight>
        <weight channel="Length">0.5</weight>
        <weight channel="width">0.650803</weight>
      </handles>
    </blockref>
    <blockref>
      <blockid>flora_parts~, fe_muscle_branch_01</blockid>
      <transform>
        <limbtype>0</limbtype>
        <musclescale>0.425000</musclescale>
        <basemusclescale>0.850000</basemusclescale>
        <scale>1</scale>
        <position>-0.0516449,0.919326,1.193297</position>
        <triangledirection>0.142290,-0.300123,-0.943227</triangledirection>
        <trianglepickorigin>0,0,0</trianglepickorigin>
        <orientation>
          <row0>0.921693,0.387601,0.0157120</row0>
          <row1>0.142290,-0.300123,-0.943227</row1>
          <row2>-0.360881,0.871602,-0.331774</row2>
        </orientation>
      </transform>
      <snapped>true</snapped>
      <childlist count="5">
        <childid>27</childid>
        <childid>24</childid>
        <childid>23</childid>
        <childid>22</childid>
        <childid>21</childid>
      </childlist>
      <handles count="1">
        <weight channel="longer">0.182590</weight>
      </handles>
    </blockref>
    <blockref>
      <blockid>Creature_parts~, ce_grasper_null</blockid>
      <transform>
        <basemusclescale>0.900000</basemusclescale>
        <scale>1</scale>
        <position>-0.247997,1.333477,2.494889</position>
        <triangledirection>0.468391,-0.852618,-0.231628</triangledirection>
        <trianglepickorigin>0,0,0</trianglepickorigin>
        <orientation>
          <row0>0.847563,0.359580,0.390305</row0>
          <row1>0.468391,-0.852618,-0.231628</row1>
          <row2>0.249493,0.379135,-0.891072</row2>
        </orientation>
      </transform>
      <snapped>true</snapped>
    </blockref>
    <blockref>
      <blockid>flora_parts~, FE_leaf_24</blockid>
      <transform>
        <scale>1,349859</scale>
        <position>-0.277751,1.429637,2.488001</position>
        <triangledirection>0.438570,-0.753038,-0.490498</triangledirection>
        <trianglepickorigin>0,0,0</trianglepickorigin>
        <orientation>
          <row0>-0.778512,-0.145404,-0.610554</row0>
          <row1>0.300424,-0.940442,-0.159099</row1>
          <row2>-0.551057,-0.307285,0.775829</row2>
        </orientation>
        <userorientation>
          <userorientation_row0>-0.985395,0,-0.170287</userorientation_row0>
          <userorientation_row1>0.0675390,0.917985,-0.390822</userorientation_row1>
          <userorientation_row2>0.156321,-0.396615,-0.904577</userorientation_row2>
        </userorientation>
      </transform>
      <snapped>false</snapped>
      <childlist count="1">
        <childid>30</childid>
      </childlist>
      <handles count="4">
        <weight channel="bend">0.130337</weight>
        <weight channel="flatten">0.0755050</weight>
        <weight channel="Length">0.5</weight>
        <weight channel="width">0.650803</weight>
      </handles>
    </blockref>
    <blockref>
      <blockid>flora_parts~, FE_leaf_24</blockid>
      <transform>
        <scale>1,349859</scale>
        <position>-0.199652,1.309836,2.600434</position>
        <triangledirection>-0.233075,-0.0377385,-0.971726</triangledirection>
        <trianglepickorigin>0,0,0</trianglepickorigin>
        <orientation>
          <row0>0.368953,0.929447,-7.45058e-8</row0>
          <row1>-0.382310,0.151761,-0.911485</row1>
          <row2>-0.847178,0.336295,0.411331</row2>
        </orientation>
        <userorientation>
          <userorientation_row0>0.790683,0.225058,0.569356</userorientation_row0>
          <userorientation_row1>-0.121070,0.969095,-0.214936</userorientation_row1>
          <userorientation_row2>-0.600133,0.101015,0.793496</userorientation_row2>
        </userorientation>
      </transform>
      <snapped>false</snapped>
      <handles count="4">
        <weight channel="bend">0.130337</weight>
        <weight channel="flatten">0.0755050</weight>
        <weight channel="Length">0.5</weight>
        <weight channel="width">0.650803</weight>
      </handles>
    </blockref>
    <blockref>
      <blockid>flora_parts~, FE_leaf_24</blockid>
      <transform>
        <scale>1,077880</scale>
        <position>-0.355409,1.223502,2.515653</position>
        <triangledirection>0.736380,0.157617,-0.657952</triangledirection>
        <trianglepickorigin>0,0,0</trianglepickorigin>
        <orientation>
          <row0>0.658132,-0.752902,-2.08616e-7</row0>
          <row1>0.704786,0.616072,-0.351752</row1>
          <row2>0.264835,0.231499,0.936093</row2>
        </orientation>
        <userorientation>
          <userorientation_row0>-0.894931,0.207201,-0.395177</userorientation_row0>
          <userorientation_row1>0.365965,0.847531,-0.384397</userorientation_row1>
          <userorientation_row2>0.255277,-0.488630,-0.834311</userorientation_row2>
        </userorientation>
      </transform>
      <snapped>false</snapped>
      <handles count="4">
        <weight channel="bend">0.130337</weight>
        <weight channel="flatten">0.0755050</weight>
        <weight channel="Length">0.5</weight>
        <weight channel="width">0.650803</weight>
      </handles>
    </blockref>
    <blockref>
      <blockid>flora_parts~, FE_leaf_24</blockid>
      <transform>
        <scale>1,349859</scale>
        <position>0.629059,0.712472,2.116105</position>
        <triangledirection>-0.812190,0.0806571,-0.577790</triangledirection>
        <trianglepickorigin>0,0,0</trianglepickorigin>
        <orientation>
          <row0>0.245339,0.969437,-3.27825e-7</row0>
          <row1>-0.891768,0.225683,-0.392195</row1>
          <row2>-0.380208,0.0962211,0.919882</row2>
        </orientation>
        <userorientation>
          <userorientation_row0>0.790683,0.225058,0.569356</userorientation_row0>
          <userorientation_row1>-0.121070,0.969095,-0.214936</userorientation_row1>
          <userorientation_row2>-0.600133,0.101015,0.793496</userorientation_row2>
        </userorientation>
      </transform>
      <snapped>false</snapped>
      <childlist count="1">
        <childid>31</childid>
      </childlist>
      <handles count="4">
        <weight channel="bend">0.130337</weight>
        <weight channel="flatten">0.0755050</weight>
        <weight channel="Length">0.5</weight>
        <weight channel="width">0.650803</weight>
      </handles>
    </blockref>
    <blockref>
      <blockid>flora_parts~, FE_leaf_24</blockid>
      <transform>
        <scale>1,349859</scale>
        <position>0.474385,0.719817,2.183730</position>
        <triangledirection>0.00512399,0.227666,-0.973725</triangledirection>
        <trianglepickorigin>0,0,0</trianglepickorigin>
        <orientation>
          <row0>0.999746,-0.0225011,-7.72997e-8</row0>
          <row1>0.00512399,0.227666,-0.973725</row1>
          <row2>0.0219100,0.973479,0.227724</row2>
        </orientation>
        <userorientation>
          <userorientation_row0>-0.985394,0,-0.170287</userorientation_row0>
          <userorientation_row1>0,1,0</userorientation_row1>
          <userorientation_row2>0.170287,0,-0.985394</userorientation_row2>
        </userorientation>
      </transform>
      <snapped>false</snapped>
      <handles count="4">
        <weight channel="bend">0.130337</weight>
        <weight channel="flatten">0.0755050</weight>
        <weight channel="Length">0.5</weight>
        <weight channel="width">0.650803</weight>
      </handles>
    </blockref>
    <blockref>
      <blockid>flora_parts~, fe_cap_01a</blockid>
      <transform>
        <scale>1</scale>
        <position>-0.368447,1.346838,2.391387</position>
        <triangledirection>0.931802,-0.335241,0.139131</triangledirection>
        <trianglepickorigin>0,0,0</trianglepickorigin>
        <orientation>
          <row0>-0.338534,-0.940954,-2.98023e-8</row0>
          <row1>0.931802,-0.335241,0.139131</row1>
          <row2>-0.130916,0.0471008,0.990273</row2>
        </orientation>
      </transform>
      <snapped>false</snapped>
    </blockref>
    <blockref>
      <blockid>flora_parts~, fe_cap_01a</blockid>
      <transform>
        <scale>1</scale>
        <position>-0.812460,-0.598971,2.306046</position>
        <triangledirection>0.978579,-0.0379039,0.202348</triangledirection>
        <trianglepickorigin>0,0,0</trianglepickorigin>
        <orientation>
          <row0>-0.0387046,-0.999250,1.24331e-7</row0>
          <row1>0.978579,-0.0379039,0.202348</row1>
          <row2>-0.202197,0.00783197,0.979313</row2>
        </orientation>
      </transform>
      <snapped>false</snapped>
    </blockref>
    <blockref>
      <blockid>flora_parts~, fe_cap_01a</blockid>
      <transform>
        <scale>1</scale>
        <position>0.833981,-0.948268,1.920042</position>
        <triangledirection>-0.958087,0.0625040,0.279574</triangledirection>
        <trianglepickorigin>0,0,0</trianglepickorigin>
        <orientation>
          <row0>0.0650998,0.997878,-2.45869e-7</row0>
          <row1>-0.958087,0.0625040,0.279574</row1>
          <row2>0.278981,-0.0182000,0.960124</row2>
        </orientation>
      </transform>
      <snapped>false</snapped>
    </blockref>
    <blockref>
      <blockid>flora_parts~, fe_cap_01a</blockid>
      <transform>
        <scale>1</scale>
        <position>-0.166152,1.469687,2.487106</position>
        <triangledirection>-0.701932,-0.696928,0.146909</triangledirection>
        <trianglepickorigin>0,0,0</trianglepickorigin>
        <orientation>
          <row0>-0.704572,0.709631,-1.34110e-7</row0>
          <row1>-0.701932,-0.696928,0.146909</row1>
          <row2>0.104251,0.103508,0.989150</row2>
        </orientation>
      </transform>
      <snapped>false</snapped>
    </blockref>
    <blockref>
      <blockid>flora_parts~, fe_cap_01a</blockid>
      <transform>
        <scale>1</scale>
        <position>0.817577,0.706997,2.104032</position>
        <triangledirection>-0.612679,-0.00635999,0.790305</triangledirection>
        <trianglepickorigin>0,0,0</trianglepickorigin>
        <orientation>
          <row0>-0.0103797,0.999946,2.58907e-7</row0>
          <row1>-0.612679,-0.00635999,0.790305</row1>
          <row2>0.790263,0.00820300,0.612712</row2>
        </orientation>
      </transform>
      <snapped>false</snapped>
    </blockref>
  </blocks></sporemodel>