spore0005438f634740666200d59cbcfbd816b417ffffffffffffffff0000000ebfdb7f8306KChangfffffffffffffffe06Erupti0000000<?xml version="1.0" encoding="UTF-8"?><sporemodel>
  <properties>
    <modeltype>PlantMedium</modeltype>
    <skineffectseed1>1234</skineffectseed1>
    <skineffectseed2>1234</skineffectseed2>
    <skineffectseed3>1234</skineffectseed3>
    <skincolor1>0.282353,0.258823,0.203922</skincolor1>
    <skincolor2>0.447059,0.576470,0.262744</skincolor2>
    <skincolor3>0.576470,0.450979,0.184313</skincolor3>
    <zcorpscore>20</zcorpscore>
  </properties>
  <blocks count="22">
    <blockref>
      <blockid>flora_parts~, fe_root_dummy</blockid>
      <transform>
        <scale>1</scale>
        <position>0,0,0.600000</position>
        <triangledirection>0,1,0</triangledirection>
        <trianglepickorigin>0,0,0</trianglepickorigin>
        <orientation>
          <row0>1,0,0</row0>
          <row1>0,1,0</row1>
          <row2>0,0,1</row2>
        </orientation>
      </transform>
      <snapped>false</snapped>
      <childlist count="4">
        <childid>7</childid>
        <childid>5</childid>
        <childid>3</childid>
        <childid>1</childid>
      </childlist>
    </blockref>
    <blockref>
      <blockid>flora_parts~, FE_muscle_branch_04</blockid>
      <transform>
        <limbtype>0</limbtype>
        <musclescale>0.400000</musclescale>
        <basemusclescale>2.25</basemusclescale>
        <scale>1</scale>
        <position>0,0,0.600000</position>
        <triangledirection>0.505682,-0.774582,0.379876</triangledirection>
        <trianglepickorigin>0,0,0</trianglepickorigin>
        <orientation>
          <row0>-0.133128,0.364989,0.921444</row0>
          <row1>0.505682,-0.774582,0.379876</row1>
          <row2>0.852385,0.516530,-0.0814499</row2>
        </orientation>
      </transform>
      <snapped>true</snapped>
      <childlist count="1">
        <childid>2</childid>
      </childlist>
      <handles count="1">
        <weight channel="longer">0.191202</weight>
      </handles>
    </blockref>
    <blockref>
      <blockid>Creature_parts~, ce_grasper_null</blockid>
      <transform>
        <basemusclescale>0.950000</basemusclescale>
        <scale>1</scale>
        <position>-0.725144,1.110745,0.0552589</position>
        <triangledirection>0,0,-1</triangledirection>
        <trianglepickorigin>0,0,0</trianglepickorigin>
        <orientation>
          <row0>1,0,0</row0>
          <row1>0,0,-1</row1>
          <row2>0,1,0</row2>
        </orientation>
      </transform>
      <snapped>true</snapped>
    </blockref>
    <blockref>
      <blockid>flora_parts~, FE_muscle_branch_04</blockid>
      <transform>
        <limbtype>0</limbtype>
        <musclescale>0.300000</musclescale>
        <basemusclescale>2.25</basemusclescale>
        <scale>1</scale>
        <position>0,0,0.600000</position>
        <triangledirection>0.304474,0.850655,0.428578</triangledirection>
        <trianglepickorigin>0,0,0</trianglepickorigin>
        <orientation>
          <row0>0.952497,-0.268754,-0.143250</row0>
          <row1>0.304474,0.850655,0.428578</row1>
          <row2>0.00667488,-0.451836,0.892075</row2>
        </orientation>
      </transform>
      <snapped>true</snapped>
      <childlist count="1">
        <childid>4</childid>
      </childlist>
      <handles count="1">
        <weight channel="longer">0.183829</weight>
      </handles>
    </blockref>
    <blockref>
      <blockid>Creature_parts~, ce_grasper_null</blockid>
      <transform>
        <basemusclescale>0.850000</basemusclescale>
        <scale>1</scale>
        <position>-0.422523,-1.180462,0.00525699</position>
        <triangledirection>0,0,-1</triangledirection>
        <trianglepickorigin>0,0,0</trianglepickorigin>
        <orientation>
          <row0>1,0,0</row0>
          <row1>0,0,-1</row1>
          <row2>0,1,0</row2>
        </orientation>
      </transform>
      <snapped>true</snapped>
    </blockref>
    <blockref>
      <blockid>flora_parts~, fe_muscle_branch_01</blockid>
      <transform>
        <limbtype>0</limbtype>
        <musclescale>0.724999</musclescale>
        <basemusclescale>2.25</basemusclescale>
        <scale>1</scale>
        <position>0,0,0.600000</position>
        <triangledirection>-0.920870,-0.0512539,0.386483</triangledirection>
        <trianglepickorigin>0,0,0</trianglepickorigin>
        <orientation>
          <row0>-0.236064,-0.715636,-0.657372</row0>
          <row1>-0.920870,-0.0512539,0.386483</row1>
          <row2>-0.310274,0.696589,-0.646909</row2>
        </orientation>
      </transform>
      <snapped>true</snapped>
      <childlist count="1">
        <childid>6</childid>
      </childlist>
      <handles count="1">
        <weight channel="longer">0.204278</weight>
      </handles>
    </blockref>
    <blockref>
      <blockid>Creature_parts~, ce_grasper_null</blockid>
      <transform>
        <basemusclescale>0.800000</basemusclescale>
        <scale>1</scale>
        <position>1.396088,0.0777029,0.0140699</position>
        <triangledirection>0,0,-1</triangledirection>
        <trianglepickorigin>0,0,0</trianglepickorigin>
        <orientation>
          <row0>1,0,0</row0>
          <row1>0,0,-1</row1>
          <row2>0,1,0</row2>
        </orientation>
      </transform>
      <snapped>true</snapped>
    </blockref>
    <blockref>
      <blockid>flora_parts~, fe_muscle_branch_02</blockid>
      <transform>
        <limbtype>0</limbtype>
        <musclescale>0.224999</musclescale>
        <basemusclescale>2.25</basemusclescale>
        <scale>1</scale>
        <position>0,0,0.600000</position>
        <triangledirection>0.419597,0.110584,-0.900949</triangledirection>
        <trianglepickorigin>0,0,0</trianglepickorigin>
        <orientation>
          <row0>0.846691,0.310086,0.432388</row0>
          <row1>0.419597,0.110584,-0.900949</row1>
          <row2>-0.327187,0.944255,-0.0364808</row2>
        </orientation>
      </transform>
      <snapped>true</snapped>
      <childlist count="2">
        <childid>12</childid>
        <childid>8</childid>
      </childlist>
      <handles count="1">
        <weight channel="longer">0.162245</weight>
      </handles>
    </blockref>
    <blockref>
      <blockid>flora_parts~, fe_muscle_branch_01</blockid>
      <transform>
        <limbtype>0</limbtype>
        <musclescale>0.350000</musclescale>
        <basemusclescale>1.75</basemusclescale>
        <scale>1</scale>
        <position>-0.525439,-0.138479,1.728214</position>
        <triangledirection>0,0,-1</triangledirection>
        <trianglepickorigin>0,0,0</trianglepickorigin>
        <orientation>
          <row0>0.998389,-0.0567380,0</row0>
          <row1>0,0,-1</row1>
          <row2>0.0567380,0.998389,0</row2>
        </orientation>
      </transform>
      <snapped>true</snapped>
      <childlist count="4">
        <childid>16</childid>
        <childid>15</childid>
        <childid>14</childid>
        <childid>9</childid>
      </childlist>
      <handles count="1">
        <weight channel="longer">0.162245</weight>
      </handles>
    </blockref>
    <blockref>
      <blockid>flora_parts~, fe_branch_01</blockid>
      <transform>
        <limbtype>2</limbtype>
        <musclescale>0</musclescale>
        <basemusclescale>1.25</basemusclescale>
        <scale>1</scale>
        <position>-0.525439,-0.138479,2.980464</position>
        <triangledirection>-0.574512,-0.277680,-0.769954</triangledirection>
        <trianglepickorigin>0,0,0</trianglepickorigin>
        <orientation>
          <row0>0.816549,-0.129598,-0.562540</row0>
          <row1>-0.574512,-0.277680,-0.769954</row1>
          <row2>-0.0564213,0.951891,-0.301195</row2>
        </orientation>
      </transform>
      <snapped>true</snapped>
      <childlist count="1">
        <childid>10</childid>
      </childlist>
      <handles count="3">
        <weight channel="DeformAxisForward">0.305935</weight>
        <weight channel="DeformAxisLeft">1</weight>
        <weight channel="0x5e6f7e87">1</weight>
      </handles>
    </blockref>
    <blockref>
      <blockid>Creature_parts~, ce_grasper_null</blockid>
      <transform>
        <basemusclescale>1</basemusclescale>
        <scale>1</scale>
        <position>0.152823,0.189347,3.889466</position>
        <triangledirection>0,0,-1</triangledirection>
        <trianglepickorigin>0,0,0</trianglepickorigin>
        <orientation>
          <row0>0.998389,-0.0567378,0</row0>
          <row1>0,0,-1</row1>
          <row2>0.0567378,0.998389,0</row2>
        </orientation>
      </transform>
      <snapped>true</snapped>
    </blockref>
    <blockref>
      <blockid>flora_parts~, FE_leaf_06</blockid>
      <transform>
        <scale>0,860707</scale>
        <position>-0.987474,-1.057283,2.456841</position>
        <triangledirection>-0.353165,0.598514,-0.719065</triangledirection>
        <trianglepickorigin>0,0,0</trianglepickorigin>
        <orientation>
          <row0>0.609341,0.792907,4.47034e-8</row0>
          <row1>-0.228128,0.175314,-0.957717</row1>
          <row2>-0.759381,0.583576,0.287710</row2>
        </orientation>
        <userorientation>
          <userorientation_row0>0.904445,-0.0707649,-0.420679</userorientation_row0>
          <userorientation_row1>0.259367,0.874156,0.410583</userorientation_row1>
          <userorientation_row2>0.338683,-0.480462,0.808981</userorientation_row2>
        </userorientation>
      </transform>
      <snapped>false</snapped>
      <childlist count="1">
        <childid>17</childid>
      </childlist>
      <handles count="3">
        <weight channel="DeformAxisLeft">1</weight>
        <weight channel="DeformAxisUp">0.533536</weight>
        <weight channel="DeformAxisForward">0.875348</weight>
      </handles>
    </blockref>
    <blockref>
      <blockid>flora_parts~, fe_branch_02</blockid>
      <transform>
        <limbtype>2</limbtype>
        <musclescale>0</musclescale>
        <basemusclescale>2.191559</basemusclescale>
        <scale>1,252320</scale>
        <position>-0.525439,-0.138479,1.728214</position>
        <triangledirection>0.579127,0.662492,-0.475095</triangledirection>
        <trianglepickorigin>0,0,0</trianglepickorigin>
        <orientation>
          <row0>-0.293429,0.713103,0.636696</row0>
          <row1>0.579127,0.662492,-0.475095</row1>
          <row2>-0.760599,0.229321,-0.607372</row2>
        </orientation>
      </transform>
      <snapped>true</snapped>
      <childlist count="2">
        <childid>13</childid>
        <childid>11</childid>
      </childlist>
      <handles count="2">
        <weight channel="DeformAxisForward">0.296912</weight>
        <weight channel="DeformAxisLeft">1</weight>
      </handles>
    </blockref>
    <blockref>
      <blockid>Creature_parts~, ce_grasper_null</blockid>
      <transform>
        <basemusclescale>1</basemusclescale>
        <scale>1</scale>
        <position>-1.646226,-1.420598,2.647666</position>
        <triangledirection>-0.410972,-0.310567,-0.857116</triangledirection>
        <trianglepickorigin>0,0,0</trianglepickorigin>
        <orientation>
          <row0>0.832416,0.255531,-0.491718</row0>
          <row1>-0.410972,-0.310567,-0.857116</row1>
          <row2>-0.371731,0.915560,-0.153505</row2>
        </orientation>
      </transform>
      <snapped>true</snapped>
    </blockref>
    <blockref>
      <blockid>flora_parts~, FE_leaf_06</blockid>
      <transform>
        <scale>1</scale>
        <position>-0.297535,-0.152994,2.812201</position>
        <triangledirection>-0.776883,-0.204173,-0.595623</triangledirection>
        <trianglepickorigin>0,0,0</trianglepickorigin>
        <orientation>
          <row0>-0.0593219,0.998238,-4.31435e-7</row0>
          <row1>-0.998138,-0.0593160,-0.0142010</row1>
          <row2>-0.0141760,-0.000842001,0.999899</row2>
        </orientation>
        <userorientation>
          <userorientation_row0>-0.332832,-0.600012,-0.727468</userorientation_row0>
          <userorientation_row1>-0.157727,0.796005,-0.584377</userorientation_row1>
          <userorientation_row2>0.929702,-0.0797579,-0.359574</userorientation_row2>
        </userorientation>
      </transform>
      <snapped>false</snapped>
      <childlist count="1">
        <childid>20</childid>
      </childlist>
      <handles count="3">
        <weight channel="DeformAxisLeft">1</weight>
        <weight channel="DeformAxisUp">0.560146</weight>
        <weight channel="DeformAxisForward">1</weight>
      </handles>
    </blockref>
    <blockref>
      <blockid>flora_parts~, FE_leaf_06</blockid>
      <transform>
        <scale>0,860705</scale>
        <position>-0.746329,-0.118914,2.941026</position>
        <triangledirection>0.887483,0.0308360,-0.459808</triangledirection>
        <trianglepickorigin>0,0,0</trianglepickorigin>
        <orientation>
          <row0>-0.131886,-0.991264,4.41446e-7</row0>
          <row1>0.971943,-0.129316,-0.196475</row1>
          <row2>0.194758,-0.0259119,0.980508</row2>
        </orientation>
        <userorientation>
          <userorientation_row0>-0.0411779,0.275747,0.960348</userorientation_row0>
          <userorientation_row1>-0.147613,0.948936,-0.278800</userorientation_row1>
          <userorientation_row2>-0.988188,-0.153241,0.00162899</userorientation_row2>
        </userorientation>
      </transform>
      <snapped>false</snapped>
      <childlist count="1">
        <childid>18</childid>
      </childlist>
      <handles count="3">
        <weight channel="DeformAxisLeft">1</weight>
        <weight channel="DeformAxisUp">0.533536</weight>
        <weight channel="DeformAxisForward">0.875348</weight>
      </handles>
    </blockref>
    <blockref>
      <blockid>flora_parts~, FE_leaf_06</blockid>
      <transform>
        <scale>1,077880</scale>
        <position>-0.625901,0.228837,2.352734</position>
        <triangledirection>0.0395037,-0.880516,-0.472366</triangledirection>
        <trianglepickorigin>0,0,0</trianglepickorigin>
        <orientation>
          <row0>-0.928451,-0.371453,6.40749e-7</row0>
          <row1>0.319211,-0.797872,-0.511373</row1>
          <row2>0.189951,-0.474785,0.859358</row2>
        </orientation>
        <userorientation>
          <userorientation_row0>0.827259,-0.261305,0.497355</userorientation_row0>
          <userorientation_row1>0.290392,0.956706,0.0196289</userorientation_row1>
          <userorientation_row2>-0.480952,0.128190,0.867325</userorientation_row2>
        </userorientation>
      </transform>
      <snapped>false</snapped>
      <childlist count="2">
        <childid>21</childid>
        <childid>19</childid>
      </childlist>
      <handles count="3">
        <weight channel="DeformAxisLeft">1</weight>
        <weight channel="DeformAxisUp">0.533536</weight>
        <weight channel="DeformAxisForward">0.628435</weight>
      </handles>
    </blockref>
    <blockref>
      <blockid>flora_parts~, fe_cap_01a</blockid>
      <transform>
        <scale>0,798516</scale>
        <position>-0.816230,-1.299486,2.589234</position>
        <triangledirection>0.531017,0.810085,0.248557</triangledirection>
        <trianglepickorigin>0,0,0</trianglepickorigin>
        <orientation>
          <row0>0.708963,-0.705245,-2.30967e-7</row0>
          <row1>0.704406,0.708120,-0.0487630</row1>
          <row2>0.0343900,0.0345710,0.998810</row2>
        </orientation>
        <userorientation>
          <userorientation_row0>0.978996,0.203881,0</userorientation_row0>
          <userorientation_row1>-0.194836,0.935570,0.294528</userorientation_row1>
          <userorientation_row2>0.0600489,-0.288341,0.955642</userorientation_row2>
        </userorientation>
      </transform>
      <snapped>false</snapped>
    </blockref>
    <blockref>
      <blockid>flora_parts~, fe_cap_01a</blockid>
      <transform>
        <scale>0,798516</scale>
        <position>-1.833401,-0.0875789,3.150444</position>
        <triangledirection>-0.0821588,-0.186942,0.978929</triangledirection>
        <trianglepickorigin>0,0,0</trianglepickorigin>
        <orientation>
          <row0>0.657934,0.753075,-2.01165e-7</row0>
          <row1>-0.180932,0.158074,0.970709</row1>
          <row2>0.731016,-0.638663,0.240257</row2>
        </orientation>
        <userorientation>
          <userorientation_row0>0.978996,0.203881,0</userorientation_row0>
          <userorientation_row1>-0.194836,0.935570,0.294528</userorientation_row1>
          <userorientation_row2>0.0600489,-0.288341,0.955642</userorientation_row2>
        </userorientation>
      </transform>
      <snapped>false</snapped>
    </blockref>
    <blockref>
      <blockid>flora_parts~, fe_cap_01a</blockid>
      <transform>
        <scale>0,798516</scale>
        <position>-0.714569,1.486272,2.971059</position>
        <triangledirection>0.351901,0.124930,0.927662</triangledirection>
        <trianglepickorigin>0,0,0</trianglepickorigin>
        <orientation>
          <row0>-0.206289,-0.978491,-1.04308e-7</row0>
          <row1>0.581028,-0.122494,0.804611</row1>
          <row2>-0.787305,0.165982,0.593801</row2>
        </orientation>
        <userorientation>
          <userorientation_row0>0.978996,0.203881,0</userorientation_row0>
          <userorientation_row1>-0.194836,0.935570,0.294528</userorientation_row1>
          <userorientation_row2>0.0600489,-0.288341,0.955642</userorientation_row2>
        </userorientation>
      </transform>
      <snapped>false</snapped>
    </blockref>
    <blockref>
      <blockid>flora_parts~, fe_cap_01a</blockid>
      <transform>
        <scale>0,798516</scale>
        <position>0.425684,0.0531399,3.156714</position>
        <triangledirection>0.183981,-0.242629,0.952513</triangledirection>
        <trianglepickorigin>0,0,0</trianglepickorigin>
        <orientation>
          <row0>-0.998963,0.0455277,-1.06170e-7</row0>
          <row1>-0.0236370,-0.518638,0.854667</row1>
          <row2>0.0389109,0.853780,0.519176</row2>
        </orientation>
        <userorientation>
          <userorientation_row0>0.978996,0.203881,0</userorientation_row0>
          <userorientation_row1>-0.194836,0.935570,0.294528</userorientation_row1>
          <userorientation_row2>0.0600489,-0.288341,0.955642</userorientation_row2>
        </userorientation>
      </transform>
      <snapped>false</snapped>
    </blockref>
    <blockref>
      <blockid>flora_parts~, fe_cap_01a</blockid>
      <transform>
        <scale>0,798516</scale>
        <position>-1.166132,0.799003,2.387711</position>
        <triangledirection>0.111149,0.510134,0.852882</triangledirection>
        <trianglepickorigin>0,0,0</trianglepickorigin>
        <orientation>
          <row0>0.827048,-0.562131,-2.53319e-7</row0>
          <row1>0.411575,0.605539,0.681121</row1>
          <row2>-0.382879,-0.563320,0.732170</row2>
        </orientation>
        <userorientation>
          <userorientation_row0>0.978996,0.203881,0</userorientation_row0>
          <userorientation_row1>-0.194836,0.935570,0.294528</userorientation_row1>
          <userorientation_row2>0.0600489,-0.288341,0.955642</userorientation_row2>
        </userorientation>
      </transform>
      <snapped>false</snapped>
    </blockref>
  </blocks></sporemodel>