spore0005438f634740666200c7f37634d816b417ffffffffffffffff0000000ebfdb7fa106KChangfffffffffffffffe09Appledash0000000<?xml version="1.0" encoding="UTF-8"?><sporemodel>
  <properties>
    <modeltype>PlantMedium</modeltype>
    <skineffectseed1>226342</skineffectseed1>
    <skineffectseed2>209942</skineffectseed2>
    <skineffectseed3>4660</skineffectseed3>
    <skincolor1>0.443136,0.325490,0.0823529</skincolor1>
    <skincolor2>0.803922,0.627451,0.258823</skincolor2>
    <skincolor3>0.694118,0.556863,0.505882</skincolor3>
    <zcorpscore>19</zcorpscore>
  </properties>
  <blocks count="33">
    <blockref>
      <blockid>flora_parts~, fe_root_dummy</blockid>
      <transform>
        <scale>1</scale>
        <position>0,0,0.600000</position>
        <triangledirection>0,1,0</triangledirection>
        <trianglepickorigin>0,0,0</trianglepickorigin>
        <orientation>
          <row0>1,0,0</row0>
          <row1>0,1,0</row1>
          <row2>0,0,1</row2>
        </orientation>
      </transform>
      <snapped>false</snapped>
      <childlist count="5">
        <childid>25</childid>
        <childid>5</childid>
        <childid>3</childid>
        <childid>2</childid>
        <childid>1</childid>
      </childlist>
    </blockref>
    <blockref>
      <blockid>flora_parts~, fe_muscle_branch_01</blockid>
      <transform>
        <limbtype>0</limbtype>
        <musclescale>0.574999</musclescale>
        <basemusclescale>2.149999</basemusclescale>
        <scale>1</scale>
        <position>0,0,0.600000</position>
        <triangledirection>0.125148,-0.746286,0.653753</triangledirection>
        <trianglepickorigin>0,0,0</trianglepickorigin>
        <orientation>
          <row0>-0.563701,-0.595730,-0.572140</row0>
          <row1>0.125148,-0.746286,0.653753</row1>
          <row2>-0.816442,0.296919,0.495238</row2>
        </orientation>
      </transform>
      <snapped>true</snapped>
      <childlist count="1">
        <childid>12</childid>
      </childlist>
      <handles count="1">
        <weight channel="longer">0.232505</weight>
      </handles>
    </blockref>
    <blockref>
      <blockid>flora_parts~, FE_muscle_branch_04</blockid>
      <transform>
        <limbtype>0</limbtype>
        <musclescale>0.350000</musclescale>
        <basemusclescale>2.149999</basemusclescale>
        <scale>1</scale>
        <position>0,0,0.600000</position>
        <triangledirection>-0.519605,0.512297,0.683784</triangledirection>
        <trianglepickorigin>0,0,0</trianglepickorigin>
        <orientation>
          <row0>-0.851065,-0.381035,-0.361246</row0>
          <row1>-0.519605,0.512297,0.683784</row1>
          <row2>-0.0754801,0.769650,-0.633987</row2>
        </orientation>
      </transform>
      <snapped>true</snapped>
      <childlist count="1">
        <childid>10</childid>
      </childlist>
      <handles count="1">
        <weight channel="longer">0.182953</weight>
      </handles>
    </blockref>
    <blockref>
      <blockid>flora_parts~, FE_muscle_branch_04</blockid>
      <transform>
        <limbtype>0</limbtype>
        <musclescale>0.5</musclescale>
        <basemusclescale>2.149999</basemusclescale>
        <scale>1</scale>
        <position>0,0,0.600000</position>
        <triangledirection>0.830738,0.507214,0.229364</triangledirection>
        <trianglepickorigin>0,0,0</trianglepickorigin>
        <orientation>
          <row0>-0.165350,-0.168595,0.971717</row0>
          <row1>0.830738,0.507214,0.229364</row1>
          <row2>-0.531538,0.845168,0.0561911</row2>
        </orientation>
      </transform>
      <snapped>true</snapped>
      <childlist count="1">
        <childid>4</childid>
      </childlist>
      <handles count="1">
        <weight channel="longer">0.0938789</weight>
      </handles>
    </blockref>
    <blockref>
      <blockid>flora_parts~, FE_muscle_branch_04</blockid>
      <transform>
        <limbtype>0</limbtype>
        <musclescale>0.550000</musclescale>
        <basemusclescale>0.950000</basemusclescale>
        <scale>1</scale>
        <position>-0.683850,-0.417531,0.411190</position>
        <triangledirection>0.00719700,0.478742,0.877926</triangledirection>
        <trianglepickorigin>0,0,0</trianglepickorigin>
        <orientation>
          <row0>-0.350655,0.823408,-0.446138</row0>
          <row1>0.00719700,0.478742,0.877926</row1>
          <row2>0.936476,0.304638,-0.173799</row2>
        </orientation>
      </transform>
      <snapped>true</snapped>
      <childlist count="1">
        <childid>11</childid>
      </childlist>
      <handles count="1">
        <weight channel="longer">0.0846530</weight>
      </handles>
    </blockref>
    <blockref>
      <blockid>flora_parts~, fe_muscle_branch_02</blockid>
      <transform>
        <limbtype>0</limbtype>
        <musclescale>0</musclescale>
        <basemusclescale>2.149999</basemusclescale>
        <scale>1</scale>
        <position>0,0,0.600000</position>
        <triangledirection>0,0,-1</triangledirection>
        <trianglepickorigin>0,0,0</trianglepickorigin>
        <orientation>
          <row0>1,0,0</row0>
          <row1>0,0,-1</row1>
          <row2>0,1,0</row2>
        </orientation>
      </transform>
      <snapped>true</snapped>
      <childlist count="3">
        <childid>20</childid>
        <childid>18</childid>
        <childid>8</childid>
      </childlist>
      <handles count="1">
        <weight channel="longer">0.208768</weight>
      </handles>
    </blockref>
    <blockref>
      <blockid>flora_parts~, FE_leaf_01</blockid>
      <transform>
        <scale>0,548812</scale>
        <position>0.170102,0.533060,2.927639</position>
        <triangledirection>0.608527,0.0340839,-0.792800</triangledirection>
        <trianglepickorigin>0,0,0</trianglepickorigin>
        <orientation>
          <row0>0.0559231,-0.998435,1.26659e-7</row0>
          <row1>0.608527,0.0340839,-0.792800</row1>
          <row2>0.791560,0.0443360,0.609480</row2>
        </orientation>
      </transform>
      <snapped>false</snapped>
      <handles count="3">
        <weight channel="DeformAxisLeft">0.981471</weight>
        <weight channel="DeformAxisUp">0.155479</weight>
        <weight channel="DeformAxisForward">0.594507</weight>
      </handles>
    </blockref>
    <blockref>
      <blockid>flora_parts~, FE_leaf_01</blockid>
      <transform>
        <scale>0,5</scale>
        <position>-0.842781,0.386932,1.859192</position>
        <triangledirection>0.698646,0.489941,-0.521391</triangledirection>
        <trianglepickorigin>0,0,0</trianglepickorigin>
        <orientation>
          <row0>0.574161,-0.818742,1.19209e-7</row0>
          <row1>0.698646,0.489941,-0.521391</row1>
          <row2>0.426885,0.299363,0.853317</row2>
        </orientation>
        <userorientation>
          <userorientation_row0>0.996919,0,-0.0784230</userorientation_row0>
          <userorientation_row1>0,1,0</userorientation_row1>
          <userorientation_row2>0.0784230,0,0.996919</userorientation_row2>
        </userorientation>
      </transform>
      <snapped>false</snapped>
      <handles count="3">
        <weight channel="DeformAxisLeft">0.981471</weight>
        <weight channel="DeformAxisUp">0.155479</weight>
        <weight channel="DeformAxisForward">0.594507</weight>
      </handles>
    </blockref>
    <blockref>
      <blockid>flora_parts~, FE_leaf_01</blockid>
      <transform>
        <scale>0,509157</scale>
        <position>0.240585,-0.0869229,1.696241</position>
        <triangledirection>-0.750103,0.438089,-0.495401</triangledirection>
        <trianglepickorigin>0,0,0</trianglepickorigin>
        <orientation>
          <row0>0.321893,0.946775,-5.58793e-7</row0>
          <row1>-0.908557,0.308899,-0.281252</row1>
          <row2>-0.266283,0.0905340,0.959633</row2>
        </orientation>
        <userorientation>
          <userorientation_row0>0.979187,-0.192993,-0.0628109</userorientation_row0>
          <userorientation_row1>0.173319,0.956171,-0.236001</userorientation_row1>
          <userorientation_row2>0.105606,0.220203,0.969720</userorientation_row2>
        </userorientation>
      </transform>
      <snapped>false</snapped>
      <handles count="3">
        <weight channel="DeformAxisLeft">0.981471</weight>
        <weight channel="DeformAxisUp">0.155479</weight>
        <weight channel="DeformAxisForward">0.594507</weight>
      </handles>
    </blockref>
    <blockref>
      <blockid>flora_parts~, FE_leaf_01</blockid>
      <transform>
        <scale>0,5</scale>
        <position>0.569072,0.413725,2.748285</position>
        <triangledirection>-0.657892,-0.197612,-0.726722</triangledirection>
        <trianglepickorigin>0,0,0</trianglepickorigin>
        <orientation>
          <row0>-0.287675,0.957728,-8.94069e-8</row0>
          <row1>-0.657892,-0.197612,-0.726722</row1>
          <row2>-0.696002,-0.209059,0.686930</row2>
        </orientation>
        <userorientation>
          <userorientation_row0>0.990646,0,0.136450</userorientation_row0>
          <userorientation_row1>0,1,0</userorientation_row1>
          <userorientation_row2>-0.136450,0,0.990646</userorientation_row2>
        </userorientation>
      </transform>
      <snapped>false</snapped>
      <handles count="3">
        <weight channel="DeformAxisLeft">0.981471</weight>
        <weight channel="DeformAxisUp">0.155479</weight>
        <weight channel="DeformAxisForward">0.594507</weight>
      </handles>
    </blockref>
    <blockref>
      <blockid>Creature_parts~, ce_grasper_null</blockid>
      <transform>
        <basemusclescale>0.600000</basemusclescale>
        <scale>1</scale>
        <position>0.718206,-0.708106,-0.345137</position>
        <triangledirection>0.547299,-0.392385,0.739254</triangledirection>
        <trianglepickorigin>0,0,0</trianglepickorigin>
        <orientation>
          <row0>-0.660158,0.340540,0.669494</row0>
          <row1>0.547299,-0.392385,0.739254</row1>
          <row2>0.514445,0.854439,0.0726587</row2>
        </orientation>
      </transform>
      <snapped>true</snapped>
    </blockref>
    <blockref>
      <blockid>Creature_parts~, ce_grasper_null</blockid>
      <transform>
        <basemusclescale>0.900000</basemusclescale>
        <scale>1</scale>
        <position>-0.689357,-0.783901,-0.260667</position>
        <triangledirection>0.00719700,0.478742,0.877926</triangledirection>
        <trianglepickorigin>0,0,0</trianglepickorigin>
        <orientation>
          <row0>-0.350655,0.823408,-0.446138</row0>
          <row1>0.00719700,0.478742,0.877926</row1>
          <row2>0.936476,0.304638,-0.173799</row2>
        </orientation>
      </transform>
      <snapped>true</snapped>
    </blockref>
    <blockref>
      <blockid>Creature_parts~, ce_grasper_null</blockid>
      <transform>
        <basemusclescale>0.5</basemusclescale>
        <scale>1</scale>
        <position>-0.211902,1.263615,-0.506937</position>
        <triangledirection>-0.354555,-0.100697,0.929596</triangledirection>
        <trianglepickorigin>0,0,0</trianglepickorigin>
        <orientation>
          <row0>-0.543446,-0.786832,-0.292507</row0>
          <row1>-0.354555,-0.100696,0.929596</row1>
          <row2>-0.760891,0.608896,-0.224252</row2>
        </orientation>
      </transform>
      <snapped>true</snapped>
    </blockref>
    <blockref>
      <blockid>flora_parts~, FE_leaf_27</blockid>
      <transform>
        <scale>0,960421</scale>
        <position>-0.801025,0.459230,1.933600</position>
        <triangledirection>0.379805,0.0382439,-0.924275</triangledirection>
        <trianglepickorigin>0,0,0</trianglepickorigin>
        <orientation>
          <row0>0.100187,-0.994968,2.75671e-7</row0>
          <row1>0.379805,0.0382439,-0.924275</row1>
          <row2>0.919624,0.0926009,0.381726</row2>
        </orientation>
      </transform>
      <snapped>false</snapped>
      <handles count="3">
        <weight channel="DeformAxisLeft">0</weight>
        <weight channel="DeformAxisForward">0.121035</weight>
        <weight channel="DeformAxisUp">0.341427</weight>
      </handles>
    </blockref>
    <blockref>
      <blockid>flora_parts~, FE_leaf_01</blockid>
      <transform>
        <scale>0,637627</scale>
        <position>-0.183968,-0.661217,2.872783</position>
        <triangledirection>0.676656,0.671388,-0.302280</triangledirection>
        <trianglepickorigin>0,0,0</trianglepickorigin>
        <orientation>
          <row0>0.553938,-0.832557,2.08616e-7</row0>
          <row1>0.735047,0.489060,-0.469602</row1>
          <row2>0.390970,0.260130,0.882878</row2>
        </orientation>
        <userorientation>
          <userorientation_row0>0.982370,0.186940,0</userorientation_row0>
          <userorientation_row1>-0.184143,0.967674,0.172325</userorientation_row1>
          <userorientation_row2>0.0322149,-0.169287,0.985040</userorientation_row2>
        </userorientation>
      </transform>
      <snapped>false</snapped>
      <handles count="3">
        <weight channel="DeformAxisLeft">0.981471</weight>
        <weight channel="DeformAxisUp">0.155479</weight>
        <weight channel="DeformAxisForward">0.594507</weight>
      </handles>
    </blockref>
    <blockref>
      <blockid>flora_parts~, FE_leaf_01</blockid>
      <transform>
        <scale>0,548812</scale>
        <position>-0.768070,0.598326,1.856008</position>
        <triangledirection>0.291009,-0.805115,-0.516818</triangledirection>
        <trianglepickorigin>0,0,0</trianglepickorigin>
        <orientation>
          <row0>-0.940451,-0.339927,2.08616e-7</row0>
          <row1>0.291009,-0.805115,-0.516818</row1>
          <row2>0.175681,-0.486043,0.856094</row2>
        </orientation>
      </transform>
      <snapped>false</snapped>
      <handles count="3">
        <weight channel="DeformAxisLeft">0.981471</weight>
        <weight channel="DeformAxisUp">0.155479</weight>
        <weight channel="DeformAxisForward">0.594507</weight>
      </handles>
    </blockref>
    <blockref>
      <blockid>flora_parts~, FE_leaf_01</blockid>
      <transform>
        <scale>0,548812</scale>
        <position>0.118038,0.584711,2.785453</position>
        <triangledirection>0.445371,-0.773112,-0.451603</triangledirection>
        <trianglepickorigin>0,0,0</trianglepickorigin>
        <orientation>
          <row0>-0.429442,-0.903094,-1.93715e-7</row0>
          <row1>0.897446,-0.426756,-0.111659</row1>
          <row2>0.100839,-0.0479517,0.993746</row2>
        </orientation>
        <userorientation>
          <userorientation_row0>-0.858503,0.495108,-0.133563</userorientation_row0>
          <userorientation_row1>0.506931,0.780053,-0.366796</userorientation_row1>
          <userorientation_row2>-0.0774170,-0.382603,-0.920664</userorientation_row2>
        </userorientation>
      </transform>
      <snapped>false</snapped>
      <handles count="3">
        <weight channel="DeformAxisLeft">0.981471</weight>
        <weight channel="DeformAxisUp">0.877893</weight>
        <weight channel="DeformAxisForward">0.338123</weight>
      </handles>
    </blockref>
    <blockref>
      <blockid>flora_parts~, FE_leaf_01</blockid>
      <transform>
        <scale>0,5</scale>
        <position>0.454879,0.590393,2.763939</position>
        <triangledirection>-0.507604,-0.759696,-0.406448</triangledirection>
        <trianglepickorigin>0,0,0</trianglepickorigin>
        <orientation>
          <row0>-0.831474,0.555563,-1.63912e-7</row0>
          <row1>-0.507604,-0.759696,-0.406448</row1>
          <row2>-0.225807,-0.337950,0.913673</row2>
        </orientation>
        <userorientation>
          <userorientation_row0>0.990646,0,0.136450</userorientation_row0>
          <userorientation_row1>0,1,0</userorientation_row1>
          <userorientation_row2>-0.136450,0,0.990646</userorientation_row2>
        </userorientation>
      </transform>
      <snapped>false</snapped>
      <handles count="3">
        <weight channel="DeformAxisLeft">0.981471</weight>
        <weight channel="DeformAxisUp">0.0612279</weight>
        <weight channel="DeformAxisForward">0.594507</weight>
      </handles>
    </blockref>
    <blockref>
      <blockid>flora_parts~, FE_muscle_branch_03</blockid>
      <transform>
        <limbtype>0</limbtype>
        <musclescale>0.5</musclescale>
        <basemusclescale>1.25</basemusclescale>
        <scale>1</scale>
        <position>0,9.99999e-7,2.144229</position>
        <triangledirection>-0.293671,-0.609311,-0.736544</triangledirection>
        <trianglepickorigin>0,0,0</trianglepickorigin>
        <orientation>
          <row0>0.944653,-0.0671087,-0.321131</row0>
          <row1>-0.293671,-0.609311,-0.736544</row1>
          <row2>-0.146240,0.790086,-0.595296</row2>
        </orientation>
      </transform>
      <snapped>true</snapped>
      <childlist count="8">
        <childid>30</childid>
        <childid>28</childid>
        <childid>27</childid>
        <childid>19</childid>
        <childid>17</childid>
        <childid>16</childid>
        <childid>9</childid>
        <childid>6</childid>
      </childlist>
      <handles count="1">
        <weight channel="longer">0.107100</weight>
      </handles>
    </blockref>
    <blockref>
      <blockid>Creature_parts~, ce_grasper_null</blockid>
      <transform>
        <basemusclescale>1</basemusclescale>
        <scale>1</scale>
        <position>0.266113,0.552133,2.811658</position>
        <triangledirection>0,0,-1</triangledirection>
        <trianglepickorigin>0,0,0</trianglepickorigin>
        <orientation>
          <row0>1,0,0</row0>
          <row1>0,0,-1</row1>
          <row2>0,1,0</row2>
        </orientation>
      </transform>
      <snapped>true</snapped>
    </blockref>
    <blockref>
      <blockid>flora_parts~, FE_muscle_branch_03</blockid>
      <transform>
        <limbtype>0</limbtype>
        <musclescale>0.5</musclescale>
        <basemusclescale>1.25</basemusclescale>
        <scale>1</scale>
        <position>0,9.99999e-7,2.144229</position>
        <triangledirection>0.105144,0.661815,-0.742256</triangledirection>
        <trianglepickorigin>0,0,0</trianglepickorigin>
        <orientation>
          <row0>0.993898,-0.0949406,0.0561386</row0>
          <row1>0.105144,0.661815,-0.742256</row1>
          <row2>0.0333169,0.743630,0.667759</row2>
        </orientation>
      </transform>
      <snapped>true</snapped>
      <childlist count="7">
        <childid>32</childid>
        <childid>29</childid>
        <childid>24</childid>
        <childid>23</childid>
        <childid>22</childid>
        <childid>21</childid>
        <childid>14</childid>
      </childlist>
      <handles count="1">
        <weight channel="longer">0.107100</weight>
      </handles>
    </blockref>
    <blockref>
      <blockid>Creature_parts~, ce_grasper_null</blockid>
      <transform>
        <basemusclescale>1</basemusclescale>
        <scale>1</scale>
        <position>-0.0952770,-0.599709,2.816834</position>
        <triangledirection>0.321134,0.595294,-0.736544</triangledirection>
        <trianglepickorigin>0,0,0</trianglepickorigin>
        <orientation>
          <row0>0.944653,-0.146241,0.293673</row0>
          <row1>0.321134,0.595294,-0.736544</row1>
          <row2>-0.0671089,0.790087,0.609309</row2>
        </orientation>
      </transform>
      <snapped>true</snapped>
    </blockref>
    <blockref>
      <blockid>flora_parts~, FE_leaf_27</blockid>
      <transform>
        <scale>1,397399</scale>
        <position>-0.0966199,-0.630730,2.925382</position>
        <triangledirection>0.151194,0.327906,-0.932533</triangledirection>
        <trianglepickorigin>0,0,0</trianglepickorigin>
        <orientation>
          <row0>0.908114,-0.418721,7.45058e-8</row0>
          <row1>0.151194,0.327906,-0.932533</row1>
          <row2>0.390471,0.846846,0.361084</row2>
        </orientation>
      </transform>
      <snapped>false</snapped>
      <handles count="3">
        <weight channel="DeformAxisLeft">0</weight>
        <weight channel="DeformAxisForward">0.0858400</weight>
        <weight channel="DeformAxisUp">0.607093</weight>
      </handles>
    </blockref>
    <blockref>
      <blockid>flora_parts~, FE_leaf_01</blockid>
      <transform>
        <scale>0,5</scale>
        <position>0.245680,-0.481314,2.793970</position>
        <triangledirection>-0.582096,-0.0305589,-0.812545</triangledirection>
        <trianglepickorigin>0,0,0</trianglepickorigin>
        <orientation>
          <row0>-0.0524263,0.998624,3.18512e-7</row0>
          <row1>-0.582096,-0.0305589,-0.812545</row1>
          <row2>-0.811427,-0.0425989,0.582898</row2>
        </orientation>
        <userorientation>
          <userorientation_row0>0.990646,0,0.136450</userorientation_row0>
          <userorientation_row1>0,1,0</userorientation_row1>
          <userorientation_row2>-0.136450,0,0.990646</userorientation_row2>
        </userorientation>
      </transform>
      <snapped>false</snapped>
      <handles count="3">
        <weight channel="DeformAxisLeft">0.981471</weight>
        <weight channel="DeformAxisUp">0.115921</weight>
        <weight channel="DeformAxisForward">0.594507</weight>
      </handles>
    </blockref>
    <blockref>
      <blockid>flora_parts~, FE_leaf_01</blockid>
      <transform>
        <scale>0,5</scale>
        <position>-0.00984299,-0.711382,2.859163</position>
        <triangledirection>-0.459955,0.801761,-0.381603</triangledirection>
        <trianglepickorigin>0,0,0</trianglepickorigin>
        <orientation>
          <row0>0.867400,0.497611,-5.96046e-8</row0>
          <row1>-0.459954,0.801760,-0.381602</row1>
          <row2>-0.189889,0.331002,0.924326</row2>
        </orientation>
        <userorientation>
          <userorientation_row0>0.990646,0,0.136450</userorientation_row0>
          <userorientation_row1>0,1,0</userorientation_row1>
          <userorientation_row2>-0.136450,0,0.990646</userorientation_row2>
        </userorientation>
      </transform>
      <snapped>false</snapped>
      <handles count="3">
        <weight channel="DeformAxisLeft">0.981471</weight>
        <weight channel="DeformAxisUp">0.155479</weight>
        <weight channel="DeformAxisForward">0.594507</weight>
      </handles>
    </blockref>
    <blockref>
      <blockid>flora_parts~, FE_muscle_branch_04</blockid>
      <transform>
        <limbtype>0</limbtype>
        <musclescale>0.5</musclescale>
        <basemusclescale>2.149999</basemusclescale>
        <scale>1</scale>
        <position>0,0,0.600000</position>
        <triangledirection>0.503537,-0.313421,-0.805118</triangledirection>
        <trianglepickorigin>0,0,0</trianglepickorigin>
        <orientation>
          <row0>0.811034,0.492659,0.315451</row0>
          <row1>0.503537,-0.313421,-0.805118</row1>
          <row2>-0.297780,0.811820,-0.502268</row2>
        </orientation>
      </transform>
      <snapped>true</snapped>
      <childlist count="5">
        <childid>31</childid>
        <childid>26</childid>
        <childid>15</childid>
        <childid>13</childid>
        <childid>7</childid>
      </childlist>
      <handles count="1">
        <weight channel="longer">0.195558</weight>
      </handles>
    </blockref>
    <blockref>
      <blockid>Creature_parts~, ce_grasper_null</blockid>
      <transform>
        <basemusclescale>1</basemusclescale>
        <scale>1</scale>
        <position>-0.735835,0.458012,1.776544</position>
        <triangledirection>0,-3.00000e-6,-1</triangledirection>
        <trianglepickorigin>0,0,0</trianglepickorigin>
        <orientation>
          <row0>1,-1.00000e-6,3.00000e-12</row0>
          <row1>0,-3.00000e-6,-1</row1>
          <row2>1.00000e-6,1,-3.00000e-6</row2>
        </orientation>
      </transform>
      <snapped>true</snapped>
    </blockref>
    <blockref>
      <blockid>flora_parts~, FE_leaf_27</blockid>
      <transform>
        <scale>1,035220</scale>
        <position>0.313248,0.595635,2.889079</position>
        <triangledirection>-0.367675,-0.479535,-0.796780</triangledirection>
        <trianglepickorigin>0,0,0</trianglepickorigin>
        <orientation>
          <row0>-0.793580,0.608464,-8.94069e-8</row0>
          <row1>-0.367675,-0.479535,-0.796780</row1>
          <row2>-0.484813,-0.632310,0.604268</row2>
        </orientation>
        <userorientation>
          <userorientation_row0>0.139269,0,-0.990254</userorientation_row0>
          <userorientation_row1>0,1,0</userorientation_row1>
          <userorientation_row2>0.990254,0,0.139269</userorientation_row2>
        </userorientation>
      </transform>
      <snapped>false</snapped>
      <handles count="3">
        <weight channel="DeformAxisLeft">0</weight>
        <weight channel="DeformAxisForward">0.113405</weight>
        <weight channel="DeformAxisUp">0</weight>
      </handles>
    </blockref>
    <blockref>
      <blockid>flora_parts~, fe_cap_02a</blockid>
      <transform>
        <scale>1</scale>
        <position>0.558593,0.437541,2.580798</position>
        <triangledirection>-0.911720,-0.409615,0.0313330</triangledirection>
        <trianglepickorigin>0,0,0</trianglepickorigin>
        <orientation>
          <row0>-0.409816,0.912168,-1.90921e-7</row0>
          <row1>-0.911720,-0.409615,0.0313330</row1>
          <row2>0.0285808,0.0128409,0.999509</row2>
        </orientation>
      </transform>
      <snapped>false</snapped>
    </blockref>
    <blockref>
      <blockid>flora_parts~, fe_cap_02a</blockid>
      <transform>
        <scale>1</scale>
        <position>0.319649,-0.562975,2.624063</position>
        <triangledirection>-0.903901,0.425892,-0.0397179</triangledirection>
        <trianglepickorigin>0,0,0</trianglepickorigin>
        <orientation>
          <row0>0.426229,0.904615,1.79745e-7</row0>
          <row1>-0.903901,0.425892,-0.0397179</row1>
          <row2>-0.0359295,0.0169287,0.999211</row2>
        </orientation>
      </transform>
      <snapped>false</snapped>
    </blockref>
    <blockref>
      <blockid>flora_parts~, fe_cap_02a</blockid>
      <transform>
        <scale>1</scale>
        <position>0.262748,0.547783,2.535540</position>
        <triangledirection>0.400129,-0.632416,0.663283</triangledirection>
        <trianglepickorigin>0,0,0</trianglepickorigin>
        <orientation>
          <row0>-0.845060,-0.534669,-2.08616e-7</row0>
          <row1>0.400129,-0.632416,0.663283</row1>
          <row2>-0.354638,0.560515,0.748368</row2>
        </orientation>
      </transform>
      <snapped>false</snapped>
    </blockref>
    <blockref>
      <blockid>flora_parts~, fe_cap_02a</blockid>
      <transform>
        <scale>1</scale>
        <position>-0.601007,0.613266,1.732608</position>
        <triangledirection>-0.255970,-0.945470,-0.201409</triangledirection>
        <trianglepickorigin>0,0,0</trianglepickorigin>
        <orientation>
          <row0>-0.965250,0.261325,2.12341e-7</row0>
          <row1>-0.255970,-0.945470,-0.201409</row1>
          <row2>-0.0526330,-0.194410,0.979507</row2>
        </orientation>
      </transform>
      <snapped>false</snapped>
    </blockref>
    <blockref>
      <blockid>flora_parts~, fe_cap_02a</blockid>
      <transform>
        <scale>1</scale>
        <position>-0.130492,-0.586548,2.635891</position>
        <triangledirection>0.603565,0.330688,0.725501</triangledirection>
        <trianglepickorigin>0,0,0</trianglepickorigin>
        <orientation>
          <row0>0.480498,-0.876995,-1.19209e-7</row0>
          <row1>0.603565,0.330688,0.725501</row1>
          <row2>-0.636261,-0.348602,0.688220</row2>
        </orientation>
      </transform>
      <snapped>false</snapped>
    </blockref>
  </blocks></sporemodel>