spore0005438f634740666200829ab8f3d816b417ffffffffffffffff0000000ebfdb7f8a06KChangfffffffffffffffe0bAscheldimpf0000000<?xml version="1.0" encoding="UTF-8"?><sporemodel>
  <properties>
    <modeltype>PlantLarge</modeltype>
    <skineffectseed1>1234</skineffectseed1>
    <skineffectseed2>1234</skineffectseed2>
    <skineffectseed3>1234</skineffectseed3>
    <skincolor1>0.231373,0.203922,0.282353</skincolor1>
    <skincolor2>0.443135,0.223527,0.141176</skincolor2>
    <skincolor3>0.803922,0.560782,0.0392158</skincolor3>
    <zcorpscore>10</zcorpscore>
  </properties>
  <blocks count="33">
    <blockref>
      <blockid>flora_parts~, fe_root_dummy</blockid>
      <transform>
        <scale>1</scale>
        <position>0.000838793,-0.00369351,0.600000</position>
        <triangledirection>0,1,0</triangledirection>
        <trianglepickorigin>0,0,0</trianglepickorigin>
        <orientation>
          <row0>1,0,0</row0>
          <row1>0,1,0</row1>
          <row2>0,0,1</row2>
        </orientation>
      </transform>
      <snapped>false</snapped>
      <childlist count="2">
        <childid>3</childid>
        <childid>1</childid>
      </childlist>
    </blockref>
    <blockref>
      <blockid>flora_parts~, FE_muscle_branch_04</blockid>
      <transform>
        <limbtype>0</limbtype>
        <musclescale>0.625</musclescale>
        <basemusclescale>3</basemusclescale>
        <scale>1</scale>
        <position>0.000838793,-0.00369351,0.600000</position>
        <triangledirection>0.00436399,0.0160359,0.999861</triangledirection>
        <trianglepickorigin>0,0,0</trianglepickorigin>
        <orientation>
          <row0>-0.0934408,0.995503,-0.0155581</row0>
          <row1>0.00436399,0.0160359,0.999861</row1>
          <row2>0.995615,0.0933600,-0.00584277</row2>
        </orientation>
      </transform>
      <snapped>true</snapped>
      <childlist count="1">
        <childid>2</childid>
      </childlist>
      <handles count="1">
        <weight channel="longer">0.0492969</weight>
      </handles>
    </blockref>
    <blockref>
      <blockid>Creature_parts~, ce_grasper_null</blockid>
      <transform>
        <basemusclescale>1.049998</basemusclescale>
        <scale>1</scale>
        <position>-0.00153219,-0.0124075,0.0566888</position>
        <triangledirection>0,0,-1</triangledirection>
        <trianglepickorigin>0,0,0</trianglepickorigin>
        <orientation>
          <row0>1,0,0</row0>
          <row1>0,0,-1</row1>
          <row2>0,1,0</row2>
        </orientation>
      </transform>
      <snapped>true</snapped>
    </blockref>
    <blockref>
      <blockid>flora_parts~, fe_muscle_branch_06</blockid>
      <transform>
        <limbtype>0</limbtype>
        <musclescale>0.275000</musclescale>
        <basemusclescale>3</basemusclescale>
        <scale>1</scale>
        <position>0.000838793,-0.00369351,0.600000</position>
        <triangledirection>0,0,-1</triangledirection>
        <trianglepickorigin>0,0,0</trianglepickorigin>
        <orientation>
          <row0>1,0,0</row0>
          <row1>0,0,-1</row1>
          <row2>0,1,0</row2>
        </orientation>
      </transform>
      <snapped>true</snapped>
      <childlist count="1">
        <childid>4</childid>
      </childlist>
      <handles count="1">
        <weight channel="longer">0.0473099</weight>
      </handles>
    </blockref>
    <blockref>
      <blockid>flora_parts~, fe_muscle_branch_06</blockid>
      <transform>
        <limbtype>0</limbtype>
        <musclescale>0.425000</musclescale>
        <basemusclescale>2.099999</basemusclescale>
        <scale>1</scale>
        <position>0.000838793,-0.00369351,1.130918</position>
        <triangledirection>0,0,-1</triangledirection>
        <trianglepickorigin>0,0,0</trianglepickorigin>
        <orientation>
          <row0>0.993683,0.112221,0</row0>
          <row1>0,0,-1</row1>
          <row2>-0.112221,0.993683,0</row2>
        </orientation>
      </transform>
      <snapped>true</snapped>
      <childlist count="1">
        <childid>5</childid>
      </childlist>
      <handles count="1">
        <weight channel="longer">0.195009</weight>
      </handles>
    </blockref>
    <blockref>
      <blockid>flora_parts~, fe_muscle_branch_06</blockid>
      <transform>
        <limbtype>0</limbtype>
        <musclescale>0.299998</musclescale>
        <basemusclescale>1.600000</basemusclescale>
        <scale>1</scale>
        <position>0.000838793,-0.00369351,2.588802</position>
        <triangledirection>0.0335190,-0.346085,-0.937604</triangledirection>
        <trianglepickorigin>0,0,0</trianglepickorigin>
        <orientation>
          <row0>0.999174,-0.00994682,0.0393916</row0>
          <row1>0.0335190,-0.346085,-0.937604</row1>
          <row2>0.0229590,0.938150,-0.345465</row2>
        </orientation>
      </transform>
      <snapped>true</snapped>
      <childlist count="1">
        <childid>6</childid>
      </childlist>
      <handles count="1">
        <weight channel="longer">0.251189</weight>
      </handles>
    </blockref>
    <blockref>
      <blockid>flora_parts~, fe_muscle_branch_06</blockid>
      <transform>
        <limbtype>0</limbtype>
        <musclescale>0.5</musclescale>
        <basemusclescale>1.549998</basemusclescale>
        <scale>1</scale>
        <position>-0.0598462,0.622882,4.286307</position>
        <triangledirection>0.352082,-0.119546,-0.928303</triangledirection>
        <trianglepickorigin>0,0,0</trianglepickorigin>
        <orientation>
          <row0>0.917556,-0.151676,0.367538</row0>
          <row1>0.352082,-0.119546,-0.928303</row1>
          <row2>0.184739,0.981174,-0.0562875</row2>
        </orientation>
      </transform>
      <snapped>true</snapped>
      <childlist count="2">
        <childid>9</childid>
        <childid>7</childid>
      </childlist>
      <handles count="1">
        <weight channel="longer">0.214629</weight>
      </handles>
    </blockref>
    <blockref>
      <blockid>flora_parts~, fe_muscle_branch_06</blockid>
      <transform>
        <limbtype>0</limbtype>
        <musclescale>0.5</musclescale>
        <basemusclescale>1.200000</basemusclescale>
        <scale>1</scale>
        <position>-0.616496,0.811888,5.753974</position>
        <triangledirection>0.352082,-0.119546,-0.928303</triangledirection>
        <trianglepickorigin>0,0,0</trianglepickorigin>
        <orientation>
          <row0>0.917556,-0.151676,0.367538</row0>
          <row1>0.352082,-0.119546,-0.928303</row1>
          <row2>0.184739,0.981174,-0.0562875</row2>
        </orientation>
      </transform>
      <snapped>true</snapped>
      <childlist count="7">
        <childid>24</childid>
        <childid>23</childid>
        <childid>22</childid>
        <childid>21</childid>
        <childid>14</childid>
        <childid>11</childid>
        <childid>8</childid>
      </childlist>
      <handles count="1">
        <weight channel="longer">0.162245</weight>
      </handles>
    </blockref>
    <blockref>
      <blockid>Creature_parts~, ce_grasper_null</blockid>
      <transform>
        <basemusclescale>1.949998</basemusclescale>
        <scale>1</scale>
        <position>-1.057392,0.961592,6.916447</position>
        <triangledirection>0.352083,-0.119547,-0.928302</triangledirection>
        <trianglepickorigin>0,0,0</trianglepickorigin>
        <orientation>
          <row0>0.917555,-0.151676,0.367540</row0>
          <row1>0.352083,-0.119547,-0.928302</row1>
          <row2>0.184740,0.981174,-0.0562883</row2>
        </orientation>
      </transform>
      <snapped>true</snapped>
    </blockref>
    <blockref>
      <blockid>flora_parts~, fe_muscle_branch_01</blockid>
      <transform>
        <limbtype>0</limbtype>
        <musclescale>0.5</musclescale>
        <basemusclescale>1.200000</basemusclescale>
        <scale>1</scale>
        <position>-0.616496,0.811888,5.753974</position>
        <triangledirection>-0.678434,0.219363,-0.701147</triangledirection>
        <trianglepickorigin>0,0,0</trianglepickorigin>
        <orientation>
          <row0>0.696648,0.495108,-0.519180</row0>
          <row1>-0.678434,0.219363,-0.701147</row1>
          <row2>-0.233255,0.840682,0.488717</row2>
        </orientation>
      </transform>
      <snapped>true</snapped>
      <childlist count="1">
        <childid>15</childid>
      </childlist>
      <handles count="1">
        <weight channel="longer">0.101689</weight>
      </handles>
    </blockref>
    <blockref>
      <blockid>flora_parts~, FE_leaf_26</blockid>
      <transform>
        <scale>3,857419</scale>
        <position>0.605002,0.329683,7.276356</position>
        <triangledirection>-0.566848,0.290387,-0.770944</triangledirection>
        <trianglepickorigin>0,0,0</trianglepickorigin>
        <orientation>
          <row0>0.893211,0.449636,4.47034e-7</row0>
          <row1>-0.153818,0.305563,-0.939665</row1>
          <row2>-0.422508,0.839319,0.342094</row2>
        </orientation>
        <userorientation>
          <userorientation_row0>0.901312,0.410128,-0.139393</userorientation_row0>
          <userorientation_row1>-0.375746,0.900353,0.219490</userorientation_row1>
          <userorientation_row2>0.215522,-0.145452,0.965605</userorientation_row2>
        </userorientation>
      </transform>
      <snapped>false</snapped>
      <childlist count="2">
        <childid>29</childid>
        <childid>28</childid>
      </childlist>
      <handles count="4">
        <weight channel="DeformAxisLeft">0</weight>
        <weight channel="DeformAxisForward">0.414487</weight>
        <weight channel="DeformAxisUp">0.568567</weight>
        <weight channel="DeformAxisUPb">0.560702</weight>
      </handles>
    </blockref>
    <blockref>
      <blockid>flora_parts~, FE_leaf_26</blockid>
      <transform>
        <scale>5,612518</scale>
        <position>-1.327972,0.906616,7.220932</position>
        <triangledirection>0.692474,0.192965,-0.695157</triangledirection>
        <trianglepickorigin>0,0,0</trianglepickorigin>
        <orientation>
          <row0>0.161781,-0.986826,1.04308e-7</row0>
          <row1>0.748568,0.122721,-0.651601</row1>
          <row2>0.643017,0.105417,0.758561</row2>
        </orientation>
        <userorientation>
          <userorientation_row0>0.986542,0.0863374,0.138847</userorientation_row0>
          <userorientation_row1>-0.0783940,0.995011,-0.0617049</userorientation_row1>
          <userorientation_row2>-0.143483,0.0499897,0.988389</userorientation_row2>
        </userorientation>
      </transform>
      <snapped>false</snapped>
      <childlist count="5">
        <childid>32</childid>
        <childid>31</childid>
        <childid>30</childid>
        <childid>17</childid>
        <childid>12</childid>
      </childlist>
      <handles count="4">
        <weight channel="DeformAxisLeft">0</weight>
        <weight channel="DeformAxisForward">0.346252</weight>
        <weight channel="DeformAxisUp">0.538106</weight>
        <weight channel="DeformAxisUPb">0.548590</weight>
      </handles>
    </blockref>
    <blockref>
      <blockid>flora_parts~, FE_leaf_10</blockid>
      <transform>
        <scale>5,612504</scale>
        <position>-1.046175,0.430581,7.254711</position>
        <triangledirection>-0.0803507,0.753906,-0.652049</triangledirection>
        <trianglepickorigin>0,0,0</trianglepickorigin>
        <orientation>
          <row0>0.428770,0.903413,3.42726e-7</row0>
          <row1>-0.861672,0.408960,-0.300453</row1>
          <row2>-0.271433,0.128825,0.953796</row2>
        </orientation>
        <userorientation>
          <userorientation_row0>0.762455,-0.505636,0.403721</userorientation_row0>
          <userorientation_row1>0.646636,0.573464,-0.502989</userorientation_row1>
          <userorientation_row2>0.0228104,0.644569,0.764204</userorientation_row2>
        </userorientation>
      </transform>
      <snapped>false</snapped>
      <handles count="3">
        <weight channel="DeformAxisUp">0</weight>
        <weight channel="DeformAxisForward">0.167881</weight>
        <weight channel="DeformAxisLeft">0.311003</weight>
      </handles>
    </blockref>
    <blockref>
      <blockid>flora_parts~, fe_detail_04</blockid>
      <transform>
        <scale>2,362250</scale>
        <position>0.837233,0.360971,6.778617</position>
        <triangledirection>-0.932534,0.249645,0.260872</triangledirection>
        <trianglepickorigin>0,0,0</trianglepickorigin>
        <orientation>
          <row0>0.230683,0.973029,4.39584e-7</row0>
          <row1>-0.902403,0.213939,0.374028</row1>
          <row2>0.363940,-0.0862823,0.927417</row2>
        </orientation>
        <userorientation>
          <userorientation_row0>0.950571,-0.0630685,-0.304031</userorientation_row0>
          <userorientation_row1>0.0277928,0.992506,-0.118988</userorientation_row1>
          <userorientation_row2>0.309257,0.104658,0.945201</userorientation_row2>
        </userorientation>
      </transform>
      <snapped>false</snapped>
      <handles count="4">
        <weight channel="Stretch">0.44,3533</weight>
        <weight channel="Thicken">1</weight>
        <weight channel="tweak_side">0.34,0983</weight>
        <weight channel="tweak_top_bottom">0</weight>
      </handles>
    </blockref>
    <blockref>
      <blockid>flora_parts~, fe_cap_01a</blockid>
      <transform>
        <scale>0,927743</scale>
        <position>-0.949897,1.225685,6.967553</position>
        <triangledirection>-0.388933,-0.919865,0.0507824</triangledirection>
        <trianglepickorigin>0,0,0</trianglepickorigin>
        <orientation>
          <row0>-0.920586,0.390538,-9.38773e-7</row0>
          <row1>-0.341662,-0.805376,-0.484392</row1>
          <row2>-0.189174,-0.445924,0.874850</row2>
        </orientation>
        <userorientation>
          <userorientation_row0>0.996446,0.0454948,-0.0708828</userorientation_row0>
          <userorientation_row1>-0.00119498,0.849123,0.528194</userorientation_row1>
          <userorientation_row2>0.0842180,-0.526230,0.846160</userorientation_row2>
        </userorientation>
      </transform>
      <snapped>false</snapped>
    </blockref>
    <blockref>
      <blockid>flora_parts~, fe_muscle_branch_01</blockid>
      <transform>
        <limbtype>0</limbtype>
        <musclescale>0.474999</musclescale>
        <basemusclescale>2</basemusclescale>
        <scale>1</scale>
        <position>-0.0247651,0.620561,6.365520</position>
        <triangledirection>-0.678434,0.219362,-0.701147</triangledirection>
        <trianglepickorigin>0,0,0</trianglepickorigin>
        <orientation>
          <row0>0.696648,0.495108,-0.519180</row0>
          <row1>-0.678434,0.219362,-0.701147</row1>
          <row2>-0.233255,0.840682,0.488717</row2>
        </orientation>
      </transform>
      <snapped>true</snapped>
      <childlist count="5">
        <childid>20</childid>
        <childid>19</childid>
        <childid>16</childid>
        <childid>13</childid>
        <childid>10</childid>
      </childlist>
      <handles count="1">
        <weight channel="longer">0.101689</weight>
      </handles>
    </blockref>
    <blockref>
      <blockid>Creature_parts~, ce_grasper_null</blockid>
      <transform>
        <basemusclescale>2</basemusclescale>
        <scale>1</scale>
        <position>0.566964,0.429232,6.977060</position>
        <triangledirection>-0.294435,0.244113,-0.923967</triangledirection>
        <trianglepickorigin>0,0,0</trianglepickorigin>
        <orientation>
          <row0>-0.233649,0.919097,0.317282</row0>
          <row1>-0.294435,0.244113,-0.923967</row1>
          <row2>-0.926669,-0.309303,0.213577</row2>
        </orientation>
      </transform>
      <snapped>true</snapped>
    </blockref>
    <blockref>
      <blockid>flora_parts~, FE_leaf_26</blockid>
      <transform>
        <scale>5,206971</scale>
        <position>-1.005834,1.151227,7.675392</position>
        <triangledirection>-0.397966,-0.603706,-0.690766</triangledirection>
        <trianglepickorigin>0,0,0</trianglepickorigin>
        <orientation>
          <row0>-0.967320,0.253558,3.65078e-7</row0>
          <row1>-0.221204,-0.843889,-0.488793</row1>
          <row2>-0.123937,-0.472819,0.872399</row2>
        </orientation>
        <userorientation>
          <userorientation_row0>0.960315,-0.263947,-0.0901366</userorientation_row0>
          <userorientation_row1>0.231886,0.935136,-0.267857</userorientation_row1>
          <userorientation_row2>0.154990,0.236326,0.959232</userorientation_row2>
        </userorientation>
      </transform>
      <snapped>false</snapped>
      <childlist count="4">
        <childid>27</childid>
        <childid>26</childid>
        <childid>25</childid>
        <childid>18</childid>
      </childlist>
      <handles count="4">
        <weight channel="DeformAxisLeft">0</weight>
        <weight channel="DeformAxisForward">0.345083</weight>
        <weight channel="DeformAxisUp">0.568567</weight>
        <weight channel="DeformAxisUPb">0.560702</weight>
      </handles>
    </blockref>
    <blockref>
      <blockid>flora_parts~, FE_leaf_10</blockid>
      <transform>
        <scale>5,206963</scale>
        <position>-1.146098,1.466581,7.422702</position>
        <triangledirection>0.573373,-0.612805,-0.543793</triangledirection>
        <trianglepickorigin>0,0,0</trianglepickorigin>
        <orientation>
          <row0>-0.759840,-0.650109,1.63912e-7</row0>
          <row1>0.485476,-0.567418,0.665093</row1>
          <row2>-0.432383,0.505364,0.746760</row2>
        </orientation>
        <userorientation>
          <userorientation_row0>0.548590,0.811466,0.201415</userorientation_row0>
          <userorientation_row1>-0.0372818,0.264403,-0.963691</userorientation_row1>
          <userorientation_row2>-0.835258,0.521162,0.175301</userorientation_row2>
        </userorientation>
      </transform>
      <snapped>false</snapped>
      <handles count="3">
        <weight channel="DeformAxisUp">0</weight>
        <weight channel="DeformAxisForward">0.217092</weight>
        <weight channel="DeformAxisLeft">0.266110</weight>
      </handles>
    </blockref>
    <blockref>
      <blockid>flora_parts~, FE_leaf_10</blockid>
      <transform>
        <scale>4,481676</scale>
        <position>0.0463586,0.984746,6.883983</position>
        <triangledirection>-0.908852,-0.317820,-0.270140</triangledirection>
        <trianglepickorigin>0,0,0</trianglepickorigin>
        <orientation>
          <row0>-0.985967,-0.166936,1.78813e-7</row0>
          <row1>0.128446,-0.758635,-0.638728</row1>
          <row2>0.106627,-0.629765,0.769432</row2>
        </orientation>
        <userorientation>
          <userorientation_row0>0.268262,-0.936751,-0.224790</userorientation_row0>
          <userorientation_row1>0.949155,0.296918,-0.104611</userorientation_row1>
          <userorientation_row2>0.164739,-0.185298,0.968775</userorientation_row2>
        </userorientation>
      </transform>
      <snapped>false</snapped>
      <handles count="3">
        <weight channel="DeformAxisUp">0</weight>
        <weight channel="DeformAxisForward">0.167881</weight>
        <weight channel="DeformAxisLeft">0.311003</weight>
      </handles>
    </blockref>
    <blockref>
      <blockid>flora_parts~, fe_detail_04</blockid>
      <transform>
        <scale>2,362250</scale>
        <position>0.228258,0.0918907,6.839282</position>
        <triangledirection>-0.236006,0.822414,0.517623</triangledirection>
        <trianglepickorigin>0,0,0</trianglepickorigin>
        <orientation>
          <row0>0.943866,-0.330328,-2.79396e-7</row0>
          <row1>0.326335,0.932456,-0.155017</row1>
          <row2>0.0512067,0.146315,0.987911</row2>
        </orientation>
        <userorientation>
          <userorientation_row0>0.859669,0.448316,0.244901</userorientation_row0>
          <userorientation_row1>-0.494425,0.609607,0.619612</userorientation_row1>
          <userorientation_row2>0.128488,-0.653749,0.745722</userorientation_row2>
        </userorientation>
      </transform>
      <snapped>false</snapped>
      <handles count="4">
        <weight channel="Stretch">0.68,1631</weight>
        <weight channel="Thicken">1</weight>
        <weight channel="tweak_side">0.34,0983</weight>
        <weight channel="tweak_top_bottom">0</weight>
      </handles>
    </blockref>
    <blockref>
      <blockid>flora_parts~, fe_detail_04</blockid>
      <transform>
        <scale>2,362250</scale>
        <position>-0.845579,0.301178,6.762222</position>
        <triangledirection>-0.00313170,0.998434,0.0558382</triangledirection>
        <trianglepickorigin>0,0,0</trianglepickorigin>
        <orientation>
          <row0>0.991281,-0.131762,-9.31322e-10</row0>
          <row1>0.131519,0.989446,0.0608158</row1>
          <row2>-0.00801326,-0.0602855,0.998149</row2>
        </orientation>
        <userorientation>
          <userorientation_row0>0.921795,0.126910,0.366315</userorientation_row0>
          <userorientation_row1>-0.134660,0.990881,-0.00443121</userorientation_row1>
          <userorientation_row2>-0.363537,-0.0452437,0.930480</userorientation_row2>
        </userorientation>
      </transform>
      <snapped>false</snapped>
      <handles count="4">
        <weight channel="Stretch">0.443533</weight>
        <weight channel="Thicken">1</weight>
        <weight channel="tweak_side">0.340983</weight>
        <weight channel="tweak_top_bottom">0</weight>
      </handles>
    </blockref>
    <blockref>
      <blockid>flora_parts~, fe_detail_04</blockid>
      <transform>
        <scale>2,362250</scale>
        <position>-1.494192,0.770533,6.488780</position>
        <triangledirection>0.931616,0.332005,-0.147857</triangledirection>
        <trianglepickorigin>0,0,0</trianglepickorigin>
        <orientation>
          <row0>0.204313,-0.978905,2.08616e-7</row0>
          <row1>0.968589,0.202160,-0.144793</row1>
          <row2>0.141738,0.0295833,0.989461</row2>
        </orientation>
        <userorientation>
          <userorientation_row0>0.921795,0.126910,0.366315</userorientation_row0>
          <userorientation_row1>-0.134660,0.990881,-0.00443121</userorientation_row1>
          <userorientation_row2>-0.363537,-0.0452437,0.930480</userorientation_row2>
        </userorientation>
      </transform>
      <snapped>false</snapped>
      <handles count="4">
        <weight channel="Stretch">0.443533</weight>
        <weight channel="Thicken">1</weight>
        <weight channel="tweak_side">0.340983</weight>
        <weight channel="tweak_top_bottom">0</weight>
      </handles>
    </blockref>
    <blockref>
      <blockid>flora_parts~, fe_detail_04</blockid>
      <transform>
        <scale>2,362250</scale>
        <position>-1.235095,1.531229,6.585454</position>
        <triangledirection>0.483869,-0.721257,0.495638</triangledirection>
        <trianglepickorigin>0,0,0</trianglepickorigin>
        <orientation>
          <row0>-0.937962,-0.346737,-1.78813e-7</row0>
          <row1>0.337201,-0.912166,0.232911</row1>
          <row2>-0.0807591,0.218461,0.972498</row2>
        </orientation>
        <userorientation>
          <userorientation_row0>0.973931,0.164224,0.156485</userorientation_row0>
          <userorientation_row1>-0.203765,0.936507,0.285362</userorientation_row1>
          <userorientation_row2>-0.0996854,-0.309810,0.945558</userorientation_row2>
        </userorientation>
      </transform>
      <snapped>false</snapped>
      <handles count="4">
        <weight channel="Stretch">0.443533</weight>
        <weight channel="Thicken">1</weight>
        <weight channel="tweak_side">0.340983</weight>
        <weight channel="tweak_top_bottom">0</weight>
      </handles>
    </blockref>
    <blockref>
      <blockid>flora_parts~, fe_detail_04</blockid>
      <transform>
        <scale>2,546231</scale>
        <position>-0.347755,1.200504,6.628393</position>
        <triangledirection>-0.595908,-0.785048,0.169089</triangledirection>
        <trianglepickorigin>0,0,0</trianglepickorigin>
        <orientation>
          <row0>-0.664959,0.746879,0</row0>
          <row1>-0.716077,-0.637536,-0.284218</row1>
          <row2>-0.212276,-0.188993,0.958759</row2>
        </orientation>
        <userorientation>
          <userorientation_row0>0.978557,0.133687,0.156696</userorientation_row0>
          <userorientation_row1>-0.190081,0.879155,0.436983</userorientation_row1>
          <userorientation_row2>-0.0793414,-0.457397,0.885715</userorientation_row2>
        </userorientation>
      </transform>
      <snapped>false</snapped>
      <handles count="4">
        <weight channel="Stretch">0.764302</weight>
        <weight channel="Thicken">1</weight>
        <weight channel="tweak_side">0.340983</weight>
        <weight channel="tweak_top_bottom">0</weight>
      </handles>
    </blockref>
    <blockref>
      <blockid>flora_parts~, fe_cap_01a</blockid>
      <transform>
        <scale>1</scale>
        <position>1.453858,5.018669,9.535457</position>
        <triangledirection>-0.203142,-0.649126,0.733052</triangledirection>
        <trianglepickorigin>0,0,0</trianglepickorigin>
        <orientation>
          <row0>-0.909211,0.416334,-1.67638e-8</row0>
          <row1>-0.416042,-0.908573,0.0374596</row1>
          <row2>0.0155957,0.0340587,0.999298</row2>
        </orientation>
        <userorientation>
          <userorientation_row0>0.992649,0.121018,3.72528e-9</userorientation_row0>
          <userorientation_row1>-0.0855543,0.701754,0.707261</userorientation_row1>
          <userorientation_row2>0.0855918,-0.702062,0.706950</userorientation_row2>
        </userorientation>
      </transform>
      <snapped>false</snapped>
    </blockref>
    <blockref>
      <blockid>flora_parts~, fe_cap_01a</blockid>
      <transform>
        <scale>1</scale>
        <position>-0.692976,4.443891,9.782341</position>
        <triangledirection>0.614985,-0.0739784,0.785059</triangledirection>
        <trianglepickorigin>0,0,0</trianglepickorigin>
        <orientation>
          <row0>-0.971018,-0.239006,-1.56462e-7</row0>
          <row1>0.165696,-0.673179,0.720676</row1>
          <row2>-0.172246,0.699789,0.693271</row2>
        </orientation>
        <userorientation>
          <userorientation_row0>0.777949,0.628325,2.98023e-8</userorientation_row0>
          <userorientation_row1>-0.579481,0.717474,0.386561</userorientation_row1>
          <userorientation_row2>0.242886,-0.300725,0.922262</userorientation_row2>
        </userorientation>
      </transform>
      <snapped>false</snapped>
    </blockref>
    <blockref>
      <blockid>flora_parts~, fe_cap_01a</blockid>
      <transform>
        <scale>1</scale>
        <position>1.092117,3.446748,9.239536</position>
        <triangledirection>-0.194004,-0.0984939,0.976043</triangledirection>
        <trianglepickorigin>0,0,0</trianglepickorigin>
        <orientation>
          <row0>-0.999471,0.0325104,1.11758e-8</row0>
          <row1>-0.0272210,-0.836858,0.546741</row1>
          <row2>0.0177748,0.546452,0.837301</row2>
        </orientation>
        <userorientation>
          <userorientation_row0>0.955987,-0.293403,0</userorientation_row0>
          <userorientation_row1>0.190699,0.621349,0.759971</userorientation_row1>
          <userorientation_row2>-0.222979,-0.726523,0.649955</userorientation_row2>
        </userorientation>
      </transform>
      <snapped>false</snapped>
    </blockref>
    <blockref>
      <blockid>flora_parts~, fe_cap_01a</blockid>
      <transform>
        <scale>1</scale>
        <position>3.532733,-0.465375,9.139112</position>
        <triangledirection>-0.332205,0.327287,0.884602</triangledirection>
        <trianglepickorigin>0,0,0</trianglepickorigin>
        <orientation>
          <row0>0.931221,0.364453,-2.23517e-7</row0>
          <row1>-0.239808,0.612738,0.753023</row1>
          <row2>0.274442,-0.701231,0.657993</row2>
        </orientation>
        <userorientation>
          <userorientation_row0>0.980419,0.196921,-1.11757e-8</userorientation_row0>
          <userorientation_row1>-0.190076,0.946332,0.261387</userorientation_row1>
          <userorientation_row2>0.0514732,-0.256270,0.965232</userorientation_row2>
        </userorientation>
      </transform>
      <snapped>false</snapped>
    </blockref>
    <blockref>
      <blockid>flora_parts~, fe_cap_01a</blockid>
      <transform>
        <scale>1</scale>
        <position>1.966834,-1.536414,9.553800</position>
        <triangledirection>0.0631456,0.329741,0.941956</triangledirection>
        <trianglepickorigin>0,0,0</trianglepickorigin>
        <orientation>
          <row0>0.776166,0.630528,2.53319e-7</row0>
          <row1>-0.548022,0.674603,0.494552</row1>
          <row2>0.311828,-0.383854,0.869147</row2>
        </orientation>
        <userorientation>
          <userorientation_row0>0.930693,-0.365797,-2.98023e-8</userorientation_row0>
          <userorientation_row1>0.256923,0.653686,0.711816</userorientation_row1>
          <userorientation_row2>-0.260380,-0.662483,0.702363</userorientation_row2>
        </userorientation>
      </transform>
      <snapped>false</snapped>
    </blockref>
    <blockref>
      <blockid>flora_parts~, fe_cap_01a</blockid>
      <transform>
        <scale>1</scale>
        <position>-3.876184,-1.646695,9.525833</position>
        <triangledirection>-0.0135998,0.670166,0.742085</triangledirection>
        <trianglepickorigin>0,0,0</trianglepickorigin>
        <orientation>
          <row0>0.820223,-0.572043,-8.94069e-8</row0>
          <row1>0.297175,0.426104,0.854471</row1>
          <row2>-0.488794,-0.700857,0.519497</row2>
        </orientation>
        <userorientation>
          <userorientation_row0>0.917623,0.396996,0.0190085</userorientation_row0>
          <userorientation_row1>-0.394519,0.915610,-0.0775322</userorientation_row1>
          <userorientation_row2>-0.0481846,0.0636461,0.996807</userorientation_row2>
        </userorientation>
      </transform>
      <snapped>false</snapped>
    </blockref>
    <blockref>
      <blockid>flora_parts~, fe_cap_01a</blockid>
      <transform>
        <scale>1</scale>
        <position>-6.112330,-0.399237,9.492691</position>
        <triangledirection>0.533558,0.574333,0.620850</triangledirection>
        <trianglepickorigin>0,0,0</trianglepickorigin>
        <orientation>
          <row0>0.941271,-0.337650,0</row0>
          <row1>0.205992,0.574246,0.792343</row1>
          <row2>-0.267535,-0.745810,0.610075</row2>
        </orientation>
        <userorientation>
          <userorientation_row0>0.949368,-0.314163,-5.58792e-8</userorientation_row0>
          <userorientation_row1>0.308299,0.931644,-0.192323</userorientation_row1>
          <userorientation_row2>0.0604215,0.182587,0.981330</userorientation_row2>
        </userorientation>
      </transform>
      <snapped>false</snapped>
    </blockref>
    <blockref>
      <blockid>flora_parts~, fe_cap_01a</blockid>
      <transform>
        <scale>1</scale>
        <position>-4.791529,0.727047,8.791997</position>
        <triangledirection>0.236059,0.0583813,0.969982</triangledirection>
        <trianglepickorigin>0,0,0</trianglepickorigin>
        <orientation>
          <row0>0.723699,-0.690115,-1.19209e-7</row0>
          <row1>0.584487,0.612930,0.531686</row1>
          <row2>-0.366925,-0.384781,0.846941</row2>
        </orientation>
        <userorientation>
          <userorientation_row0>0.982542,-0.186033,4.47034e-8</userorientation_row0>
          <userorientation_row1>0.130545,0.689484,0.712437</userorientation_row1>
          <userorientation_row2>-0.132537,-0.700001,0.701733</userorientation_row2>
        </userorientation>
      </transform>
      <snapped>false</snapped>
    </blockref>
  </blocks></sporemodel>