spore0005438f634740666200d01dfdb9d816b417ffffffffffffffff0000000ebfdb7f9806KChangfffffffffffffffe09Crullinsk0000000<?xml version="1.0" encoding="UTF-8"?><sporemodel>
  <properties>
    <modeltype>PlantSmall</modeltype>
    <skineffectseed1>18016</skineffectseed1>
    <skineffectseed2>18016</skineffectseed2>
    <skineffectseed3>1224951346</skineffectseed3>
    <skincolor1>0.254902,0.243137,0.282353</skincolor1>
    <skincolor2>0.623529,0.803922,0.368627</skincolor2>
    <skincolor3>0.203922,0.168626,0.282353</skincolor3>
    <zcorpscore>27</zcorpscore>
  </properties>
  <blocks count="15">
    <blockref>
      <blockid>flora_parts~, fe_root_dummy</blockid>
      <transform>
        <scale>1</scale>
        <position>0,0,0.600000</position>
        <triangledirection>0,1,0</triangledirection>
        <trianglepickorigin>0,0,0</trianglepickorigin>
        <orientation>
          <row0>1,0,0</row0>
          <row1>0,1,0</row1>
          <row2>0,0,1</row2>
        </orientation>
      </transform>
      <snapped>false</snapped>
      <childlist count="1">
        <childid>1</childid>
      </childlist>
    </blockref>
    <blockref>
      <blockid>flora_parts~, FE_muscle_branch_04</blockid>
      <transform>
        <limbtype>0</limbtype>
        <musclescale>0.724999</musclescale>
        <basemusclescale>1.299999</basemusclescale>
        <scale>1</scale>
        <position>0,0,0.600000</position>
        <triangledirection>-0.287769,-0.0691740,0.955198</triangledirection>
        <trianglepickorigin>0,0,0</trianglepickorigin>
        <orientation>
          <row0>-0.0481784,-0.995079,-0.0865766</row0>
          <row1>-0.287769,-0.0691740,0.955198</row1>
          <row2>-0.956487,0.0709340,-0.283020</row2>
        </orientation>
      </transform>
      <snapped>true</snapped>
      <childlist count="11">
        <childid>14</childid>
        <childid>11</childid>
        <childid>10</childid>
        <childid>9</childid>
        <childid>8</childid>
        <childid>7</childid>
        <childid>6</childid>
        <childid>5</childid>
        <childid>4</childid>
        <childid>3</childid>
        <childid>2</childid>
      </childlist>
      <handles count="1">
        <weight channel="longer">0.0490149</weight>
      </handles>
    </blockref>
    <blockref>
      <blockid>Creature_parts~, ce_grasper_null</blockid>
      <transform>
        <basemusclescale>2</basemusclescale>
        <scale>1</scale>
        <position>0.155860,0.0374660,0.0826489</position>
        <triangledirection>0,0,-1</triangledirection>
        <trianglepickorigin>0,0,0</trianglepickorigin>
        <orientation>
          <row0>1,0,0</row0>
          <row1>0,0,-1</row1>
          <row2>0,1,0</row2>
        </orientation>
      </transform>
      <snapped>true</snapped>
    </blockref>
    <blockref>
      <blockid>flora_parts~, FE_leaf_05</blockid>
      <transform>
        <scale>0,927744</scale>
        <position>0.268049,0.0838139,0.528635</position>
        <triangledirection>-0.238447,-0.480362,-0.844035</triangledirection>
        <trianglepickorigin>0,0,0</trianglepickorigin>
        <orientation>
          <row0>-0.357202,0.934027,8.94069e-8</row0>
          <row1>-0.819872,-0.313545,-0.479058</row1>
          <row2>-0.447454,-0.171121,0.877782</row2>
        </orientation>
        <userorientation>
          <userorientation_row0>-0.893334,-0.112730,0.435023</userorientation_row0>
          <userorientation_row1>-0.363498,0.750455,-0.551984</userorientation_row1>
          <userorientation_row2>-0.264239,-0.651236,-0.711383</userorientation_row2>
        </userorientation>
      </transform>
      <snapped>false</snapped>
      <handles count="4">
        <weight channel="DeformAxisForwardb">0.712243</weight>
        <weight channel="DeformAxisForward">1</weight>
        <weight channel="DeformAxisLeft">0.533376</weight>
        <weight channel="DeformAxisUp">1</weight>
      </handles>
    </blockref>
    <blockref>
      <blockid>flora_parts~, FE_leaf_05</blockid>
      <transform>
        <scale>0,927740</scale>
        <position>0.330965,-0.0934799,0.460175</position>
        <triangledirection>0.0402922,0.223058,-0.973972</triangledirection>
        <trianglepickorigin>0,0,0</trianglepickorigin>
        <orientation>
          <row0>0.235579,0.971855,1.11758e-7</row0>
          <row1>-0.826840,0.200427,-0.525511</row1>
          <row2>-0.510721,0.123799,0.850786</row2>
        </orientation>
        <userorientation>
          <userorientation_row0>-0.938852,-0.107592,-0.327080</userorientation_row0>
          <userorientation_row1>0.226272,0.523226,-0.821605</userorientation_row1>
          <userorientation_row2>0.259535,-0.845375,-0.466886</userorientation_row2>
        </userorientation>
      </transform>
      <snapped>false</snapped>
      <childlist count="1">
        <childid>12</childid>
      </childlist>
      <handles count="4">
        <weight channel="DeformAxisForwardb">0.748236</weight>
        <weight channel="DeformAxisForward">1</weight>
        <weight channel="DeformAxisLeft">0.628740</weight>
        <weight channel="DeformAxisUp">1</weight>
      </handles>
    </blockref>
    <blockref>
      <blockid>flora_parts~, FE_leaf_05</blockid>
      <transform>
        <scale>0,860707</scale>
        <position>0.215621,-0.378461,0.345483</position>
        <triangledirection>-0.0867111,0.297036,-0.950920</triangledirection>
        <trianglepickorigin>0,0,0</trianglepickorigin>
        <orientation>
          <row0>0.956570,0.291500,1.93715e-7</row0>
          <row1>-0.239869,0.787138,-0.568221</row1>
          <row2>-0.165637,0.543543,0.822875</row2>
        </orientation>
        <userorientation>
          <userorientation_row0>-0.886446,-0.278216,-0.369875</userorientation_row0>
          <userorientation_row1>0.00364099,0.794941,-0.606674</userorientation_row1>
          <userorientation_row2>0.462816,-0.539131,-0.703660</userorientation_row2>
        </userorientation>
      </transform>
      <snapped>false</snapped>
      <handles count="4">
        <weight channel="DeformAxisForwardb">0.748236</weight>
        <weight channel="DeformAxisForward">1</weight>
        <weight channel="DeformAxisLeft">0.628740</weight>
        <weight channel="DeformAxisUp">1</weight>
      </handles>
    </blockref>
    <blockref>
      <blockid>flora_parts~, FE_leaf_05</blockid>
      <transform>
        <scale>0,927743</scale>
        <position>-0.0117440,-0.221982,0.656078</position>
        <triangledirection>-0.00235557,0.109418,-0.993993</triangledirection>
        <trianglepickorigin>0,0,0</trianglepickorigin>
        <orientation>
          <row0>0.991736,-0.128292,3.83704e-7</row0>
          <row1>0.113338,0.876136,-0.468551</row1>
          <row2>0.0601110,0.464679,0.883436</row2>
        </orientation>
        <userorientation>
          <userorientation_row0>-0.985601,-0.148348,-0.0811370</userorientation_row0>
          <userorientation_row1>-0.0163739,0.561334,-0.827427</userorientation_row1>
          <userorientation_row2>0.168292,-0.814184,-0.555680</userorientation_row2>
        </userorientation>
      </transform>
      <snapped>false</snapped>
      <handles count="4">
        <weight channel="DeformAxisForwardb">0.748236</weight>
        <weight channel="DeformAxisForward">1</weight>
        <weight channel="DeformAxisLeft">0.628740</weight>
        <weight channel="DeformAxisUp">1</weight>
      </handles>
    </blockref>
    <blockref>
      <blockid>flora_parts~, FE_leaf_05</blockid>
      <transform>
        <scale>0,927743</scale>
        <position>0.280285,0.267459,0.341196</position>
        <triangledirection>-0.00431913,-0.237148,-0.971463</triangledirection>
        <trianglepickorigin>0,0,0</trianglepickorigin>
        <orientation>
          <row0>-0.877173,0.480174,1.49011e-8</row0>
          <row1>-0.370422,-0.676681,-0.636308</row1>
          <row2>-0.305538,-0.558152,0.771434</row2>
        </orientation>
        <userorientation>
          <userorientation_row0>-0.990786,-0.135320,0.00566599</userorientation_row0>
          <userorientation_row1>-0.110083,0.780224,-0.615736</userorientation_row1>
          <userorientation_row2>0.0789019,-0.610686,-0.787931</userorientation_row2>
        </userorientation>
      </transform>
      <snapped>false</snapped>
      <handles count="4">
        <weight channel="DeformAxisForwardb">0.712243</weight>
        <weight channel="DeformAxisForward">1</weight>
        <weight channel="DeformAxisLeft">0.533376</weight>
        <weight channel="DeformAxisUp">1</weight>
      </handles>
    </blockref>
    <blockref>
      <blockid>flora_parts~, FE_leaf_05</blockid>
      <transform>
        <scale>0,798516</scale>
        <position>-0.174237,-0.222823,0.371817</position>
        <triangledirection>0.153985,0.170333,-0.973280</triangledirection>
        <trianglepickorigin>0,0,0</trianglepickorigin>
        <orientation>
          <row0>0.523106,-0.852267,9.68575e-8</row0>
          <row1>0.814898,0.500169,-0.292864</row1>
          <row2>0.249599,0.153199,0.956153</row2>
        </orientation>
        <userorientation>
          <userorientation_row0>-0.947746,-0.302193,-0.102255</userorientation_row0>
          <userorientation_row1>-0.0646189,0.495718,-0.866075</userorientation_row1>
          <userorientation_row2>0.312413,-0.814212,-0.489343</userorientation_row2>
        </userorientation>
      </transform>
      <snapped>false</snapped>
      <childlist count="1">
        <childid>13</childid>
      </childlist>
      <handles count="4">
        <weight channel="DeformAxisForwardb">0.748236</weight>
        <weight channel="DeformAxisForward">1</weight>
        <weight channel="DeformAxisLeft">0.628740</weight>
        <weight channel="DeformAxisUp">1</weight>
      </handles>
    </blockref>
    <blockref>
      <blockid>flora_parts~, FE_leaf_05</blockid>
      <transform>
        <scale>0,927743</scale>
        <position>-0.207770,0.00698399,0.654175</position>
        <triangledirection>0.281824,-0.000553727,-0.959466</triangledirection>
        <trianglepickorigin>0,0,0</trianglepickorigin>
        <orientation>
          <row0>-0.0600615,-0.998194,-8.75443e-8</row0>
          <row1>0.950355,-0.0571830,-0.305868</row1>
          <row2>0.305315,-0.0183709,0.952073</row2>
        </orientation>
        <userorientation>
          <userorientation_row0>-0.985601,-0.148348,-0.0811370</userorientation_row0>
          <userorientation_row1>-0.0163739,0.561334,-0.827427</userorientation_row1>
          <userorientation_row2>0.168292,-0.814184,-0.555680</userorientation_row2>
        </userorientation>
      </transform>
      <snapped>false</snapped>
      <handles count="4">
        <weight channel="DeformAxisForwardb">0.748236</weight>
        <weight channel="DeformAxisForward">1</weight>
        <weight channel="DeformAxisLeft">0.628740</weight>
        <weight channel="DeformAxisUp">1</weight>
      </handles>
    </blockref>
    <blockref>
      <blockid>flora_parts~, FE_leaf_05</blockid>
      <transform>
        <scale>0,798516</scale>
        <position>-0.186901,0.182523,0.370297</position>
        <triangledirection>0.139386,-0.361651,-0.921834</triangledirection>
        <trianglepickorigin>0,0,0</trianglepickorigin>
        <orientation>
          <row0>-0.506377,-0.862312,3.63215e-7</row0>
          <row1>0.860988,-0.505599,-0.0553819</row1>
          <row2>0.0477567,-0.0280438,0.998465</row2>
        </orientation>
        <userorientation>
          <userorientation_row0>-0.959738,-0.0509949,-0.276230</userorientation_row0>
          <userorientation_row1>0.241274,0.353914,-0.903621</userorientation_row1>
          <userorientation_row2>0.143841,-0.933887,-0.327361</userorientation_row2>
        </userorientation>
      </transform>
      <snapped>false</snapped>
      <handles count="4">
        <weight channel="DeformAxisForwardb">0.748236</weight>
        <weight channel="DeformAxisForward">1</weight>
        <weight channel="DeformAxisLeft">0.628740</weight>
        <weight channel="DeformAxisUp">1</weight>
      </handles>
    </blockref>
    <blockref>
      <blockid>flora_parts~, FE_leaf_05</blockid>
      <transform>
        <scale>0,927743</scale>
        <position>0.00177899,0.249445,0.575996</position>
        <triangledirection>0.0198818,0.121078,-0.992444</triangledirection>
        <trianglepickorigin>0,0,0</trianglepickorigin>
        <orientation>
          <row0>-0.983390,-0.181502,2.30967e-7</row0>
          <row1>0.148813,-0.806283,-0.572503</row1>
          <row2>0.103910,-0.562994,0.819902</row2>
        </orientation>
        <userorientation>
          <userorientation_row0>-0.984028,-0.171941,-0.0460919</userorientation_row0>
          <userorientation_row1>-0.0415279,0.473513,-0.879808</userorientation_row1>
          <userorientation_row2>0.173101,-0.863842,-0.473089</userorientation_row2>
        </userorientation>
      </transform>
      <snapped>false</snapped>
      <handles count="4">
        <weight channel="DeformAxisForwardb">0.748236</weight>
        <weight channel="DeformAxisForward">1</weight>
        <weight channel="DeformAxisLeft">0.628740</weight>
        <weight channel="DeformAxisUp">1</weight>
      </handles>
    </blockref>
    <blockref>
      <blockid>flora_parts~, fe_cap_01a</blockid>
      <transform>
        <scale>1</scale>
        <position>0.405830,-0.123295,0.559090</position>
        <triangledirection>-0.934386,0.282120,0.217556</triangledirection>
        <trianglepickorigin>0,0,0</trianglepickorigin>
        <orientation>
          <row0>-0.0615416,0.995213,0.0759112</row0>
          <row1>-0.982768,-0.0737019,0.169513</row1>
          <row2>0.174297,-0.0641709,0.982599</row2>
        </orientation>
        <userorientation>
          <userorientation_row0>0.934822,-0.355095,0.00384199</userorientation_row0>
          <userorientation_row1>0.354789,0.934370,0.0328059</userorientation_row1>
          <userorientation_row2>-0.0152389,-0.0293049,0.999454</userorientation_row2>
        </userorientation>
      </transform>
      <snapped>false</snapped>
    </blockref>
    <blockref>
      <blockid>flora_parts~, fe_cap_01a</blockid>
      <transform>
        <scale>1</scale>
        <position>-0.222019,-0.339517,0.471971</position>
        <triangledirection>0.652845,0.701020,0.286990</triangledirection>
        <trianglepickorigin>0,0,0</trianglepickorigin>
        <orientation>
          <row0>0.784954,-0.617502,-0.0503660</row0>
          <row1>0.572759,0.692272,0.438983</row1>
          <row2>-0.236206,-0.373429,0.897082</row2>
        </orientation>
        <userorientation>
          <userorientation_row0>0.997516,-0.0599949,0.0368909</userorientation_row0>
          <userorientation_row1>0.0651170,0.985203,-0.158533</userorientation_row1>
          <userorientation_row2>-0.0268339,0.160542,0.986663</userorientation_row2>
        </userorientation>
      </transform>
      <snapped>false</snapped>
    </blockref>
    <blockref>
      <blockid>flora_parts~, fe_cap_01a</blockid>
      <transform>
        <scale>1</scale>
        <position>-0.0326519,0.270857,0.458349</position>
        <triangledirection>0.318269,-0.945351,0.0708224</triangledirection>
        <trianglepickorigin>0,0,0</trianglepickorigin>
        <orientation>
          <row0>-0.931185,-0.364545,-3.12924e-7</row0>
          <row1>0.343660,-0.877837,-0.333616</row1>
          <row2>0.121617,-0.310658,0.942709</row2>
        </orientation>
        <userorientation>
          <userorientation_row0>0.996451,-0.0717249,0.0440649</userorientation_row0>
          <userorientation_row1>0.0482550,0.915614,0.399154</userorientation_row1>
          <userorientation_row2>-0.0689759,-0.395610,0.915825</userorientation_row2>
        </userorientation>
      </transform>
      <snapped>false</snapped>
    </blockref>
  </blocks></sporemodel>