spore0005438f63474066620015993accd816b417ffffffffffffffff0000000ebfdb7f9606KChangfffffffffffffffe07Jilleye0000000<?xml version="1.0" encoding="UTF-8"?><sporemodel>
  <properties>
    <modeltype>PlantMedium</modeltype>
    <skineffectseed1>1234</skineffectseed1>
    <skineffectseed2>2240874000</skineffectseed2>
    <skineffectseed3>1234</skineffectseed3>
    <skincolor1>0.282353,0.172548,0.129412</skincolor1>
    <skincolor2>0.470587,0.419607,0.576470</skincolor2>
    <skincolor3>0.694118,0.545098,0.223528</skincolor3>
    <zcorpscore>16</zcorpscore>
  </properties>
  <blocks count="27">
    <blockref>
      <blockid>flora_parts~, fe_root_dummy</blockid>
      <transform>
        <scale>1</scale>
        <position>0,0,0.600000</position>
        <triangledirection>0,1,0</triangledirection>
        <trianglepickorigin>0,0,0</trianglepickorigin>
        <orientation>
          <row0>1,0,0</row0>
          <row1>0,1,0</row1>
          <row2>0,0,1</row2>
        </orientation>
      </transform>
      <snapped>false</snapped>
      <childlist count="4">
        <childid>6</childid>
        <childid>5</childid>
        <childid>3</childid>
        <childid>1</childid>
      </childlist>
    </blockref>
    <blockref>
      <blockid>flora_parts~, FE_muscle_branch_04</blockid>
      <transform>
        <limbtype>0</limbtype>
        <musclescale>0.425000</musclescale>
        <basemusclescale>2.049999</basemusclescale>
        <scale>1</scale>
        <position>0,0,0.600000</position>
        <triangledirection>-0.346468,0.00742900,0.938032</triangledirection>
        <trianglepickorigin>0,0,0</trianglepickorigin>
        <orientation>
          <row0>-0.0524989,-0.998555,-0.0114824</row0>
          <row1>-0.346468,0.00742900,0.938032</row1>
          <row2>-0.936591,0.0532239,-0.346357</row2>
        </orientation>
      </transform>
      <snapped>true</snapped>
      <childlist count="1">
        <childid>2</childid>
      </childlist>
      <handles count="1">
        <weight channel="longer">0.0563360</weight>
      </handles>
    </blockref>
    <blockref>
      <blockid>Creature_parts~, ce_grasper_null</blockid>
      <transform>
        <basemusclescale>1.700000</basemusclescale>
        <scale>1</scale>
        <position>0.203572,-0.00436499,0.0488449</position>
        <triangledirection>0,0,-1</triangledirection>
        <trianglepickorigin>0,0,0</trianglepickorigin>
        <orientation>
          <row0>1,0,0</row0>
          <row1>0,0,-1</row1>
          <row2>0,1,0</row2>
        </orientation>
      </transform>
      <snapped>true</snapped>
    </blockref>
    <blockref>
      <blockid>flora_parts~, fe_muscle_branch_01</blockid>
      <transform>
        <limbtype>0</limbtype>
        <musclescale>0.5</musclescale>
        <basemusclescale>2.049999</basemusclescale>
        <scale>1</scale>
        <position>0,0,0.600000</position>
        <triangledirection>-0.534885,0.00984400,-0.844867</triangledirection>
        <trianglepickorigin>0,0,0</trianglepickorigin>
        <orientation>
          <row0>0.844511,0.0375077,-0.534222</row0>
          <row1>-0.534885,0.00984400,-0.844867</row1>
          <row2>-0.0264301,0.999247,0.0283757</row2>
        </orientation>
      </transform>
      <snapped>true</snapped>
      <childlist count="7">
        <childid>21</childid>
        <childid>19</childid>
        <childid>16</childid>
        <childid>10</childid>
        <childid>9</childid>
        <childid>8</childid>
        <childid>4</childid>
      </childlist>
      <handles count="1">
        <weight channel="longer">0.239439</weight>
      </handles>
    </blockref>
    <blockref>
      <blockid>Creature_parts~, ce_grasper_null</blockid>
      <transform>
        <basemusclescale>1</basemusclescale>
        <scale>1</scale>
        <position>0.928945,-0.0170969,2.067295</position>
        <triangledirection>0,0,-1</triangledirection>
        <trianglepickorigin>0,0,0</trianglepickorigin>
        <orientation>
          <row0>1,0,0</row0>
          <row1>0,0,-1</row1>
          <row2>0,1,0</row2>
        </orientation>
      </transform>
      <snapped>true</snapped>
    </blockref>
    <blockref>
      <blockid>flora_parts~, fe_muscle_branch_01</blockid>
      <transform>
        <limbtype>0</limbtype>
        <musclescale>0.524999</musclescale>
        <basemusclescale>2.049999</basemusclescale>
        <scale>1</scale>
        <position>0,0,0.600000</position>
        <triangledirection>0.0526129,-0.778109,-0.625920</triangledirection>
        <trianglepickorigin>0,0,0</trianglepickorigin>
        <orientation>
          <row0>0.950591,-0.153010,0.270117</row0>
          <row1>0.0526129,-0.778109,-0.625920</row1>
          <row2>0.305953,0.609206,-0.731614</row2>
        </orientation>
      </transform>
      <snapped>true</snapped>
      <childlist count="1">
        <childid>17</childid>
      </childlist>
      <handles count="1">
        <weight channel="longer">0.103110</weight>
      </handles>
    </blockref>
    <blockref>
      <blockid>flora_parts~, fe_muscle_branch_01</blockid>
      <transform>
        <limbtype>0</limbtype>
        <musclescale>1</musclescale>
        <basemusclescale>2.049999</basemusclescale>
        <scale>1</scale>
        <position>0,0,0.600000</position>
        <triangledirection>0.490138,0.330793,-0.806437</triangledirection>
        <trianglepickorigin>0,0,0</trianglepickorigin>
        <orientation>
          <row0>0.860354,-0.0351675,0.508482</row0>
          <row1>0.490138,0.330793,-0.806437</row1>
          <row2>-0.139842,0.943047,0.301836</row2>
        </orientation>
      </transform>
      <snapped>true</snapped>
      <childlist count="5">
        <childid>15</childid>
        <childid>13</childid>
        <childid>12</childid>
        <childid>11</childid>
        <childid>7</childid>
      </childlist>
      <handles count="1">
        <weight channel="longer">0.157626</weight>
      </handles>
    </blockref>
    <blockref>
      <blockid>Creature_parts~, ce_grasper_null</blockid>
      <transform>
        <basemusclescale>1.049999</basemusclescale>
        <scale>1</scale>
        <position>-0.599566,-0.404647,1.586485</position>
        <triangledirection>-0.223878,0.250443,-0.941889</triangledirection>
        <trianglepickorigin>0,0,0</trianglepickorigin>
        <orientation>
          <row0>0.972139,-0.0114848,-0.234122</row0>
          <row1>-0.223878,0.250443,-0.941889</row1>
          <row2>0.0694520,0.968062,0.240895</row2>
        </orientation>
      </transform>
      <snapped>true</snapped>
    </blockref>
    <blockref>
      <blockid>flora_parts~, FE_leaf_05</blockid>
      <transform>
        <scale>0,860707</scale>
        <position>1.062912,0.0337309,2.110469</position>
        <triangledirection>-0.458004,0.111141,-0.881974</triangledirection>
        <trianglepickorigin>0,0,0</trianglepickorigin>
        <orientation>
          <row0>-0.325071,0.945689,-1.26659e-7</row0>
          <row1>-0.878807,-0.302081,-0.369382</row1>
          <row2>-0.349321,-0.120075,0.929277</row2>
        </orientation>
        <userorientation>
          <userorientation_row0>-0.922879,0.382292,0.0463320</userorientation_row0>
          <userorientation_row1>0.253989,0.694710,-0.672953</userorientation_row1>
          <userorientation_row2>-0.289452,-0.609287,-0.738231</userorientation_row2>
        </userorientation>
      </transform>
      <snapped>false</snapped>
      <handles count="4">
        <weight channel="DeformAxisForwardb">0.621003</weight>
        <weight channel="DeformAxisForward">1</weight>
        <weight channel="DeformAxisLeft">0.700392</weight>
        <weight channel="DeformAxisUp">1</weight>
      </handles>
    </blockref>
    <blockref>
      <blockid>flora_parts~, FE_leaf_05</blockid>
      <transform>
        <scale>1</scale>
        <position>0.905321,-0.167223,2.111044</position>
        <triangledirection>-0.421297,0.660958,-0.621001</triangledirection>
        <trianglepickorigin>0,0,0</trianglepickorigin>
        <orientation>
          <row0>0.999760,-0.0219016,-1.47148e-7</row0>
          <row1>0.0199339,0.909942,-0.414254</row1>
          <row2>0.00907299,0.414154,0.910161</row2>
        </orientation>
        <userorientation>
          <userorientation_row0>-0.832305,-0.505472,-0.227516</userorientation_row0>
          <userorientation_row1>-0.435672,0.850288,-0.295295</userorientation_row1>
          <userorientation_row2>0.342719,-0.146652,-0.927921</userorientation_row2>
        </userorientation>
      </transform>
      <snapped>false</snapped>
      <childlist count="1">
        <childid>24</childid>
      </childlist>
      <handles count="4">
        <weight channel="DeformAxisForwardb">0.632391</weight>
        <weight channel="DeformAxisForward">0.717563</weight>
        <weight channel="DeformAxisLeft">0.700392</weight>
        <weight channel="DeformAxisUp">0.920100</weight>
      </handles>
    </blockref>
    <blockref>
      <blockid>flora_parts~, FE_leaf_05</blockid>
      <transform>
        <scale>0,927743</scale>
        <position>0.826386,0.0930709,2.114371</position>
        <triangledirection>-0.00171461,-0.600382,-0.799711</triangledirection>
        <trianglepickorigin>0,0,0</trianglepickorigin>
        <orientation>
          <row0>-0.878587,-0.477580,-2.83122e-7</row0>
          <row1>0.383164,-0.704892,-0.596919</row1>
          <row2>0.285076,-0.524445,0.802301</row2>
        </orientation>
        <userorientation>
          <userorientation_row0>-0.947418,0.317619,0.0389540</userorientation_row0>
          <userorientation_row1>0.288237,0.899910,-0.327230</userorientation_row1>
          <userorientation_row2>-0.138989,-0.298795,-0.944142</userorientation_row2>
        </userorientation>
      </transform>
      <snapped>false</snapped>
      <handles count="4">
        <weight channel="DeformAxisForwardb">0.668382</weight>
        <weight channel="DeformAxisForward">1</weight>
        <weight channel="DeformAxisLeft">0.747747</weight>
        <weight channel="DeformAxisUp">0.824022</weight>
      </handles>
    </blockref>
    <blockref>
      <blockid>flora_parts~, FE_leaf_05</blockid>
      <transform>
        <scale>1</scale>
        <position>-0.698869,-0.456523,1.696053</position>
        <triangledirection>0.745962,0.0906476,-0.659790</triangledirection>
        <trianglepickorigin>0,0,0</trianglepickorigin>
        <orientation>
          <row0>0.474149,-0.880444,2.98023e-7</row0>
          <row1>0.618389,0.333023,-0.711822</row1>
          <row2>0.626719,0.337509,0.702359</row2>
        </orientation>
        <userorientation>
          <userorientation_row0>-0.924031,0.252965,0.286664</userorientation_row0>
          <userorientation_row1>0.273887,0.961136,0.0346939</userorientation_row1>
          <userorientation_row2>-0.266745,0.110571,-0.957403</userorientation_row2>
        </userorientation>
      </transform>
      <snapped>false</snapped>
      <handles count="4">
        <weight channel="DeformAxisForwardb">0.698033</weight>
        <weight channel="DeformAxisForward">0.792422</weight>
        <weight channel="DeformAxisLeft">0.700392</weight>
        <weight channel="DeformAxisUp">0.834766</weight>
      </handles>
    </blockref>
    <blockref>
      <blockid>flora_parts~, FE_leaf_05</blockid>
      <transform>
        <scale>1</scale>
        <position>-0.646903,-0.313139,1.702358</position>
        <triangledirection>0.110977,-0.280142,-0.953522</triangledirection>
        <trianglepickorigin>0,0,0</trianglepickorigin>
        <orientation>
          <row0>-0.787931,-0.615763,6.25848e-7</row0>
          <row1>0.326564,-0.417873,-0.847783</row1>
          <row2>0.522034,-0.667995,0.530342</row2>
        </orientation>
        <userorientation>
          <userorientation_row0>-0.996346,0.0800849,-0.0296629</userorientation_row0>
          <userorientation_row1>0.0850580,0.961686,-0.260625</userorientation_row1>
          <userorientation_row2>0.00765399,-0.262196,-0.964983</userorientation_row2>
        </userorientation>
      </transform>
      <snapped>false</snapped>
      <childlist count="1">
        <childid>23</childid>
      </childlist>
      <handles count="4">
        <weight channel="DeformAxisForwardb">0.603200</weight>
        <weight channel="DeformAxisForward">1</weight>
        <weight channel="DeformAxisLeft">0.700392</weight>
        <weight channel="DeformAxisUp">1</weight>
      </handles>
    </blockref>
    <blockref>
      <blockid>flora_parts~, FE_leaf_05</blockid>
      <transform>
        <scale>1</scale>
        <position>-0.498588,-0.508421,1.687875</position>
        <triangledirection>-0.0911461,0.727659,-0.679855</triangledirection>
        <trianglepickorigin>0,0,0</trianglepickorigin>
        <orientation>
          <row0>0.799634,0.600487,-3.27825e-7</row0>
          <row1>-0.446479,0.594550,-0.668705</row1>
          <row2>-0.401548,0.534719,0.743527</row2>
        </orientation>
        <userorientation>
          <userorientation_row0>-0.854966,0.366956,0.366573</userorientation_row0>
          <userorientation_row1>0.364067,0.927947,-0.0797979</userorientation_row1>
          <userorientation_row2>-0.369443,0.0652330,-0.926961</userorientation_row2>
        </userorientation>
      </transform>
      <snapped>false</snapped>
      <childlist count="1">
        <childid>26</childid>
      </childlist>
      <handles count="4">
        <weight channel="DeformAxisForwardb">0.652305</weight>
        <weight channel="DeformAxisForward">0.840845</weight>
        <weight channel="DeformAxisLeft">0.700392</weight>
        <weight channel="DeformAxisUp">0.834766</weight>
      </handles>
    </blockref>
    <blockref>
      <blockid>flora_parts~, fe_leaf_04</blockid>
      <transform>
        <scale>1</scale>
        <position>-0.396823,0.949896,1.780335</position>
        <triangledirection>0.0434411,-0.420432,-0.906283</triangledirection>
        <trianglepickorigin>0,0,0</trianglepickorigin>
        <orientation>
          <row0>-0.558384,0.829582,4.17232e-7</row0>
          <row1>-0.726208,-0.488804,-0.483417</row1>
          <row2>-0.401034,-0.269933,0.875390</row2>
        </orientation>
        <userorientation>
          <userorientation_row0>0.920402,0.149315,-0.361339</userorientation_row0>
          <userorientation_row1>-0.373041,0.612074,-0.697283</userorientation_row1>
          <userorientation_row2>0.117051,0.776575,0.619055</userorientation_row2>
        </userorientation>
      </transform>
      <snapped>false</snapped>
      <childlist count="1">
        <childid>22</childid>
      </childlist>
      <handles count="2">
        <weight channel="DeformAxisLeft">0.342074</weight>
        <weight channel="DeformAxisForward">0.524901</weight>
      </handles>
    </blockref>
    <blockref>
      <blockid>flora_parts~, fe_leaf_04</blockid>
      <transform>
        <scale>1</scale>
        <position>-0.570901,-0.439492,1.737414</position>
        <triangledirection>0.179180,0.142959,-0.973374</triangledirection>
        <trianglepickorigin>0,0,0</trianglepickorigin>
        <orientation>
          <row0>0.862837,0.505482,-1.63912e-7</row0>
          <row1>-0.137611,0.234896,-0.962230</row1>
          <row2>-0.486390,0.830248,0.272236</row2>
        </orientation>
        <userorientation>
          <userorientation_row0>-0.972861,0.231220,-0.00892199</userorientation_row0>
          <userorientation_row1>0.226867,0.945534,-0.233448</userorientation_row1>
          <userorientation_row2>-0.0455419,-0.229136,-0.972329</userorientation_row2>
        </userorientation>
      </transform>
      <snapped>false</snapped>
      <handles count="2">
        <weight channel="DeformAxisLeft">0.499807</weight>
        <weight channel="DeformAxisForward">0.606604</weight>
      </handles>
    </blockref>
    <blockref>
      <blockid>flora_parts~, fe_leaf_04</blockid>
      <transform>
        <scale>1,077880</scale>
        <position>0.905988,0.0358049,2.190336</position>
        <triangledirection>-0.235164,0.0106436,-0.971897</triangledirection>
        <trianglepickorigin>0,0,0</trianglepickorigin>
        <orientation>
          <row0>-0.977080,-0.212868,4.02331e-7</row0>
          <row1>0.0773190,-0.354901,-0.931701</row1>
          <row2>0.198330,-0.910347,0.363225</row2>
        </orientation>
        <userorientation>
          <userorientation_row0>-0.969680,0.244078,-0.0121010</userorientation_row0>
          <userorientation_row1>0.227508,0.883558,-0.409347</userorientation_row1>
          <userorientation_row2>-0.0892210,-0.399690,-0.912297</userorientation_row2>
        </userorientation>
      </transform>
      <snapped>false</snapped>
      <handles count="2">
        <weight channel="DeformAxisLeft">0.499807</weight>
        <weight channel="DeformAxisForward">0.535519</weight>
      </handles>
    </blockref>
    <blockref>
      <blockid>flora_parts~, fe_muscle_branch_01</blockid>
      <transform>
        <limbtype>0</limbtype>
        <musclescale>0.350000</musclescale>
        <basemusclescale>1.200000</basemusclescale>
        <scale>1</scale>
        <position>-0.0463590,0.685612,1.151514</position>
        <triangledirection>0.634498,-0.275899,-0.722005</triangledirection>
        <trianglepickorigin>0,0,0</trianglepickorigin>
        <orientation>
          <row0>0.772412,0.260327,0.579317</row0>
          <row1>0.634498,-0.275899,-0.722005</row1>
          <row2>-0.0281246,0.925261,-0.378285</row2>
        </orientation>
      </transform>
      <snapped>true</snapped>
      <childlist count="3">
        <childid>20</childid>
        <childid>18</childid>
        <childid>14</childid>
      </childlist>
      <handles count="1">
        <weight channel="longer">0.162245</weight>
      </handles>
    </blockref>
    <blockref>
      <blockid>Creature_parts~, ce_grasper_null</blockid>
      <transform>
        <basemusclescale>0.5</basemusclescale>
        <scale>1</scale>
        <position>-0.840909,1.031105,2.055646</position>
        <triangledirection>0.0526128,-0.778109,-0.625921</triangledirection>
        <trianglepickorigin>0,0,0</trianglepickorigin>
        <orientation>
          <row0>0.950591,-0.153009,0.270116</row0>
          <row1>0.0526128,-0.778109,-0.625921</row1>
          <row2>0.305952,0.609207,-0.731614</row2>
        </orientation>
      </transform>
      <snapped>true</snapped>
    </blockref>
    <blockref>
      <blockid>flora_parts~, FE_leaf_05</blockid>
      <transform>
        <scale>0,860707</scale>
        <position>0.909329,0.141073,2.102904</position>
        <triangledirection>-0.349370,-0.576311,-0.738785</triangledirection>
        <trianglepickorigin>0,0,0</trianglepickorigin>
        <orientation>
          <row0>-0.999999,-0.000283381,3.58559e-8</row0>
          <row1>0.000263999,-0.931652,-0.363349</row1>
          <row2>0.000102999,-0.363349,0.931652</row2>
        </orientation>
        <userorientation>
          <userorientation_row0>-0.734152,0.552985,0.393986</userorientation_row0>
          <userorientation_row1>0.349534,0.805267,-0.478924</userorientation_row1>
          <userorientation_row2>-0.582103,-0.213892,-0.784477</userorientation_row2>
        </userorientation>
      </transform>
      <snapped>false</snapped>
      <childlist count="1">
        <childid>25</childid>
      </childlist>
      <handles count="4">
        <weight channel="DeformAxisForwardb">0.621003</weight>
        <weight channel="DeformAxisForward">1</weight>
        <weight channel="DeformAxisLeft">0.700392</weight>
        <weight channel="DeformAxisUp">1</weight>
      </handles>
    </blockref>
    <blockref>
      <blockid>flora_parts~, FE_leaf_05</blockid>
      <transform>
        <scale>0,740818</scale>
        <position>-0.348267,0.971852,1.726482</position>
        <triangledirection>-0.430797,-0.252812,-0.866313</triangledirection>
        <trianglepickorigin>0,0,0</trianglepickorigin>
        <orientation>
          <row0>-0.663635,0.748056,-2.53319e-7</row0>
          <row1>-0.693090,-0.614872,-0.376239</row1>
          <row2>-0.281448,-0.249685,0.926522</row2>
        </orientation>
        <userorientation>
          <userorientation_row0>-0.969233,-0.0674019,-0.236733</userorientation_row0>
          <userorientation_row1>0.0967749,0.779970,-0.618287</userorientation_row1>
          <userorientation_row2>0.226319,-0.622174,-0.749451</userorientation_row2>
        </userorientation>
      </transform>
      <snapped>false</snapped>
      <handles count="4">
        <weight channel="DeformAxisForwardb">0.621003</weight>
        <weight channel="DeformAxisForward">1</weight>
        <weight channel="DeformAxisLeft">0.700392</weight>
        <weight channel="DeformAxisUp">1</weight>
      </handles>
    </blockref>
    <blockref>
      <blockid>flora_parts~, FE_leaf_05</blockid>
      <transform>
        <scale>1</scale>
        <position>0.778612,-0.0611579,2.119146</position>
        <triangledirection>0.110033,0.527261,-0.842549</triangledirection>
        <trianglepickorigin>0,0,0</trianglepickorigin>
        <orientation>
          <row0>0.410350,-0.911927,3.57627e-7</row0>
          <row1>0.583148,0.262405,-0.768817</row1>
          <row2>0.701106,0.315485,0.639468</row2>
        </orientation>
        <userorientation>
          <userorientation_row0>-0.451484,-0.490247,-0.745532</userorientation_row0>
          <userorientation_row1>-0.435672,0.850288,-0.295295</userorientation_row1>
          <userorientation_row2>0.778685,0.191486,-0.597479</userorientation_row2>
        </userorientation>
      </transform>
      <snapped>false</snapped>
      <handles count="4">
        <weight channel="DeformAxisForwardb">0.632391</weight>
        <weight channel="DeformAxisForward">1</weight>
        <weight channel="DeformAxisLeft">0.700392</weight>
        <weight channel="DeformAxisUp">0.880968</weight>
      </handles>
    </blockref>
    <blockref>
      <blockid>flora_parts~, fe_cap_01a</blockid>
      <transform>
        <scale>0,860707</scale>
        <position>-0.796006,1.532708,2.444963</position>
        <triangledirection>0.555419,-0.173606,0.813246</triangledirection>
        <trianglepickorigin>0,0,0</trianglepickorigin>
        <orientation>
          <row0>-0.298333,-0.954461,-5.66244e-7</row0>
          <row1>0.555419,-0.173606,0.813246</row1>
          <row2>-0.776213,0.242618,0.581918</row2>
        </orientation>
      </transform>
      <snapped>false</snapped>
    </blockref>
    <blockref>
      <blockid>flora_parts~, fe_cap_01a</blockid>
      <transform>
        <scale>0,860707</scale>
        <position>-0.881923,0.0124750,2.351916</position>
        <triangledirection>0.848949,0.345877,0.399567</triangledirection>
        <trianglepickorigin>0,0,0</trianglepickorigin>
        <orientation>
          <row0>0.586575,-0.809894,-2.01165e-7</row0>
          <row1>0.805931,0.583704,-0.0988079</row1>
          <row2>0.0800241,0.0579581,0.995106</row2>
        </orientation>
        <userorientation>
          <userorientation_row0>0.968546,-0.126225,-0.214443</userorientation_row0>
          <userorientation_row1>0.217848,0.846605,0.485595</userorientation_row1>
          <userorientation_row2>0.120255,-0.517036,0.847472</userorientation_row2>
        </userorientation>
      </transform>
      <snapped>false</snapped>
    </blockref>
    <blockref>
      <blockid>flora_parts~, fe_cap_01a</blockid>
      <transform>
        <scale>0,860707</scale>
        <position>1.160148,-0.659563,2.401481</position>
        <triangledirection>0.448327,0.823547,0.347524</triangledirection>
        <trianglepickorigin>0,0,0</trianglepickorigin>
        <orientation>
          <row0>0.555922,-0.831234,2.10013e-7</row0>
          <row1>0.831190,0.555892,-0.0102399</row1>
          <row2>0.00851172,0.00569281,0.999947</row2>
        </orientation>
        <userorientation>
          <userorientation_row0>0.884865,0.465847,0</userorientation_row0>
          <userorientation_row1>-0.435325,0.826891,0.356011</userorientation_row1>
          <userorientation_row2>0.165846,-0.315021,0.934482</userorientation_row2>
        </userorientation>
      </transform>
      <snapped>false</snapped>
    </blockref>
    <blockref>
      <blockid>flora_parts~, fe_cap_01a</blockid>
      <transform>
        <scale>0,860707</scale>
        <position>1.191807,0.584082,2.407844</position>
        <triangledirection>0.206774,-0.299129,0.931539</triangledirection>
        <trianglepickorigin>0,0,0</trianglepickorigin>
        <orientation>
          <row0>-0.568692,0.822550,-2.08616e-7</row0>
          <row1>-0.491077,-0.339519,0.802228</row1>
          <row2>0.659873,0.456221,0.597017</row2>
        </orientation>
        <userorientation>
          <userorientation_row0>0.896318,0.443305,-0.00963199</userorientation_row0>
          <userorientation_row1>-0.363640,0.747325,0.556121</userorientation_row1>
          <userorientation_row2>0.253729,-0.494959,0.831044</userorientation_row2>
        </userorientation>
      </transform>
      <snapped>false</snapped>
    </blockref>
    <blockref>
      <blockid>flora_parts~, fe_cap_01a</blockid>
      <transform>
        <scale>0,860707</scale>
        <position>-0.452207,-1.714913,2.600521</position>
        <triangledirection>0.668936,0.210693,0.712834</triangledirection>
        <trianglepickorigin>0,0,0</trianglepickorigin>
        <orientation>
          <row0>-0.356499,-0.934295,-2.68220e-7</row0>
          <row1>0.816679,-0.311621,0.485724</row1>
          <row2>-0.453809,0.173160,0.874112</row2>
        </orientation>
        <userorientation>
          <userorientation_row0>0.884865,0.465847,0</userorientation_row0>
          <userorientation_row1>-0.435325,0.826891,0.356011</userorientation_row1>
          <userorientation_row2>0.165846,-0.315021,0.934482</userorientation_row2>
        </userorientation>
      </transform>
      <snapped>false</snapped>
    </blockref>
  </blocks></sporemodel>