spore0005438f634740666200d1b4bb56d816b417ffffffffffffffff0000000ebfdb7f8506KChangfffffffffffffffe09Expolosif0000000<?xml version="1.0" encoding="UTF-8"?><sporemodel>
  <properties>
    <modeltype>PlantSmall</modeltype>
    <skineffectseed1>4660</skineffectseed1>
    <skineffectseed2>4660</skineffectseed2>
    <skineffectseed3>4660</skineffectseed3>
    <skincolor1>0.282353,0.227450,0.203922</skincolor1>
    <skincolor2>0.694118,0.572548,0.317647</skincolor2>
    <skincolor3>0.443136,0.266667,0.203922</skincolor3>
    <zcorpscore>28</zcorpscore>
  </properties>
  <blocks count="15">
    <blockref>
      <blockid>flora_parts~, fe_root_dummy</blockid>
      <transform>
        <scale>1</scale>
        <position>0,0,0.600000</position>
        <triangledirection>0,1,0</triangledirection>
        <trianglepickorigin>0,0,0</trianglepickorigin>
        <orientation>
          <row0>1,0,0</row0>
          <row1>0,1,0</row1>
          <row2>0,0,1</row2>
        </orientation>
      </transform>
      <snapped>false</snapped>
      <childlist count="4">
        <childid>7</childid>
        <childid>5</childid>
        <childid>3</childid>
        <childid>1</childid>
      </childlist>
    </blockref>
    <blockref>
      <blockid>flora_parts~, FE_muscle_branch_04</blockid>
      <transform>
        <limbtype>0</limbtype>
        <musclescale>0.850000</musclescale>
        <basemusclescale>1.950000</basemusclescale>
        <scale>1</scale>
        <position>0,0,0.600000</position>
        <triangledirection>-0.505581,-0.798143,0.327648</triangledirection>
        <trianglepickorigin>0,0,0</trianglepickorigin>
        <orientation>
          <row0>-0.157339,-0.288099,-0.944586</row0>
          <row1>-0.505581,-0.798143,0.327648</row1>
          <row2>-0.848310,0.529117,-0.0200782</row2>
        </orientation>
      </transform>
      <snapped>true</snapped>
      <childlist count="1">
        <childid>2</childid>
      </childlist>
      <handles count="1">
        <weight channel="longer">0.200543</weight>
      </handles>
    </blockref>
    <blockref>
      <blockid>Creature_parts~, ce_grasper_null</blockid>
      <transform>
        <basemusclescale>0.800000</basemusclescale>
        <scale>1</scale>
        <position>0.754636,1.191319,0.110948</position>
        <triangledirection>0,0,-1</triangledirection>
        <trianglepickorigin>0,0,0</trianglepickorigin>
        <orientation>
          <row0>1,0,0</row0>
          <row1>0,0,-1</row1>
          <row2>0,1,0</row2>
        </orientation>
      </transform>
      <snapped>true</snapped>
    </blockref>
    <blockref>
      <blockid>flora_parts~, FE_muscle_branch_04</blockid>
      <transform>
        <limbtype>0</limbtype>
        <musclescale>0.600000</musclescale>
        <basemusclescale>1.950000</basemusclescale>
        <scale>1</scale>
        <position>0,0,0.600000</position>
        <triangledirection>-0.535313,0.770456,0.346172</triangledirection>
        <trianglepickorigin>0,0,0</trianglepickorigin>
        <orientation>
          <row0>0.844515,0.480811,0.235826</row0>
          <row1>-0.535313,0.770456,0.346172</row1>
          <row2>-0.0152509,-0.418588,0.908047</row2>
        </orientation>
      </transform>
      <snapped>true</snapped>
      <childlist count="1">
        <childid>4</childid>
      </childlist>
      <handles count="1">
        <weight channel="longer">0.201885</weight>
      </handles>
    </blockref>
    <blockref>
      <blockid>Creature_parts~, ce_grasper_null</blockid>
      <transform>
        <basemusclescale>0.75</basemusclescale>
        <scale>1</scale>
        <position>0.803523,-1.156479,0.0803849</position>
        <triangledirection>0,0,-1</triangledirection>
        <trianglepickorigin>0,0,0</trianglepickorigin>
        <orientation>
          <row0>1,0,0</row0>
          <row1>0,0,-1</row1>
          <row2>0,1,0</row2>
        </orientation>
      </transform>
      <snapped>true</snapped>
    </blockref>
    <blockref>
      <blockid>flora_parts~, fe_muscle_branch_01</blockid>
      <transform>
        <limbtype>0</limbtype>
        <musclescale>0.574999</musclescale>
        <basemusclescale>1.950000</basemusclescale>
        <scale>1</scale>
        <position>0,0,0.600000</position>
        <triangledirection>0.937930,-0.118001,0.326133</triangledirection>
        <trianglepickorigin>0,0,0</trianglepickorigin>
        <orientation>
          <row0>-0.235821,0.472536,0.849174</row0>
          <row1>0.937930,-0.118001,0.326133</row1>
          <row2>0.254313,0.873375,-0.415379</row2>
        </orientation>
      </transform>
      <snapped>true</snapped>
      <childlist count="1">
        <childid>6</childid>
      </childlist>
      <handles count="1">
        <weight channel="longer">0.188947</weight>
      </handles>
    </blockref>
    <blockref>
      <blockid>Creature_parts~, ce_grasper_null</blockid>
      <transform>
        <basemusclescale>0.850000</basemusclescale>
        <scale>1</scale>
        <position>-1.331700,0.167541,0.136945</position>
        <triangledirection>0,0,-1</triangledirection>
        <trianglepickorigin>0,0,0</trianglepickorigin>
        <orientation>
          <row0>1,0,0</row0>
          <row1>0,0,-1</row1>
          <row2>0,1,0</row2>
        </orientation>
      </transform>
      <snapped>true</snapped>
    </blockref>
    <blockref>
      <blockid>flora_parts~, fe_muscle_branch_02</blockid>
      <transform>
        <limbtype>0</limbtype>
        <musclescale>0.5</musclescale>
        <basemusclescale>1.950000</basemusclescale>
        <scale>1</scale>
        <position>0,0,0.600000</position>
        <triangledirection>0.249877,-0.102623,-0.962823</triangledirection>
        <trianglepickorigin>0,0,0</trianglepickorigin>
        <orientation>
          <row0>0.964750,-0.0584057,0.256603</row0>
          <row1>0.249877,-0.102623,-0.962823</row1>
          <row2>0.0825680,0.993004,-0.0844122</row2>
        </orientation>
      </transform>
      <snapped>true</snapped>
      <childlist count="7">
        <childid>14</childid>
        <childid>13</childid>
        <childid>12</childid>
        <childid>11</childid>
        <childid>10</childid>
        <childid>9</childid>
        <childid>8</childid>
      </childlist>
      <handles count="1">
        <weight channel="longer">0.0610389</weight>
      </handles>
    </blockref>
    <blockref>
      <blockid>Creature_parts~, ce_grasper_null</blockid>
      <transform>
        <basemusclescale>0.650000</basemusclescale>
        <scale>1</scale>
        <position>-0.154195,0.0633269,1.194138</position>
        <triangledirection>0,-9.99999e-7,-1</triangledirection>
        <trianglepickorigin>0,0,0</trianglepickorigin>
        <orientation>
          <row0>1,0,0</row0>
          <row1>0,-9.99999e-7,-1</row1>
          <row2>0,1,-9.99999e-7</row2>
        </orientation>
      </transform>
      <snapped>true</snapped>
    </blockref>
    <blockref>
      <blockid>flora_parts~, FE_leaf_06</blockid>
      <transform>
        <scale>1</scale>
        <position>-0.0957149,0.241537,1.187072</position>
        <triangledirection>0.294814,-0.828944,-0.475326</triangledirection>
        <trianglepickorigin>0,0,0</trianglepickorigin>
        <orientation>
          <row0>-0.999257,-0.0385230,1.56462e-7</row0>
          <row1>0.0264949,-0.687262,-0.725926</row1>
          <row2>0.0279649,-0.725387,0.687772</row2>
        </orientation>
        <userorientation>
          <userorientation_row0>0.422755,-0.153272,0.893189</userorientation_row0>
          <userorientation_row1>-0.262661,0.922565,0.282634</userorientation_row1>
          <userorientation_row2>-0.867344,-0.354092,0.349759</userorientation_row2>
        </userorientation>
      </transform>
      <snapped>false</snapped>
      <handles count="3">
        <weight channel="DeformAxisLeft">0.932480</weight>
        <weight channel="DeformAxisUp">0.500909</weight>
        <weight channel="DeformAxisForward">0.287083</weight>
      </handles>
    </blockref>
    <blockref>
      <blockid>flora_parts~, FE_leaf_06</blockid>
      <transform>
        <scale>1</scale>
        <position>0.176284,0.0276079,1.154147</position>
        <triangledirection>-0.780246,0.0619279,-0.622399</triangledirection>
        <trianglepickorigin>0,0,0</trianglepickorigin>
        <orientation>
          <row0>0.0309175,0.999522,-1.45100e-6</row0>
          <row1>-0.763923,0.0236289,-0.644873</row1>
          <row2>-0.644565,0.0199390,0.764289</row2>
        </orientation>
        <userorientation>
          <userorientation_row0>-0.373239,0.0405230,-0.926849</userorientation_row0>
          <userorientation_row1>0.0377760,0.998881,0.0284609</userorientation_row1>
          <userorientation_row2>0.926966,-0.0243899,-0.374353</userorientation_row2>
        </userorientation>
      </transform>
      <snapped>false</snapped>
      <handles count="3">
        <weight channel="DeformAxisLeft">0.951776</weight>
        <weight channel="DeformAxisUp">0.500909</weight>
        <weight channel="DeformAxisForward">0.287083</weight>
      </handles>
    </blockref>
    <blockref>
      <blockid>flora_parts~, FE_leaf_06</blockid>
      <transform>
        <scale>1</scale>
        <position>-0.239513,-0.176109,1.153192</position>
        <triangledirection>0.481356,0.697411,-0.530954</triangledirection>
        <trianglepickorigin>0,0,0</trianglepickorigin>
        <orientation>
          <row0>0.820244,-0.572012,1.08778e-6</row0>
          <row1>0.449462,0.644511,-0.618536</row1>
          <row2>0.353810,0.507352,0.785755</row2>
        </orientation>
        <userorientation>
          <userorientation_row0>-0.972096,-0.0290430,0.232774</userorientation_row0>
          <userorientation_row1>-0.00409800,0.994256,0.106940</userorientation_row1>
          <userorientation_row2>-0.234542,0.103004,-0.966632</userorientation_row2>
        </userorientation>
      </transform>
      <snapped>false</snapped>
      <handles count="3">
        <weight channel="DeformAxisLeft">0.833582</weight>
        <weight channel="DeformAxisUp">0.477125</weight>
        <weight channel="DeformAxisForward">0.375757</weight>
      </handles>
    </blockref>
    <blockref>
      <blockid>flora_parts~, fe_cap_04a</blockid>
      <transform>
        <scale>1</scale>
        <position>0.346498,0.0250019,0.827222</position>
        <triangledirection>-0.909300,0.0577076,0.412117</triangledirection>
        <trianglepickorigin>0,0,0</trianglepickorigin>
        <orientation>
          <row0>-0.00186463,0.999998,-1.30326e-7</row0>
          <row1>-0.931523,-0.00173699,-0.363675</row1>
          <row2>-0.363675,-0.000678000,0.931525</row2>
        </orientation>
        <userorientation>
          <userorientation_row0>0.951322,-0.256391,0.171028</userorientation_row0>
          <userorientation_row1>0.0594029,0.697058,0.714549</userorientation_row1>
          <userorientation_row2>-0.302421,-0.669606,0.678357</userorientation_row2>
        </userorientation>
      </transform>
      <snapped>false</snapped>
    </blockref>
    <blockref>
      <blockid>flora_parts~, fe_cap_04a</blockid>
      <transform>
        <scale>1</scale>
        <position>-0.181359,-0.331737,0.847675</position>
        <triangledirection>0.184520,0.952795,0.241108</triangledirection>
        <trianglepickorigin>0,0,0</trianglepickorigin>
        <orientation>
          <row0>0.932079,-0.362254,1.30385e-7</row0>
          <row1>0.355973,0.915919,-0.185400</row1>
          <row2>0.0671621,0.172808,0.982663</row2>
        </orientation>
        <userorientation>
          <userorientation_row0>0.984014,0.174735,0.0344049</userorientation_row0>
          <userorientation_row1>-0.173167,0.893666,0.413971</userorientation_row1>
          <userorientation_row2>0.0415889,-0.413311,0.909639</userorientation_row2>
        </userorientation>
      </transform>
      <snapped>false</snapped>
    </blockref>
    <blockref>
      <blockid>flora_parts~, fe_cap_04a</blockid>
      <transform>
        <scale>1</scale>
        <position>-0.312125,0.288885,0.920836</position>
        <triangledirection>0.154326,-0.830927,0.534549</triangledirection>
        <trianglepickorigin>0,0,0</trianglepickorigin>
        <orientation>
          <row0>-0.736352,-0.676598,-1.86264e-9</row0>
          <row1>0.675360,-0.735005,-0.0604640</row1>
          <row2>0.0409098,-0.0445228,0.998170</row2>
        </orientation>
        <userorientation>
          <userorientation_row0>0.807278,-0.586440,0.0662380</userorientation_row0>
          <userorientation_row1>0.448565,0.682640,0.576879</userorientation_row1>
          <userorientation_row2>-0.383522,-0.435991,0.814139</userorientation_row2>
        </userorientation>
      </transform>
      <snapped>false</snapped>
    </blockref>
  </blocks></sporemodel>