spore0005438f6347406662004a7bd841d816b417ffffffffffffffff0000000ebfdb7fa906KChangfffffffffffffffe0aShimpleest0000000<?xml version="1.0" encoding="UTF-8"?><sporemodel>
  <properties>
    <modeltype>PlantSmall</modeltype>
    <skineffectseed1>1234</skineffectseed1>
    <skineffectseed2>1234</skineffectseed2>
    <skineffectseed3>1234</skineffectseed3>
    <skincolor1>0.282353,0.270587,0.243137</skincolor1>
    <skincolor2>0.694118,0.603922,0.411764</skincolor2>
    <skincolor3>0.505882,0.521569,0.694118</skincolor3>
    <zcorpscore>34</zcorpscore>
  </properties>
  <blocks count="9">
    <blockref>
      <blockid>flora_parts~, fe_root_dummy</blockid>
      <transform>
        <scale>1</scale>
        <position>0,0,0.600000</position>
        <triangledirection>0,1,0</triangledirection>
        <trianglepickorigin>0,0,0</trianglepickorigin>
        <orientation>
          <row0>1,0,0</row0>
          <row1>0,1,0</row1>
          <row2>0,0,1</row2>
        </orientation>
      </transform>
      <snapped>false</snapped>
      <childlist count="1">
        <childid>1</childid>
      </childlist>
    </blockref>
    <blockref>
      <blockid>flora_parts~, fe_muscle_branch_01</blockid>
      <transform>
        <limbtype>0</limbtype>
        <musclescale>0.474999</musclescale>
        <basemusclescale>1.449999</basemusclescale>
        <scale>1</scale>
        <position>0,0,0.600000</position>
        <triangledirection>0.0308320,-0.0169339,0.999381</triangledirection>
        <trianglepickorigin>0,0,0</trianglepickorigin>
        <orientation>
          <row0>-0.990113,-0.137399,0.0282179</row0>
          <row1>0.0308320,-0.0169339,0.999381</row1>
          <row2>-0.136836,0.990370,0.0210028</row2>
        </orientation>
      </transform>
      <snapped>true</snapped>
      <childlist count="4">
        <childid>5</childid>
        <childid>4</childid>
        <childid>3</childid>
        <childid>2</childid>
      </childlist>
      <handles count="1">
        <weight channel="longer">0.142245</weight>
      </handles>
    </blockref>
    <blockref>
      <blockid>Creature_parts~, ce_grasper_null</blockid>
      <transform>
        <basemusclescale>0.550000</basemusclescale>
        <scale>1</scale>
        <position>-0.0347399,0.0190789,-0.526031</position>
        <triangledirection>0,0,-1</triangledirection>
        <trianglepickorigin>0,0,0</trianglepickorigin>
        <orientation>
          <row0>1,0,0</row0>
          <row1>0,0,-1</row1>
          <row2>0,1,0</row2>
        </orientation>
      </transform>
      <snapped>true</snapped>
    </blockref>
    <blockref>
      <blockid>flora_parts~, FE_leaf_29</blockid>
      <transform>
        <scale>1</scale>
        <position>-0.00563299,-0.213041,0.735730</position>
        <triangledirection>0.0294920,0.843179,-0.536823</triangledirection>
        <trianglepickorigin>0,0,0</trianglepickorigin>
        <orientation>
          <row0>0.999388,-0.0349557,5.40167e-8</row0>
          <row1>0.0294920,0.843179,-0.536823</row1>
          <row2>0.0187650,0.536495,0.843694</row2>
        </orientation>
      </transform>
      <snapped>false</snapped>
      <childlist count="1">
        <childid>7</childid>
      </childlist>
      <handles count="4">
        <weight channel="bend">0.766830</weight>
        <weight channel="invert">0.776371</weight>
        <weight channel="Length">0</weight>
        <weight channel="scale_horiz">0.537883</weight>
      </handles>
    </blockref>
    <blockref>
      <blockid>flora_parts~, FE_leaf_29</blockid>
      <transform>
        <scale>0,740818</scale>
        <position>-0.137326,0.187531,0.693540</position>
        <triangledirection>0.571623,-0.710753,-0.409969</triangledirection>
        <trianglepickorigin>0,0,0</trianglepickorigin>
        <orientation>
          <row0>-0.779250,-0.626712,1.49011e-8</row0>
          <row1>0.571623,-0.710753,-0.409969</row1>
          <row2>0.256933,-0.319469,0.912099</row2>
        </orientation>
      </transform>
      <snapped>false</snapped>
      <childlist count="1">
        <childid>6</childid>
      </childlist>
      <handles count="4">
        <weight channel="bend">0.766830</weight>
        <weight channel="invert">0.776371</weight>
        <weight channel="Length">0</weight>
        <weight channel="scale_horiz">0.227462</weight>
      </handles>
    </blockref>
    <blockref>
      <blockid>flora_parts~, FE_leaf_29</blockid>
      <transform>
        <scale>0,860707</scale>
        <position>0.205836,0.204069,0.617806</position>
        <triangledirection>-0.694542,-0.573804,-0.434005</triangledirection>
        <trianglepickorigin>0,0,0</trianglepickorigin>
        <orientation>
          <row0>-0.636915,0.770933,2.98023e-7</row0>
          <row1>-0.694542,-0.573804,-0.434005</row1>
          <row2>-0.334588,-0.276424,0.900910</row2>
        </orientation>
      </transform>
      <snapped>false</snapped>
      <childlist count="1">
        <childid>8</childid>
      </childlist>
      <handles count="4">
        <weight channel="bend">0.766830</weight>
        <weight channel="invert">0.776371</weight>
        <weight channel="Length">0.0277420</weight>
        <weight channel="scale_horiz">0.463793</weight>
      </handles>
    </blockref>
    <blockref>
      <blockid>flora_parts~, fe_cap_03a</blockid>
      <transform>
        <scale>1</scale>
        <position>-0.209855,0.188675,0.702582</position>
        <triangledirection>0.890434,-0.0525979,0.452060</triangledirection>
        <trianglepickorigin>0,0,0</trianglepickorigin>
        <orientation>
          <row0>-0.0589673,-0.998260,2.19792e-7</row0>
          <row1>0.890434,-0.0525979,0.452060</row1>
          <row2>-0.451274,0.0266570,0.891987</row2>
        </orientation>
      </transform>
      <snapped>false</snapped>
    </blockref>
    <blockref>
      <blockid>flora_parts~, fe_cap_03a</blockid>
      <transform>
        <scale>1</scale>
        <position>-0.0364599,-0.260931,0.652539</position>
        <triangledirection>0.682607,0.620567,0.385929</triangledirection>
        <trianglepickorigin>0,0,0</trianglepickorigin>
        <orientation>
          <row0>0.672681,-0.739931,1.49011e-7</row0>
          <row1>0.682607,0.620567,0.385929</row1>
          <row2>-0.285561,-0.259607,0.922528</row2>
        </orientation>
      </transform>
      <snapped>false</snapped>
    </blockref>
    <blockref>
      <blockid>flora_parts~, fe_cap_03a</blockid>
      <transform>
        <scale>1</scale>
        <position>0.256465,0.193073,0.561792</position>
        <triangledirection>-0.876277,0.134424,0.462675</triangledirection>
        <trianglepickorigin>0,0,0</trianglepickorigin>
        <orientation>
          <row0>0.151629,0.988437,-2.34693e-7</row0>
          <row1>-0.876277,0.134424,0.462675</row1>
          <row2>0.457325,-0.0701550,0.886527</row2>
        </orientation>
      </transform>
      <snapped>false</snapped>
    </blockref>
  </blocks></sporemodel>