spore0006438f6347406662000778badcb9fea735ffffffffffffffffffffffffffffffff0000000ec178f8b10dsporeautotestfffffffffffffffe09Grygscens00006gaprop00<?xml version="1.0" encoding="UTF-8"?><sporemodel>
  <properties>
    <modeltype>PlantSmall</modeltype>
    <skineffectseed1>1234</skineffectseed1>
    <skineffectseed2>1234</skineffectseed2>
    <skineffectseed3>1234</skineffectseed3>
    <skincolor1>0.501959,0.694117,0.223528</skincolor1>
    <skincolor2>0.282352,0.270587,0.129411</skincolor2>
    <skincolor3>0.211764,0.576469,0.184312</skincolor3>
    <zcorpscore>14</zcorpscore>
  </properties>
  <blocks count="28">
    <blockref>
      <blockid>flora_parts~, fe_root_dummy</blockid>
      <transform>
        <scale>1</scale>
        <position>0,0,0.349999</position>
        <triangledirection>0,1,0</triangledirection>
        <trianglepickorigin>0,0,0</trianglepickorigin>
        <orientation>
          <row0>1,0,0</row0>
          <row1>0,1,0</row1>
          <row2>0,0,1</row2>
        </orientation>
      </transform>
      <snapped>false</snapped>
      <childlist count="6">
        <childid>12</childid>
        <childid>9</childid>
        <childid>7</childid>
        <childid>5</childid>
        <childid>3</childid>
        <childid>1</childid>
      </childlist>
    </blockref>
    <blockref>
      <blockid>flora_parts~, FE_muscle_branch_04</blockid>
      <transform>
        <limbtype>0</limbtype>
        <musclescale>0.5</musclescale>
        <basemusclescale>1.700000</basemusclescale>
        <scale>1</scale>
        <position>0,0,0.349999</position>
        <triangledirection>-0.0268859,0.0305509,0.999171</triangledirection>
        <trianglepickorigin>0,0,0</trianglepickorigin>
        <orientation>
          <row0>0.976802,0.213226,0.0197643</row0>
          <row1>-0.0268859,0.0305509,0.999171</row1>
          <row2>0.212446,-0.976525,0.0355750</row2>
        </orientation>
      </transform>
      <snapped>true</snapped>
      <childlist count="1">
        <childid>2</childid>
      </childlist>
      <handles count="1">
        <weight channel="longer">0.162245</weight>
      </handles>
    </blockref>
    <blockref>
      <blockid>Creature_parts~, ce_grasper_null</blockid>
      <transform>
        <basemusclescale>0.699998</basemusclescale>
        <scale>1</scale>
        <position>0.0336679,-0.0382570,-0.901212</position>
        <triangledirection>0,0,-1</triangledirection>
        <trianglepickorigin>0,0,0</trianglepickorigin>
        <orientation>
          <row0>1,0,0</row0>
          <row1>0,0,-1</row1>
          <row2>0,1,0</row2>
        </orientation>
      </transform>
      <snapped>true</snapped>
    </blockref>
    <blockref>
      <blockid>flora_parts~, fe_muscle_branch_01</blockid>
      <transform>
        <limbtype>0</limbtype>
        <musclescale>0.5</musclescale>
        <basemusclescale>1.700000</basemusclescale>
        <scale>1</scale>
        <position>0,0,0.349999</position>
        <triangledirection>-0.649839,0.287067,0.703775</triangledirection>
        <trianglepickorigin>0,0,0</trianglepickorigin>
        <orientation>
          <row0>-0.0833838,-0.947270,0.309394</row0>
          <row1>-0.649839,0.287067,0.703775</row1>
          <row2>-0.755483,-0.142373,-0.639511</row2>
        </orientation>
      </transform>
      <snapped>true</snapped>
      <childlist count="1">
        <childid>4</childid>
      </childlist>
      <handles count="1">
        <weight channel="longer">0.151929</weight>
      </handles>
    </blockref>
    <blockref>
      <blockid>Creature_parts~, ce_grasper_null</blockid>
      <transform>
        <basemusclescale>0.600000</basemusclescale>
        <scale>1</scale>
        <position>0.771687,-0.340895,-0.485738</position>
        <triangledirection>0,0,-1</triangledirection>
        <trianglepickorigin>0,0,0</trianglepickorigin>
        <orientation>
          <row0>1,0,0</row0>
          <row1>0,0,-1</row1>
          <row2>0,1,0</row2>
        </orientation>
      </transform>
      <snapped>true</snapped>
    </blockref>
    <blockref>
      <blockid>flora_parts~, fe_muscle_branch_01</blockid>
      <transform>
        <limbtype>0</limbtype>
        <musclescale>0.5</musclescale>
        <basemusclescale>1.700000</basemusclescale>
        <scale>1</scale>
        <position>0,0,0.349999</position>
        <triangledirection>0.449015,0.639585,0.623951</triangledirection>
        <trianglepickorigin>0,0,0</trianglepickorigin>
        <orientation>
          <row0>-0.553194,-0.349391,0.756241</row0>
          <row1>0.449015,0.639585,0.623951</row1>
          <row2>-0.701684,0.684731,-0.196932</row2>
        </orientation>
      </transform>
      <snapped>true</snapped>
      <childlist count="1">
        <childid>6</childid>
      </childlist>
      <handles count="1">
        <weight channel="longer">0.159581</weight>
      </handles>
    </blockref>
    <blockref>
      <blockid>Creature_parts~, ce_grasper_null</blockid>
      <transform>
        <basemusclescale>0.650000</basemusclescale>
        <scale>1</scale>
        <position>-0.554772,-0.790225,-0.420911</position>
        <triangledirection>0,0,-1</triangledirection>
        <trianglepickorigin>0,0,0</trianglepickorigin>
        <orientation>
          <row0>1,0,0</row0>
          <row1>0,0,-1</row1>
          <row2>0,1,0</row2>
        </orientation>
      </transform>
      <snapped>true</snapped>
    </blockref>
    <blockref>
      <blockid>flora_parts~, fe_muscle_branch_01</blockid>
      <transform>
        <limbtype>0</limbtype>
        <musclescale>0.400000</musclescale>
        <basemusclescale>1.700000</basemusclescale>
        <scale>1</scale>
        <position>0,0,0.349999</position>
        <triangledirection>-0.0391108,-0.548779,0.835052</triangledirection>
        <trianglepickorigin>0,0,0</trianglepickorigin>
        <orientation>
          <row0>0.929391,0.286969,0.232120</row0>
          <row1>-0.0391109,-0.548779,0.835052</row1>
          <row2>0.367017,-0.785168,-0.498806</row2>
        </orientation>
      </transform>
      <snapped>true</snapped>
      <childlist count="1">
        <childid>8</childid>
      </childlist>
      <handles count="1">
        <weight channel="longer">0.162245</weight>
      </handles>
    </blockref>
    <blockref>
      <blockid>Creature_parts~, ce_grasper_null</blockid>
      <transform>
        <basemusclescale>0.650000</basemusclescale>
        <scale>1</scale>
        <position>0.0489768,0.687209,-0.695693</position>
        <triangledirection>0,0,-1</triangledirection>
        <trianglepickorigin>0,0,0</trianglepickorigin>
        <orientation>
          <row0>1,0,0</row0>
          <row1>0,0,-1</row1>
          <row2>0,1,0</row2>
        </orientation>
      </transform>
      <snapped>true</snapped>
    </blockref>
    <blockref>
      <blockid>flora_parts~, fe_muscle_branch_06</blockid>
      <transform>
        <limbtype>0</limbtype>
        <musclescale>0.5</musclescale>
        <basemusclescale>1.700000</basemusclescale>
        <scale>1</scale>
        <position>0,0,0.349999</position>
        <triangledirection>0.766047,-0.616275,0.182691</triangledirection>
        <trianglepickorigin>0,0,0</trianglepickorigin>
        <orientation>
          <row0>0.225279,0.523599,0.821640</row0>
          <row1>0.766047,-0.616275,0.182691</row1>
          <row2>0.602013,0.588258,-0.539936</row2>
        </orientation>
      </transform>
      <snapped>true</snapped>
      <childlist count="1">
        <childid>10</childid>
      </childlist>
      <handles count="1">
        <weight channel="longer">0.162245</weight>
      </handles>
    </blockref>
    <blockref>
      <blockid>flora_parts~, fe_muscle_branch_06</blockid>
      <transform>
        <limbtype>0</limbtype>
        <musclescale>0.5</musclescale>
        <basemusclescale>1</basemusclescale>
        <scale>1</scale>
        <position>-0.959286,0.771732,0.121223</position>
        <triangledirection>1.49011e-6,-1.49011e-7,-1</triangledirection>
        <trianglepickorigin>0,0,0</trianglepickorigin>
        <orientation>
          <row0>0.883059,0.469261,1.24593e-6</row0>
          <row1>1.49011e-6,-1.49011e-7,-1</row1>
          <row2>-0.469261,0.883059,-8.30836e-7</row2>
        </orientation>
      </transform>
      <snapped>true</snapped>
      <childlist count="8">
        <childid>25</childid>
        <childid>24</childid>
        <childid>23</childid>
        <childid>21</childid>
        <childid>20</childid>
        <childid>19</childid>
        <childid>15</childid>
        <childid>11</childid>
      </childlist>
      <handles count="1">
        <weight channel="longer">0.162245</weight>
      </handles>
    </blockref>
    <blockref>
      <blockid>Creature_parts~, ce_grasper_null</blockid>
      <transform>
        <basemusclescale>1</basemusclescale>
        <scale>1</scale>
        <position>-0.959286,0.771732,1.373475</position>
        <triangledirection>1.49011e-6,-2.68220e-7,-1</triangledirection>
        <trianglepickorigin>0,0,0</trianglepickorigin>
        <orientation>
          <row0>1,1.49011e-6,1.49010e-6</row0>
          <row1>1.49011e-6,-2.68220e-7,-1</row1>
          <row2>-1.49011e-6,1,-2.68223e-7</row2>
        </orientation>
      </transform>
      <snapped>true</snapped>
    </blockref>
    <blockref>
      <blockid>flora_parts~, fe_muscle_branch_06</blockid>
      <transform>
        <limbtype>0</limbtype>
        <musclescale>0.5</musclescale>
        <basemusclescale>1.700000</basemusclescale>
        <scale>1</scale>
        <position>0,0,0.349999</position>
        <triangledirection>-0.776462,0.615119,0.136870</triangledirection>
        <trianglepickorigin>0,0,0</trianglepickorigin>
        <orientation>
          <row0>-0.619660,-0.705806,-0.343304</row0>
          <row1>-0.776462,0.615119,0.136870</row1>
          <row2>0.114569,0.351376,-0.929197</row2>
        </orientation>
      </transform>
      <snapped>true</snapped>
      <childlist count="3">
        <childid>27</childid>
        <childid>22</childid>
        <childid>13</childid>
      </childlist>
      <handles count="1">
        <weight channel="longer">0.162245</weight>
      </handles>
    </blockref>
    <blockref>
      <blockid>flora_parts~, fe_muscle_branch_06</blockid>
      <transform>
        <limbtype>0</limbtype>
        <musclescale>0.5</musclescale>
        <basemusclescale>1</basemusclescale>
        <scale>1</scale>
        <position>0.972325,-0.770282,0.178602</position>
        <triangledirection>9.23871e-7,-1.78813e-7,-1</triangledirection>
        <trianglepickorigin>0,0,0</trianglepickorigin>
        <orientation>
          <row0>0.883058,0.469262,7.31923e-7</row0>
          <row1>9.23871e-7,-1.78813e-7,-1</row1>
          <row2>-0.469262,0.883058,-5.91440e-7</row2>
        </orientation>
      </transform>
      <snapped>true</snapped>
      <childlist count="5">
        <childid>26</childid>
        <childid>18</childid>
        <childid>17</childid>
        <childid>16</childid>
        <childid>14</childid>
      </childlist>
      <handles count="1">
        <weight channel="longer">0.162245</weight>
      </handles>
    </blockref>
    <blockref>
      <blockid>Creature_parts~, ce_grasper_null</blockid>
      <transform>
        <basemusclescale>1</basemusclescale>
        <scale>1</scale>
        <position>0.972324,-0.770282,1.430852</position>
        <triangledirection>9.23872e-7,-2.98023e-7,-1</triangledirection>
        <trianglepickorigin>0,0,0</trianglepickorigin>
        <orientation>
          <row0>1,1.46031e-6,9.23872e-7</row0>
          <row1>9.23872e-7,-2.98023e-7,-1</row1>
          <row2>-1.46030e-6,1,-2.98024e-7</row2>
        </orientation>
      </transform>
      <snapped>true</snapped>
    </blockref>
    <blockref>
      <blockid>flora_parts~, FE_flatleaf_04</blockid>
      <transform>
        <scale>1,349857</scale>
        <position>-1.276446,0.826896,1.194950</position>
        <triangledirection>0.984538,-0.138828,0.106813</triangledirection>
        <trianglepickorigin>0,0,0</trianglepickorigin>
        <orientation>
          <row0>-0.103220,-0.994658,-1.50874e-7</row0>
          <row1>0.986375,-0.102361,-0.128782</row1>
          <row2>0.128094,-0.0132931,0.991672</row2>
        </orientation>
        <userorientation>
          <userorientation_row0>0.999296,-0.0375019,4.65660e-9</userorientation_row0>
          <userorientation_row1>0.0364617,0.971580,0.233883</userorientation_row1>
          <userorientation_row2>-0.00877108,-0.233718,0.972263</userorientation_row2>
        </userorientation>
      </transform>
      <snapped>false</snapped>
      <handles count="1">
        <weight channel="Leaf_bend">0.420631</weight>
      </handles>
    </blockref>
    <blockref>
      <blockid>flora_parts~, FE_flatleaf_04</blockid>
      <transform>
        <scale>1,349857</scale>
        <position>0.744343,-1.052629,1.020702</position>
        <triangledirection>0.658667,0.748525,0.0765858</triangledirection>
        <trianglepickorigin>0,0,0</trianglepickorigin>
        <orientation>
          <row0>0.774387,-0.632712,8.94069e-8</row0>
          <row1>0.624679,0.764555,-0.158842</row1>
          <row2>0.100501,0.123005,0.987304</row2>
        </orientation>
        <userorientation>
          <userorientation_row0>0.999296,-0.0375019,4.65660e-9</userorientation_row0>
          <userorientation_row1>0.0364617,0.971580,0.233883</userorientation_row1>
          <userorientation_row2>-0.00877108,-0.233718,0.972263</userorientation_row2>
        </userorientation>
      </transform>
      <snapped>false</snapped>
      <handles count="1">
        <weight channel="Leaf_bend">0.420631</weight>
      </handles>
    </blockref>
    <blockref>
      <blockid>flora_parts~, FE_flatleaf_04</blockid>
      <transform>
        <scale>1,349857</scale>
        <position>1.223909,-1.002627,1.177878</position>
        <triangledirection>-0.521372,0.839363,0.153745</triangledirection>
        <trianglepickorigin>0,0,0</trianglepickorigin>
        <orientation>
          <row0>0.829415,0.558633,-2.23517e-8</row0>
          <row1>-0.556766,0.826643,-0.0816774</row1>
          <row2>-0.0456277,0.0677445,0.996658</row2>
        </orientation>
        <userorientation>
          <userorientation_row0>0.999296,-0.0375019,4.65660e-9</userorientation_row0>
          <userorientation_row1>0.0364617,0.971580,0.233883</userorientation_row1>
          <userorientation_row2>-0.00877108,-0.233718,0.972263</userorientation_row2>
        </userorientation>
      </transform>
      <snapped>false</snapped>
      <handles count="1">
        <weight channel="Leaf_bend">0.420631</weight>
      </handles>
    </blockref>
    <blockref>
      <blockid>flora_parts~, FE_flatleaf_04</blockid>
      <transform>
        <scale>1,349857</scale>
        <position>1.262591,-0.537234,0.930359</position>
        <triangledirection>-0.883870,-0.446037,0.140789</triangledirection>
        <trianglepickorigin>0,0,0</trianglepickorigin>
        <orientation>
          <row0>-0.483099,0.875565,3.72529e-9</row0>
          <row1>-0.871627,-0.480926,-0.0947341</row1>
          <row2>-0.0829459,-0.0457659,0.995502</row2>
        </orientation>
        <userorientation>
          <userorientation_row0>0.999296,-0.0375019,4.65660e-9</userorientation_row0>
          <userorientation_row1>0.0364617,0.971580,0.233883</userorientation_row1>
          <userorientation_row2>-0.00877108,-0.233718,0.972263</userorientation_row2>
        </userorientation>
      </transform>
      <snapped>false</snapped>
      <handles count="1">
        <weight channel="Leaf_bend">0.420631</weight>
      </handles>
    </blockref>
    <blockref>
      <blockid>flora_parts~, FE_flatleaf_04</blockid>
      <transform>
        <scale>1,349857</scale>
        <position>-0.691334,0.938086,1.050257</position>
        <triangledirection>-0.710337,-0.683142,0.169516</triangledirection>
        <trianglepickorigin>0,0,0</trianglepickorigin>
        <orientation>
          <row0>-0.719366,0.694630,3.72529e-9</row0>
          <row1>-0.693128,-0.717811,-0.0657288</row1>
          <row2>-0.0456572,-0.0472831,0.997837</row2>
        </orientation>
        <userorientation>
          <userorientation_row0>0.999296,-0.0375019,4.65660e-9</userorientation_row0>
          <userorientation_row1>0.0364617,0.971580,0.233883</userorientation_row1>
          <userorientation_row2>-0.00877108,-0.233718,0.972263</userorientation_row2>
        </userorientation>
      </transform>
      <snapped>false</snapped>
      <handles count="1">
        <weight channel="Leaf_bend">0.420631</weight>
      </handles>
    </blockref>
    <blockref>
      <blockid>flora_parts~, FE_flatleaf_04</blockid>
      <transform>
        <scale>1,349857</scale>
        <position>-1.009805,1.049134,1.011465</position>
        <triangledirection>0.113481,-0.978253,0.173611</triangledirection>
        <trianglepickorigin>0,0,0</trianglepickorigin>
        <orientation>
          <row0>-0.988391,-0.151929,5.58793e-9</row0>
          <row1>0.151641,-0.986515,-0.0615782</row1>
          <row2>0.00935554,-0.0608633,0.998102</row2>
        </orientation>
        <userorientation>
          <userorientation_row0>0.999296,-0.0375019,4.65660e-9</userorientation_row0>
          <userorientation_row1>0.0364617,0.971580,0.233883</userorientation_row1>
          <userorientation_row2>-0.00877108,-0.233718,0.972263</userorientation_row2>
        </userorientation>
      </transform>
      <snapped>false</snapped>
      <handles count="1">
        <weight channel="Leaf_bend">0.420631</weight>
      </handles>
    </blockref>
    <blockref>
      <blockid>flora_parts~, FE_flatleaf_04</blockid>
      <transform>
        <scale>1,349857</scale>
        <position>-1.159008,0.559058,1.120343</position>
        <triangledirection>0.625046,0.761500,-0.171562</triangledirection>
        <trianglepickorigin>0,0,0</trianglepickorigin>
        <orientation>
          <row0>0.795913,-0.605410,4.76837e-7</row0>
          <row1>0.555533,0.730340,-0.397473</row1>
          <row2>0.240634,0.316354,0.917613</row2>
        </orientation>
        <userorientation>
          <userorientation_row0>0.999296,-0.0375019,4.65660e-9</userorientation_row0>
          <userorientation_row1>0.0364617,0.971580,0.233883</userorientation_row1>
          <userorientation_row2>-0.00877108,-0.233718,0.972263</userorientation_row2>
        </userorientation>
      </transform>
      <snapped>false</snapped>
      <handles count="1">
        <weight channel="Leaf_bend">0.420631</weight>
      </handles>
    </blockref>
    <blockref>
      <blockid>flora_parts~, FE_leaf_12</blockid>
      <transform>
        <scale>1,964033</scale>
        <position>0.201218,-0.301957,0.817404</position>
        <triangledirection>0.150259,0.297307,-0.942884</triangledirection>
        <trianglepickorigin>0,0,0</trianglepickorigin>
        <orientation>
          <row0>0.892490,-0.451065,-4.47034e-8</row0>
          <row1>0.150259,0.297307,-0.942884</row1>
          <row2>0.425302,0.841515,0.333120</row2>
        </orientation>
      </transform>
      <snapped>false</snapped>
      <handles count="3">
        <weight channel="DeformAxisForwardb">0.5</weight>
        <weight channel="DeformAxisForward">0.333299</weight>
        <weight channel="DeformAxisLeft">0.400534</weight>
      </handles>
    </blockref>
    <blockref>
      <blockid>flora_parts~, FE_leaf_23</blockid>
      <transform>
        <scale>1,690458</scale>
        <position>-1.230684,0.730162,1.321397</position>
        <triangledirection>0.798838,0.398791,-0.450359</triangledirection>
        <trianglepickorigin>0,0,0</trianglepickorigin>
        <orientation>
          <row0>0.446650,-0.894708,-2.08616e-7</row0>
          <row1>0.798838,0.398791,-0.450359</row1>
          <row2>0.402940,0.201153,0.892847</row2>
        </orientation>
      </transform>
      <snapped>false</snapped>
      <handles count="4">
        <weight channel="DeformAxisForward">0.333299</weight>
        <weight channel="DeformAxisLeft">0.308885</weight>
        <weight channel="DeformAxisRight">0.5</weight>
        <weight channel="DeformAxisUp">0.590282</weight>
      </handles>
    </blockref>
    <blockref>
      <blockid>flora_parts~, FE_leaf_23</blockid>
      <transform>
        <scale>1,690458</scale>
        <position>-0.844748,0.761166,1.554970</position>
        <triangledirection>-0.479726,0.130201,-0.867703</triangledirection>
        <trianglepickorigin>0,0,0</trianglepickorigin>
        <orientation>
          <row0>0.261931,0.965086,-1.49011e-7</row0>
          <row1>-0.479726,0.130201,-0.867703</row1>
          <row2>-0.837409,0.227279,0.497081</row2>
        </orientation>
      </transform>
      <snapped>false</snapped>
      <handles count="4">
        <weight channel="DeformAxisForward">0.333299</weight>
        <weight channel="DeformAxisLeft">0.308885</weight>
        <weight channel="DeformAxisRight">0.5</weight>
        <weight channel="DeformAxisUp">0.590282</weight>
      </handles>
    </blockref>
    <blockref>
      <blockid>flora_parts~, FE_leaf_23</blockid>
      <transform>
        <scale>1,690458</scale>
        <position>-0.997555,0.925549,1.511682</position>
        <triangledirection>0.218952,-0.671992,-0.707450</triangledirection>
        <trianglepickorigin>0,0,0</trianglepickorigin>
        <orientation>
          <row0>-0.950803,-0.309795,-1.49011e-8</row0>
          <row1>0.218952,-0.671992,-0.707450</row1>
          <row2>0.219165,-0.672646,0.706762</row2>
        </orientation>
      </transform>
      <snapped>false</snapped>
      <handles count="4">
        <weight channel="DeformAxisForward">0.333299</weight>
        <weight channel="DeformAxisLeft">0.308885</weight>
        <weight channel="DeformAxisRight">0.5</weight>
        <weight channel="DeformAxisUp">0.590282</weight>
      </handles>
    </blockref>
    <blockref>
      <blockid>flora_parts~, FE_leaf_23</blockid>
      <transform>
        <scale>1,690458</scale>
        <position>0.918442,-1.096084,1.066522</position>
        <triangledirection>0.0798442,0.979857,-0.183040</triangledirection>
        <trianglepickorigin>0,0,0</trianglepickorigin>
        <orientation>
          <row0>0.996696,-0.0812163,2.04890e-8</row0>
          <row1>0.0798442,0.979857,-0.183040</row1>
          <row2>0.0148658,0.182435,0.983105</row2>
        </orientation>
      </transform>
      <snapped>false</snapped>
      <handles count="4">
        <weight channel="DeformAxisForward">0.333299</weight>
        <weight channel="DeformAxisLeft">0.308885</weight>
        <weight channel="DeformAxisRight">0.5</weight>
        <weight channel="DeformAxisUp">0.590282</weight>
      </handles>
    </blockref>
    <blockref>
      <blockid>flora_parts~, FE_leaf_23</blockid>
      <transform>
        <scale>1,690458</scale>
        <position>0.564200,0.0715316,0.598042</position>
        <triangledirection>-0.803102,-0.465767,-0.371600</triangledirection>
        <trianglepickorigin>0,0,0</trianglepickorigin>
        <orientation>
          <row0>-0.501692,0.865046,2.23517e-7</row0>
          <row1>-0.803102,-0.465767,-0.371600</row1>
          <row2>-0.321451,-0.186429,0.928392</row2>
        </orientation>
      </transform>
      <snapped>false</snapped>
      <handles count="4">
        <weight channel="DeformAxisForward">0.333299</weight>
        <weight channel="DeformAxisLeft">0.308885</weight>
        <weight channel="DeformAxisRight">0.5</weight>
        <weight channel="DeformAxisUp">0.590282</weight>
      </handles>
    </blockref>
  </blocks></sporemodel>