spore0006438f6347406662000772d728b9fea735ffffffffffffffffffffffffffffffff0000000ec178f7cd0dsporeautotestfffffffffffffffe09Whistigma00006gaprop00<?xml version="1.0" encoding="UTF-8"?><sporemodel>
  <properties>
    <modeltype>PlantLarge</modeltype>
    <skineffectseed1>1234</skineffectseed1>
    <skineffectseed2>1234</skineffectseed2>
    <skineffectseed3>1234</skineffectseed3>
    <skincolor1>0.803921,0.796077,0.694117</skincolor1>
    <skincolor2>0.431371,0.800000,0.400000</skincolor2>
    <skincolor3>0.694117,0.572548,0.317647</skincolor3>
    <zcorpscore>16</zcorpscore>
  </properties>
  <blocks count="42">
    <blockref>
      <blockid>flora_parts~, fe_root_dummy</blockid>
      <transform>
        <scale>1</scale>
        <position>0,0,0.600000</position>
        <triangledirection>0,1,0</triangledirection>
        <trianglepickorigin>0,0,0</trianglepickorigin>
        <orientation>
          <row0>1,0,0</row0>
          <row1>0,1,0</row1>
          <row2>0,0,1</row2>
        </orientation>
      </transform>
      <snapped>false</snapped>
      <childlist count="5">
        <childid>15</childid>
        <childid>7</childid>
        <childid>5</childid>
        <childid>3</childid>
        <childid>1</childid>
      </childlist>
    </blockref>
    <blockref>
      <blockid>flora_parts~, FE_muscle_branch_04</blockid>
      <transform>
        <limbtype>0</limbtype>
        <musclescale>0.524996</musclescale>
        <basemusclescale>2.099996</basemusclescale>
        <scale>1</scale>
        <position>0,0,0.600000</position>
        <triangledirection>-0.353940,0.716074,0.601633</triangledirection>
        <trianglepickorigin>0,0,0</trianglepickorigin>
        <orientation>
          <row0>0.292510,0.695756,-0.656018</row0>
          <row1>-0.353940,0.716074,0.601633</row1>
          <row2>0.888348,0.0562070,0.455716</row2>
        </orientation>
      </transform>
      <snapped>true</snapped>
      <childlist count="1">
        <childid>2</childid>
      </childlist>
      <handles count="1">
        <weight channel="longer">0.216649</weight>
      </handles>
    </blockref>
    <blockref>
      <blockid>Creature_parts~, ce_grasper_null</blockid>
      <transform>
        <basemusclescale>0.5</basemusclescale>
        <scale>1</scale>
        <position>0.564076,-1.141218,-0.358833</position>
        <triangledirection>0,0,-1</triangledirection>
        <trianglepickorigin>0,0,0</trianglepickorigin>
        <orientation>
          <row0>1,0,0</row0>
          <row1>0,0,-1</row1>
          <row2>0,1,0</row2>
        </orientation>
      </transform>
      <snapped>true</snapped>
    </blockref>
    <blockref>
      <blockid>flora_parts~, fe_muscle_branch_01</blockid>
      <transform>
        <limbtype>0</limbtype>
        <musclescale>0.75</musclescale>
        <basemusclescale>2.099996</basemusclescale>
        <scale>1</scale>
        <position>0,0,0.600000</position>
        <triangledirection>-0.484347,-0.579931,0.655046</triangledirection>
        <trianglepickorigin>0,0,0</trianglepickorigin>
        <orientation>
          <row0>0.105375,-0.781951,-0.614368</row0>
          <row1>-0.484347,-0.579931,0.655046</row1>
          <row2>-0.868506,0.228542,-0.439846</row2>
        </orientation>
      </transform>
      <snapped>true</snapped>
      <childlist count="1">
        <childid>4</childid>
      </childlist>
      <handles count="1">
        <weight channel="longer">0.202262</weight>
      </handles>
    </blockref>
    <blockref>
      <blockid>Creature_parts~, ce_grasper_null</blockid>
      <transform>
        <basemusclescale>0.75</basemusclescale>
        <scale>1</scale>
        <position>0.728166,0.871869,-0.384793</position>
        <triangledirection>0,0,-1</triangledirection>
        <trianglepickorigin>0,0,0</trianglepickorigin>
        <orientation>
          <row0>1,0,0</row0>
          <row1>0,0,-1</row1>
          <row2>0,1,0</row2>
        </orientation>
      </transform>
      <snapped>true</snapped>
    </blockref>
    <blockref>
      <blockid>flora_parts~, fe_muscle_branch_01</blockid>
      <transform>
        <limbtype>0</limbtype>
        <musclescale>0.824996</musclescale>
        <basemusclescale>2.099996</basemusclescale>
        <scale>1</scale>
        <position>0,0,0.600000</position>
        <triangledirection>0.704647,-0.400266,0.585883</triangledirection>
        <trianglepickorigin>0,0,0</trianglepickorigin>
        <orientation>
          <row0>0.500682,0.865563,-0.0108371</row0>
          <row1>0.704647,-0.400266,0.585883</row1>
          <row2>0.502781,-0.300978,-0.810323</row2>
        </orientation>
      </transform>
      <snapped>true</snapped>
      <childlist count="1">
        <childid>6</childid>
      </childlist>
      <handles count="1">
        <weight channel="longer">0.202728</weight>
      </handles>
    </blockref>
    <blockref>
      <blockid>Creature_parts~, ce_grasper_null</blockid>
      <transform>
        <basemusclescale>0.699996</basemusclescale>
        <scale>1</scale>
        <position>-1.061424,0.602926,-0.282530</position>
        <triangledirection>0,0,-1</triangledirection>
        <trianglepickorigin>0,0,0</trianglepickorigin>
        <orientation>
          <row0>1,-10e-7,0</row0>
          <row1>0,0,-1</row1>
          <row2>10e-7,1,0</row2>
        </orientation>
      </transform>
      <snapped>true</snapped>
    </blockref>
    <blockref>
      <blockid>flora_parts~, FE_muscle_branch_04</blockid>
      <transform>
        <limbtype>0</limbtype>
        <musclescale>0.5</musclescale>
        <basemusclescale>2.099996</basemusclescale>
        <scale>1</scale>
        <position>0,0,0.600000</position>
        <triangledirection>0,0,-1</triangledirection>
        <trianglepickorigin>0,0,0</trianglepickorigin>
        <orientation>
          <row0>0.999551,0.0299355,0</row0>
          <row1>0,0,-1</row1>
          <row2>-0.0299355,0.999551,0</row2>
        </orientation>
      </transform>
      <snapped>true</snapped>
      <childlist count="2">
        <childid>9</childid>
        <childid>8</childid>
      </childlist>
      <handles count="1">
        <weight channel="longer">0.162245</weight>
      </handles>
    </blockref>
    <blockref>
      <blockid>flora_parts~, FE_muscle_branch_03</blockid>
      <transform>
        <limbtype>0</limbtype>
        <musclescale>0.5</musclescale>
        <basemusclescale>1</basemusclescale>
        <scale>1</scale>
        <position>0,0,1.852249</position>
        <triangledirection>-0.559356,-0.536093,-0.632237</triangledirection>
        <trianglepickorigin>0,0,0</trianglepickorigin>
        <orientation>
          <row0>0.796686,-0.137033,-0.588653</row0>
          <row1>-0.559356,-0.536093,-0.632237</row1>
          <row2>-0.228935,0.832962,-0.503748</row2>
        </orientation>
      </transform>
      <snapped>true</snapped>
      <childlist count="1">
        <childid>11</childid>
      </childlist>
      <handles count="1">
        <weight channel="longer">0.162245</weight>
      </handles>
    </blockref>
    <blockref>
      <blockid>flora_parts~, fe_muscle_branch_06</blockid>
      <transform>
        <limbtype>0</limbtype>
        <musclescale>0.5</musclescale>
        <basemusclescale>1</basemusclescale>
        <scale>1</scale>
        <position>0,0,1.852249</position>
        <triangledirection>0,-1.19209e-7,-1</triangledirection>
        <trianglepickorigin>0,0,0</trianglepickorigin>
        <orientation>
          <row0>1,0,0</row0>
          <row1>0,-1.19209e-7,-1</row1>
          <row2>0,1,-1.19209e-7</row2>
        </orientation>
      </transform>
      <snapped>true</snapped>
      <childlist count="1">
        <childid>10</childid>
      </childlist>
      <handles count="1">
        <weight channel="longer">0.162245</weight>
      </handles>
    </blockref>
    <blockref>
      <blockid>flora_parts~, fe_muscle_branch_06</blockid>
      <transform>
        <limbtype>0</limbtype>
        <musclescale>0.5</musclescale>
        <basemusclescale>1</basemusclescale>
        <scale>1</scale>
        <position>0,1.49278e-7,3.104499</position>
        <triangledirection>0.265325,0.260285,-0.928360</triangledirection>
        <trianglepickorigin>0,0,0</trianglepickorigin>
        <orientation>
          <row0>0.958730,0.0308096,0.282642</row0>
          <row1>0.265325,0.260285,-0.928361</row1>
          <row2>-0.102170,0.965040,0.241368</row2>
        </orientation>
      </transform>
      <snapped>true</snapped>
      <childlist count="7">
        <childid>41</childid>
        <childid>39</childid>
        <childid>38</childid>
        <childid>35</childid>
        <childid>34</childid>
        <childid>33</childid>
        <childid>13</childid>
      </childlist>
      <handles count="1">
        <weight channel="longer">0.162245</weight>
      </handles>
    </blockref>
    <blockref>
      <blockid>flora_parts~, FE_muscle_branch_03</blockid>
      <transform>
        <limbtype>0</limbtype>
        <musclescale>0.5</musclescale>
        <basemusclescale>1</basemusclescale>
        <scale>1</scale>
        <position>0.700453,0.671323,2.643969</position>
        <triangledirection>-0.559356,-0.536093,-0.632236</triangledirection>
        <trianglepickorigin>0,0,0</trianglepickorigin>
        <orientation>
          <row0>0.796685,-0.137033,-0.588653</row0>
          <row1>-0.559356,-0.536093,-0.632236</row1>
          <row2>-0.228935,0.832961,-0.503749</row2>
        </orientation>
      </transform>
      <snapped>true</snapped>
      <childlist count="6">
        <childid>32</childid>
        <childid>30</childid>
        <childid>29</childid>
        <childid>28</childid>
        <childid>27</childid>
        <childid>12</childid>
      </childlist>
      <handles count="1">
        <weight channel="longer">0.162245</weight>
      </handles>
    </blockref>
    <blockref>
      <blockid>Creature_parts~, ce_grasper_null</blockid>
      <transform>
        <basemusclescale>1</basemusclescale>
        <scale>1</scale>
        <position>1.400908,1.342645,3.435688</position>
        <triangledirection>1.46030e-6,-6.55651e-7,-1</triangledirection>
        <trianglepickorigin>0,0,0</trianglepickorigin>
        <orientation>
          <row0>1,1.07288e-6,1.46030e-6</row0>
          <row1>1.46030e-6,-6.55651e-7,-1</row1>
          <row2>-1.07288e-6,1,-6.55652e-7</row2>
        </orientation>
      </transform>
      <snapped>true</snapped>
    </blockref>
    <blockref>
      <blockid>flora_parts~, FE_muscle_branch_03</blockid>
      <transform>
        <limbtype>0</limbtype>
        <musclescale>0.5</musclescale>
        <basemusclescale>1</basemusclescale>
        <scale>1</scale>
        <position>-0.332254,-0.325942,4.267039</position>
        <triangledirection>0.222699,0.682626,-0.696007</triangledirection>
        <trianglepickorigin>0,0,0</trianglepickorigin>
        <orientation>
          <row0>0.963702,-0.0463104,0.262932</row0>
          <row1>0.222699,0.682626,-0.696007</row1>
          <row2>-0.147252,0.729298,0.668161</row2>
        </orientation>
      </transform>
      <snapped>true</snapped>
      <childlist count="11">
        <childid>40</childid>
        <childid>36</childid>
        <childid>26</childid>
        <childid>25</childid>
        <childid>24</childid>
        <childid>23</childid>
        <childid>22</childid>
        <childid>19</childid>
        <childid>18</childid>
        <childid>17</childid>
        <childid>14</childid>
      </childlist>
      <handles count="1">
        <weight channel="longer">0.162245</weight>
      </handles>
    </blockref>
    <blockref>
      <blockid>Creature_parts~, ce_grasper_null</blockid>
      <transform>
        <basemusclescale>1</basemusclescale>
        <scale>1</scale>
        <position>-0.611129,-1.180760,5.138616</position>
        <triangledirection>0.726919,0.594459,-0.343810</triangledirection>
        <trianglepickorigin>0,0,0</trianglepickorigin>
        <orientation>
          <row0>0.607746,-0.323785,0.725125</row0>
          <row1>0.726919,0.594459,-0.343810</row1>
          <row2>-0.319736,0.736057,0.596647</row2>
        </orientation>
      </transform>
      <snapped>true</snapped>
    </blockref>
    <blockref>
      <blockid>flora_parts~, fe_muscle_branch_06</blockid>
      <transform>
        <limbtype>0</limbtype>
        <musclescale>0.5</musclescale>
        <basemusclescale>2.099996</basemusclescale>
        <scale>1</scale>
        <position>0,0,0.600000</position>
        <triangledirection>-0.236231,-0.197622,-0.951388</triangledirection>
        <trianglepickorigin>0,0,0</trianglepickorigin>
        <orientation>
          <row0>0.970646,-0.00248144,-0.240497</row0>
          <row1>-0.236231,-0.197622,-0.951388</row1>
          <row2>-0.0451668,0.980275,-0.192407</row2>
        </orientation>
      </transform>
      <snapped>true</snapped>
      <childlist count="1">
        <childid>16</childid>
      </childlist>
      <handles count="1">
        <weight channel="longer">0.162245</weight>
      </handles>
    </blockref>
    <blockref>
      <blockid>Creature_parts~, ce_grasper_null</blockid>
      <transform>
        <basemusclescale>1</basemusclescale>
        <scale>1</scale>
        <position>0.295821,0.247472,1.791376</position>
        <triangledirection>0,-1.19209e-7,-1</triangledirection>
        <trianglepickorigin>0,0,0</trianglepickorigin>
        <orientation>
          <row0>1,0,0</row0>
          <row1>0,-1.19209e-7,-1</row1>
          <row2>0,1,-1.19209e-7</row2>
        </orientation>
      </transform>
      <snapped>true</snapped>
    </blockref>
    <blockref>
      <blockid>flora_parts~, fe_cap_01a</blockid>
      <transform>
        <scale>1</scale>
        <position>-0.146536,-0.524547,4.387835</position>
        <triangledirection>-0.809785,0.351043,-0.470123</triangledirection>
        <trianglepickorigin>0,0,0</trianglepickorigin>
        <orientation>
          <row0>0.397737,0.917499,1.63912e-7</row0>
          <row1>-0.809785,0.351043,-0.470123</row1>
          <row2>-0.431337,0.186985,0.882600</row2>
        </orientation>
      </transform>
      <snapped>false</snapped>
      <childlist count="1">
        <childid>20</childid>
      </childlist>
    </blockref>
    <blockref>
      <blockid>flora_parts~, fe_cap_01a</blockid>
      <transform>
        <scale>1</scale>
        <position>-0.198908,-1.037555,4.878304</position>
        <triangledirection>-0.857424,0.406724,0.315274</triangledirection>
        <trianglepickorigin>0,0,0</trianglepickorigin>
        <orientation>
          <row0>0.428581,0.903502,2.16066e-7</row0>
          <row1>-0.857424,0.406724,0.315274</row1>
          <row2>0.284851,-0.135121,0.949000</row2>
        </orientation>
      </transform>
      <snapped>false</snapped>
      <childlist count="1">
        <childid>21</childid>
      </childlist>
    </blockref>
    <blockref>
      <blockid>flora_parts~, fe_cap_01a</blockid>
      <transform>
        <scale>1</scale>
        <position>-0.293538,-0.785993,4.510652</position>
        <triangledirection>-0.523586,0.650295,0.550430</triangledirection>
        <trianglepickorigin>0,0,0</trianglepickorigin>
        <orientation>
          <row0>0.778907,0.627138,-8.94069e-8</row0>
          <row1>-0.523586,0.650295,0.550430</row1>
          <row2>0.345196,-0.428734,0.834881</row2>
        </orientation>
      </transform>
      <snapped>false</snapped>
      <childlist count="1">
        <childid>31</childid>
      </childlist>
    </blockref>
    <blockref>
      <blockid>flora_parts~, fe_cap_01a</blockid>
      <transform>
        <scale>1</scale>
        <position>-0.0812650,-0.547202,4.327641</position>
        <triangledirection>0.267223,0.813762,0.516122</triangledirection>
        <trianglepickorigin>0,0,0</trianglepickorigin>
        <orientation>
          <row0>0.950085,-0.311988,-2.38418e-7</row0>
          <row1>0.267223,0.813762,0.516122</row1>
          <row2>-0.161024,-0.490360,0.856514</row2>
        </orientation>
      </transform>
      <snapped>false</snapped>
    </blockref>
    <blockref>
      <blockid>flora_parts~, fe_cap_01a</blockid>
      <transform>
        <scale>1</scale>
        <position>-0.0726264,-1.048428,4.793578</position>
        <triangledirection>-0.857424,0.406724,0.315274</triangledirection>
        <trianglepickorigin>0,0,0</trianglepickorigin>
        <orientation>
          <row0>0.428581,0.903502,2.16066e-7</row0>
          <row1>-0.857424,0.406724,0.315274</row1>
          <row2>0.284851,-0.135121,0.949000</row2>
        </orientation>
      </transform>
      <snapped>false</snapped>
    </blockref>
    <blockref>
      <blockid>flora_parts~, FE_leaf_22</blockid>
      <transform>
        <scale>0,687288</scale>
        <position>-0.248078,-1.102485,4.945113</position>
        <triangledirection>-0.797818,0.596438,0.0880153</triangledirection>
        <trianglepickorigin>0,0,0</trianglepickorigin>
        <orientation>
          <row0>0.598762,0.800926,-7.45058e-9</row0>
          <row1>-0.797818,0.596438,0.0880153</row1>
          <row2>0.0704938,-0.0527002,0.996119</row2>
        </orientation>
      </transform>
      <snapped>false</snapped>
      <handles count="4">
        <weight channel="DeformAxisLeft">1</weight>
        <weight channel="DeformAxisForward">1</weight>
        <weight channel="DeformAxisRight">0</weight>
        <weight channel="DeformAxisUp">0.220435</weight>
      </handles>
    </blockref>
    <blockref>
      <blockid>flora_parts~, FE_leaf_22</blockid>
      <transform>
        <scale>0,687288</scale>
        <position>-0.589549,-1.263291,5.106431</position>
        <triangledirection>0.0612841,0.997589,0.0325482</triangledirection>
        <trianglepickorigin>0,0,0</trianglepickorigin>
        <orientation>
          <row0>0.998118,-0.0613166,-2.32830e-9</row0>
          <row1>0.0612841,0.997589,0.0325482</row1>
          <row2>-0.00199574,-0.0324869,0.999470</row2>
        </orientation>
      </transform>
      <snapped>false</snapped>
      <handles count="4">
        <weight channel="DeformAxisLeft">1</weight>
        <weight channel="DeformAxisForward">1</weight>
        <weight channel="DeformAxisRight">0</weight>
        <weight channel="DeformAxisUp">0.220435</weight>
      </handles>
    </blockref>
    <blockref>
      <blockid>flora_parts~, FE_leaf_22</blockid>
      <transform>
        <scale>0,687288</scale>
        <position>-0.683750,-1.130195,5.076224</position>
        <triangledirection>0.969482,-0.0791498,0.232034</triangledirection>
        <trianglepickorigin>0,0,0</trianglepickorigin>
        <orientation>
          <row0>-0.0813705,-0.996684,-7.63684e-8</row0>
          <row1>0.969482,-0.0791498,0.232034</row1>
          <row2>-0.231264,0.0188806,0.972707</row2>
        </orientation>
      </transform>
      <snapped>false</snapped>
      <handles count="4">
        <weight channel="DeformAxisLeft">1</weight>
        <weight channel="DeformAxisForward">1</weight>
        <weight channel="DeformAxisRight">0</weight>
        <weight channel="DeformAxisUp">0.220435</weight>
      </handles>
    </blockref>
    <blockref>
      <blockid>flora_parts~, FE_leaf_22</blockid>
      <transform>
        <scale>0,687288</scale>
        <position>-0.482802,-0.902682,4.992779</position>
        <triangledirection>0.535547,-0.842560,-0.0572809</triangledirection>
        <trianglepickorigin>0,0,0</trianglepickorigin>
        <orientation>
          <row0>-0.843946,-0.536427,6.70552e-8</row0>
          <row1>0.535547,-0.842560,-0.0572809</row1>
          <row2>0.0307271,-0.0483419,0.998358</row2>
        </orientation>
      </transform>
      <snapped>false</snapped>
      <handles count="4">
        <weight channel="DeformAxisLeft">1</weight>
        <weight channel="DeformAxisForward">1</weight>
        <weight channel="DeformAxisRight">0</weight>
        <weight channel="DeformAxisUp">0.220435</weight>
      </handles>
    </blockref>
    <blockref>
      <blockid>flora_parts~, FE_leaf_22</blockid>
      <transform>
        <scale>0,687288</scale>
        <position>-0.192893,-0.866756,4.951078</position>
        <triangledirection>-0.818494,-0.453012,-0.353336</triangledirection>
        <trianglepickorigin>0,0,0</trianglepickorigin>
        <orientation>
          <row0>-0.484247,0.874930,-4.17232e-7</row0>
          <row1>-0.818494,-0.453012,-0.353336</row1>
          <row2>-0.309144,-0.171101,0.935496</row2>
        </orientation>
      </transform>
      <snapped>false</snapped>
      <handles count="4">
        <weight channel="DeformAxisLeft">1</weight>
        <weight channel="DeformAxisForward">1</weight>
        <weight channel="DeformAxisRight">0</weight>
        <weight channel="DeformAxisUp">0.220435</weight>
      </handles>
    </blockref>
    <blockref>
      <blockid>flora_parts~, FE_leaf_22</blockid>
      <transform>
        <scale>0,687288</scale>
        <position>1.506970,1.279987,3.454615</position>
        <triangledirection>-0.860714,0.415300,-0.294441</triangledirection>
        <trianglepickorigin>0,0,0</trianglepickorigin>
        <orientation>
          <row0>0.434564,0.900640,3.72529e-7</row0>
          <row1>-0.860714,0.415300,-0.294441</row1>
          <row2>-0.265185,0.127953,0.955669</row2>
        </orientation>
      </transform>
      <snapped>false</snapped>
      <handles count="4">
        <weight channel="DeformAxisLeft">1</weight>
        <weight channel="DeformAxisForward">1</weight>
        <weight channel="DeformAxisRight">0</weight>
        <weight channel="DeformAxisUp">0.220435</weight>
      </handles>
    </blockref>
    <blockref>
      <blockid>flora_parts~, FE_leaf_22</blockid>
      <transform>
        <scale>0,687288</scale>
        <position>1.240234,1.360582,3.366891</position>
        <triangledirection>0.876654,-0.480201,0.0297193</triangledirection>
        <trianglepickorigin>0,0,0</trianglepickorigin>
        <orientation>
          <row0>-0.480413,-0.877042,-6.14672e-8</row0>
          <row1>0.876654,-0.480201,0.0297193</row1>
          <row2>-0.0260651,0.0142775,0.999558</row2>
        </orientation>
      </transform>
      <snapped>false</snapped>
      <handles count="4">
        <weight channel="DeformAxisLeft">1</weight>
        <weight channel="DeformAxisForward">1</weight>
        <weight channel="DeformAxisRight">0</weight>
        <weight channel="DeformAxisUp">0.220435</weight>
      </handles>
    </blockref>
    <blockref>
      <blockid>flora_parts~, FE_leaf_22</blockid>
      <transform>
        <scale>0,687288</scale>
        <position>1.416792,1.461484,3.462125</position>
        <triangledirection>-0.123587,-0.941118,-0.314678</triangledirection>
        <trianglepickorigin>0,0,0</trianglepickorigin>
        <orientation>
          <row0>-0.991487,0.130201,3.35276e-8</row0>
          <row1>-0.123587,-0.941118,-0.314678</row1>
          <row2>-0.0409715,-0.311999,0.949198</row2>
        </orientation>
      </transform>
      <snapped>false</snapped>
      <handles count="4">
        <weight channel="DeformAxisLeft">1</weight>
        <weight channel="DeformAxisForward">1</weight>
        <weight channel="DeformAxisRight">0</weight>
        <weight channel="DeformAxisUp">0.220435</weight>
      </handles>
    </blockref>
    <blockref>
      <blockid>flora_parts~, FE_leaf_22</blockid>
      <transform>
        <scale>0,687288</scale>
        <position>1.429862,1.067641,3.309849</position>
        <triangledirection>-0.237560,0.911596,-0.335495</triangledirection>
        <trianglepickorigin>0,0,0</trianglepickorigin>
        <orientation>
          <row0>0.869269,0.494337,1.49011e-8</row0>
          <row1>-0.356677,0.627200,-0.692387</row1>
          <row2>-0.342273,0.601871,0.721525</row2>
        </orientation>
        <userorientation>
          <userorientation_row0>0.964282,-0.264871,0</userorientation_row0>
          <userorientation_row1>0.244131,0.888778,0.387905</userorientation_row1>
          <userorientation_row2>-0.102744,-0.374051,0.921697</userorientation_row2>
        </userorientation>
      </transform>
      <snapped>false</snapped>
      <handles count="4">
        <weight channel="DeformAxisLeft">1</weight>
        <weight channel="DeformAxisForward">1</weight>
        <weight channel="DeformAxisRight">0</weight>
        <weight channel="DeformAxisUp">0.220435</weight>
      </handles>
    </blockref>
    <blockref>
      <blockid>flora_parts~, fe_canopy_11</blockid>
      <transform>
        <scale>1</scale>
        <position>-0.259582,-0.933385,4.505484</position>
        <triangledirection>-0.422892,0.728011,0.539590</triangledirection>
        <trianglepickorigin>0,0,0</trianglepickorigin>
        <orientation>
          <row0>0.778907,0.627138,1.49011e-8</row0>
          <row1>-0.216684,0.269122,-0.938414</row1>
          <row2>-0.588515,0.730937,0.345512</row2>
        </orientation>
        <userorientation>
          <userorientation_row0>0.904269,-0.375221,-0.203727</userorientation_row0>
          <userorientation_row1>0.127170,-0.218801,0.967446</userorientation_row1>
          <userorientation_row2>-0.407582,-0.900740,-0.150138</userorientation_row2>
        </userorientation>
      </transform>
      <snapped>false</snapped>
      <childlist count="1">
        <childid>37</childid>
      </childlist>
      <handles count="3">
        <weight channel="DeformAxisForward">0.497305</weight>
        <weight channel="DeformAxisLeft">0.499907</weight>
        <weight channel="DeformAxisUp">0.497566</weight>
      </handles>
    </blockref>
    <blockref>
      <blockid>flora_parts~, fe_canopy_11</blockid>
      <transform>
        <scale>0,798516</scale>
        <position>1.490779,1.418182,3.355191</position>
        <triangledirection>-0.540305,-0.272987,0.795956</triangledirection>
        <trianglepickorigin>0,0,0</trianglepickorigin>
        <orientation>
          <row0>-0.712399,0.701774,0</row0>
          <row1>-0.618908,-0.628279,0.471398</row1>
          <row2>0.330815,0.335824,0.881920</row2>
        </orientation>
        <userorientation>
          <userorientation_row0>0.937786,-0.295253,0.182701</userorientation_row0>
          <userorientation_row1>0.193338,0.881125,0.431553</userorientation_row1>
          <userorientation_row2>-0.288399,-0.369381,0.883392</userorientation_row2>
        </userorientation>
      </transform>
      <snapped>false</snapped>
      <handles count="3">
        <weight channel="DeformAxisForward">0.497305</weight>
        <weight channel="DeformAxisLeft">0.499907</weight>
        <weight channel="DeformAxisUp">0.497566</weight>
      </handles>
    </blockref>
    <blockref>
      <blockid>flora_parts~, fe_cap_01a</blockid>
      <transform>
        <scale>0,798516</scale>
        <position>-0.310171,0.0771430,3.762584</position>
        <triangledirection>0.521430,-0.759977,-0.387999</triangledirection>
        <trianglepickorigin>0,0,0</trianglepickorigin>
        <orientation>
          <row0>-0.824575,-0.565752,1.34110e-7</row0>
          <row1>0.521430,-0.759977,-0.387999</row1>
          <row2>0.219511,-0.319934,0.921659</row2>
        </orientation>
      </transform>
      <snapped>false</snapped>
    </blockref>
    <blockref>
      <blockid>flora_parts~, fe_cap_01a</blockid>
      <transform>
        <scale>0,798516</scale>
        <position>-0.413288,0.00953582,4.213169</position>
        <triangledirection>0.212121,-0.847329,-0.486865</triangledirection>
        <trianglepickorigin>0,0,0</trianglepickorigin>
        <orientation>
          <row0>-0.970064,-0.242846,-3.72529e-7</row0>
          <row1>0.212121,-0.847329,-0.486865</row1>
          <row2>0.118233,-0.472290,0.873477</row2>
        </orientation>
      </transform>
      <snapped>false</snapped>
    </blockref>
    <blockref>
      <blockid>flora_parts~, fe_cap_01a</blockid>
      <transform>
        <scale>0,798516</scale>
        <position>-0.0413799,-0.0419412,4.109533</position>
        <triangledirection>-0.388812,-0.672815,-0.629399</triangledirection>
        <trianglepickorigin>0,0,0</trianglepickorigin>
        <orientation>
          <row0>-0.865823,0.500349,5.96046e-8</row0>
          <row1>-0.388812,-0.672815,-0.629399</row1>
          <row2>-0.314919,-0.544949,0.777081</row2>
        </orientation>
      </transform>
      <snapped>false</snapped>
    </blockref>
    <blockref>
      <blockid>flora_parts~, fe_cap_01a</blockid>
      <transform>
        <scale>0,798516</scale>
        <position>-0.465241,-0.380147,4.473662</position>
        <triangledirection>0.528064,-0.668715,-0.523419</triangledirection>
        <trianglepickorigin>0,0,0</trianglepickorigin>
        <orientation>
          <row0>-0.784807,-0.619739,1.04308e-7</row0>
          <row1>0.528064,-0.668715,-0.523419</row1>
          <row2>0.324383,-0.410783,0.852075</row2>
        </orientation>
      </transform>
      <snapped>false</snapped>
    </blockref>
    <blockref>
      <blockid>flora_parts~, fe_cap_01a</blockid>
      <transform>
        <scale>0,798516</scale>
        <position>0.590820,-1.363839,4.161244</position>
        <triangledirection>0.247407,-0.968907,-0.00283101</triangledirection>
        <trianglepickorigin>0,0,0</trianglepickorigin>
        <orientation>
          <row0>-0.968911,-0.247408,3.95812e-9</row0>
          <row1>0.247407,-0.968907,-0.00283101</row1>
          <row2>0.000700418,-0.00274299,0.999996</row2>
        </orientation>
      </transform>
      <snapped>false</snapped>
    </blockref>
    <blockref>
      <blockid>flora_parts~, fe_cap_01a</blockid>
      <transform>
        <scale>0,798516</scale>
        <position>-0.443227,0.0109869,4.088348</position>
        <triangledirection>0.365738,-0.929591,0.0457826</triangledirection>
        <trianglepickorigin>0,0,0</trianglepickorigin>
        <orientation>
          <row0>-0.930566,-0.366122,4.65661e-9</row0>
          <row1>0.365738,-0.929591,0.0457826</row1>
          <row2>-0.0167620,0.0426038,0.998951</row2>
        </orientation>
      </transform>
      <snapped>false</snapped>
    </blockref>
    <blockref>
      <blockid>flora_parts~, fe_cap_01a</blockid>
      <transform>
        <scale>0,798516</scale>
        <position>-0.477339,-0.292471,4.359108</position>
        <triangledirection>0.804655,-0.168405,-0.569358</triangledirection>
        <trianglepickorigin>0,0,0</trianglepickorigin>
        <orientation>
          <row0>-0.204850,-0.978793,1.19209e-7</row0>
          <row1>0.804655,-0.168405,-0.569358</row1>
          <row2>0.557284,-0.116633,0.822089</row2>
        </orientation>
      </transform>
      <snapped>false</snapped>
    </blockref>
    <blockref>
      <blockid>flora_parts~, fe_cap_01a</blockid>
      <transform>
        <scale>0,798516</scale>
        <position>-0.527813,-0.568107,4.613122</position>
        <triangledirection>0.661408,-0.627108,-0.411428</triangledirection>
        <trianglepickorigin>0,0,0</trianglepickorigin>
        <orientation>
          <row0>-0.688040,-0.725672,-1.19209e-7</row0>
          <row1>0.661408,-0.627108,-0.411428</row1>
          <row2>0.298562,-0.283079,0.911442</row2>
        </orientation>
      </transform>
      <snapped>false</snapped>
    </blockref>
    <blockref>
      <blockid>flora_parts~, fe_cap_01a</blockid>
      <transform>
        <scale>0,798516</scale>
        <position>-0.261084,-0.316573,4.476545</position>
        <triangledirection>-0.434838,-0.642623,-0.630833</triangledirection>
        <trianglepickorigin>0,0,0</trianglepickorigin>
        <orientation>
          <row0>-0.828210,0.560417,-1.63912e-7</row0>
          <row1>-0.434838,-0.642623,-0.630833</row1>
          <row2>-0.353530,-0.522462,0.775918</row2>
        </orientation>
      </transform>
      <snapped>false</snapped>
    </blockref>
  </blocks></sporemodel>