spore0006438f63474066620007762d1eb9fea735ffffffffffffffffffffffffffffffff0000000ec178f8910dsporeautotestfffffffffffffffe08Rodingia00006gaprop00<?xml version="1.0" encoding="UTF-8"?><sporemodel>
  <properties>
    <modeltype>PlantLarge</modeltype>
    <skineffectseed1>1234</skineffectseed1>
    <skineffectseed2>1234</skineffectseed2>
    <skineffectseed3>1234</skineffectseed3>
    <skincolor1>0.905882,0.458822,0.290195</skincolor1>
    <skincolor2>0.803921,0.396078,0.368627</skincolor2>
    <skincolor3>0.803921,0.772548,0.368627</skincolor3>
    <zcorpscore>7</zcorpscore>
  </properties>
  <blocks count="55">
    <blockref>
      <blockid>flora_parts~, fe_root_dummy</blockid>
      <transform>
        <scale>0,927743</scale>
        <position>0,0,0.349999</position>
        <triangledirection>0,1,0</triangledirection>
        <trianglepickorigin>0,0,0</trianglepickorigin>
        <orientation>
          <row0>1,0,0</row0>
          <row1>0,1,0</row1>
          <row2>0,0,1</row2>
        </orientation>
      </transform>
      <snapped>false</snapped>
      <childlist count="6">
        <childid>11</childid>
        <childid>10</childid>
        <childid>7</childid>
        <childid>6</childid>
        <childid>3</childid>
        <childid>1</childid>
      </childlist>
    </blockref>
    <blockref>
      <blockid>flora_parts~, FE_muscle_branch_04</blockid>
      <transform>
        <limbtype>0</limbtype>
        <musclescale>0.425000</musclescale>
        <basemusclescale>3</basemusclescale>
        <scale>1</scale>
        <position>0,0,0.349999</position>
        <triangledirection>-0.00436395,0.0160355,0.999861</triangledirection>
        <trianglepickorigin>0,0,0</trianglepickorigin>
        <orientation>
          <row0>-0.0934407,-0.995503,0.0155577</row0>
          <row1>-0.00436395,0.0160355,0.999861</row1>
          <row2>-0.995615,0.0933599,-0.00584269</row2>
        </orientation>
      </transform>
      <snapped>true</snapped>
      <childlist count="1">
        <childid>2</childid>
      </childlist>
      <handles count="1">
        <weight channel="longer">0.317331</weight>
      </handles>
    </blockref>
    <blockref>
      <blockid>Creature_parts~, ce_grasper_null</blockid>
      <transform>
        <basemusclescale>0.5</basemusclescale>
        <scale>1</scale>
        <position>0.00971188,-0.0356891,-1.875264</position>
        <triangledirection>-3.77184e-8,4.03553e-7,-1</triangledirection>
        <trianglepickorigin>0,0,0</trianglepickorigin>
        <orientation>
          <row0>1,-2.08615e-7,-3.77185e-8</row0>
          <row1>-3.77184e-8,4.03553e-7,-1</row1>
          <row2>2.08615e-7,1,4.03553e-7</row2>
        </orientation>
      </transform>
      <snapped>true</snapped>
    </blockref>
    <blockref>
      <blockid>flora_parts~, fe_muscle_branch_06</blockid>
      <transform>
        <limbtype>0</limbtype>
        <musclescale>0.5</musclescale>
        <basemusclescale>3</basemusclescale>
        <scale>1</scale>
        <position>0,0,0.349999</position>
        <triangledirection>0.0710960,-0.658406,-0.749297</triangledirection>
        <trianglepickorigin>0,0,0</trianglepickorigin>
        <orientation>
          <row0>0.720722,0.553225,-0.417733</row0>
          <row1>0.0710960,-0.658406,-0.749297</row1>
          <row2>-0.689568,0.510336,-0.513860</row2>
        </orientation>
      </transform>
      <snapped>true</snapped>
      <childlist count="3">
        <childid>52</childid>
        <childid>5</childid>
        <childid>4</childid>
      </childlist>
      <handles count="1">
        <weight channel="longer">0.162245</weight>
      </handles>
    </blockref>
    <blockref>
      <blockid>flora_parts~, fe_muscle_branch_06</blockid>
      <transform>
        <limbtype>0</limbtype>
        <musclescale>0.5</musclescale>
        <basemusclescale>2.799998</basemusclescale>
        <scale>1</scale>
        <position>-0.0890300,0.824488,1.288307</position>
        <triangledirection>0.213860,-0.261557,-0.941196</triangledirection>
        <trianglepickorigin>0,0,0</trianglepickorigin>
        <orientation>
          <row0>0.962346,0.221901,0.156999</row0>
          <row1>0.213860,-0.261557,-0.941196</row1>
          <row2>-0.167789,0.939333,-0.299164</row2>
        </orientation>
      </transform>
      <snapped>true</snapped>
      <childlist count="2">
        <childid>20</childid>
        <childid>16</childid>
      </childlist>
      <handles count="1">
        <weight channel="longer">0.162245</weight>
      </handles>
    </blockref>
    <blockref>
      <blockid>flora_parts~, fe_muscle_branch_06</blockid>
      <transform>
        <limbtype>0</limbtype>
        <musclescale>0.5</musclescale>
        <basemusclescale>2.799998</basemusclescale>
        <scale>1</scale>
        <position>-0.0890300,0.824488,1.288307</position>
        <triangledirection>0.267392,-0.286680,-0.919954</triangledirection>
        <trianglepickorigin>0,0,0</trianglepickorigin>
        <orientation>
          <row0>0.949232,0.242549,0.200317</row0>
          <row1>0.267392,-0.286680,-0.919954</row1>
          <row2>-0.165707,0.926814,-0.336981</row2>
        </orientation>
      </transform>
      <snapped>true</snapped>
      <childlist count="1">
        <childid>9</childid>
      </childlist>
      <handles count="1">
        <weight channel="longer">0.162245</weight>
      </handles>
    </blockref>
    <blockref>
      <blockid>flora_parts~, fe_muscle_branch_02</blockid>
      <transform>
        <limbtype>0</limbtype>
        <musclescale>0.524998</musclescale>
        <basemusclescale>3</basemusclescale>
        <scale>1</scale>
        <position>0,0,0.349999</position>
        <triangledirection>-0.765465,-0.614323,0.191492</triangledirection>
        <trianglepickorigin>0,0,0</trianglepickorigin>
        <orientation>
          <row0>-0.562342,0.783295,0.264988</row0>
          <row1>-0.765465,-0.614323,0.191492</row1>
          <row2>0.312783,-0.0951551,0.945046</row2>
        </orientation>
      </transform>
      <snapped>true</snapped>
      <childlist count="1">
        <childid>48</childid>
      </childlist>
      <handles count="1">
        <weight channel="longer">0.162245</weight>
      </handles>
    </blockref>
    <blockref>
      <blockid>flora_parts~, fe_muscle_branch_02</blockid>
      <transform>
        <limbtype>0</limbtype>
        <musclescale>0.524998</musclescale>
        <basemusclescale>3</basemusclescale>
        <scale>1</scale>
        <position>0,0,0.349999</position>
        <triangledirection>0,-1.19209e-7,-1</triangledirection>
        <trianglepickorigin>0,0,0</trianglepickorigin>
        <orientation>
          <row0>1,0,0</row0>
          <row1>0,-1.19209e-7,-1</row1>
          <row2>0,1,-1.19209e-7</row2>
        </orientation>
      </transform>
      <snapped>true</snapped>
      <childlist count="1">
        <childid>8</childid>
      </childlist>
      <handles count="1">
        <weight channel="longer">0.162245</weight>
      </handles>
    </blockref>
    <blockref>
      <blockid>Creature_parts~, ce_grasper_null</blockid>
      <transform>
        <basemusclescale>1.449998</basemusclescale>
        <scale>1</scale>
        <position>1.63912e-7,-1.78813e-7,1.602252</position>
        <triangledirection>-0.498783,-0.207360,-0.841556</triangledirection>
        <trianglepickorigin>0,0,0</trianglepickorigin>
        <orientation>
          <row0>0.865279,-0.175207,-0.469673</row0>
          <row1>-0.498783,-0.207360,-0.841556</row1>
          <row2>0.0500557,0.962446,-0.266815</row2>
        </orientation>
      </transform>
      <snapped>true</snapped>
    </blockref>
    <blockref>
      <blockid>Creature_parts~, ce_grasper_null</blockid>
      <transform>
        <basemusclescale>2.799998</basemusclescale>
        <scale>1</scale>
        <position>-0.423872,1.183485,2.440320</position>
        <triangledirection>0.469673,0.266815,-0.841555</triangledirection>
        <trianglepickorigin>0,0,0</trianglepickorigin>
        <orientation>
          <row0>0.865279,0.0500550,0.498783</row0>
          <row1>0.469673,0.266815,-0.841555</row1>
          <row2>-0.175207,0.962446,0.207360</row2>
        </orientation>
      </transform>
      <snapped>true</snapped>
    </blockref>
    <blockref>
      <blockid>flora_parts~, fe_muscle_branch_02</blockid>
      <transform>
        <limbtype>0</limbtype>
        <musclescale>0.524998</musclescale>
        <basemusclescale>3</basemusclescale>
        <scale>1</scale>
        <position>0,0,0.349999</position>
        <triangledirection>-0.129902,0.975546,0.177298</triangledirection>
        <trianglepickorigin>0,0,0</trianglepickorigin>
        <orientation>
          <row0>0.983942,0.104756,0.144511</row0>
          <row1>-0.129902,0.975546,0.177298</row1>
          <row2>-0.122405,-0.193223,0.973489</row2>
        </orientation>
      </transform>
      <snapped>true</snapped>
      <childlist count="3">
        <childid>51</childid>
        <childid>38</childid>
        <childid>26</childid>
      </childlist>
      <handles count="1">
        <weight channel="longer">0.162245</weight>
      </handles>
    </blockref>
    <blockref>
      <blockid>flora_parts~, fe_muscle_branch_02</blockid>
      <transform>
        <limbtype>0</limbtype>
        <musclescale>0.524998</musclescale>
        <basemusclescale>3</basemusclescale>
        <scale>1</scale>
        <position>0,0,0.349999</position>
        <triangledirection>0.837235,-0.419883,0.350334</triangledirection>
        <trianglepickorigin>0,0,0</trianglepickorigin>
        <orientation>
          <row0>-0.546459,-0.666376,0.507271</row0>
          <row1>0.837235,-0.419883,0.350334</row1>
          <row2>-0.0204598,0.616149,0.787363</row2>
        </orientation>
      </transform>
      <snapped>true</snapped>
      <childlist count="1">
        <childid>12</childid>
      </childlist>
      <handles count="1">
        <weight channel="longer">0.162245</weight>
      </handles>
    </blockref>
    <blockref>
      <blockid>flora_parts~, fe_muscle_branch_06</blockid>
      <transform>
        <limbtype>0</limbtype>
        <musclescale>0.5</musclescale>
        <basemusclescale>1.449998</basemusclescale>
        <scale>1</scale>
        <position>-1.048427,0.525797,-0.0887067</position>
        <triangledirection>6.09084e-7,-5.36441e-7,-1</triangledirection>
        <trianglepickorigin>0,0,0</trianglepickorigin>
        <orientation>
          <row0>0.713359,0.700798,5.85587e-8</row0>
          <row1>6.09084e-7,-5.36441e-7,-1</row1>
          <row2>-0.700798,0.713359,-8.09520e-7</row2>
        </orientation>
      </transform>
      <snapped>true</snapped>
      <childlist count="4">
        <childid>50</childid>
        <childid>46</childid>
        <childid>14</childid>
        <childid>13</childid>
      </childlist>
      <handles count="1">
        <weight channel="longer">0.162245</weight>
      </handles>
    </blockref>
    <blockref>
      <blockid>flora_parts~, fe_muscle_branch_06</blockid>
      <transform>
        <limbtype>0</limbtype>
        <musclescale>0.5</musclescale>
        <basemusclescale>2.799998</basemusclescale>
        <scale>1</scale>
        <position>-1.048428,0.525798,1.163542</position>
        <triangledirection>6.09084e-7,-5.36441e-7,-1</triangledirection>
        <trianglepickorigin>0,0,0</trianglepickorigin>
        <orientation>
          <row0>0.972766,0.231785,4.68157e-7</row0>
          <row1>6.09084e-7,-5.36441e-7,-1</row1>
          <row2>-0.231785,0.972766,-6.63008e-7</row2>
        </orientation>
      </transform>
      <snapped>true</snapped>
      <childlist count="1">
        <childid>49</childid>
      </childlist>
      <handles count="1">
        <weight channel="longer">0.162245</weight>
      </handles>
    </blockref>
    <blockref>
      <blockid>flora_parts~, fe_muscle_branch_06</blockid>
      <transform>
        <limbtype>0</limbtype>
        <musclescale>0.5</musclescale>
        <basemusclescale>2.799998</basemusclescale>
        <scale>1</scale>
        <position>-1.048428,0.525798,1.163542</position>
        <triangledirection>6.09084e-7,-5.36441e-7,-1</triangledirection>
        <trianglepickorigin>0,0,0</trianglepickorigin>
        <orientation>
          <row0>0.999854,0.0170861,5.99829e-7</row0>
          <row1>6.09084e-7,-5.36441e-7,-1</row1>
          <row2>-0.0170861,0.999854,-5.46769e-7</row2>
        </orientation>
      </transform>
      <snapped>true</snapped>
      <childlist count="1">
        <childid>15</childid>
      </childlist>
      <handles count="1">
        <weight channel="longer">0.162245</weight>
      </handles>
    </blockref>
    <blockref>
      <blockid>Creature_parts~, ce_grasper_null</blockid>
      <transform>
        <basemusclescale>2.799998</basemusclescale>
        <scale>1</scale>
        <position>-1.048429,0.525798,2.415793</position>
        <triangledirection>0.469674,0.266815,-0.841555</triangledirection>
        <trianglepickorigin>0,0,0</trianglepickorigin>
        <orientation>
          <row0>0.865279,0.0500569,0.498785</row0>
          <row1>0.469674,0.266815,-0.841555</row1>
          <row2>-0.175209,0.962446,0.207359</row2>
        </orientation>
      </transform>
      <snapped>true</snapped>
    </blockref>
    <blockref>
      <blockid>flora_parts~, fe_muscle_branch_06</blockid>
      <transform>
        <limbtype>0</limbtype>
        <musclescale>0.5</musclescale>
        <basemusclescale>2.799998</basemusclescale>
        <scale>1</scale>
        <position>-0.356837,1.152024,2.466921</position>
        <triangledirection>0.284508,-0.485943,-0.826386</triangledirection>
        <trianglepickorigin>0,0,0</trianglepickorigin>
        <orientation>
          <row0>0.721418,0.676219,-0.149270</row0>
          <row1>0.284508,-0.485943,-0.826386</row1>
          <row2>-0.631355,0.553701,-0.542958</row2>
        </orientation>
      </transform>
      <snapped>true</snapped>
      <childlist count="2">
        <childid>18</childid>
        <childid>17</childid>
      </childlist>
      <handles count="1">
        <weight channel="longer">0.162245</weight>
      </handles>
    </blockref>
    <blockref>
      <blockid>flora_parts~, fe_muscle_branch_06</blockid>
      <transform>
        <limbtype>0</limbtype>
        <musclescale>0.5</musclescale>
        <basemusclescale>2.799998</basemusclescale>
        <scale>1</scale>
        <position>-0.713112,1.760547,3.501763</position>
        <triangledirection>5.36440e-7,-7.15255e-7,-1</triangledirection>
        <trianglepickorigin>0,0,0</trianglepickorigin>
        <orientation>
          <row0>0.972766,0.231785,3.56045e-7</row0>
          <row1>5.36440e-7,-7.15255e-7,-1</row1>
          <row2>-0.231785,0.972766,-8.20115e-7</row2>
        </orientation>
      </transform>
      <snapped>true</snapped>
      <childlist count="1">
        <childid>28</childid>
      </childlist>
      <handles count="1">
        <weight channel="longer">0.162245</weight>
      </handles>
    </blockref>
    <blockref>
      <blockid>flora_parts~, fe_muscle_branch_06</blockid>
      <transform>
        <limbtype>0</limbtype>
        <musclescale>0.5</musclescale>
        <basemusclescale>2.799998</basemusclescale>
        <scale>1</scale>
        <position>-0.713112,1.760547,3.501763</position>
        <triangledirection>5.36440e-7,-7.15255e-7,-1</triangledirection>
        <trianglepickorigin>0,0,0</trianglepickorigin>
        <orientation>
          <row0>0.999854,0.0170871,5.24140e-7</row0>
          <row1>5.36440e-7,-7.15255e-7,-1</row1>
          <row2>-0.0170871,0.999854,-7.24316e-7</row2>
        </orientation>
      </transform>
      <snapped>true</snapped>
      <childlist count="2">
        <childid>25</childid>
        <childid>19</childid>
      </childlist>
      <handles count="1">
        <weight channel="longer">0.162245</weight>
      </handles>
    </blockref>
    <blockref>
      <blockid>Creature_parts~, ce_grasper_null</blockid>
      <transform>
        <basemusclescale>2.799998</basemusclescale>
        <scale>1</scale>
        <position>-0.713113,1.760547,4.754014</position>
        <triangledirection>0.469673,0.266815,-0.841555</triangledirection>
        <trianglepickorigin>0,0,0</trianglepickorigin>
        <orientation>
          <row0>0.865279,0.0500580,0.498784</row0>
          <row1>0.469673,0.266815,-0.841555</row1>
          <row2>-0.175209,0.962446,0.207358</row2>
        </orientation>
      </transform>
      <snapped>true</snapped>
    </blockref>
    <blockref>
      <blockid>flora_parts~, fe_muscle_branch_02</blockid>
      <transform>
        <limbtype>0</limbtype>
        <musclescale>0.524998</musclescale>
        <basemusclescale>2.799998</basemusclescale>
        <scale>1</scale>
        <position>-0.356837,1.152024,2.466921</position>
        <triangledirection>0.768557,-0.624069,0.140915</triangledirection>
        <trianglepickorigin>0,0,0</trianglepickorigin>
        <orientation>
          <row0>-0.604416,-0.636030,0.479734</row0>
          <row1>0.768557,-0.624069,0.140915</row1>
          <row2>0.209761,0.453875,0.866024</row2>
        </orientation>
      </transform>
      <snapped>true</snapped>
      <childlist count="1">
        <childid>21</childid>
      </childlist>
      <handles count="1">
        <weight channel="longer">0.162245</weight>
      </handles>
    </blockref>
    <blockref>
      <blockid>flora_parts~, fe_muscle_branch_06</blockid>
      <transform>
        <limbtype>0</limbtype>
        <musclescale>0.5</musclescale>
        <basemusclescale>1.449998</basemusclescale>
        <scale>1</scale>
        <position>-1.319262,1.933515,2.290460</position>
        <triangledirection>7.18981e-7,2.68219e-7,-1</triangledirection>
        <trianglepickorigin>0,0,0</trianglepickorigin>
        <orientation>
          <row0>0.713360,0.700797,7.00861e-7</row0>
          <row1>7.18981e-7,2.68219e-7,-1</row1>
          <row2>-0.700797,0.713360,-3.12523e-7</row2>
        </orientation>
      </transform>
      <snapped>true</snapped>
      <childlist count="2">
        <childid>23</childid>
        <childid>22</childid>
      </childlist>
      <handles count="1">
        <weight channel="longer">0.162245</weight>
      </handles>
    </blockref>
    <blockref>
      <blockid>flora_parts~, fe_muscle_branch_06</blockid>
      <transform>
        <limbtype>0</limbtype>
        <musclescale>0.5</musclescale>
        <basemusclescale>2.799998</basemusclescale>
        <scale>1</scale>
        <position>-1.319263,1.933515,3.542710</position>
        <triangledirection>7.18981e-7,2.68219e-7,-1</triangledirection>
        <trianglepickorigin>0,0,0</trianglepickorigin>
        <orientation>
          <row0>0.972767,0.231784,7.61571e-7</row0>
          <row1>7.18981e-7,2.68219e-7,-1</row1>
          <row2>-0.231784,0.972767,9.42670e-8</row2>
        </orientation>
      </transform>
      <snapped>true</snapped>
      <childlist count="1">
        <childid>33</childid>
      </childlist>
      <handles count="1">
        <weight channel="longer">0.162245</weight>
      </handles>
    </blockref>
    <blockref>
      <blockid>flora_parts~, fe_muscle_branch_06</blockid>
      <transform>
        <limbtype>0</limbtype>
        <musclescale>0.5</musclescale>
        <basemusclescale>2.799998</basemusclescale>
        <scale>1</scale>
        <position>-1.319263,1.933515,3.542710</position>
        <triangledirection>7.18981e-7,2.68219e-7,-1</triangledirection>
        <trianglepickorigin>0,0,0</trianglepickorigin>
        <orientation>
          <row0>0.999854,0.0170855,7.23459e-7</row0>
          <row1>7.18981e-7,2.68219e-7,-1</row1>
          <row2>-0.0170855,0.999854,2.55896e-7</row2>
        </orientation>
      </transform>
      <snapped>true</snapped>
      <childlist count="2">
        <childid>53</childid>
        <childid>24</childid>
      </childlist>
      <handles count="1">
        <weight channel="longer">0.162245</weight>
      </handles>
    </blockref>
    <blockref>
      <blockid>Creature_parts~, ce_grasper_null</blockid>
      <transform>
        <basemusclescale>2.799998</basemusclescale>
        <scale>1</scale>
        <position>-1.319264,1.933514,4.794960</position>
        <triangledirection>0.469675,0.266817,-0.841554</triangledirection>
        <trianglepickorigin>0,0,0</trianglepickorigin>
        <orientation>
          <row0>0.865278,0.0500569,0.498786</row0>
          <row1>0.469675,0.266817,-0.841554</row1>
          <row2>-0.175210,0.962446,0.207360</row2>
        </orientation>
      </transform>
      <snapped>true</snapped>
    </blockref>
    <blockref>
      <blockid>flora_parts~, FE_leaf_15</blockid>
      <transform>
        <scale>6,049649</scale>
        <position>-1.336217,2.413531,5.024342</position>
        <triangledirection>0.109299,0.0186944,-0.993832</triangledirection>
        <trianglepickorigin>0,0,0</trianglepickorigin>
        <orientation>
          <row0>-0.787550,-0.616250,-7.45058e-8</row0>
          <row1>0.443749,-0.567099,-0.693891</row1>
          <row2>0.427610,-0.546474,0.720079</row2>
        </orientation>
        <userorientation>
          <userorientation_row0>0.991120,0.132964,2.98023e-8</userorientation_row0>
          <userorientation_row1>-0.0975996,0.727512,-0.679117</userorientation_row1>
          <userorientation_row2>-0.0902983,0.673087,0.734028</userorientation_row2>
        </userorientation>
      </transform>
      <snapped>false</snapped>
      <handles count="3">
        <weight channel="DeformAxisForward">0</weight>
        <weight channel="DeformAxisUp">0.566721</weight>
        <weight channel="0x7c184950">0.639189</weight>
      </handles>
    </blockref>
    <blockref>
      <blockid>flora_parts~, fe_muscle_branch_01</blockid>
      <transform>
        <limbtype>0</limbtype>
        <musclescale>0.5</musclescale>
        <basemusclescale>1.449998</basemusclescale>
        <scale>1</scale>
        <position>0.162670,-1.221628,0.127978</position>
        <triangledirection>-0.129902,0.975546,0.177298</triangledirection>
        <trianglepickorigin>0,0,0</trianglepickorigin>
        <orientation>
          <row0>0.983942,0.104756,0.144511</row0>
          <row1>-0.129902,0.975546,0.177298</row1>
          <row2>-0.122405,-0.193223,0.973489</row2>
        </orientation>
      </transform>
      <snapped>true</snapped>
      <childlist count="1">
        <childid>27</childid>
      </childlist>
      <handles count="1">
        <weight channel="longer">0.162245</weight>
      </handles>
    </blockref>
    <blockref>
      <blockid>Creature_parts~, ce_grasper_null</blockid>
      <transform>
        <basemusclescale>1</basemusclescale>
        <scale>1</scale>
        <position>0.325341,-2.443256,-0.0940434</position>
        <triangledirection>-0.129902,0.975546,0.177298</triangledirection>
        <trianglepickorigin>0,0,0</trianglepickorigin>
        <orientation>
          <row0>0.983942,0.104756,0.144511</row0>
          <row1>-0.129902,0.975546,0.177298</row1>
          <row2>-0.122405,-0.193223,0.973489</row2>
        </orientation>
      </transform>
      <snapped>true</snapped>
    </blockref>
    <blockref>
      <blockid>flora_parts~, fe_muscle_branch_06</blockid>
      <transform>
        <limbtype>0</limbtype>
        <musclescale>0.5</musclescale>
        <basemusclescale>2.799998</basemusclescale>
        <scale>1</scale>
        <position>-0.713113,1.760547,4.754014</position>
        <triangledirection>0,0,-1</triangledirection>
        <trianglepickorigin>0,0,0</trianglepickorigin>
        <orientation>
          <row0>0.713359,0.700798,0</row0>
          <row1>0,0,-1</row1>
          <row2>-0.700798,0.713359,0</row2>
        </orientation>
      </transform>
      <snapped>true</snapped>
      <childlist count="2">
        <childid>31</childid>
        <childid>29</childid>
      </childlist>
      <handles count="1">
        <weight channel="longer">0.162245</weight>
      </handles>
    </blockref>
    <blockref>
      <blockid>flora_parts~, fe_muscle_branch_06</blockid>
      <transform>
        <limbtype>0</limbtype>
        <musclescale>0.5</musclescale>
        <basemusclescale>2.799998</basemusclescale>
        <scale>1</scale>
        <position>-0.713113,1.760547,6.006263</position>
        <triangledirection>4.76455e-21,1.77635e-15,-1</triangledirection>
        <trianglepickorigin>0,0,0</trianglepickorigin>
        <orientation>
          <row0>0.972767,0.231783,4.11732e-16</row0>
          <row1>4.76455e-21,1.77635e-15,-1</row1>
          <row2>-0.231783,0.972767,1.72797e-15</row2>
        </orientation>
      </transform>
      <snapped>true</snapped>
      <childlist count="1">
        <childid>30</childid>
      </childlist>
      <handles count="1">
        <weight channel="longer">0.162245</weight>
      </handles>
    </blockref>
    <blockref>
      <blockid>Creature_parts~, ce_grasper_null</blockid>
      <transform>
        <basemusclescale>2.799998</basemusclescale>
        <scale>1</scale>
        <position>-0.713113,1.760547,7.258513</position>
        <triangledirection>0.709295,-0.659839,-0.248015</triangledirection>
        <trianglepickorigin>0,0,0</trianglepickorigin>
        <orientation>
          <row0>0.257717,0.570221,-0.780019</row0>
          <row1>0.709295,-0.659839,-0.248015</row1>
          <row2>-0.656110,-0.489346,-0.574507</row2>
        </orientation>
      </transform>
      <snapped>true</snapped>
    </blockref>
    <blockref>
      <blockid>flora_parts~, fe_muscle_branch_06</blockid>
      <transform>
        <limbtype>0</limbtype>
        <musclescale>0.5</musclescale>
        <basemusclescale>2.799998</basemusclescale>
        <scale>1</scale>
        <position>-0.713113,1.760547,6.006263</position>
        <triangledirection>4.76455e-21,1.77635e-15,-1</triangledirection>
        <trianglepickorigin>0,0,0</trianglepickorigin>
        <orientation>
          <row0>0.999854,0.0170835,3.03510e-17</row0>
          <row1>4.76455e-21,1.77635e-15,-1</row1>
          <row2>-0.0170835,0.999854,1.77609e-15</row2>
        </orientation>
      </transform>
      <snapped>true</snapped>
      <childlist count="1">
        <childid>32</childid>
      </childlist>
      <handles count="1">
        <weight channel="longer">0.162245</weight>
      </handles>
    </blockref>
    <blockref>
      <blockid>Creature_parts~, ce_grasper_null</blockid>
      <transform>
        <basemusclescale>2.799998</basemusclescale>
        <scale>1</scale>
        <position>-0.713113,1.760547,7.258513</position>
        <triangledirection>0.469675,0.266813,-0.841555</triangledirection>
        <trianglepickorigin>0,0,0</trianglepickorigin>
        <orientation>
          <row0>0.865279,0.0500542,0.498785</row0>
          <row1>0.469675,0.266813,-0.841555</row1>
          <row2>-0.175205,0.962447,0.207358</row2>
        </orientation>
      </transform>
      <snapped>true</snapped>
    </blockref>
    <blockref>
      <blockid>flora_parts~, fe_muscle_branch_06</blockid>
      <transform>
        <limbtype>0</limbtype>
        <musclescale>0.5</musclescale>
        <basemusclescale>2.799998</basemusclescale>
        <scale>1</scale>
        <position>-1.319264,1.933514,4.794960</position>
        <triangledirection>0,0,-1</triangledirection>
        <trianglepickorigin>0,0,0</trianglepickorigin>
        <orientation>
          <row0>0.713359,0.700798,0</row0>
          <row1>0,0,-1</row1>
          <row2>-0.700798,0.713359,0</row2>
        </orientation>
      </transform>
      <snapped>true</snapped>
      <childlist count="2">
        <childid>36</childid>
        <childid>34</childid>
      </childlist>
      <handles count="1">
        <weight channel="longer">0.162245</weight>
      </handles>
    </blockref>
    <blockref>
      <blockid>flora_parts~, fe_muscle_branch_06</blockid>
      <transform>
        <limbtype>0</limbtype>
        <musclescale>0.5</musclescale>
        <basemusclescale>2.799998</basemusclescale>
        <scale>1</scale>
        <position>-1.319264,1.933514,6.047209</position>
        <triangledirection>8.57616e-21,1.77634e-15,-1</triangledirection>
        <trianglepickorigin>0,0,0</trianglepickorigin>
        <orientation>
          <row0>0.972767,0.231782,4.11732e-16</row0>
          <row1>8.57616e-21,1.77634e-15,-1</row1>
          <row2>-0.231782,0.972767,1.72796e-15</row2>
        </orientation>
      </transform>
      <snapped>true</snapped>
      <childlist count="1">
        <childid>35</childid>
      </childlist>
      <handles count="1">
        <weight channel="longer">0.162245</weight>
      </handles>
    </blockref>
    <blockref>
      <blockid>Creature_parts~, ce_grasper_null</blockid>
      <transform>
        <basemusclescale>2.799998</basemusclescale>
        <scale>1</scale>
        <position>-1.319264,1.933514,7.299459</position>
        <triangledirection>0.709295,-0.659839,-0.248016</triangledirection>
        <trianglepickorigin>0,0,0</trianglepickorigin>
        <orientation>
          <row0>0.257717,0.570221,-0.780018</row0>
          <row1>0.709295,-0.659839,-0.248016</row1>
          <row2>-0.656111,-0.489345,-0.574507</row2>
        </orientation>
      </transform>
      <snapped>true</snapped>
    </blockref>
    <blockref>
      <blockid>flora_parts~, fe_muscle_branch_06</blockid>
      <transform>
        <limbtype>0</limbtype>
        <musclescale>0.5</musclescale>
        <basemusclescale>2.799998</basemusclescale>
        <scale>1</scale>
        <position>-1.319264,1.933514,6.047209</position>
        <triangledirection>8.57616e-21,1.77634e-15,-1</triangledirection>
        <trianglepickorigin>0,0,0</trianglepickorigin>
        <orientation>
          <row0>0.999854,0.0170814,3.03509e-17</row0>
          <row1>8.57616e-21,1.77634e-15,-1</row1>
          <row2>-0.0170814,0.999854,1.77608e-15</row2>
        </orientation>
      </transform>
      <snapped>true</snapped>
      <childlist count="1">
        <childid>37</childid>
      </childlist>
      <handles count="1">
        <weight channel="longer">0.162245</weight>
      </handles>
    </blockref>
    <blockref>
      <blockid>Creature_parts~, ce_grasper_null</blockid>
      <transform>
        <basemusclescale>2.799998</basemusclescale>
        <scale>1</scale>
        <position>-1.319264,1.933514,7.299459</position>
        <triangledirection>0.469676,0.266812,-0.841555</triangledirection>
        <trianglepickorigin>0,0,0</trianglepickorigin>
        <orientation>
          <row0>0.865278,0.0500526,0.498786</row0>
          <row1>0.469676,0.266812,-0.841555</row1>
          <row2>-0.175204,0.962447,0.207358</row2>
        </orientation>
      </transform>
      <snapped>true</snapped>
    </blockref>
    <blockref>
      <blockid>flora_parts~, fe_muscle_branch_06</blockid>
      <transform>
        <limbtype>0</limbtype>
        <musclescale>0.5</musclescale>
        <basemusclescale>1.449998</basemusclescale>
        <scale>1</scale>
        <position>0.162670,-1.221628,0.127978</position>
        <triangledirection>5.66244e-7,-4.76836e-7,-1</triangledirection>
        <trianglepickorigin>0,0,0</trianglepickorigin>
        <orientation>
          <row0>0.713359,0.700798,6.97689e-8</row0>
          <row1>5.66244e-7,-4.76836e-7,-1</row1>
          <row2>-0.700798,0.713359,-7.36979e-7</row2>
        </orientation>
      </transform>
      <snapped>true</snapped>
      <childlist count="2">
        <childid>40</childid>
        <childid>39</childid>
      </childlist>
      <handles count="1">
        <weight channel="longer">0.162245</weight>
      </handles>
    </blockref>
    <blockref>
      <blockid>flora_parts~, fe_muscle_branch_06</blockid>
      <transform>
        <limbtype>0</limbtype>
        <musclescale>0.5</musclescale>
        <basemusclescale>2.799998</basemusclescale>
        <scale>1</scale>
        <position>0.162670,-1.221627,1.380228</position>
        <triangledirection>5.66244e-7,-4.76837e-7,-1</triangledirection>
        <trianglepickorigin>0,0,0</trianglepickorigin>
        <orientation>
          <row0>0.972766,0.231786,4.40299e-7</row0>
          <row1>5.66244e-7,-4.76837e-7,-1</row1>
          <row2>-0.231786,0.972766,-5.95099e-7</row2>
        </orientation>
      </transform>
      <snapped>true</snapped>
      <childlist count="1">
        <childid>42</childid>
      </childlist>
      <handles count="1">
        <weight channel="longer">0.162245</weight>
      </handles>
    </blockref>
    <blockref>
      <blockid>flora_parts~, fe_muscle_branch_06</blockid>
      <transform>
        <limbtype>0</limbtype>
        <musclescale>0.5</musclescale>
        <basemusclescale>2.799998</basemusclescale>
        <scale>1</scale>
        <position>0.162670,-1.221627,1.380228</position>
        <triangledirection>5.66244e-7,-4.76837e-7,-1</triangledirection>
        <trianglepickorigin>0,0,0</trianglepickorigin>
        <orientation>
          <row0>0.999854,0.0170874,5.58014e-7</row0>
          <row1>5.66244e-7,-4.76837e-7,-1</row1>
          <row2>-0.0170874,0.999854,-4.86444e-7</row2>
        </orientation>
      </transform>
      <snapped>true</snapped>
      <childlist count="2">
        <childid>54</childid>
        <childid>41</childid>
      </childlist>
      <handles count="1">
        <weight channel="longer">0.162245</weight>
      </handles>
    </blockref>
    <blockref>
      <blockid>Creature_parts~, ce_grasper_null</blockid>
      <transform>
        <basemusclescale>2.799998</basemusclescale>
        <scale>1</scale>
        <position>0.162669,-1.221626,2.632478</position>
        <triangledirection>0.469673,0.266816,-0.841555</triangledirection>
        <trianglepickorigin>0,0,0</trianglepickorigin>
        <orientation>
          <row0>0.865279,0.0500580,0.498784</row0>
          <row1>0.469673,0.266816,-0.841555</row1>
          <row2>-0.175210,0.962446,0.207359</row2>
        </orientation>
      </transform>
      <snapped>true</snapped>
    </blockref>
    <blockref>
      <blockid>flora_parts~, FE_muscle_branch_03</blockid>
      <transform>
        <limbtype>0</limbtype>
        <musclescale>0.5</musclescale>
        <basemusclescale>2.799998</basemusclescale>
        <scale>1</scale>
        <position>0.162669,-1.221626,2.632478</position>
        <triangledirection>-0.0427699,-0.976065,0.213229</triangledirection>
        <trianglepickorigin>0,0,0</trianglepickorigin>
        <orientation>
          <row0>-0.930956,-0.0385272,-0.363093</row0>
          <row1>-0.0427699,-0.976065,0.213229</row1>
          <row2>-0.362618,0.214036,0.907026</row2>
        </orientation>
      </transform>
      <snapped>true</snapped>
      <childlist count="1">
        <childid>43</childid>
      </childlist>
      <handles count="1">
        <weight channel="longer">0.162245</weight>
      </handles>
    </blockref>
    <blockref>
      <blockid>flora_parts~, FE_muscle_branch_03</blockid>
      <transform>
        <limbtype>0</limbtype>
        <musclescale>0.5</musclescale>
        <basemusclescale>1</basemusclescale>
        <scale>1</scale>
        <position>0.216228,0.000651716,2.365462</position>
        <triangledirection>0.0718469,0.997196,0.0209134</triangledirection>
        <trianglepickorigin>0,0,0</trianglepickorigin>
        <orientation>
          <row0>0.864057,-0.0727010,0.498115</row0>
          <row1>0.0718469,0.997196,0.0209134</row1>
          <row2>-0.498239,0.0177176,0.866858</row2>
        </orientation>
      </transform>
      <snapped>true</snapped>
      <childlist count="2">
        <childid>45</childid>
        <childid>44</childid>
      </childlist>
      <handles count="1">
        <weight channel="longer">0.162245</weight>
      </handles>
    </blockref>
    <blockref>
      <blockid>Creature_parts~, ce_grasper_null</blockid>
      <transform>
        <basemusclescale>1</basemusclescale>
        <scale>1</scale>
        <position>0.126257,-1.248087,2.339273</position>
        <triangledirection>-0.530309,0.825302,-0.194030</triangledirection>
        <trianglepickorigin>0,0,0</trianglepickorigin>
        <orientation>
          <row0>0.838233,0.476115,-0.265853</row0>
          <row1>-0.530309,0.825302,-0.194030</row1>
          <row2>0.127028,0.303626,0.944285</row2>
        </orientation>
      </transform>
      <snapped>true</snapped>
    </blockref>
    <blockref>
      <blockid>flora_parts~, FE_leaf_15</blockid>
      <transform>
        <scale>4,481691</scale>
        <position>0.266476,-1.104452,2.519733</position>
        <triangledirection>-0.248245,0.410011,-0.877646</triangledirection>
        <trianglepickorigin>0,0,0</trianglepickorigin>
        <orientation>
          <row0>0.215722,0.877467,0.428386</row0>
          <row1>-0.158106,0.464315,-0.871443</row1>
          <row2>-0.963569,0.120259,0.238896</row2>
        </orientation>
        <userorientation>
          <userorientation_row0>0.995900,0.0648567,0.0630408</userorientation_row0>
          <userorientation_row1>-0.0697525,0.994442,0.0788431</userorientation_row1>
          <userorientation_row2>-0.0575770,-0.0829171,0.994891</userorientation_row2>
        </userorientation>
      </transform>
      <snapped>false</snapped>
      <handles count="3">
        <weight channel="DeformAxisForward">0</weight>
        <weight channel="DeformAxisUp">0.566721</weight>
        <weight channel="0x7c184950">0.556038</weight>
      </handles>
    </blockref>
    <blockref>
      <blockid>flora_parts~, FE_muscle_branch_03</blockid>
      <transform>
        <limbtype>0</limbtype>
        <musclescale>0.5</musclescale>
        <basemusclescale>2.799998</basemusclescale>
        <scale>1</scale>
        <position>-1.048428,0.525798,1.163542</position>
        <triangledirection>5.66244e-7,-4.76836e-7,-1</triangledirection>
        <trianglepickorigin>0,0,0</trianglepickorigin>
        <orientation>
          <row0>0.713359,0.700798,6.97689e-8</row0>
          <row1>5.66244e-7,-4.76836e-7,-1</row1>
          <row2>-0.700798,0.713359,-7.36979e-7</row2>
        </orientation>
      </transform>
      <snapped>true</snapped>
      <childlist count="1">
        <childid>47</childid>
      </childlist>
      <handles count="1">
        <weight channel="longer">0.162245</weight>
      </handles>
    </blockref>
    <blockref>
      <blockid>Creature_parts~, ce_grasper_null</blockid>
      <transform>
        <basemusclescale>1</basemusclescale>
        <scale>1</scale>
        <position>-1.048429,0.525798,2.415793</position>
        <triangledirection>5.66244e-7,-4.76837e-7,-1</triangledirection>
        <trianglepickorigin>0,0,0</trianglepickorigin>
        <orientation>
          <row0>0.713359,0.700798,6.97689e-8</row0>
          <row1>5.66244e-7,-4.76837e-7,-1</row1>
          <row2>-0.700798,0.713359,-7.36980e-7</row2>
        </orientation>
      </transform>
      <snapped>true</snapped>
    </blockref>
    <blockref>
      <blockid>Creature_parts~, ce_grasper_null</blockid>
      <transform>
        <basemusclescale>1.449998</basemusclescale>
        <scale>1</scale>
        <position>0.958554,0.769285,0.110203</position>
        <triangledirection>-0.344947,-0.894755,-0.283591</triangledirection>
        <trianglepickorigin>0,0,0</trianglepickorigin>
        <orientation>
          <row0>-0.166845,0.355774,-0.919558</row0>
          <row1>-0.344947,-0.894755,-0.283591</row1>
          <row2>-0.923674,0.269883,0.272009</row2>
        </orientation>
      </transform>
      <snapped>true</snapped>
    </blockref>
    <blockref>
      <blockid>Creature_parts~, ce_grasper_null</blockid>
      <transform>
        <basemusclescale>2.799998</basemusclescale>
        <scale>1</scale>
        <position>-1.048429,0.525798,2.415793</position>
        <triangledirection>-0.462085,0.239098,-0.853995</triangledirection>
