spore0006438f6347406662000772d729b9fea735ffffffffffffffffffffffffffffffff0000000ec178f7d00dsporeautotestfffffffffffffffe09Lucilasii00006gaprop00<?xml version="1.0" encoding="UTF-8"?><sporemodel>
  <properties>
    <modeltype>PlantMedium</modeltype>
    <skineffectseed1>1234</skineffectseed1>
    <skineffectseed2>1234</skineffectseed2>
    <skineffectseed3>1234</skineffectseed3>
    <skincolor1>0.905882,0.894116,0.780391</skincolor1>
    <skincolor2>0.972549,0.749019,0.262744</skincolor2>
    <skincolor3>0.576469,0.474509,0.262744</skincolor3>
    <zcorpscore>9</zcorpscore>
  </properties>
  <blocks count="30">
    <blockref>
      <blockid>flora_parts~, fe_root_dummy</blockid>
      <transform>
        <scale>1</scale>
        <position>0.0219304,0.00143325,0.600000</position>
        <triangledirection>0,1,0</triangledirection>
        <trianglepickorigin>0,0,0</trianglepickorigin>
        <orientation>
          <row0>1,0,0</row0>
          <row1>0,1,0</row1>
          <row2>0,0,1</row2>
        </orientation>
      </transform>
      <snapped>false</snapped>
      <childlist count="2">
        <childid>10</childid>
        <childid>5</childid>
      </childlist>
    </blockref>
    <blockref>
      <blockid>Creature_parts~, ce_grasper_null</blockid>
      <transform>
        <basemusclescale>1.100000</basemusclescale>
        <scale>1</scale>
        <position>-2.640135,1.650595,3.122989</position>
        <triangledirection>0.240942,-0.239479,-0.940530</triangledirection>
        <trianglepickorigin>0,0,0</trianglepickorigin>
        <orientation>
          <row0>-0.784656,-0.618398,-0.0435534</row0>
          <row1>0.240942,-0.239479,-0.940530</row1>
          <row2>0.571192,-0.748487,0.336906</row2>
        </orientation>
      </transform>
      <snapped>false</snapped>
    </blockref>
    <blockref>
      <blockid>Creature_parts~, ce_grasper_null</blockid>
      <transform>
        <basemusclescale>1</basemusclescale>
        <scale>1</scale>
        <position>-2.281733,-0.156526,2.944823</position>
        <triangledirection>0.240960,-0.239477,-0.940525</triangledirection>
        <trianglepickorigin>0,0,0</trianglepickorigin>
        <orientation>
          <row0>-0.784640,-0.618419,-0.0435605</row0>
          <row1>0.240960,-0.239477,-0.940525</row1>
          <row2>0.571207,-0.748470,0.336917</row2>
        </orientation>
      </transform>
      <snapped>false</snapped>
    </blockref>
    <blockref>
      <blockid>Creature_parts~, ce_grasper_null</blockid>
      <transform>
        <basemusclescale>1</basemusclescale>
        <scale>1</scale>
        <position>0.203314,-1.786732,3.307368</position>
        <triangledirection>0,0,-1</triangledirection>
        <trianglepickorigin>0,0,0</trianglepickorigin>
        <orientation>
          <row0>1,0,0</row0>
          <row1>0,0,-1</row1>
          <row2>0,1,0</row2>
        </orientation>
      </transform>
      <snapped>false</snapped>
    </blockref>
    <blockref>
      <blockid>Creature_parts~, ce_grasper_null</blockid>
      <transform>
        <basemusclescale>1</basemusclescale>
        <scale>1</scale>
        <position>0.0219304,0.00143325,3.150254</position>
        <triangledirection>-0.100535,0.991115,-0.0870820</triangledirection>
        <trianglepickorigin>0,0,0</trianglepickorigin>
        <orientation>
          <row0>0.987913,0.109821,0.109388</row0>
          <row1>-0.100535,0.991115,-0.0870820</row1>
          <row2>-0.117980,0.0750321,0.990177</row2>
        </orientation>
      </transform>
      <snapped>false</snapped>
    </blockref>
    <blockref>
      <blockid>flora_parts~, fe_muscle_branch_01</blockid>
      <transform>
        <limbtype>0</limbtype>
        <musclescale>1</musclescale>
        <basemusclescale>2.200000</basemusclescale>
        <scale>1</scale>
        <position>0.0219304,0.00143325,0.600000</position>
        <triangledirection>-0.438801,-0.143615,0.887033</triangledirection>
        <trianglepickorigin>0,0,0</trianglepickorigin>
        <orientation>
          <row0>-0.429633,-0.833471,-0.347476</row0>
          <row1>-0.438801,-0.143615,0.887033</row1>
          <row2>-0.789220,0.533572,-0.304026</row2>
        </orientation>
      </transform>
      <snapped>true</snapped>
      <childlist count="2">
        <childid>8</childid>
        <childid>6</childid>
      </childlist>
      <handles count="1">
        <weight channel="longer">0.00555498</weight>
      </handles>
    </blockref>
    <blockref>
      <blockid>flora_parts~, fe_muscle_branch_06</blockid>
      <transform>
        <limbtype>0</limbtype>
        <musclescale>0.5</musclescale>
        <basemusclescale>1.25</basemusclescale>
        <scale>1</scale>
        <position>0.139908,0.0400462,0.361508</position>
        <triangledirection>0.0215602,-0.470576,0.882095</triangledirection>
        <trianglepickorigin>0,0,0</trianglepickorigin>
        <orientation>
          <row0>0.343420,-0.825129,-0.448580</row0>
          <row1>0.0215602,-0.470576,0.882095</row1>
          <row2>-0.938934,-0.312600,-0.143815</row2>
        </orientation>
      </transform>
      <snapped>true</snapped>
      <childlist count="1">
        <childid>7</childid>
      </childlist>
      <handles count="1">
        <weight channel="longer">0.162245</weight>
      </handles>
    </blockref>
    <blockref>
      <blockid>Creature_parts~, ce_grasper_null</blockid>
      <transform>
        <basemusclescale>1</basemusclescale>
        <scale>1</scale>
        <position>0.112908,0.629325,-0.743095</position>
        <triangledirection>0,-1.19209e-7,-1</triangledirection>
        <trianglepickorigin>0,0,0</trianglepickorigin>
        <orientation>
          <row0>0.997901,0.0647540,-7.71926e-9</row0>
          <row1>0,-1.19209e-7,-1</row1>
          <row2>-0.0647540,0.997901,-1.18958e-7</row2>
        </orientation>
      </transform>
      <snapped>true</snapped>
    </blockref>
    <blockref>
      <blockid>flora_parts~, fe_muscle_branch_06</blockid>
      <transform>
        <limbtype>0</limbtype>
        <musclescale>0.5</musclescale>
        <basemusclescale>1.25</basemusclescale>
        <scale>1</scale>
        <position>0.139908,0.0400462,0.361508</position>
        <triangledirection>0.240856,0.567962,0.787024</triangledirection>
        <trianglepickorigin>0,0,0</trianglepickorigin>
        <orientation>
          <row0>-0.197630,-0.765206,0.612699</row0>
          <row1>0.240856,0.567962,0.787024</row1>
          <row2>-0.950226,0.303112,0.0720578</row2>
        </orientation>
      </transform>
      <snapped>true</snapped>
      <childlist count="1">
        <childid>9</childid>
      </childlist>
      <handles count="1">
        <weight channel="longer">0.162245</weight>
      </handles>
    </blockref>
    <blockref>
      <blockid>Creature_parts~, ce_grasper_null</blockid>
      <transform>
        <basemusclescale>1</basemusclescale>
        <scale>1</scale>
        <position>-0.161705,-0.671184,-0.624041</position>
        <triangledirection>0.438326,0.172561,0.882095</triangledirection>
        <trianglepickorigin>0,0,0</trianglepickorigin>
        <orientation>
          <row0>0.350645,-0.936465,0.00895631</row0>
          <row1>0.438326,0.172561,0.882095</row1>
          <row2>-0.827597,-0.305377,0.470985</row2>
        </orientation>
      </transform>
      <snapped>true</snapped>
    </blockref>
    <blockref>
      <blockid>flora_parts~, FE_muscle_branch_04</blockid>
      <transform>
        <limbtype>0</limbtype>
        <musclescale>0.5</musclescale>
        <basemusclescale>2.200000</basemusclescale>
        <scale>1</scale>
        <position>0.0219304,0.00143325,0.600000</position>
        <triangledirection>0,0,-1</triangledirection>
        <trianglepickorigin>0,0,0</trianglepickorigin>
        <orientation>
          <row0>0.998491,-0.0549138,0</row0>
          <row1>0,0,-1</row1>
          <row2>0.0549138,0.998491,0</row2>
        </orientation>
      </transform>
      <snapped>true</snapped>
      <childlist count="2">
        <childid>19</childid>
        <childid>11</childid>
      </childlist>
      <handles count="1">
        <weight channel="longer">0.162245</weight>
      </handles>
    </blockref>
    <blockref>
      <blockid>flora_parts~, FE_muscle_branch_04</blockid>
      <transform>
        <limbtype>0</limbtype>
        <musclescale>0.5</musclescale>
        <basemusclescale>1</basemusclescale>
        <scale>1</scale>
        <position>0.0219304,0.00143325,1.852249</position>
        <triangledirection>0,0,-1</triangledirection>
        <trianglepickorigin>0,0,0</trianglepickorigin>
        <orientation>
          <row0>0.981430,-0.191818,0</row0>
          <row1>0,0,-1</row1>
          <row2>0.191818,0.981430,0</row2>
        </orientation>
      </transform>
      <snapped>true</snapped>
      <childlist count="7">
        <childid>26</childid>
        <childid>25</childid>
        <childid>16</childid>
        <childid>15</childid>
        <childid>14</childid>
        <childid>13</childid>
        <childid>12</childid>
      </childlist>
      <handles count="1">
        <weight channel="longer">0.162245</weight>
      </handles>
    </blockref>
    <blockref>
      <blockid>flora_parts~, fe_cap_01a</blockid>
      <transform>
        <scale>0,472365</scale>
        <position>0.0132417,-0.124759,2.827425</position>
        <triangledirection>0.427425,0.857770,0.285547</triangledirection>
        <trianglepickorigin>0,0,0</trianglepickorigin>
        <orientation>
          <row0>0.854438,-0.486483,0.182396</row0>
          <row1>0.427425,0.857770,0.285547</row1>
          <row2>-0.295368,-0.166021,0.940847</row2>
        </orientation>
      </transform>
      <snapped>false</snapped>
    </blockref>
    <blockref>
      <blockid>flora_parts~, fe_cap_01a</blockid>
      <transform>
        <scale>0,472365</scale>
        <position>0.0421376,0.158355,2.746301</position>
        <triangledirection>0.143342,-0.989419,-0.0224279</triangledirection>
        <trianglepickorigin>0,0,0</trianglepickorigin>
        <orientation>
          <row0>-0.989622,-0.143528,0.00693269</row0>
          <row1>0.143342,-0.989419,-0.0224280</row1>
          <row2>0.0100784,-0.0212014,0.999724</row2>
        </orientation>
      </transform>
      <snapped>false</snapped>
    </blockref>
    <blockref>
      <blockid>flora_parts~, fe_cap_01a</blockid>
      <transform>
        <scale>0,472365</scale>
        <position>-0.0790579,0.0603629,2.681976</position>
        <triangledirection>0.832155,-0.180864,-0.524219</triangledirection>
        <trianglepickorigin>0,0,0</trianglepickorigin>
        <orientation>
          <row0>-0.0224444,-0.955528,0.294043</row0>
          <row1>0.832155,-0.180864,-0.524219</row1>
          <row2>0.554088,0.232924,0.799207</row2>
        </orientation>
      </transform>
      <snapped>false</snapped>
    </blockref>
    <blockref>
      <blockid>flora_parts~, fe_cap_01a</blockid>
      <transform>
        <scale>0,472365</scale>
        <position>-0.0728656,0.145588,3.072430</position>
        <triangledirection>0.571363,-0.818137,0.0647749</triangledirection>
        <trianglepickorigin>0,0,0</trianglepickorigin>
        <orientation>
          <row0>-0.816814,-0.559216,0.141745</row0>
          <row1>0.571363,-0.818137,0.0647749</row1>
          <row2>0.0797437,0.133896,0.987781</row2>
        </orientation>
      </transform>
      <snapped>false</snapped>
    </blockref>
    <blockref>
      <blockid>flora_parts~, FE_muscle_branch_04</blockid>
      <transform>
        <limbtype>0</limbtype>
        <musclescale>0.5</musclescale>
        <basemusclescale>1</basemusclescale>
        <scale>1</scale>
        <position>0.0219304,0.00143325,3.104499</position>
        <triangledirection>0,0,-1</triangledirection>
        <trianglepickorigin>0,0,0</trianglepickorigin>
        <orientation>
          <row0>0.987971,-0.154636,0</row0>
          <row1>0,0,-1</row1>
          <row2>0.154636,0.987971,0</row2>
        </orientation>
      </transform>
      <snapped>true</snapped>
      <childlist count="1">
        <childid>17</childid>
      </childlist>
      <handles count="1">
        <weight channel="longer">0.162245</weight>
      </handles>
    </blockref>
    <blockref>
      <blockid>flora_parts~, FE_muscle_branch_04</blockid>
      <transform>
        <limbtype>0</limbtype>
        <musclescale>0.5</musclescale>
        <basemusclescale>1</basemusclescale>
        <scale>1</scale>
        <position>0.0219304,0.00143325,4.356750</position>
        <triangledirection>0,0,-1</triangledirection>
        <trianglepickorigin>0,0,0</trianglepickorigin>
        <orientation>
          <row0>0.993078,0.117457,0</row0>
          <row1>0,0,-1</row1>
          <row2>-0.117457,0.993078,0</row2>
        </orientation>
      </transform>
      <snapped>true</snapped>
      <childlist count="2">
        <childid>23</childid>
        <childid>18</childid>
      </childlist>
      <handles count="1">
        <weight channel="longer">0.162245</weight>
      </handles>
    </blockref>
    <blockref>
      <blockid>Creature_parts~, ce_grasper_null</blockid>
      <transform>
        <basemusclescale>1</basemusclescale>
        <scale>1</scale>
        <position>0.0219304,0.00143325,5.609000</position>
        <triangledirection>-0.282192,0.682052,-0.674663</triangledirection>
        <trianglepickorigin>0,0,0</trianglepickorigin>
        <orientation>
          <row0>0.924998,0.00691691,-0.379907</row0>
          <row1>-0.282192,0.682052,-0.674663</row1>
          <row2>0.254450,0.731270,0.632849</row2>
        </orientation>
      </transform>
      <snapped>true</snapped>
    </blockref>
    <blockref>
      <blockid>flora_parts~, FE_muscle_branch_04</blockid>
      <transform>
        <limbtype>0</limbtype>
        <musclescale>0.5</musclescale>
        <basemusclescale>1</basemusclescale>
        <scale>1</scale>
        <position>0.0219304,0.00143325,1.852249</position>
        <triangledirection>0.425200,-0.0193639,-0.904892</triangledirection>
        <trianglepickorigin>0,0,0</trianglepickorigin>
        <orientation>
          <row0>0.902771,0.0807295,0.422476</row0>
          <row1>0.425200,-0.0193639,-0.904892</row1>
          <row2>-0.0648707,0.996547,-0.0518074</row2>
        </orientation>
      </transform>
      <snapped>true</snapped>
      <childlist count="1">
        <childid>20</childid>
      </childlist>
      <handles count="1">
        <weight channel="longer">0.162245</weight>
      </handles>
    </blockref>
    <blockref>
      <blockid>flora_parts~, FE_muscle_branch_04</blockid>
      <transform>
        <limbtype>0</limbtype>
        <musclescale>0.5</musclescale>
        <basemusclescale>1</basemusclescale>
        <scale>1</scale>
        <position>-0.510526,0.0256816,2.985401</position>
        <triangledirection>0,0,-1</triangledirection>
        <trianglepickorigin>0,0,0</trianglepickorigin>
        <orientation>
          <row0>0.995846,0.0910499,0</row0>
          <row1>0,0,-1</row1>
          <row2>-0.0910499,0.995846,0</row2>
        </orientation>
      </transform>
      <snapped>true</snapped>
      <childlist count="2">
        <childid>22</childid>
        <childid>21</childid>
      </childlist>
      <handles count="1">
        <weight channel="longer">0.162245</weight>
      </handles>
    </blockref>
    <blockref>
      <blockid>Creature_parts~, ce_grasper_null</blockid>
      <transform>
        <basemusclescale>1</basemusclescale>
        <scale>1</scale>
        <position>-0.510526,0.0256816,4.237651</position>
        <triangledirection>0.873248,-0.173820,-0.455218</triangledirection>
        <trianglepickorigin>0,0,0</trianglepickorigin>
        <orientation>
          <row0>0.476076,0.105212,0.873087</row0>
          <row1>0.873248,-0.173820,-0.455218</row1>
          <row2>0.103865,0.979140,-0.174627</row2>
        </orientation>
      </transform>
      <snapped>true</snapped>
    </blockref>
    <blockref>
      <blockid>flora_parts~, fe_canopy_09</blockid>
      <transform>
        <scale>0,860706</scale>
        <position>-0.627821,-0.0436244,3.721704</position>
        <triangledirection>0.142345,0.151573,-0.978142</triangledirection>
        <trianglepickorigin>0,0,0</trianglepickorigin>
        <orientation>
          <row0>0.728949,-0.684567,2.98023e-8</row0>
          <row1>0.626501,0.667118,-0.403048</row1>
          <row2>0.275913,0.293801,0.915178</row2>
        </orientation>
        <userorientation>
          <userorientation_row0>0.988329,-0.123597,-0.0890440</userorientation_row0>
          <userorientation_row1>0,0.584536,-0.811366</userorientation_row1>
          <userorientation_row2>0.152332,0.801898,0.577714</userorientation_row2>
        </userorientation>
      </transform>
      <snapped>false</snapped>
      <childlist count="1">
        <childid>24</childid>
      </childlist>
      <handles count="2">
        <weight channel="DeformAxisLeft">0</weight>
        <weight channel="DeformAxisForward">0.407718</weight>
      </handles>
    </blockref>
    <blockref>
      <blockid>flora_parts~, fe_canopy_09</blockid>
      <transform>
        <scale>0,860706</scale>
        <position>0.0498227,-0.154109,5.597933</position>
        <triangledirection>-0.0279448,0.381009,-0.924148</triangledirection>
        <trianglepickorigin>0,0,0</trianglepickorigin>
        <orientation>
          <row0>0.997321,0.0731476,1.11758e-8</row0>
          <row1>-0.0711826,0.970529,-0.230229</row1>
          <row2>-0.0168407,0.229612,0.973136</row2>
        </orientation>
        <userorientation>
          <userorientation_row0>0.988329,-0.123597,-0.0890440</userorientation_row0>
          <userorientation_row1>0,0.584536,-0.811366</userorientation_row1>
          <userorientation_row2>0.152332,0.801898,0.577714</userorientation_row2>
        </userorientation>
      </transform>
      <snapped>false</snapped>
      <handles count="2">
        <weight channel="DeformAxisLeft">0</weight>
        <weight channel="DeformAxisForward">0.407718</weight>
      </handles>
    </blockref>
    <blockref>
      <blockid>flora_parts~, fe_canopy_09</blockid>
      <transform>
        <scale>0,860706</scale>
        <position>-0.611065,-0.0885847,3.814544</position>
        <triangledirection>-0.855875,0.0866192,-0.509875</triangledirection>
        <trianglepickorigin>0,0,0</trianglepickorigin>
        <orientation>
          <row0>0.573903,0.818923,3.72529e-9</row0>
          <row1>-0.814792,0.571008,-0.100312</row1>
          <row2>-0.0821478,0.0575694,0.994956</row2>
        </orientation>
        <userorientation>
          <userorientation_row0>0.854175,0.187225,-0.485109</userorientation_row0>
          <userorientation_row1>-0.420255,0.797967,-0.432009</userorientation_row1>
          <userorientation_row2>0.306218,0.572880,0.760286</userorientation_row2>
        </userorientation>
      </transform>
      <snapped>false</snapped>
      <handles count="2">
        <weight channel="DeformAxisLeft">0</weight>
        <weight channel="DeformAxisForward">0.962756</weight>
      </handles>
    </blockref>
    <blockref>
      <blockid>flora_parts~, fe_cap_01a</blockid>
      <transform>
        <scale>0,472365</scale>
        <position>0.0856547,-0.0720961,2.597961</position>
        <triangledirection>-0.279178,0.934007,0.222910</triangledirection>
        <trianglepickorigin>0,0,0</trianglepickorigin>
        <orientation>
          <row0>0.958115,0.286384,-1.63912e-7</row0>
          <row1>-0.279178,0.934007,0.222910</row1>
          <row2>0.0638380,-0.213573,0.974839</row2>
        </orientation>
      </transform>
      <snapped>false</snapped>
    </blockref>
    <blockref>
      <blockid>flora_parts~, FE_muscle_branch_04</blockid>
      <transform>
        <limbtype>0</limbtype>
        <musclescale>0.5</musclescale>
        <basemusclescale>1</basemusclescale>
        <scale>1</scale>
        <position>0.0219304,0.00143325,3.104499</position>
        <triangledirection>0,0,-1</triangledirection>
        <trianglepickorigin>0,0,0</trianglepickorigin>
        <orientation>
          <row0>0.987971,-0.154636,0</row0>
          <row1>0,0,-1</row1>
          <row2>0.154636,0.987971,0</row2>
        </orientation>
      </transform>
      <snapped>true</snapped>
      <childlist count="1">
        <childid>27</childid>
      </childlist>
      <handles count="1">
        <weight channel="longer">0.162245</weight>
      </handles>
    </blockref>
    <blockref>
      <blockid>flora_parts~, FE_muscle_branch_04</blockid>
      <transform>
        <limbtype>0</limbtype>
        <musclescale>0.5</musclescale>
        <basemusclescale>1</basemusclescale>
        <scale>1</scale>
        <position>0.0219304,0.00143325,4.356750</position>
        <triangledirection>0,0,-1</triangledirection>
        <trianglepickorigin>0,0,0</trianglepickorigin>
        <orientation>
          <row0>0.993078,0.117457,0</row0>
          <row1>0,0,-1</row1>
          <row2>-0.117457,0.993078,0</row2>
        </orientation>
      </transform>
      <snapped>true</snapped>
      <childlist count="2">
        <childid>29</childid>
        <childid>28</childid>
      </childlist>
      <handles count="1">
        <weight channel="longer">0.162245</weight>
      </handles>
    </blockref>
    <blockref>
      <blockid>Creature_parts~, ce_grasper_null</blockid>
      <transform>
        <basemusclescale>1</basemusclescale>
        <scale>1</scale>
        <position>0.0219304,0.00143325,5.609000</position>
        <triangledirection>-0.282192,0.682053,-0.674663</triangledirection>
        <trianglepickorigin>0,0,0</trianglepickorigin>
        <orientation>
          <row0>0.924998,0.00691691,-0.379907</row0>
          <row1>-0.282192,0.682053,-0.674663</row1>
          <row2>0.254450,0.731269,0.632850</row2>
        </orientation>
      </transform>
      <snapped>true</snapped>
    </blockref>
    <blockref>
      <blockid>flora_parts~, fe_canopy_09</blockid>
      <transform>
        <scale>0,860706</scale>
        <position>0.0498227,-0.154109,5.597933</position>
        <triangledirection>-0.0279448,0.381009,-0.924148</triangledirection>
        <trianglepickorigin>0,0,0</trianglepickorigin>
        <orientation>
          <row0>0.997321,0.0731476,1.11758e-8</row0>
          <row1>-0.0711826,0.970529,-0.230229</row1>
          <row2>-0.0168407,0.229612,0.973136</row2>
        </orientation>
        <userorientation>
          <userorientation_row0>0.988329,-0.123597,-0.0890439</userorientation_row0>
          <userorientation_row1>0,0.584536,-0.811366</userorientation_row1>
          <userorientation_row2>0.152332,0.801898,0.577714</userorientation_row2>
        </userorientation>
      </transform>
      <snapped>false</snapped>
      <handles count="2">
        <weight channel="DeformAxisLeft">0</weight>
        <weight channel="DeformAxisForward">0.407718</weight>
      </handles>
    </blockref>
  </blocks></sporemodel>