spore0006438f6347406662000774d424b9fea735ffffffffffffffffffffffffffffffff0000000ec178f85a0dsporeautotestfffffffffffffffe0bTillakoodle00006gaprop00<?xml version="1.0" encoding="UTF-8"?><sporemodel>
  <properties>
    <modeltype>PlantLarge</modeltype>
    <skineffectseed1>1234</skineffectseed1>
    <skineffectseed2>1234</skineffectseed2>
    <skineffectseed3>1234</skineffectseed3>
    <skincolor1>0.282353,0.227448,0.203922</skincolor1>
    <skincolor2>0.211765,0.282353,0.203922</skincolor2>
    <skincolor3>0.803922,0.772543,0.368627</skincolor3>
    <zcorpscore>8</zcorpscore>
  </properties>
  <blocks count="42">
    <blockref>
      <blockid>flora_parts~, fe_root_dummy</blockid>
      <transform>
        <scale>1</scale>
        <position>0,0,0.600000</position>
        <triangledirection>0,1,0</triangledirection>
        <trianglepickorigin>0,0,0</trianglepickorigin>
        <orientation>
          <row0>1,0,0</row0>
          <row1>0,1,0</row1>
          <row2>0,0,1</row2>
        </orientation>
      </transform>
      <snapped>false</snapped>
      <childlist count="6">
        <childid>22</childid>
        <childid>9</childid>
        <childid>6</childid>
        <childid>4</childid>
        <childid>2</childid>
        <childid>1</childid>
      </childlist>
    </blockref>
    <blockref>
      <blockid>flora_parts~, FE_muscle_branch_04</blockid>
      <transform>
        <limbtype>0</limbtype>
        <musclescale>0.5</musclescale>
        <basemusclescale>2.799998</basemusclescale>
        <scale>1</scale>
        <position>0,0,0.600000</position>
        <triangledirection>-0.0268859,0.0305509,0.999171</triangledirection>
        <trianglepickorigin>0,0,0</trianglepickorigin>
        <orientation>
          <row0>0.976802,0.213226,0.0197643</row0>
          <row1>-0.0268859,0.0305509,0.999171</row1>
          <row2>0.212446,-0.976525,0.0355750</row2>
        </orientation>
      </transform>
      <snapped>true</snapped>
      <childlist count="3">
        <childid>38</childid>
        <childid>17</childid>
        <childid>14</childid>
      </childlist>
      <handles count="1">
        <weight channel="longer">0.0192844</weight>
      </handles>
    </blockref>
    <blockref>
      <blockid>flora_parts~, fe_muscle_branch_01</blockid>
      <transform>
        <limbtype>0</limbtype>
        <musclescale>0.5</musclescale>
        <basemusclescale>2.799998</basemusclescale>
        <scale>1</scale>
        <position>0,0,0.600000</position>
        <triangledirection>-0.460097,0.267787,0.846522</triangledirection>
        <trianglepickorigin>0,0,0</trianglepickorigin>
        <orientation>
          <row0>-0.0695723,-0.961374,0.266305</row0>
          <row1>-0.460097,0.267787,0.846522</row1>
          <row2>-0.885138,-0.0636318,-0.460956</row2>
        </orientation>
      </transform>
      <snapped>true</snapped>
      <childlist count="3">
        <childid>41</childid>
        <childid>37</childid>
        <childid>3</childid>
      </childlist>
      <handles count="1">
        <weight channel="longer">0.173050</weight>
      </handles>
    </blockref>
    <blockref>
      <blockid>Creature_parts~, ce_grasper_null</blockid>
      <transform>
        <basemusclescale>0.75</basemusclescale>
        <scale>1</scale>
        <position>0.607361,-0.353498,-0.517466</position>
        <triangledirection>0,0,-1</triangledirection>
        <trianglepickorigin>0,0,0</trianglepickorigin>
        <orientation>
          <row0>1,0,0</row0>
          <row1>0,0,-1</row1>
          <row2>0,1,0</row2>
        </orientation>
      </transform>
      <snapped>true</snapped>
    </blockref>
    <blockref>
      <blockid>flora_parts~, fe_muscle_branch_01</blockid>
      <transform>
        <limbtype>0</limbtype>
        <musclescale>0.650000</musclescale>
        <basemusclescale>2.799998</basemusclescale>
        <scale>1</scale>
        <position>0,0,0.600000</position>
        <triangledirection>0.408365,0.462107,0.787207</triangledirection>
        <trianglepickorigin>0,0,0</trianglepickorigin>
        <orientation>
          <row0>-0.648858,-0.459624,0.606405</row0>
          <row1>0.408365,0.462107,0.787207</row1>
          <row2>-0.642043,0.758421,-0.112147</row2>
        </orientation>
      </transform>
      <snapped>true</snapped>
      <childlist count="1">
        <childid>5</childid>
      </childlist>
      <handles count="1">
        <weight channel="longer">0.188026</weight>
      </handles>
    </blockref>
    <blockref>
      <blockid>Creature_parts~, ce_grasper_null</blockid>
      <transform>
        <basemusclescale>0.699994</basemusclescale>
        <scale>1</scale>
        <position>-0.577448,-0.653444,-0.513150</position>
        <triangledirection>7.45058e-8,0,-1</triangledirection>
        <trianglepickorigin>0,0,0</trianglepickorigin>
        <orientation>
          <row0>1,1.11022e-15,7.45058e-8</row0>
          <row1>7.45058e-8,0,-1</row1>
          <row2>-1.11022e-15,1,-8.27178e-23</row2>
        </orientation>
      </transform>
      <snapped>true</snapped>
    </blockref>
    <blockref>
      <blockid>flora_parts~, fe_muscle_branch_01</blockid>
      <transform>
        <limbtype>0</limbtype>
        <musclescale>0.75</musclescale>
        <basemusclescale>2.799998</basemusclescale>
        <scale>1</scale>
        <position>0,0,0.600000</position>
        <triangledirection>-0.0962440,-0.552292,0.828076</triangledirection>
        <trianglepickorigin>0,0,0</trianglepickorigin>
        <orientation>
          <row0>-0.288272,0.811750,0.507898</row0>
          <row1>-0.0962440,-0.552292,0.828076</row1>
          <row2>0.952699,0.189829,0.237336</row2>
        </orientation>
      </transform>
      <snapped>true</snapped>
      <childlist count="3">
        <childid>40</childid>
        <childid>39</childid>
        <childid>8</childid>
      </childlist>
      <handles count="1">
        <weight channel="longer">0.168042</weight>
      </handles>
    </blockref>
    <blockref>
      <blockid>Creature_parts~, ce_grasper_null</blockid>
      <transform>
        <basemusclescale>1</basemusclescale>
        <scale>1</scale>
        <position>1.215453,1.263064,4.969789</position>
        <triangledirection>-0.258154,-0.268265,-0.928111</triangledirection>
        <trianglepickorigin>0,0,0</trianglepickorigin>
        <orientation>
          <row0>0.959780,0.0385196,-0.278096</row0>
          <row1>-0.258154,-0.268265,-0.928111</row1>
          <row2>-0.110354,0.962574,-0.247531</row2>
        </orientation>
      </transform>
      <snapped>false</snapped>
    </blockref>
    <blockref>
      <blockid>Creature_parts~, ce_grasper_null</blockid>
      <transform>
        <basemusclescale>0.699994</basemusclescale>
        <scale>1</scale>
        <position>0.124026,0.711722,-0.467117</position>
        <triangledirection>0.474362,-0.0641259,-0.877991</triangledirection>
        <trianglepickorigin>0,0,0</trianglepickorigin>
        <orientation>
          <row0>-0.834698,-0.349696,-0.425430</row0>
          <row1>0.474362,-0.0641259,-0.877991</row1>
          <row2>0.279749,-0.934665,0.219408</row2>
        </orientation>
      </transform>
      <snapped>true</snapped>
    </blockref>
    <blockref>
      <blockid>flora_parts~, fe_branch_05</blockid>
      <transform>
        <limbtype>2</limbtype>
        <musclescale>0.5</musclescale>
        <basemusclescale>2.799998</basemusclescale>
        <scale>1</scale>
        <position>0,0,0.600000</position>
        <triangledirection>0,-1.19209e-7,-1</triangledirection>
        <trianglepickorigin>0,0,0</trianglepickorigin>
        <orientation>
          <row0>1,0,0</row0>
          <row1>0,-1.19209e-7,-1</row1>
          <row2>0,1,-1.19209e-7</row2>
        </orientation>
      </transform>
      <snapped>true</snapped>
      <childlist count="3">
        <childid>19</childid>
        <childid>13</childid>
        <childid>10</childid>
      </childlist>
      <handles count="2">
        <weight channel="DeformAxisForward">1</weight>
        <weight channel="DeformAxisLeft">1</weight>
      </handles>
    </blockref>
    <blockref>
      <blockid>flora_parts~, fe_branch_05</blockid>
      <transform>
        <limbtype>2</limbtype>
        <musclescale>0.5</musclescale>
        <basemusclescale>1</basemusclescale>
        <scale>1</scale>
        <position>0,3.81468e-7,3.799999</position>
        <triangledirection>0,-1.19209e-7,-1</triangledirection>
        <trianglepickorigin>0,0,0</trianglepickorigin>
        <orientation>
          <row0>1,0,0</row0>
          <row1>0,-1.19209e-7,-1</row1>
          <row2>0,1,-1.19209e-7</row2>
        </orientation>
      </transform>
      <snapped>true</snapped>
      <childlist count="6">
        <childid>36</childid>
        <childid>30</childid>
        <childid>29</childid>
        <childid>28</childid>
        <childid>27</childid>
        <childid>11</childid>
      </childlist>
      <handles count="2">
        <weight channel="DeformAxisForward">1</weight>
        <weight channel="DeformAxisLeft">1</weight>
      </handles>
    </blockref>
    <blockref>
      <blockid>flora_parts~, fe_branch_05</blockid>
      <transform>
        <limbtype>2</limbtype>
        <musclescale>0.5</musclescale>
        <basemusclescale>1</basemusclescale>
        <scale>1</scale>
        <position>0,7.62939e-7,7</position>
        <triangledirection>0,-1.19209e-7,-1</triangledirection>
        <trianglepickorigin>0,0,0</trianglepickorigin>
        <orientation>
          <row0>1,0,0</row0>
          <row1>0,-1.19209e-7,-1</row1>
          <row2>0,1,-1.19209e-7</row2>
        </orientation>
      </transform>
      <snapped>true</snapped>
      <childlist count="3">
        <childid>33</childid>
        <childid>32</childid>
        <childid>12</childid>
      </childlist>
      <handles count="2">
        <weight channel="DeformAxisForward">0.650367</weight>
        <weight channel="DeformAxisLeft">0.736803</weight>
      </handles>
    </blockref>
    <blockref>
      <blockid>Creature_parts~, ce_grasper_null</blockid>
      <transform>
        <basemusclescale>1</basemusclescale>
        <scale>1</scale>
        <position>0,1.03478e-6,9.280464</position>
        <triangledirection>4.76842e-7,-1.60933e-6,-1</triangledirection>
        <trianglepickorigin>0,0,0</trianglepickorigin>
        <orientation>
          <row0>1,1.60189e-7,4.76842e-7</row0>
          <row1>4.76842e-7,-1.60933e-6,-1</row1>
          <row2>-1.60189e-7,1,-1.60933e-6</row2>
        </orientation>
      </transform>
      <snapped>true</snapped>
    </blockref>
    <blockref>
      <blockid>flora_parts~, FE_leaf_12</blockid>
      <transform>
        <scale>0,5</scale>
        <position>-0.0169018,-0.0682493,3.592508</position>
        <triangledirection>0.346729,0.475193,-0.808683</triangledirection>
        <trianglepickorigin>0,0,0</trianglepickorigin>
        <orientation>
          <row0>0.966511,-0.256623,1.02445e-8</row0>
          <row1>0.256393,0.965644,0.0423488</row1>
          <row2>-0.0108677,-0.0409306,0.999102</row2>
        </orientation>
        <userorientation>
          <userorientation_row0>0.923582,-0.383397,0</userorientation_row0>
          <userorientation_row1>0.213172,0.513520,-0.831175</userorientation_row1>
          <userorientation_row2>0.318671,0.767659,0.556007</userorientation_row2>
        </userorientation>
      </transform>
      <snapped>false</snapped>
      <handles count="3">
        <weight channel="DeformAxisForwardb">0.5</weight>
        <weight channel="DeformAxisForward">0</weight>
        <weight channel="DeformAxisLeft">0.400534</weight>
      </handles>
    </blockref>
    <blockref>
      <blockid>flora_parts~, fe_branch_05</blockid>
      <transform>
        <limbtype>2</limbtype>
        <musclescale>0.5</musclescale>
        <basemusclescale>0.699994</basemusclescale>
        <scale>1</scale>
        <position>0.00954531,-0.0108463,0.245263</position>
        <triangledirection>0.257734,-1.15181e-7,-0.966215</triangledirection>
        <trianglepickorigin>0,0,0</trianglepickorigin>
        <orientation>
          <row0>1,0,0</row0>
          <row1>0,-1.19209e-7,-1</row1>
          <row2>0,1,-1.19209e-7</row2>
        </orientation>
        <userorientation>
          <userorientation_row0>0.966215,-0.257734,0</userorientation_row0>
          <userorientation_row1>0.257734,0.966215,0</userorientation_row1>
          <userorientation_row2>0,0,1</userorientation_row2>
        </userorientation>
      </transform>
      <snapped>true</snapped>
      <childlist count="2">
        <childid>16</childid>
        <childid>15</childid>
      </childlist>
      <handles count="2">
        <weight channel="DeformAxisForward">1</weight>
        <weight channel="DeformAxisLeft">1</weight>
      </handles>
    </blockref>
    <blockref>
      <blockid>flora_parts~, fe_branch_05</blockid>
      <transform>
        <limbtype>2</limbtype>
        <musclescale>0.5</musclescale>
        <basemusclescale>1</basemusclescale>
        <scale>1</scale>
        <position>-0.815205,-0.0108460,3.337153</position>
        <triangledirection>0.223605,-1.16190e-7,-0.974678</triangledirection>
        <trianglepickorigin>0,0,0</trianglepickorigin>
        <orientation>
          <row0>1,0,0</row0>
          <row1>0,-1.19209e-7,-1</row1>
          <row2>0,1,-1.19209e-7</row2>
        </orientation>
        <userorientation>
          <userorientation_row0>0.974678,-0.223605,0</userorientation_row0>
          <userorientation_row1>0.223605,0.974678,0</userorientation_row1>
          <userorientation_row2>0,0,1</userorientation_row2>
        </userorientation>
      </transform>
      <snapped>true</snapped>
      <childlist count="1">
        <childid>26</childid>
      </childlist>
      <handles count="2">
        <weight channel="DeformAxisForward">1</weight>
        <weight channel="DeformAxisLeft">1</weight>
      </handles>
    </blockref>
    <blockref>
      <blockid>flora_parts~, FE_leaf_12</blockid>
      <transform>
        <scale>0,5</scale>
        <position>-0.778060,-0.0790956,3.132320</position>
        <triangledirection>0.543441,0.475193,-0.691998</triangledirection>
        <trianglepickorigin>0,0,0</trianglepickorigin>
        <orientation>
          <row0>0.933858,-0.256624,0.249103</row0>
          <row1>0.236817,0.965644,0.107000</row1>
          <row2>-0.268004,-0.0409308,0.962547</row2>
        </orientation>
        <userorientation>
          <userorientation_row0>0.923582,-0.383397,0</userorientation_row0>
          <userorientation_row1>0.213172,0.513520,-0.831175</userorientation_row1>
          <userorientation_row2>0.318671,0.767659,0.556007</userorientation_row2>
        </userorientation>
      </transform>
      <snapped>false</snapped>
      <handles count="3">
        <weight channel="DeformAxisForwardb">0.5</weight>
        <weight channel="DeformAxisForward">0</weight>
        <weight channel="DeformAxisLeft">0.400534</weight>
      </handles>
    </blockref>
    <blockref>
      <blockid>flora_parts~, fe_branch_05</blockid>
      <transform>
        <limbtype>2</limbtype>
        <musclescale>0.5</musclescale>
        <basemusclescale>0.699994</basemusclescale>
        <scale>1</scale>
        <position>0.00954531,-0.0108463,0.245263</position>
        <triangledirection>-0.166727,-1.62621e-7,-0.986001</triangledirection>
        <trianglepickorigin>0,0,0</trianglepickorigin>
        <orientation>
          <row0>0.867145,1.11058e-7,0.498054</row0>
          <row1>0.498054,-1.19209e-7,-0.867145</row1>
          <row2>-3.69312e-8,1,-1.58684e-7</row2>
        </orientation>
        <userorientation>
          <userorientation_row0>0.771967,0.635659,0</userorientation_row0>
          <userorientation_row1>-0.635659,0.771967,0</userorientation_row1>
          <userorientation_row2>0,0,1</userorientation_row2>
        </userorientation>
      </transform>
      <snapped>true</snapped>
      <childlist count="3">
        <childid>21</childid>
        <childid>20</childid>
        <childid>18</childid>
      </childlist>
      <handles count="2">
        <weight channel="DeformAxisForward">1</weight>
        <weight channel="DeformAxisLeft">1</weight>
      </handles>
    </blockref>
    <blockref>
      <blockid>flora_parts~, fe_branch_05</blockid>
      <transform>
        <limbtype>2</limbtype>
        <musclescale>0.5</musclescale>
        <basemusclescale>1</basemusclescale>
        <scale>1</scale>
        <position>0.543072,-0.0108458,3.400474</position>
        <triangledirection>-0.0282875,3.73255e-8,-0.999598</triangledirection>
        <trianglepickorigin>0,0,0</trianglepickorigin>
        <orientation>
          <row0>0.867146,2.58429e-8,0.498053</row0>
          <row1>0.498053,5.96046e-8,-0.867146</row1>
          <row2>-5.20959e-8,1,3.88147e-8</row2>
        </orientation>
        <userorientation>
          <userorientation_row0>-3.72730e-8,-2.28340e-8,-1</userorientation_row0>
          <userorientation_row1>-0.522382,0.852710,0</userorientation_row1>
          <userorientation_row2>0.852711,0.522382,-4.37113e-8</userorientation_row2>
        </userorientation>
      </transform>
      <snapped>true</snapped>
      <childlist count="1">
        <childid>25</childid>
      </childlist>
      <handles count="2">
        <weight channel="DeformAxisForward">1</weight>
        <weight channel="DeformAxisLeft">1</weight>
      </handles>
    </blockref>
    <blockref>
      <blockid>flora_parts~, FE_leaf_10</blockid>
      <transform>
        <scale>1,690458</scale>
        <position>0.0736099,0.0309824,2.155600</position>
        <triangledirection>-0.159021,-0.194189,-0.967988</triangledirection>
        <trianglepickorigin>0,0,0</trianglepickorigin>
        <orientation>
          <row0>-0.799055,0.601257,-9.31322e-9</row0>
          <row1>-0.601232,-0.799022,-0.00909711</row1>
          <row2>-0.00546971,-0.00726909,0.999958</row2>
        </orientation>
        <userorientation>
          <userorientation_row0>0.999858,-0.0155310,0.00649915</userorientation_row0>
          <userorientation_row1>0.0103089,0.259577,-0.965667</userorientation_row1>
          <userorientation_row2>0.0133107,0.965597,0.259700</userorientation_row2>
        </userorientation>
      </transform>
      <snapped>false</snapped>
      <handles count="3">
        <weight channel="DeformAxisUp">1</weight>
        <weight channel="DeformAxisForward">1</weight>
        <weight channel="DeformAxisLeft">0.0624164</weight>
      </handles>
    </blockref>
    <blockref>
      <blockid>flora_parts~, FE_leaf_12</blockid>
      <transform>
        <scale>0,5</scale>
        <position>0.564972,0.0445737,3.193061</position>
        <triangledirection>-0.601892,-0.264363,-0.753549</triangledirection>
        <trianglepickorigin>0,0,0</trianglepickorigin>
        <orientation>
          <row0>-0.785821,0.604010,0.132877</row0>
          <row1>-0.599414,-0.796743,0.0768262</row1>
          <row2>0.152273,-0.0192771,0.988150</row2>
        </orientation>
        <userorientation>
          <userorientation_row0>0.923582,-0.383397,0</userorientation_row0>
          <userorientation_row1>0.213172,0.513520,-0.831175</userorientation_row1>
          <userorientation_row2>0.318671,0.767659,0.556007</userorientation_row2>
        </userorientation>
      </transform>
      <snapped>false</snapped>
      <handles count="3">
        <weight channel="DeformAxisForwardb">0.5</weight>
        <weight channel="DeformAxisForward">0</weight>
        <weight channel="DeformAxisLeft">0.400534</weight>
      </handles>
    </blockref>
    <blockref>
      <blockid>flora_parts~, FE_leaf_12</blockid>
      <transform>
        <scale>0,5</scale>
        <position>0.491825,-0.0790944,3.198767</position>
        <triangledirection>0.207048,0.475194,-0.855172</triangledirection>
        <trianglepickorigin>0,0,0</trianglepickorigin>
        <orientation>
          <row0>0.952981,-0.256628,-0.161145</row0>
          <row1>0.259871,0.965642,-0.000989560</row1>
          <row2>0.155863,-0.0409340,0.986930</row2>
        </orientation>
        <userorientation>
          <userorientation_row0>0.923582,-0.383397,0</userorientation_row0>
          <userorientation_row1>0.213172,0.513520,-0.831175</userorientation_row1>
          <userorientation_row2>0.318671,0.767659,0.556007</userorientation_row2>
        </userorientation>
      </transform>
      <snapped>false</snapped>
      <handles count="3">
        <weight channel="DeformAxisForwardb">0.5</weight>
        <weight channel="DeformAxisForward">0</weight>
        <weight channel="DeformAxisLeft">0.400534</weight>
      </handles>
    </blockref>
    <blockref>
      <blockid>flora_parts~, fe_branch_05</blockid>
      <transform>
        <limbtype>2</limbtype>
        <musclescale>0.5</musclescale>
        <basemusclescale>2.799998</basemusclescale>
        <scale>1</scale>
        <position>0,0,0.600000</position>
        <triangledirection>0.117052,-0.0673281,-0.990840</triangledirection>
        <trianglepickorigin>0,0,0</trianglepickorigin>
        <orientation>
          <row0>0.743895,0.0144874,0.668139</row0>
          <row1>0.667245,-0.0721519,-0.741335</row1>
          <row2>0.0374675,0.997288,-0.0633401</row2>
        </orientation>
        <userorientation>
          <userorientation_row0>0.817505,0.575919,0</userorientation_row0>
          <userorientation_row1>-0.575919,0.817505,0</userorientation_row1>
          <userorientation_row2>0,0,1</userorientation_row2>
        </userorientation>
      </transform>
      <snapped>true</snapped>
      <childlist count="1">
        <childid>23</childid>
      </childlist>
      <handles count="2">
        <weight channel="DeformAxisForward">1</weight>
        <weight channel="DeformAxisLeft">0.736803</weight>
      </handles>
    </blockref>
    <blockref>
      <blockid>flora_parts~, fe_branch_05</blockid>
      <transform>
        <limbtype>2</limbtype>
        <musclescale>0.5</musclescale>
        <basemusclescale>1</basemusclescale>
        <scale>1</scale>
        <position>-0.374567,0.215450,3.770689</position>
        <triangledirection>0.0595700,-0.0836859,-0.994709</triangledirection>
        <trianglepickorigin>0,0,0</trianglepickorigin>
        <orientation>
          <row0>0.888749,-0.146134,0.434475</row0>
          <row1>0.457956,0.241716,-0.855481</row1>
          <row2>0.0199961,0.959279,0.281748</row2>
        </orientation>
        <userorientation>
          <userorientation_row0>0.892771,0.433389,0.123006</userorientation_row0>
          <userorientation_row1>-0.367004,0.858008,-0.359345</userorientation_row1>
          <userorientation_row2>-0.261276,0.275669,0.925062</userorientation_row2>
        </userorientation>
      </transform>
      <snapped>true</snapped>
      <childlist count="1">
        <childid>24</childid>
      </childlist>
      <handles count="2">
        <weight channel="DeformAxisForward">1</weight>
        <weight channel="DeformAxisLeft">0.736803</weight>
      </handles>
    </blockref>
    <blockref>
      <blockid>Creature_parts~, ce_grasper_null</blockid>
      <transform>
        <basemusclescale>1</basemusclescale>
        <scale>1</scale>
        <position>-0.565192,0.483245,6.953763</position>
        <triangledirection>0.916395,-1.72860e-6,-0.400273</triangledirection>
        <trianglepickorigin>0,0,0</trianglepickorigin>
        <orientation>
          <row0>0.400273,1.23504e-6,0.916395</row0>
          <row1>0.916395,-1.72860e-6,-0.400273</row1>
          <row2>1.08972e-6,1,-1.82369e-6</row2>
        </orientation>
      </transform>
      <snapped>true</snapped>
    </blockref>
    <blockref>
      <blockid>Creature_parts~, ce_grasper_null</blockid>
      <transform>
        <basemusclescale>1</basemusclescale>
        <scale>1</scale>
        <position>0.633588,-0.0108460,6.599194</position>
        <triangledirection>0.498053,1.78813e-7,-0.867146</triangledirection>
        <trianglepickorigin>0,0,0</trianglepickorigin>
        <orientation>
          <row0>0.867146,-1.15297e-8,0.498053</row0>
          <row1>0.498053,1.78813e-7,-0.867146</row1>
          <row2>-7.90604e-8,1,1.60799e-7</row2>
        </orientation>
      </transform>
      <snapped>true</snapped>
    </blockref>
    <blockref>
      <blockid>Creature_parts~, ce_grasper_null</blockid>
      <transform>
        <basemusclescale>1</basemusclescale>
        <scale>1</scale>
        <position>-1.530742,-0.0108457,6.456129</position>
        <triangledirection>0,-1.19209e-7,-1</triangledirection>
        <trianglepickorigin>0,0,0</trianglepickorigin>
        <orientation>
          <row0>1,0,0</row0>
          <row1>0,-1.19209e-7,-1</row1>
          <row2>0,1,-1.19209e-7</row2>
        </orientation>
      </transform>
      <snapped>true</snapped>
    </blockref>
    <blockref>
      <blockid>flora_parts~, FE_leaf_23</blockid>
      <transform>
        <scale>1,964033</scale>
        <position>0.0605191,0.0408539,5.353849</position>
        <triangledirection>0.110353,-0.993619,-0.0232739</triangledirection>
        <trianglepickorigin>0,0,0</trianglepickorigin>
        <orientation>
          <row0>-0.799055,0.601257,-9.31322e-9</row0>
          <row1>-0.601232,-0.799022,-0.00909711</row1>
          <row2>-0.00546971,-0.00726909,0.999958</row2>
        </orientation>
        <userorientation>
          <userorientation_row0>0.710424,0.673885,0.202916</userorientation_row0>
          <userorientation_row1>-0.685599,0.727787,-0.0166538</userorientation_row1>
          <userorientation_row2>-0.158903,-0.127288,0.979054</userorientation_row2>
        </userorientation>
      </transform>
      <snapped>false</snapped>
      <handles count="4">
        <weight channel="DeformAxisForward">0.333299</weight>
        <weight channel="DeformAxisLeft">0.176006</weight>
        <weight channel="DeformAxisRight">0.499999</weight>
        <weight channel="DeformAxisUp">0.346412</weight>
      </handles>
    </blockref>
    <blockref>
      <blockid>flora_parts~, FE_leaf_23</blockid>
      <transform>
        <scale>1,964033</scale>
        <position>-0.0812273,-0.0270530,5.501623</position>
        <triangledirection>0.521136,0.851936,-0.0511886</triangledirection>
        <trianglepickorigin>0,0,0</trianglepickorigin>
        <orientation>
          <row0>0.262052,-0.965053,1.02445e-8</row0>
          <row1>0.963965,0.261757,-0.0474774</row1>
          <row2>0.0458182,0.0124415,0.998872</row2>
        </orientation>
        <userorientation>
          <userorientation_row0>0.710424,0.673885,0.202916</userorientation_row0>
          <userorientation_row1>-0.685599,0.727787,-0.0166538</userorientation_row1>
          <userorientation_row2>-0.158903,-0.127288,0.979054</userorientation_row2>
        </userorientation>
      </transform>
      <snapped>false</snapped>
      <handles count="4">
        <weight channel="DeformAxisForward">0.333299</weight>
        <weight channel="DeformAxisLeft">0.176006</weight>
        <weight channel="DeformAxisRight">0.499999</weight>
        <weight channel="DeformAxisUp">0.346412</weight>
      </handles>
    </blockref>
    <blockref>
      <blockid>flora_parts~, FE_leaf_23</blockid>
      <transform>
        <scale>1,964033</scale>
        <position>0.0978712,0.0239530,5.689189</position>
        <triangledirection>-0.980223,-0.195579,-0.0301654</triangledirection>
        <trianglepickorigin>0,0,0</trianglepickorigin>
        <orientation>
          <row0>0.530267,0.847830,-4.65661e-8</row0>
          <row1>-0.847684,0.530176,-0.0185692</row1>
          <row2>-0.0157435,0.00984668,0.999827</row2>
        </orientation>
        <userorientation>
          <userorientation_row0>0.710424,0.673885,0.202916</userorientation_row0>
          <userorientation_row1>-0.685599,0.727787,-0.0166538</userorientation_row1>
          <userorientation_row2>-0.158903,-0.127288,0.979054</userorientation_row2>
        </userorientation>
      </transform>
      <snapped>false</snapped>
      <handles count="4">
        <weight channel="DeformAxisForward">0.333299</weight>
        <weight channel="DeformAxisLeft">0.176006</weight>
        <weight channel="DeformAxisRight">0.499999</weight>
        <weight channel="DeformAxisUp">0.346412</weight>
      </handles>
    </blockref>
    <blockref>
      <blockid>flora_parts~, FE_leaf_23</blockid>
      <transform>
        <scale>1,964033</scale>
        <position>0.0475969,-0.0527564,6.832724</position>
        <triangledirection>-0.502323,0.809664,-0.303500</triangledirection>
        <trianglepickorigin>0,0,0</trianglepickorigin>
        <orientation>
          <row0>0.552484,0.833523,1.49011e-7</row0>
          <row1>-0.716581,0.474972,-0.510795</row1>
          <row2>-0.425759,0.282206,0.859702</row2>
        </orientation>
        <userorientation>
          <userorientation_row0>0.903805,-0.417858,0.0923639</userorientation_row0>
          <userorientation_row1>0.397347,0.899551,0.181442</userorientation_row1>
          <userorientation_row2>-0.158903,-0.127288,0.979054</userorientation_row2>
        </userorientation>
      </transform>
      <snapped>false</snapped>
      <childlist count="1">
        <childid>31</childid>
      </childlist>
      <handles count="4">
        <weight channel="DeformAxisForward">0.333299</weight>
        <weight channel="DeformAxisLeft">0.176006</weight>
        <weight channel="DeformAxisRight">0.521260</weight>
        <weight channel="DeformAxisUp">0.346412</weight>
      </handles>
    </blockref>
    <blockref>
      <blockid>flora_parts~, FE_leaf_23</blockid>
      <transform>
        <scale>1,964033</scale>
        <position>0.0683010,0.136824,6.849423</position>
        <triangledirection>0.754267,-0.654904,-0.0466831</triangledirection>
        <trianglepickorigin>0,0,0</trianglepickorigin>
        <orientation>
          <row0>-0.957549,-0.268392,-0.105191</row0>
          <row1>0.281979,-0.947884,-0.148333</row1>
          <row2>-0.0598980,-0.171698,0.983327</row2>
        </orientation>
        <userorientation>
          <userorientation_row0>0.825502,0.526827,0.202475</userorientation_row0>
          <userorientation_row1>-0.541566,0.840386,0.0213617</userorientation_row1>
          <userorientation_row2>-0.158903,-0.127288,0.979054</userorientation_row2>
        </userorientation>
      </transform>
      <snapped>false</snapped>
      <handles count="4">
        <weight channel="DeformAxisForward">0.333299</weight>
        <weight channel="DeformAxisLeft">0.176006</weight>
        <weight channel="DeformAxisRight">0.521260</weight>
        <weight channel="DeformAxisUp">0.346412</weight>
      </handles>
    </blockref>
    <blockref>
      <blockid>flora_parts~, FE_leaf_23</blockid>
      <transform>
        <scale>1,964033</scale>
        <position>-0.0567607,0.00716785,7.919090</position>
        <triangledirection>0.668051,0.740136,0.0768390</triangledirection>
        <trianglepickorigin>0,0,0</trianglepickorigin>
        <orientation>
          <row0>0.259333,-0.965787,7.82310e-8</row0>
          <row1>0.963677,0.258767,0.0660696</row1>
          <row2>-0.0638092,-0.0171340,0.997815</row2>
        </orientation>
        <userorientation>
          <userorientation_row0>0.825502,0.526827,0.202475</userorientation_row0>
          <userorientation_row1>-0.541566,0.840386,0.0213617</userorientation_row1>
          <userorientation_row2>-0.158903,-0.127288,0.979054</userorientation_row2>
        </userorientation>
      </transform>
      <snapped>false</snapped>
      <childlist count="1">
        <childid>34</childid>
      </childlist>
      <handles count="4">
        <weight channel="DeformAxisForward">0.333299</weight>
        <weight channel="DeformAxisLeft">0.176006</weight>
        <weight channel="DeformAxisRight">0.521260</weight>
        <weight channel="DeformAxisUp">0.346412</weight>
      </handles>
    </blockref>
    <blockref>
      <blockid>flora_parts~, FE_leaf_23</blockid>
      <transform>
        <scale>1,964033</scale>
        <position>-0.0188368,0.0806466,8.144426</position>
        <triangledirection>0.901607,-0.316011,-0.295363</triangledirection>
        <trianglepickorigin>0,0,0</trianglepickorigin>
        <orientation>
          <row0>-0.807442,-0.589946,7.45058e-8</row0>
          <row1>0.546889,-0.748510,-0.375025</row1>
          <row2>0.221245,-0.302811,0.927014</row2>
        </orientation>
        <userorientation>
          <userorientation_row0>0.825502,0.526827,0.202475</userorientation_row0>
          <userorientation_row1>-0.541566,0.840386,0.0213617</userorientation_row1>
          <userorientation_row2>-0.158903,-0.127288,0.979054</userorientation_row2>
        </userorientation>
      </transform>
      <snapped>false</snapped>
      <handles count="4">
        <weight channel="DeformAxisForward">0.333299</weight>
        <weight channel="DeformAxisLeft">0.176006</weight>
        <weight channel="DeformAxisRight">0.521260</weight>
        <weight channel="DeformAxisUp">0.346412</weight>
      </handles>
    </blockref>
    <blockref>
      <blockid>flora_parts~, FE_leaf_23</blockid>
      <transform>
        <scale>1,964033</scale>
        <position>0.125955,0.0271056,7.975597</position>
        <triangledirection>-0.398103,-0.834328,-0.381324</triangledirection>
        <trianglepickorigin>0,0,0</trianglepickorigin>
        <orientation>
          <row0>-0.479150,0.877732,-3.12924e-7</row0>
          <row1>-0.771869,-0.421360,-0.476102</row1>
          <row2>-0.417890,-0.228124,0.879390</row2>
        </orientation>
        <userorientation>
          <userorientation_row0>0.825502,0.526827,0.202475</userorientation_row0>
          <userorientation_row1>-0.541566,0.840386,0.0213617</userorientation_row1>
          <userorientation_row2>-0.158903,-0.127288,0.979054</userorientation_row2>
        </userorientation>
      </transform>
      <snapped>false</snapped>
      <childlist count="1">
        <childid>35</childid>
      </childlist>
      <handles count="4">
        <weight channel="DeformAxisForward">0.333299</weight>
        <weight channel="DeformAxisLeft">0.176006</weight>
        <weight channel="DeformAxisRight">0.521260</weight>
        <weight channel="DeformAxisUp">0.346412</weight>
      </handles>
    </blockref>
    <blockref>
      <blockid>flora_parts~, FE_leaf_23</blockid>
      <transform>
        <scale>1,964033</scale>
        <position>0.0870286,-0.105350,8.063222</position>
        <triangledirection>-0.764694,0.231821,-0.601248</triangledirection>
        <trianglepickorigin>0,0,0</trianglepickorigin>
        <orientation>
          <row0>0.704077,0.710123,-1.78813e-7</row0>
          <row1>-0.470883,0.466874,-0.748530</row1>
          <row2>-0.531548,0.527023,0.663100</row2>
        </orientation>
        <userorientation>
          <userorientation_row0>0.822038,0.263113,0.504996</userorientation_row0>
          <userorientation_row1>-0.373781,0.918366,0.129959</userorientation_row1>
          <userorientation_row2>-0.429577,-0.295589,0.853281</userorientation_row2>
        </userorientation>
      </transform>
      <snapped>false</snapped>
      <handles count="4">
        <weight channel="DeformAxisForward">0.333299</weight>
        <weight channel="DeformAxisLeft">0.176006</weight>
        <weight channel="DeformAxisRight">0.521260</weight>
        <weight channel="DeformAxisUp">0.346412</weight>
      </handles>
    </blockref>
    <blockref>
      <blockid>flora_parts~, FE_leaf_10</blockid>
      <transform>
        <scale>3,857424</scale>
        <position>-0.0465673,0.0742957,6.514368</position>
        <triangledirection>0.105487,0.0128632,-0.994337</triangledirection>
        <trianglepickorigin>0,0,0</trianglepickorigin>
        <orientation>
          <row0>-0.778651,-0.627456,-1.76951e-8</row0>
          <row1>0.627294,-0.778449,-0.0227480</row1>
          <row2>0.0142733,-0.0177127,0.999741</row2>
        </orientation>
        <userorientation>
          <userorientation_row0>0.994659,-0.0430665,-0.0937951</userorientation_row0>
          <userorientation_row1>-0.0902092,0.0787776,-0.992802</userorientation_row1>
          <userorientation_row2>0.0501454,0.995961,0.0744718</userorientation_row2>
        </userorientation>
      </transform>
      <snapped>false</snapped>
      <handles count="3">
        <weight channel="DeformAxisUp">1</weight>
        <weight channel="DeformAxisForward">0.0693895</weight>
        <weight channel="DeformAxisLeft">0.5</weight>
      </handles>
    </blockref>
    <blockref>
      <blockid>flora_parts~, FE_leaf_23</blockid>
      <transform>
        <scale>3,080218</scale>
        <position>0.105243,0.214756,1.061547</position>
        <triangledirection>-0.168595,-0.616088,-0.769421</triangledirection>
        <trianglepickorigin>0,0,0</trianglepickorigin>
        <orientation>
          <row0>-0.903239,0.429136,-2.08616e-7</row0>
          <row1>-0.195115,-0.410676,-0.890659</row1>
          <row2>-0.382214,-0.804479,0.454670</row2>
        </orientation>
        <userorientation>
          <userorientation_row0>0.982546,0.0767323,0.169446</userorientation_row0>
          <userorientation_row1>-0.112103,0.971201,0.210237</userorientation_row1>
          <userorientation_row2>-0.148433,-0.225563,0.962854</userorientation_row2>
        </userorientation>
      </transform>
      <snapped>false</snapped>
      <handles count="4">
        <weight channel="DeformAxisForward">0</weight>
        <weight channel="DeformAxisLeft">0.176006</weight>
        <weight channel="DeformAxisRight">0.499999</weight>
        <weight channel="DeformAxisUp">0.346412</weight>
      </handles>
    </blockref>
    <blockref>
      <blockid>flora_parts~, FE_leaf_23</blockid>
      <transform>
        <scale>2,651167</scale>
        <position>0.304505,0.00600778,1.018097</position>
        <triangledirection>-0.729863,-0.126189,-0.671843</triangledirection>
        <trianglepickorigin>0,0,0</trianglepickorigin>
        <orientation>
          <row0>-0.0192684,0.999814,-1.81607e-7</row0>
          <row1>-0.576973,-0.0111196,-0.816687</row1>
          <row2>-0.816535,-0.0157362,0.577080</row2>
        </orientation>
        <userorientation>
          <userorientation_row0>0.982546,0.0767323,0.169446</userorientation_row0>
          <userorientation_row1>-0.112103,0.971201,0.210237</userorientation_row1>
          <userorientation_row2>-0.148433,-0.225563,0.962854</userorientation_row2>
        </userorientation>
      </transform>
      <snapped>false</snapped>
      <handles count="4">
        <weight channel="DeformAxisForward">0</weight>
        <weight channel="DeformAxisLeft">0.176006</weight>
        <weight channel="DeformAxisRight">0.499999</weight>
        <weight channel="DeformAxisUp">0.346412</weight>
      </handles>
    </blockref>
    <blockref>
      <blockid>flora_parts~, FE_leaf_23</blockid>
      <transform>
        <scale>2,281880</scale>
        <position>0.178606,-0.221939,1.040493</position>
        <triangledirection>-0.520269,0.482721,-0.704484</triangledirection>
        <trianglepickorigin>0,0,0</trianglepickorigin>
        <orientation>
          <row0>0.787410,0.616428,-5.96046e-8</row0>
          <row1>-0.332437,0.424647,-0.842116</row1>
          <row2>-0.519104,0.663091,0.539296</row2>
        </orientation>
        <userorientation>
          <userorientation_row0>0.982546,0.0767323,0.169446</userorientation_row0>
          <userorientation_row1>-0.112103,0.971201,0.210237</userorientation_row1>
          <userorientation_row2>-0.148433,-0.225563,0.962854</userorientation_row2>
        </userorientation>
      </transform>
      <snapped>false</snapped>
      <handles count="4">
        <weight channel="DeformAxisForward">0</weight>
        <weight channel="DeformAxisLeft">0.176006</weight>
