spore0006438f634740666200077041ccb9fea735ffffffffffffffffffffffffffffffff0000000ec178f7340dsporeautotestfffffffffffffffe09Seifertia00006gaprop00<?xml version="1.0" encoding="UTF-8"?><sporemodel>
  <properties>
    <modeltype>PlantLarge</modeltype>
    <skineffectseed1>1234</skineffectseed1>
    <skineffectseed2>1234</skineffectseed2>
    <skineffectseed3>1234</skineffectseed3>
    <skincolor1>0.580392,0.803921,0.258823</skincolor1>
    <skincolor2>1,0.968627,0.592155</skincolor2>
    <skincolor3>0.929411,0.301959,0.254901</skincolor3>
    <zcorpscore>10</zcorpscore>
  </properties>
  <blocks count="30">
    <blockref>
      <blockid>flora_parts~, fe_root_dummy</blockid>
      <transform>
        <scale>0,927743</scale>
        <position>0,0,0.349999</position>
        <triangledirection>0,1,0</triangledirection>
        <trianglepickorigin>0,0,0</trianglepickorigin>
        <orientation>
          <row0>1,0,0</row0>
          <row1>0,1,0</row1>
          <row2>0,0,1</row2>
        </orientation>
      </transform>
      <snapped>false</snapped>
      <childlist count="2">
        <childid>3</childid>
        <childid>1</childid>
      </childlist>
    </blockref>
    <blockref>
      <blockid>flora_parts~, FE_muscle_branch_04</blockid>
      <transform>
        <limbtype>0</limbtype>
        <musclescale>0.425000</musclescale>
        <basemusclescale>3</basemusclescale>
        <scale>1</scale>
        <position>0,0,0.349999</position>
        <triangledirection>-0.00436395,0.0160355,0.999861</triangledirection>
        <trianglepickorigin>0,0,0</trianglepickorigin>
        <orientation>
          <row0>-0.0934407,-0.995503,0.0155577</row0>
          <row1>-0.00436395,0.0160355,0.999861</row1>
          <row2>-0.995615,0.0933599,-0.00584269</row2>
        </orientation>
      </transform>
      <snapped>true</snapped>
      <childlist count="1">
        <childid>2</childid>
      </childlist>
      <handles count="1">
        <weight channel="longer">0.317331</weight>
      </handles>
    </blockref>
    <blockref>
      <blockid>Creature_parts~, ce_grasper_null</blockid>
      <transform>
        <basemusclescale>0.5</basemusclescale>
        <scale>1</scale>
        <position>0.00971188,-0.0356891,-1.875264</position>
        <triangledirection>-3.77184e-8,4.03553e-7,-1</triangledirection>
        <trianglepickorigin>0,0,0</trianglepickorigin>
        <orientation>
          <row0>1,-2.08615e-7,-3.77185e-8</row0>
          <row1>-3.77184e-8,4.03553e-7,-1</row1>
          <row2>2.08615e-7,1,4.03553e-7</row2>
        </orientation>
      </transform>
      <snapped>true</snapped>
    </blockref>
    <blockref>
      <blockid>flora_parts~, fe_muscle_branch_06</blockid>
      <transform>
        <limbtype>0</limbtype>
        <musclescale>0.5</musclescale>
        <basemusclescale>3</basemusclescale>
        <scale>1</scale>
        <position>0,0,0.349999</position>
        <triangledirection>0.314912,-0.394729,-0.863144</triangledirection>
        <trianglepickorigin>0,0,0</trianglepickorigin>
        <orientation>
          <row0>0.947879,0.0843055,0.307273</row0>
          <row1>0.314912,-0.394729,-0.863144</row1>
          <row2>0.0485218,0.914921,-0.400704</row2>
        </orientation>
      </transform>
      <snapped>true</snapped>
      <childlist count="2">
        <childid>7</childid>
        <childid>4</childid>
      </childlist>
      <handles count="1">
        <weight channel="longer">0.162245</weight>
      </handles>
    </blockref>
    <blockref>
      <blockid>flora_parts~, fe_muscle_branch_06</blockid>
      <transform>
        <limbtype>0</limbtype>
        <musclescale>0.5</musclescale>
        <basemusclescale>2.799998</basemusclescale>
        <scale>1</scale>
        <position>-0.394347,0.494299,1.430872</position>
        <triangledirection>0.0243445,-0.564254,-0.825241</triangledirection>
        <trianglepickorigin>0,0,0</trianglepickorigin>
        <orientation>
          <row0>0.997801,0.0646121,-0.0147431</row0>
          <row1>0.0243445,-0.564254,-0.825241</row1>
          <row2>-0.0616395,0.823068,-0.564587</row2>
        </orientation>
      </transform>
      <snapped>true</snapped>
      <childlist count="8">
        <childid>15</childid>
        <childid>14</childid>
        <childid>12</childid>
        <childid>11</childid>
        <childid>10</childid>
        <childid>9</childid>
        <childid>6</childid>
        <childid>5</childid>
      </childlist>
      <handles count="1">
        <weight channel="longer">0.162245</weight>
      </handles>
    </blockref>
    <blockref>
      <blockid>flora_parts~, fe_detail_01</blockid>
      <transform>
        <scale>0,5</scale>
        <position>0.0888435,0.388855,2.869619</position>
        <triangledirection>-0.174770,0.717471,-0.674306</triangledirection>
        <trianglepickorigin>0,0,0</trianglepickorigin>
        <orientation>
          <row0>0.983305,0.162416,-0.0820443</row0>
          <row1>-0.174770,0.717471,-0.674306</row1>
          <row2>-0.0506542,0.677388,0.733879</row2>
        </orientation>
      </transform>
      <snapped>false</snapped>
      <handles count="3">
        <weight channel="DeformAxisForward">0.264513</weight>
        <weight channel="DeformAxisUp">0.270597</weight>
        <weight channel="DeformAxisLeft">0.433126</weight>
      </handles>
    </blockref>
    <blockref>
      <blockid>flora_parts~, fe_detail_01</blockid>
      <transform>
        <scale>0,5</scale>
        <position>-0.511640,-0.147701,2.212813</position>
        <triangledirection>0.127241,0.857810,-0.497967</triangledirection>
        <trianglepickorigin>0,0,0</trianglepickorigin>
        <orientation>
          <row0>0.991311,-0.0931101,0.0929071</row0>
          <row1>0.127241,0.857810,-0.497967</row1>
          <row2>-0.0333308,0.505462,0.862204</row2>
        </orientation>
      </transform>
      <snapped>false</snapped>
      <handles count="3">
        <weight channel="DeformAxisForward">0.264513</weight>
        <weight channel="DeformAxisUp">0.270597</weight>
        <weight channel="DeformAxisLeft">0.433126</weight>
      </handles>
    </blockref>
    <blockref>
      <blockid>flora_parts~, fe_detail_01</blockid>
      <transform>
        <scale>0,5</scale>
        <position>0.215663,-0.354025,1.828470</position>
        <triangledirection>-0.268012,0.783424,-0.560727</triangledirection>
        <trianglepickorigin>0,0,0</trianglepickorigin>
        <orientation>
          <row0>0.901230,0.409588,0.141496</row0>
          <row1>-0.268012,0.783424,-0.560727</row1>
          <row2>-0.340519,0.467421,0.815820</row2>
        </orientation>
      </transform>
      <snapped>false</snapped>
      <handles count="3">
        <weight channel="DeformAxisForward">0.264513</weight>
        <weight channel="DeformAxisUp">0.270597</weight>
        <weight channel="DeformAxisLeft">0.433126</weight>
      </handles>
    </blockref>
    <blockref>
      <blockid>flora_parts~, fe_detail_01</blockid>
      <transform>
        <scale>0,5</scale>
        <position>-0.00358923,0.440795,2.893733</position>
        <triangledirection>-0.581867,0.724816,0.368878</triangledirection>
        <trianglepickorigin>0,0,0</trianglepickorigin>
        <orientation>
          <row0>0.810380,0.555010,0.187739</row0>
          <row1>-0.581867,0.724816,0.368878</row1>
          <row2>0.0686546,-0.408171,0.910320</row2>
        </orientation>
      </transform>
      <snapped>false</snapped>
      <handles count="3">
        <weight channel="DeformAxisForward">0.264513</weight>
        <weight channel="DeformAxisUp">0.270597</weight>
        <weight channel="DeformAxisLeft">0.433126</weight>
      </handles>
    </blockref>
    <blockref>
      <blockid>flora_parts~, fe_detail_01</blockid>
      <transform>
        <scale>0,5</scale>
        <position>0.664021,0.907077,2.218481</position>
        <triangledirection>-0.996792,0.0795110,-0.00914794</triangledirection>
        <trianglepickorigin>0,0,0</trianglepickorigin>
        <orientation>
          <row0>0.0709122,0.824382,-0.561574</row0>
          <row1>-0.996792,0.0795110,-0.00914794</row1>
          <row2>0.0371099,0.560421,0.827375</row2>
        </orientation>
      </transform>
      <snapped>false</snapped>
      <handles count="3">
        <weight channel="DeformAxisForward">0.264513</weight>
        <weight channel="DeformAxisUp">0.270597</weight>
        <weight channel="DeformAxisLeft">0.433126</weight>
      </handles>
    </blockref>
    <blockref>
      <blockid>flora_parts~, fe_detail_01</blockid>
      <transform>
        <scale>0,5</scale>
        <position>0.557518,1.469427,1.713310</position>
        <triangledirection>-0.776206,-0.551823,0.304949</triangledirection>
        <trianglepickorigin>0,0,0</trianglepickorigin>
        <orientation>
          <row0>-0.627980,0.633662,-0.451788</row0>
          <row1>-0.776206,-0.551823,0.304949</row1>
          <row2>-0.0560724,0.542183,0.838387</row2>
        </orientation>
      </transform>
      <snapped>false</snapped>
      <handles count="3">
        <weight channel="DeformAxisForward">0.264513</weight>
        <weight channel="DeformAxisUp">0.270597</weight>
        <weight channel="DeformAxisLeft">0.433126</weight>
      </handles>
    </blockref>
    <blockref>
      <blockid>flora_parts~, fe_detail_01</blockid>
      <transform>
        <scale>0,5</scale>
        <position>-0.592141,1.640370,1.493324</position>
        <triangledirection>0.160313,-0.812431,0.560584</triangledirection>
        <trianglepickorigin>0,0,0</trianglepickorigin>
        <orientation>
          <row0>-0.986764,-0.145944,0.0706791</row0>
          <row1>0.160313,-0.812431,0.560584</row1>
          <row2>-0.0243920,0.564495,0.825075</row2>
        </orientation>
      </transform>
      <snapped>false</snapped>
      <handles count="3">
        <weight channel="DeformAxisForward">0.264513</weight>
        <weight channel="DeformAxisUp">0.270597</weight>
        <weight channel="DeformAxisLeft">0.433126</weight>
      </handles>
    </blockref>
    <blockref>
      <blockid>flora_parts~, fe_detail_01</blockid>
      <transform>
        <scale>0,5</scale>
        <position>-1.230188,1.428192,1.723703</position>
        <triangledirection>0.811610,-0.513850,0.277933</triangledirection>
        <trianglepickorigin>0,0,0</trianglepickorigin>
        <orientation>
          <row0>-0.582759,-0.678735,0.446889</row0>
          <row1>0.811610,-0.513850,0.277933</row1>
          <row2>0.0409912,0.524668,0.850319</row2>
        </orientation>
      </transform>
      <snapped>false</snapped>
      <handles count="3">
        <weight channel="DeformAxisForward">0.264513</weight>
        <weight channel="DeformAxisUp">0.270597</weight>
        <weight channel="DeformAxisLeft">0.433126</weight>
      </handles>
    </blockref>
    <blockref>
      <blockid>flora_parts~, fe_detail_01</blockid>
      <transform>
        <scale>0,5</scale>
        <position>-0.896317,1.012070,3.274044</position>
        <triangledirection>0.927934,-0.247797,-0.278450</triangledirection>
        <trianglepickorigin>0,0,0</trianglepickorigin>
        <orientation>
          <row0>-0.346541,-0.848655,-0.399616</row0>
          <row1>0.927934,-0.247797,-0.278450</row1>
          <row2>0.137284,-0.467312,0.873368</row2>
        </orientation>
      </transform>
      <snapped>false</snapped>
      <handles count="3">
        <weight channel="DeformAxisForward">0.264513</weight>
        <weight channel="DeformAxisUp">0.270597</weight>
        <weight channel="DeformAxisLeft">0.433126</weight>
      </handles>
    </blockref>
    <blockref>
      <blockid>flora_parts~, fe_detail_01</blockid>
      <transform>
        <scale>0,5</scale>
        <position>-1.270381,0.341807,2.134939</position>
        <triangledirection>0.845609,0.514874,-0.140886</triangledirection>
        <trianglepickorigin>0,0,0</trianglepickorigin>
        <orientation>
          <row0>0.510454,-0.702750,0.495558</row0>
          <row1>0.845609,0.514874,-0.140886</row1>
          <row2>-0.156142,0.490965,0.857072</row2>
        </orientation>
      </transform>
      <snapped>false</snapped>
      <handles count="3">
        <weight channel="DeformAxisForward">0.264513</weight>
        <weight channel="DeformAxisUp">0.270597</weight>
        <weight channel="DeformAxisLeft">0.433126</weight>
      </handles>
    </blockref>
    <blockref>
      <blockid>flora_parts~, fe_muscle_branch_02</blockid>
      <transform>
        <limbtype>0</limbtype>
        <musclescale>0.524998</musclescale>
        <basemusclescale>2.799998</basemusclescale>
        <scale>1</scale>
        <position>-0.424834,1.200888,2.464282</position>
        <triangledirection>-0.111068,0.460140,-0.880871</triangledirection>
        <trianglepickorigin>0,0,0</trianglepickorigin>
        <orientation>
          <row0>0.993645,0.0351623,-0.106919</row0>
          <row1>-0.111068,0.460140,-0.880871</row1>
          <row2>0.0182246,0.887149,0.461121</row2>
        </orientation>
      </transform>
      <snapped>true</snapped>
      <childlist count="3">
        <childid>16</childid>
        <childid>13</childid>
        <childid>8</childid>
      </childlist>
      <handles count="1">
        <weight channel="longer">0.162245</weight>
      </handles>
    </blockref>
    <blockref>
      <blockid>flora_parts~, fe_muscle_branch_06</blockid>
      <transform>
        <limbtype>0</limbtype>
        <musclescale>0.5</musclescale>
        <basemusclescale>1.449998</basemusclescale>
        <scale>1</scale>
        <position>-0.285747,0.624676,3.567353</position>
        <triangledirection>0,-1.19209e-7,-1</triangledirection>
        <trianglepickorigin>0,0,0</trianglepickorigin>
        <orientation>
          <row0>1,0,0</row0>
          <row1>0,-1.19209e-7,-1</row1>
          <row2>0,1,-1.19209e-7</row2>
        </orientation>
      </transform>
      <snapped>true</snapped>
      <childlist count="7">
        <childid>23</childid>
        <childid>22</childid>
        <childid>21</childid>
        <childid>20</childid>
        <childid>19</childid>
        <childid>18</childid>
        <childid>17</childid>
      </childlist>
      <handles count="1">
        <weight channel="longer">0.162245</weight>
      </handles>
    </blockref>
    <blockref>
      <blockid>flora_parts~, fe_detail_01</blockid>
      <transform>
        <scale>0,5</scale>
        <position>0.484668,0.422931,4.089106</position>
        <triangledirection>-0.807629,0.270679,0.523895</triangledirection>
        <trianglepickorigin>0,0,0</trianglepickorigin>
        <orientation>
          <row0>0.317779,0.948164,-3.12924e-7</row0>
          <row1>-0.807629,0.270679,0.523895</row1>
          <row2>0.496739,-0.166483,0.851782</row2>
        </orientation>
      </transform>
      <snapped>false</snapped>
      <handles count="3">
        <weight channel="DeformAxisForward">0.264513</weight>
        <weight channel="DeformAxisUp">0.270597</weight>
        <weight channel="DeformAxisLeft">0.433126</weight>
      </handles>
    </blockref>
    <blockref>
      <blockid>flora_parts~, fe_detail_01</blockid>
      <transform>
        <scale>0,5</scale>
        <position>-1.103338,0.418545,4.209749</position>
        <triangledirection>0.946728,0.146770,0.286641</triangledirection>
        <trianglepickorigin>0,0,0</trianglepickorigin>
        <orientation>
          <row0>0.153198,-0.988195,-3.16649e-7</row0>
          <row1>0.946728,0.146770,0.286641</row1>
          <row2>-0.283257,-0.0439133,0.958037</row2>
        </orientation>
      </transform>
      <snapped>false</snapped>
      <handles count="3">
        <weight channel="DeformAxisForward">0.264513</weight>
        <weight channel="DeformAxisUp">0.270597</weight>
        <weight channel="DeformAxisLeft">0.433126</weight>
      </handles>
    </blockref>
    <blockref>
      <blockid>flora_parts~, fe_detail_01</blockid>
      <transform>
        <scale>0,5</scale>
        <position>0.449243,0.689226,5.017694</position>
        <triangledirection>-0.842523,-0.297890,-0.448793</triangledirection>
        <trianglepickorigin>0,0,0</trianglepickorigin>
        <orientation>
          <row0>-0.333346,0.942804,-4.47034e-7</row0>
          <row1>-0.842523,-0.297890,-0.448793</row1>
          <row2>-0.423124,-0.149603,0.893635</row2>
        </orientation>
      </transform>
      <snapped>false</snapped>
      <handles count="3">
        <weight channel="DeformAxisForward">0.264513</weight>
        <weight channel="DeformAxisUp">0.270597</weight>
        <weight channel="DeformAxisLeft">0.433126</weight>
      </handles>
    </blockref>
    <blockref>
      <blockid>flora_parts~, fe_detail_01</blockid>
      <transform>
        <scale>0,5</scale>
        <position>0.273824,1.244970,4.491621</position>
        <triangledirection>-0.386559,-0.861250,-0.329877</triangledirection>
        <trianglepickorigin>0,0,0</trianglepickorigin>
        <orientation>
          <row0>-0.912318,0.409480,1.86264e-7</row0>
          <row1>-0.386559,-0.861250,-0.329877</row1>
          <row2>-0.135078,-0.300953,0.944023</row2>
        </orientation>
      </transform>
      <snapped>false</snapped>
      <handles count="3">
        <weight channel="DeformAxisForward">0.264513</weight>
        <weight channel="DeformAxisUp">0.270597</weight>
        <weight channel="DeformAxisLeft">0.433126</weight>
      </handles>
    </blockref>
    <blockref>
      <blockid>flora_parts~, fe_detail_01</blockid>
      <transform>
        <scale>0,5</scale>
        <position>-0.655746,1.448845,4.859222</position>
        <triangledirection>0.280537,-0.901353,-0.329940</triangledirection>
        <trianglepickorigin>0,0,0</trianglepickorigin>
        <orientation>
          <row0>-0.954822,-0.297178,-4.47034e-8</row0>
          <row1>0.280537,-0.901353,-0.329940</row1>
          <row2>0.0980511,-0.315034,0.944001</row2>
        </orientation>
      </transform>
      <snapped>false</snapped>
      <handles count="3">
        <weight channel="DeformAxisForward">0.264513</weight>
        <weight channel="DeformAxisUp">0.270597</weight>
        <weight channel="DeformAxisLeft">0.433126</weight>
      </handles>
    </blockref>
    <blockref>
      <blockid>flora_parts~, fe_detail_01</blockid>
      <transform>
        <scale>0,5</scale>
        <position>-0.979924,1.132856,4.944196</position>
        <triangledirection>0.786065,-0.409923,-0.462670</triangledirection>
        <trianglepickorigin>0,0,0</trianglepickorigin>
        <orientation>
          <row0>-0.462390,-0.886676,4.02331e-7</row0>
          <row1>0.786065,-0.409923,-0.462670</row1>
          <row2>0.410239,-0.213934,0.886530</row2>
        </orientation>
      </transform>
      <snapped>false</snapped>
      <handles count="3">
        <weight channel="DeformAxisForward">0.264513</weight>
        <weight channel="DeformAxisUp">0.270597</weight>
        <weight channel="DeformAxisLeft">0.433126</weight>
      </handles>
    </blockref>
    <blockref>
      <blockid>flora_parts~, fe_muscle_branch_02</blockid>
      <transform>
        <limbtype>0</limbtype>
        <musclescale>0.524998</musclescale>
        <basemusclescale>2.799998</basemusclescale>
        <scale>1</scale>
        <position>-0.285747,0.624676,4.819603</position>
        <triangledirection>0,-1.19209e-7,-1</triangledirection>
        <trianglepickorigin>0,0,0</trianglepickorigin>
        <orientation>
          <row0>1,0,0</row0>
          <row1>0,-1.19209e-7,-1</row1>
          <row2>0,1,-1.19209e-7</row2>
        </orientation>
      </transform>
      <snapped>true</snapped>
      <childlist count="6">
        <childid>29</childid>
        <childid>28</childid>
        <childid>27</childid>
        <childid>26</childid>
        <childid>25</childid>
        <childid>24</childid>
      </childlist>
      <handles count="1">
        <weight channel="longer">0.162245</weight>
      </handles>
    </blockref>
    <blockref>
      <blockid>flora_parts~, fe_detail_01</blockid>
      <transform>
        <scale>0,5</scale>
        <position>0.0601757,0.156069,5.594430</position>
        <triangledirection>-0.592124,0.802514,-0.0732096</triangledirection>
        <trianglepickorigin>0,0,0</trianglepickorigin>
        <orientation>
          <row0>0.804673,0.593717,3.72529e-9</row0>
          <row1>-0.592124,0.802514,-0.0732096</row1>
          <row2>-0.0434658,0.0589098,0.997316</row2>
        </orientation>
      </transform>
      <snapped>false</snapped>
      <handles count="3">
        <weight channel="DeformAxisForward">0.264513</weight>
        <weight channel="DeformAxisUp">0.270597</weight>
        <weight channel="DeformAxisLeft">0.433126</weight>
      </handles>
    </blockref>
    <blockref>
      <blockid>flora_parts~, fe_detail_01</blockid>
      <transform>
        <scale>0,5</scale>
        <position>-0.837927,0.850579,5.484210</position>
        <triangledirection>0.925924,-0.377656,-0.00634678</triangledirection>
        <trianglepickorigin>0,0,0</trianglepickorigin>
        <orientation>
          <row0>-0.377663,-0.925942,4.65661e-10</row0>
          <row1>0.925924,-0.377656,-0.00634678</row1>
          <row2>0.00587675,-0.00239694,0.999979</row2>
        </orientation>
      </transform>
      <snapped>false</snapped>
      <handles count="3">
        <weight channel="DeformAxisForward">0.264513</weight>
        <weight channel="DeformAxisUp">0.270597</weight>
        <weight channel="DeformAxisLeft">0.433126</weight>
      </handles>
    </blockref>
    <blockref>
      <blockid>Creature_parts~, ce_grasper_null</blockid>
      <transform>
        <basemusclescale>1.449998</basemusclescale>
        <scale>1</scale>
        <position>-0.285747,0.624676,6.071854</position>
        <triangledirection>0,-1.19209e-7,-1</triangledirection>
        <trianglepickorigin>0,0,0</trianglepickorigin>
        <orientation>
          <row0>1,0,0</row0>
          <row1>0,-1.19209e-7,-1</row1>
          <row2>0,1,-1.19209e-7</row2>
        </orientation>
      </transform>
      <snapped>true</snapped>
    </blockref>
    <blockref>
      <blockid>flora_parts~, fe_detail_01</blockid>
      <transform>
        <scale>0,5</scale>
        <position>-0.119031,1.169084,5.710052</position>
        <triangledirection>-0.282314,-0.923005,-0.261457</triangledirection>
        <trianglepickorigin>0,0,0</trianglepickorigin>
        <orientation>
          <row0>-0.956269,0.292488,-3.42726e-7</row0>
          <row1>-0.282314,-0.923005,-0.261457</row1>
          <row2>-0.0764734,-0.250023,0.965215</row2>
        </orientation>
      </transform>
      <snapped>false</snapped>
      <handles count="3">
        <weight channel="DeformAxisForward">0.264513</weight>
        <weight channel="DeformAxisUp">0.270597</weight>
        <weight channel="DeformAxisLeft">0.433126</weight>
      </handles>
    </blockref>
    <blockref>
      <blockid>flora_parts~, fe_detail_01</blockid>
      <transform>
        <scale>0,5</scale>
        <position>-0.572477,0.356749,5.994839</position>
        <triangledirection>0.534483,0.498131,-0.682782</triangledirection>
        <trianglepickorigin>0,0,0</trianglepickorigin>
        <orientation>
          <row0>0.681791,-0.731546,3.72529e-7</row0>
          <row1>0.534483,0.498131,-0.682782</row1>
          <row2>0.499486,0.465515,0.730621</row2>
        </orientation>
      </transform>
      <snapped>false</snapped>
      <handles count="3">
        <weight channel="DeformAxisForward">0.264513</weight>
        <weight channel="DeformAxisUp">0.270597</weight>
        <weight channel="DeformAxisLeft">0.433126</weight>
      </handles>
    </blockref>
    <blockref>
      <blockid>flora_parts~, FE_leaf_03</blockid>
      <transform>
        <scale>1</scale>
        <position>-0.283517,0.640660,6.275678</position>
        <triangledirection>0.0131231,-0.0446777,-0.998915</triangledirection>
        <trianglepickorigin>0,0,0</trianglepickorigin>
        <orientation>
          <row0>-0.959465,-0.281824,1.26659e-7</row0>
          <row1>0.0131231,-0.0446777,-0.998915</row1>
          <row2>0.281519,-0.958425,0.0465651</row2>
        </orientation>
      </transform>
      <snapped>false</snapped>
      <handles count="3">
        <weight channel="DeformAxisForward">0</weight>
        <weight channel="DeformAxisLeft">0.327440</weight>
        <weight channel="DeformAxisUp">0.5</weight>
      </handles>
    </blockref>
  </blocks></sporemodel>