spore0006438f6347406662000770df8db9fea735ffffffffffffffffffffffffffffffff0000000ec178f7780dsporeautotestfffffffffffffffe0aSmythalupi00006gaprop00<?xml version="1.0" encoding="UTF-8"?><sporemodel>
  <properties>
    <modeltype>PlantMedium</modeltype>
    <skineffectseed1>1234</skineffectseed1>
    <skineffectseed2>1234</skineffectseed2>
    <skineffectseed3>1234</skineffectseed3>
    <skincolor1>0.443136,0.423528,0.203921</skincolor1>
    <skincolor2>0.541176,0.694117,0.317647</skincolor2>
    <skincolor3>0.674509,0.850979,0.427451</skincolor3>
    <zcorpscore>13</zcorpscore>
  </properties>
  <blocks count="17">
    <blockref>
      <blockid>flora_parts~, fe_root_dummy</blockid>
      <transform>
        <scale>1</scale>
        <position>0.0219304,0.00143325,0.600000</position>
        <triangledirection>0,1,0</triangledirection>
        <trianglepickorigin>0,0,0</trianglepickorigin>
        <orientation>
          <row0>1,0,0</row0>
          <row1>0,1,0</row1>
          <row2>0,0,1</row2>
        </orientation>
      </transform>
      <snapped>false</snapped>
      <childlist count="1">
        <childid>5</childid>
      </childlist>
    </blockref>
    <blockref>
      <blockid>Creature_parts~, ce_grasper_null</blockid>
      <transform>
        <basemusclescale>1.100000</basemusclescale>
        <scale>1</scale>
        <position>-2.640135,1.650595,3.122989</position>
        <triangledirection>0.240942,-0.239479,-0.940530</triangledirection>
        <trianglepickorigin>0,0,0</trianglepickorigin>
        <orientation>
          <row0>-0.784656,-0.618398,-0.0435534</row0>
          <row1>0.240942,-0.239479,-0.940530</row1>
          <row2>0.571192,-0.748487,0.336906</row2>
        </orientation>
      </transform>
      <snapped>false</snapped>
    </blockref>
    <blockref>
      <blockid>Creature_parts~, ce_grasper_null</blockid>
      <transform>
        <basemusclescale>1</basemusclescale>
        <scale>1</scale>
        <position>-2.281733,-0.156526,2.944823</position>
        <triangledirection>0.240960,-0.239477,-0.940525</triangledirection>
        <trianglepickorigin>0,0,0</trianglepickorigin>
        <orientation>
          <row0>-0.784640,-0.618419,-0.0435605</row0>
          <row1>0.240960,-0.239477,-0.940525</row1>
          <row2>0.571207,-0.748470,0.336917</row2>
        </orientation>
      </transform>
      <snapped>false</snapped>
    </blockref>
    <blockref>
      <blockid>Creature_parts~, ce_grasper_null</blockid>
      <transform>
        <basemusclescale>1</basemusclescale>
        <scale>1</scale>
        <position>0.203314,-1.786732,3.307368</position>
        <triangledirection>0,0,-1</triangledirection>
        <trianglepickorigin>0,0,0</trianglepickorigin>
        <orientation>
          <row0>1,0,0</row0>
          <row1>0,0,-1</row1>
          <row2>0,1,0</row2>
        </orientation>
      </transform>
      <snapped>false</snapped>
    </blockref>
    <blockref>
      <blockid>Creature_parts~, ce_grasper_null</blockid>
      <transform>
        <basemusclescale>1</basemusclescale>
        <scale>1</scale>
        <position>0.0219304,0.00143325,3.150254</position>
        <triangledirection>-0.100535,0.991115,-0.0870820</triangledirection>
        <trianglepickorigin>0,0,0</trianglepickorigin>
        <orientation>
          <row0>0.987913,0.109821,0.109388</row0>
          <row1>-0.100535,0.991115,-0.0870820</row1>
          <row2>-0.117980,0.0750321,0.990177</row2>
        </orientation>
      </transform>
      <snapped>false</snapped>
    </blockref>
    <blockref>
      <blockid>flora_parts~, fe_muscle_branch_01</blockid>
      <transform>
        <limbtype>0</limbtype>
        <musclescale>1</musclescale>
        <basemusclescale>2.200000</basemusclescale>
        <scale>1</scale>
        <position>0.0219304,0.00143325,0.600000</position>
        <triangledirection>-0.198076,0.209936,0.957440</triangledirection>
        <trianglepickorigin>0,0,0</trianglepickorigin>
        <orientation>
          <row0>0.594420,-0.750953,0.287634</row0>
          <row1>-0.198076,0.209936,0.957440</row1>
          <row2>-0.779378,-0.626095,-0.0239557</row2>
        </orientation>
      </transform>
      <snapped>true</snapped>
      <childlist count="1">
        <childid>6</childid>
      </childlist>
      <handles count="1">
        <weight channel="longer">0.00555498</weight>
      </handles>
    </blockref>
    <blockref>
      <blockid>flora_parts~, fe_muscle_branch_06</blockid>
      <transform>
        <limbtype>0</limbtype>
        <musclescale>0.5</musclescale>
        <basemusclescale>1.25</basemusclescale>
        <scale>1</scale>
        <position>0.0751859,-0.0550107,0.342579</position>
        <triangledirection>0.0215602,-0.470576,0.882095</triangledirection>
        <trianglepickorigin>0,0,0</trianglepickorigin>
        <orientation>
          <row0>0.343420,-0.825129,-0.448580</row0>
          <row1>0.0215602,-0.470576,0.882095</row1>
          <row2>-0.938934,-0.312600,-0.143815</row2>
        </orientation>
      </transform>
      <snapped>true</snapped>
      <childlist count="2">
        <childid>8</childid>
        <childid>7</childid>
      </childlist>
      <handles count="1">
        <weight channel="longer">0.162245</weight>
      </handles>
    </blockref>
    <blockref>
      <blockid>Creature_parts~, ce_grasper_null</blockid>
      <transform>
        <basemusclescale>1</basemusclescale>
        <scale>1</scale>
        <position>0.0481872,0.534267,-0.762024</position>
        <triangledirection>0,-1.19209e-7,-1</triangledirection>
        <trianglepickorigin>0,0,0</trianglepickorigin>
        <orientation>
          <row0>0.997901,0.0647540,-7.71926e-9</row0>
          <row1>0,-1.19209e-7,-1</row1>
          <row2>-0.0647540,0.997901,-1.18958e-7</row2>
        </orientation>
      </transform>
      <snapped>true</snapped>
    </blockref>
    <blockref>
      <blockid>flora_parts~, FE_leaf_15</blockid>
      <transform>
        <scale>3,320117</scale>
        <position>-0.250225,-0.0195634,0.0603603</position>
        <triangledirection>-0.00453993,-3.21548e-5,-0.999988</triangledirection>
        <trianglepickorigin>0,0,0</trianglepickorigin>
        <orientation>
          <row0>0.00708355,-0.999975,-4.88944e-9</row0>
          <row1>0.948518,0.00671905,0.316651</row1>
          <row2>-0.316643,-0.00224302,0.948542</row2>
        </orientation>
        <userorientation>
          <userorientation_row0>1,0,0</userorientation_row0>
          <userorientation_row1>0,-0.320954,-0.947094</userorientation_row1>
          <userorientation_row2>0,0.947094,-0.320954</userorientation_row2>
        </userorientation>
      </transform>
      <snapped>false</snapped>
      <childlist count="1">
        <childid>9</childid>
      </childlist>
      <handles count="3">
        <weight channel="DeformAxisForward">0.200000</weight>
        <weight channel="DeformAxisUp">0.5</weight>
        <weight channel="0x7c184950">0.244856</weight>
      </handles>
    </blockref>
    <blockref>
      <blockid>flora_parts~, FE_leaf_13</blockid>
      <transform>
        <scale>1</scale>
        <position>-0.312640,0.0266260,2.030169</position>
        <triangledirection>-0.0401152,0.0111059,-0.999133</triangledirection>
        <trianglepickorigin>0,0,0</trianglepickorigin>
        <orientation>
          <row0>0.592144,0.805832,-5.51342e-7</row0>
          <row1>-0.312144,0.229370,-0.921930</row1>
          <row2>-0.742920,0.545915,0.387356</row2>
        </orientation>
        <userorientation>
          <userorientation_row0>0.998732,0.0307308,0.0398255</userorientation_row0>
          <userorientation_row1>-0.0148039,0.936199,-0.351155</userorientation_row1>
          <userorientation_row2>-0.0480761,0.350121,0.935469</userorientation_row2>
        </userorientation>
      </transform>
      <snapped>false</snapped>
      <childlist count="1">
        <childid>10</childid>
      </childlist>
      <handles count="4">
        <weight channel="DeformAxisForward">0.635631</weight>
        <weight channel="DeformAxisLeft">0.981916</weight>
        <weight channel="DeformAxisUp">0.400000</weight>
        <weight channel="0x2697a2f2">0.411374</weight>
      </handles>
    </blockref>
    <blockref>
      <blockid>flora_parts~, FE_leaf_27</blockid>
      <transform>
        <scale>1,690458</scale>
        <position>-0.134804,-0.107727,4.191967</position>
        <triangledirection>0.0488725,-0.0786307,0.995705</triangledirection>
        <trianglepickorigin>0,0,0</trianglepickorigin>
        <orientation>
          <row0>0.773788,0.633444,-8.94069e-8</row0>
          <row1>-0.107937,0.131851,-0.985375</row1>
          <row2>-0.624180,0.762471,0.170396</row2>
        </orientation>
        <userorientation>
          <userorientation_row0>-0.846530,0.0522797,0.529766</userorientation_row0>
          <userorientation_row1>-0.0119913,-0.996785,0.0792059</userorientation_row1>
          <userorientation_row2>0.532205,0.0606975,0.844436</userorientation_row2>
        </userorientation>
      </transform>
      <snapped>false</snapped>
      <childlist count="2">
        <childid>12</childid>
        <childid>11</childid>
      </childlist>
      <handles count="3">
        <weight channel="DeformAxisLeft">0.909480</weight>
        <weight channel="DeformAxisForward">0.0453234</weight>
        <weight channel="DeformAxisUp">0.487100</weight>
      </handles>
    </blockref>
    <blockref>
      <blockid>flora_parts~, FE_leaf_17</blockid>
      <transform>
        <scale>1,690458</scale>
        <position>-0.167481,-0.154515,4.399631</position>
        <triangledirection>-0.0235825,0.0532466,-0.998302</triangledirection>
        <trianglepickorigin>0,0,0</trianglepickorigin>
        <orientation>
          <row0>0.977984,-0.208678,-1.49011e-8</row0>
          <row1>0.146268,0.685495,-0.713232</row1>
          <row2>0.148836,0.697530,0.700927</row2>
        </orientation>
        <userorientation>
          <userorientation_row0>0.998948,0.0458194,1.86263e-8</userorientation_row0>
          <userorientation_row1>-0.0341747,0.745072,-0.666106</userorientation_row1>
          <userorientation_row2>-0.0305206,0.665406,0.745856</userorientation_row2>
        </userorientation>
      </transform>
      <snapped>false</snapped>
      <childlist count="4">
        <childid>16</childid>
        <childid>15</childid>
        <childid>14</childid>
        <childid>13</childid>
      </childlist>
      <handles count="3">
        <weight channel="DeformAxisUp">0.522059</weight>
        <weight channel="DeformAxisForward">0.0790949</weight>
        <weight channel="DeformAxisLeft">1</weight>
      </handles>
    </blockref>
    <blockref>
      <blockid>flora_parts~, fe_cap_02a</blockid>
      <transform>
        <scale>0,472365</scale>
        <position>-0.259606,-0.0129914,4.314575</position>
        <triangledirection>0.965088,-0.261613,0.0127272</triangledirection>
        <trianglepickorigin>0,0,0</trianglepickorigin>
        <orientation>
          <row0>-0.261634,-0.965167,1.58324e-8</row0>
          <row1>0.965088,-0.261613,0.0127272</row1>
          <row2>-0.0122838,0.00332989,0.999919</row2>
        </orientation>
      </transform>
      <snapped>false</snapped>
    </blockref>
    <blockref>
      <blockid>flora_parts~, fe_cap_01a</blockid>
      <transform>
        <scale>0,472365</scale>
        <position>-0.163553,0.0591480,4.400209</position>
        <triangledirection>-0.263376,-0.755396,0.600007</triangledirection>
        <trianglepickorigin>0,0,0</trianglepickorigin>
        <orientation>
          <row0>-0.944252,0.329222,1.34110e-7</row0>
          <row1>-0.263376,-0.755396,0.600007</row1>
          <row2>0.197536,0.566558,0.799994</row2>
        </orientation>
      </transform>
      <snapped>false</snapped>
    </blockref>
    <blockref>
      <blockid>flora_parts~, fe_cap_02a</blockid>
      <transform>
        <scale>0,472365</scale>
        <position>-0.374640,-0.103933,4.423940</position>
        <triangledirection>0.922050,-0.361667,0.137912</triangledirection>
        <trianglepickorigin>0,0,0</trianglepickorigin>
        <orientation>
          <row0>-0.365156,-0.930946,3.72529e-7</row0>
          <row1>0.922050,-0.361667,0.137912</row1>
          <row2>-0.128388,0.0503598,0.990444</row2>
        </orientation>
      </transform>
      <snapped>false</snapped>
    </blockref>
    <blockref>
      <blockid>flora_parts~, fe_cap_02a</blockid>
      <transform>
        <scale>0,472365</scale>
        <position>-0.189262,0.0734808,4.481852</position>
        <triangledirection>0.386793,-0.913969,0.122682</triangledirection>
        <trianglepickorigin>0,0,0</trianglepickorigin>
        <orientation>
          <row0>-0.920926,-0.389737,-1.63912e-7</row0>
          <row1>0.386793,-0.913969,0.122682</row1>
          <row2>-0.0478139,0.112981,0.992446</row2>
        </orientation>
      </transform>
      <snapped>false</snapped>
    </blockref>
    <blockref>
      <blockid>flora_parts~, fe_cap_02a</blockid>
      <transform>
        <scale>0,472365</scale>
        <position>-0.201590,-0.374464,4.432897</position>
        <triangledirection>0.358101,0.908688,0.214591</triangledirection>
        <trianglepickorigin>0,0,0</trianglepickorigin>
        <orientation>
          <row0>0.930361,-0.366642,1.78813e-7</row0>
          <row1>0.358101,0.908688,0.214591</row1>
          <row2>-0.0786785,-0.199647,0.976704</row2>
        </orientation>
      </transform>
      <snapped>false</snapped>
    </blockref>
  </blocks></sporemodel>