spore0006438f63474066620007730cfcb9fea735ffffffffffffffffffffffffffffffff0000000ec178f83d0dsporeautotestfffffffffffffffe08Yeesaxum00006gaprop00<?xml version="1.0" encoding="UTF-8"?><sporemodel>
  <properties>
    <modeltype>PlantLarge</modeltype>
    <skineffectseed1>1234</skineffectseed1>
    <skineffectseed2>1234</skineffectseed2>
    <skineffectseed3>1234</skineffectseed3>
    <skincolor1>0.443136,0.266665,0.203921</skincolor1>
    <skincolor2>0.219607,0.443136,0.203921</skincolor2>
    <skincolor3>0.803921,0.772548,0.368627</skincolor3>
    <zcorpscore>9</zcorpscore>
  </properties>
  <blocks count="41">
    <blockref>
      <blockid>flora_parts~, fe_root_dummy</blockid>
      <transform>
        <scale>0,927743</scale>
        <position>0,0,0.349999</position>
        <triangledirection>0,1,0</triangledirection>
        <trianglepickorigin>0,0,0</trianglepickorigin>
        <orientation>
          <row0>1,0,0</row0>
          <row1>0,1,0</row1>
          <row2>0,0,1</row2>
        </orientation>
      </transform>
      <snapped>false</snapped>
      <childlist count="3">
        <childid>4</childid>
        <childid>3</childid>
        <childid>1</childid>
      </childlist>
    </blockref>
    <blockref>
      <blockid>flora_parts~, FE_muscle_branch_04</blockid>
      <transform>
        <limbtype>0</limbtype>
        <musclescale>0.425000</musclescale>
        <basemusclescale>3</basemusclescale>
        <scale>1</scale>
        <position>0,0,0.349999</position>
        <triangledirection>0.838287,-0.141391,0.526576</triangledirection>
        <trianglepickorigin>0,0,0</trianglepickorigin>
        <orientation>
          <row0>-0.0737824,-0.986324,-0.147379</row0>
          <row1>0.838287,-0.141391,0.526576</row1>
          <row2>-0.540213,-0.0846942,0.837255</row2>
        </orientation>
      </transform>
      <snapped>true</snapped>
      <childlist count="1">
        <childid>2</childid>
      </childlist>
      <handles count="1">
        <weight channel="longer">0.317331</weight>
      </handles>
    </blockref>
    <blockref>
      <blockid>Creature_parts~, ce_grasper_null</blockid>
      <transform>
        <basemusclescale>0.5</basemusclescale>
        <scale>1</scale>
        <position>-1.865666,0.314676,-0.821931</position>
        <triangledirection>-6.75207e-8,4.40806e-7,-1</triangledirection>
        <trianglepickorigin>0,0,0</trianglepickorigin>
        <orientation>
          <row0>1,-2.57043e-7,-6.75209e-8</row0>
          <row1>-6.75207e-8,4.40806e-7,-1</row1>
          <row2>2.57044e-7,1,4.40806e-7</row2>
        </orientation>
      </transform>
      <snapped>true</snapped>
    </blockref>
    <blockref>
      <blockid>flora_parts~, fe_muscle_branch_06</blockid>
      <transform>
        <limbtype>0</limbtype>
        <musclescale>0.5</musclescale>
        <basemusclescale>3</basemusclescale>
        <scale>1</scale>
        <position>0,0,0.349999</position>
        <triangledirection>0.258543,-0.647400,-0.716957</triangledirection>
        <trianglepickorigin>0,0,0</trianglepickorigin>
        <orientation>
          <row0>0.965076,0.140670,0.220994</row0>
          <row1>0.258543,-0.647400,-0.716957</row1>
          <row2>0.0422175,0.749055,-0.661160</row2>
        </orientation>
      </transform>
      <snapped>true</snapped>
      <childlist count="2">
        <childid>7</childid>
        <childid>6</childid>
      </childlist>
      <handles count="1">
        <weight channel="longer">0.162245</weight>
      </handles>
    </blockref>
    <blockref>
      <blockid>flora_parts~, fe_muscle_branch_06</blockid>
      <transform>
        <limbtype>0</limbtype>
        <musclescale>0.5</musclescale>
        <basemusclescale>3</basemusclescale>
        <scale>1</scale>
        <position>0,0,0.349999</position>
        <triangledirection>-0.470332,0.871867,-0.136511</triangledirection>
        <trianglepickorigin>0,0,0</trianglepickorigin>
        <orientation>
          <row0>0.786235,0.343737,-0.513496</row0>
          <row1>-0.470332,0.871867,-0.136511</row1>
          <row2>0.400776,0.348843,0.847163</row2>
        </orientation>
      </transform>
      <snapped>true</snapped>
      <childlist count="1">
        <childid>5</childid>
      </childlist>
      <handles count="1">
        <weight channel="longer">0.162245</weight>
      </handles>
    </blockref>
    <blockref>
      <blockid>flora_parts~, fe_muscle_branch_02</blockid>
      <transform>
        <limbtype>0</limbtype>
        <musclescale>0.524998</musclescale>
        <basemusclescale>2.799998</basemusclescale>
        <scale>1</scale>
        <position>0.588972,-1.091795,0.520946</position>
        <triangledirection>-0.760276,0.395488,-0.515334</triangledirection>
        <trianglepickorigin>0,0,0</trianglepickorigin>
        <orientation>
          <row0>0.599097,0.120205,-0.791601</row0>
          <row1>-0.760276,0.395488,-0.515334</row1>
          <row2>0.251123,0.910571,0.328325</row2>
        </orientation>
      </transform>
      <snapped>true</snapped>
      <childlist count="1">
        <childid>9</childid>
      </childlist>
      <handles count="1">
        <weight channel="longer">0.162245</weight>
      </handles>
    </blockref>
    <blockref>
      <blockid>flora_parts~, fe_muscle_branch_06</blockid>
      <transform>
        <limbtype>0</limbtype>
        <musclescale>0.5</musclescale>
        <basemusclescale>2.799998</basemusclescale>
        <scale>1</scale>
        <position>-0.323760,0.810706,1.247810</position>
        <triangledirection>0.710794,0.467775,0.525315</triangledirection>
        <trianglepickorigin>0,0,0</trianglepickorigin>
        <orientation>
          <row0>0.0927301,-0.802621,0.589236</row0>
          <row1>0.710794,0.467775,0.525315</row1>
          <row2>-0.697260,0.370113,0.613876</row2>
        </orientation>
      </transform>
      <snapped>true</snapped>
      <childlist count="1">
        <childid>32</childid>
      </childlist>
      <handles count="1">
        <weight channel="longer">0.162245</weight>
      </handles>
    </blockref>
    <blockref>
      <blockid>flora_parts~, fe_muscle_branch_06</blockid>
      <transform>
        <limbtype>0</limbtype>
        <musclescale>0.5</musclescale>
        <basemusclescale>2.799998</basemusclescale>
        <scale>1</scale>
        <position>-0.323760,0.810706,1.247810</position>
        <triangledirection>-0.303529,0.150693,-0.940830</triangledirection>
        <trianglepickorigin>0,0,0</trianglepickorigin>
        <orientation>
          <row0>-0.499200,-0.866199,0.0223120</row0>
          <row1>-0.303529,0.150693,-0.940830</row1>
          <row2>0.811583,-0.476435,-0.338142</row2>
        </orientation>
      </transform>
      <snapped>true</snapped>
      <childlist count="3">
        <childid>17</childid>
        <childid>10</childid>
        <childid>8</childid>
      </childlist>
      <handles count="1">
        <weight channel="longer">0.162245</weight>
      </handles>
    </blockref>
    <blockref>
      <blockid>flora_parts~, fe_muscle_branch_02</blockid>
      <transform>
        <limbtype>0</limbtype>
        <musclescale>0.524998</musclescale>
        <basemusclescale>2.799998</basemusclescale>
        <scale>1</scale>
        <position>0.0563343,0.621999,2.425965</position>
        <triangledirection>4.76836e-7,-3.72529e-7,-1</triangledirection>
        <trianglepickorigin>0,0,0</trianglepickorigin>
        <orientation>
          <row0>1,1.66893e-6,4.76836e-7</row0>
          <row1>4.76836e-7,-3.72529e-7,-1</row1>
          <row2>-1.66893e-6,1,-3.72529e-7</row2>
        </orientation>
      </transform>
      <snapped>true</snapped>
      <childlist count="1">
        <childid>40</childid>
      </childlist>
      <handles count="1">
        <weight channel="longer">0.162245</weight>
      </handles>
    </blockref>
    <blockref>
      <blockid>flora_parts~, FE_muscle_branch_03</blockid>
      <transform>
        <limbtype>0</limbtype>
        <musclescale>0.5</musclescale>
        <basemusclescale>1.449998</basemusclescale>
        <scale>1</scale>
        <position>1.541028,-1.587046,1.166274</position>
        <triangledirection>8.67992e-7,3.91155e-8,-1</triangledirection>
        <trianglepickorigin>0,0,0</trianglepickorigin>
        <orientation>
          <row0>1,-1.60932e-6,8.67991e-7</row0>
          <row1>8.67992e-7,3.91155e-8,-1</row1>
          <row2>1.60932e-6,1,3.91168e-8</row2>
        </orientation>
      </transform>
      <snapped>true</snapped>
      <childlist count="3">
        <childid>24</childid>
        <childid>23</childid>
        <childid>22</childid>
      </childlist>
      <handles count="1">
        <weight channel="longer">0.162245</weight>
      </handles>
    </blockref>
    <blockref>
      <blockid>flora_parts~, FE_muscle_branch_03</blockid>
      <transform>
        <limbtype>0</limbtype>
        <musclescale>0.5</musclescale>
        <basemusclescale>2.799998</basemusclescale>
        <scale>1</scale>
        <position>0.0563343,0.621999,2.425965</position>
        <triangledirection>0.288864,-0.659375,-0.694104</triangledirection>
        <trianglepickorigin>0,0,0</trianglepickorigin>
        <orientation>
          <row0>0.956550,0.168789,0.237742</row0>
          <row1>0.288864,-0.659375,-0.694104</row1>
          <row2>0.0396041,0.732621,-0.679483</row2>
        </orientation>
      </transform>
      <snapped>true</snapped>
      <childlist count="1">
        <childid>11</childid>
      </childlist>
      <handles count="1">
        <weight channel="longer">0.162245</weight>
      </handles>
    </blockref>
    <blockref>
      <blockid>flora_parts~, FE_muscle_branch_03</blockid>
      <transform>
        <limbtype>0</limbtype>
        <musclescale>0.5</musclescale>
        <basemusclescale>1</basemusclescale>
        <scale>1</scale>
        <position>-0.305395,1.447707,3.295163</position>
        <triangledirection>0.305106,-0.172678,-0.936532</triangledirection>
        <trianglepickorigin>0,0,0</trianglepickorigin>
        <orientation>
          <row0>0.952075,0.0330954,0.304067</row0>
          <row1>0.305106,-0.172678,-0.936532</row1>
          <row2>0.0215108,0.984422,-0.174500</row2>
        </orientation>
      </transform>
      <snapped>true</snapped>
      <childlist count="6">
        <childid>29</childid>
        <childid>16</childid>
        <childid>15</childid>
        <childid>14</childid>
        <childid>13</childid>
        <childid>12</childid>
      </childlist>
      <handles count="1">
        <weight channel="longer">0.162245</weight>
      </handles>
    </blockref>
    <blockref>
      <blockid>Creature_parts~, ce_grasper_null</blockid>
      <transform>
        <basemusclescale>1</basemusclescale>
        <scale>1</scale>
        <position>-0.687466,1.663941,4.467938</position>
        <triangledirection>0.596103,-0.340208,-0.727267</triangledirection>
        <trianglepickorigin>0,0,0</trianglepickorigin>
        <orientation>
          <row0>0.798133,0.349705,0.490600</row0>
          <row1>0.596103,-0.340208,-0.727267</row1>
          <row2>-0.0874233,0.872905,-0.479992</row2>
        </orientation>
      </transform>
      <snapped>true</snapped>
    </blockref>
    <blockref>
      <blockid>flora_parts~, fe_cap_02a</blockid>
      <transform>
        <scale>0,687288</scale>
        <position>-0.218384,1.609292,4.132688</position>
        <triangledirection>-0.958411,-0.216841,0.185546</triangledirection>
        <trianglepickorigin>0,0,0</trianglepickorigin>
        <orientation>
          <row0>-0.220672,0.975348,1.18464e-6</row0>
          <row1>-0.958411,-0.216841,0.185546</row1>
          <row2>0.180972,0.0409438,0.982635</row2>
        </orientation>
      </transform>
      <snapped>false</snapped>
    </blockref>
    <blockref>
      <blockid>flora_parts~, fe_cap_02a</blockid>
      <transform>
        <scale>0,687288</scale>
        <position>-0.484118,1.631825,4.423537</position>
        <triangledirection>-0.478538,-0.00295250,-0.878061</triangledirection>
        <trianglepickorigin>0,0,0</trianglepickorigin>
        <orientation>
          <row0>-0.00617229,0.999981,1.40420e-6</row0>
          <row1>-0.478538,-0.00295250,-0.878061</row1>
          <row2>-0.878044,-0.00542032,0.478547</row2>
        </orientation>
      </transform>
      <snapped>false</snapped>
    </blockref>
    <blockref>
      <blockid>flora_parts~, fe_cap_02a</blockid>
      <transform>
        <scale>0,687288</scale>
        <position>-0.533985,1.734325,4.505178</position>
        <triangledirection>-0.436848,-0.562353,-0.702084</triangledirection>
        <trianglepickorigin>0,0,0</trianglepickorigin>
        <orientation>
          <row0>-0.789718,0.613469,7.15255e-7</row0>
          <row1>-0.436848,-0.562353,-0.702084</row1>
          <row2>-0.430706,-0.554449,0.712093</row2>
        </orientation>
      </transform>
      <snapped>false</snapped>
    </blockref>
    <blockref>
      <blockid>flora_parts~, fe_cap_02a</blockid>
      <transform>
        <scale>0,687288</scale>
        <position>-0.206645,1.541010,4.132611</position>
        <triangledirection>-0.969906,0.175902,0.168344</triangledirection>
        <trianglepickorigin>0,0,0</trianglepickorigin>
        <orientation>
          <row0>0.178449,0.983949,1.35414e-6</row0>
          <row1>-0.969906,0.175902,0.168344</row1>
          <row2>0.165641,-0.0300421,0.985728</row2>
        </orientation>
      </transform>
      <snapped>false</snapped>
    </blockref>
    <blockref>
      <blockid>flora_parts~, fe_muscle_branch_06</blockid>
      <transform>
        <limbtype>0</limbtype>
        <musclescale>0.5</musclescale>
        <basemusclescale>2.799998</basemusclescale>
        <scale>1</scale>
        <position>0.0563343,0.621999,2.425965</position>
        <triangledirection>-0.997357,0.0550089,-0.0474606</triangledirection>
        <trianglepickorigin>0,0,0</trianglepickorigin>
        <orientation>
          <row0>0.0707849,0.882914,-0.464167</row0>
          <row1>-0.997357,0.0550089,-0.0474606</row1>
          <row2>-0.0163703,0.466300,0.884475</row2>
        </orientation>
      </transform>
      <snapped>true</snapped>
      <childlist count="1">
        <childid>18</childid>
      </childlist>
      <handles count="1">
        <weight channel="longer">0.162245</weight>
      </handles>
    </blockref>
    <blockref>
      <blockid>flora_parts~, fe_muscle_branch_02</blockid>
      <transform>
        <limbtype>0</limbtype>
        <musclescale>0.524998</musclescale>
        <basemusclescale>2.799998</basemusclescale>
        <scale>1</scale>
        <position>1.305274,0.553115,2.485396</position>
        <triangledirection>6.38793e-6,1.65960e-6,-1</triangledirection>
        <trianglepickorigin>0,0,0</trianglepickorigin>
        <orientation>
          <row0>1,2.30968e-6,6.38794e-6</row0>
          <row1>6.38793e-6,1.65960e-6,-1</row1>
          <row2>-2.30970e-6,1,1.65959e-6</row2>
        </orientation>
      </transform>
      <snapped>true</snapped>
      <childlist count="1">
        <childid>19</childid>
      </childlist>
      <handles count="1">
        <weight channel="longer">0.162245</weight>
      </handles>
    </blockref>
    <blockref>
      <blockid>flora_parts~, FE_muscle_branch_03</blockid>
      <transform>
        <limbtype>0</limbtype>
        <musclescale>0.5</musclescale>
        <basemusclescale>1.449998</basemusclescale>
        <scale>1</scale>
        <position>1.305265,0.553113,3.737649</position>
        <triangledirection>6.38793e-6,1.65960e-6,-1</triangledirection>
        <trianglepickorigin>0,0,0</trianglepickorigin>
        <orientation>
          <row0>1,2.30968e-6,6.38794e-6</row0>
          <row1>6.38793e-6,1.65960e-6,-1</row1>
          <row2>-2.30970e-6,1,1.65959e-6</row2>
        </orientation>
      </transform>
      <snapped>true</snapped>
      <childlist count="1">
        <childid>20</childid>
      </childlist>
      <handles count="1">
        <weight channel="longer">0.162245</weight>
      </handles>
    </blockref>
    <blockref>
      <blockid>flora_parts~, FE_muscle_branch_03</blockid>
      <transform>
        <limbtype>0</limbtype>
        <musclescale>0.5</musclescale>
        <basemusclescale>1</basemusclescale>
        <scale>1</scale>
        <position>1.305257,0.553111,4.989899</position>
        <triangledirection>6.38793e-6,1.65960e-6,-1</triangledirection>
        <trianglepickorigin>0,0,0</trianglepickorigin>
        <orientation>
          <row0>1,2.30968e-6,6.38794e-6</row0>
          <row1>6.38793e-6,1.65960e-6,-1</row1>
          <row2>-2.30970e-6,1,1.65959e-6</row2>
        </orientation>
      </transform>
      <snapped>true</snapped>
      <childlist count="4">
        <childid>28</childid>
        <childid>27</childid>
        <childid>26</childid>
        <childid>21</childid>
      </childlist>
      <handles count="1">
        <weight channel="longer">0.162245</weight>
      </handles>
    </blockref>
    <blockref>
      <blockid>Creature_parts~, ce_grasper_null</blockid>
      <transform>
        <basemusclescale>1</basemusclescale>
        <scale>1</scale>
        <position>1.305250,0.553109,6.242147</position>
        <triangledirection>6.38793e-6,1.65960e-6,-1</triangledirection>
        <trianglepickorigin>0,0,0</trianglepickorigin>
        <orientation>
          <row0>1,2.30968e-6,6.38794e-6</row0>
          <row1>6.38793e-6,1.65960e-6,-1</row1>
          <row2>-2.30970e-6,1,1.65959e-6</row2>
        </orientation>
      </transform>
      <snapped>true</snapped>
    </blockref>
    <blockref>
      <blockid>Creature_parts~, ce_grasper_null</blockid>
      <transform>
        <basemusclescale>1</basemusclescale>
        <scale>1</scale>
        <position>1.541028,-1.587046,2.418524</position>
        <triangledirection>8.67992e-7,3.91155e-8,-1</triangledirection>
        <trianglepickorigin>0,0,0</trianglepickorigin>
        <orientation>
          <row0>1,-1.60932e-6,8.67991e-7</row0>
          <row1>8.67992e-7,3.91155e-8,-1</row1>
          <row2>1.60932e-6,1,3.91168e-8</row2>
        </orientation>
      </transform>
      <snapped>true</snapped>
    </blockref>
    <blockref>
      <blockid>flora_parts~, FE_leaf_23</blockid>
      <transform>
        <scale>3,578702</scale>
        <position>1.485710,-1.450699,2.364905</position>
        <triangledirection>0.452754,-0.877815,-0.156377</triangledirection>
        <trianglepickorigin>0,0,0</trianglepickorigin>
        <orientation>
          <row0>-0.888749,-0.458393,-4.69386e-7</row0>
          <row1>0.452754,-0.877815,-0.156377</row1>
          <row2>0.0716818,-0.138980,0.987697</row2>
        </orientation>
      </transform>
      <snapped>false</snapped>
      <childlist count="1">
        <childid>25</childid>
      </childlist>
      <handles count="4">
        <weight channel="DeformAxisForward">0.333299</weight>
        <weight channel="DeformAxisLeft">0</weight>
        <weight channel="DeformAxisRight">0.5</weight>
        <weight channel="DeformAxisUp">0.346900</weight>
      </handles>
    </blockref>
    <blockref>
      <blockid>flora_parts~, FE_leaf_23</blockid>
      <transform>
        <scale>3,080216</scale>
        <position>1.906565,-1.600592,2.194008</position>
        <triangledirection>-0.874697,-0.107790,-0.472531</triangledirection>
        <trianglepickorigin>0,0,0</trianglepickorigin>
        <orientation>
          <row0>-0.122306,0.992492,-5.96046e-8</row0>
          <row1>-0.874697,-0.107790,-0.472531</row1>
          <row2>-0.468983,-0.0577933,0.881313</row2>
        </orientation>
      </transform>
      <snapped>false</snapped>
      <handles count="4">
        <weight channel="DeformAxisForward">0.333299</weight>
        <weight channel="DeformAxisLeft">0</weight>
        <weight channel="DeformAxisRight">0.5</weight>
        <weight channel="DeformAxisUp">0.346900</weight>
      </handles>
    </blockref>
    <blockref>
      <blockid>flora_parts~, FE_leaf_23</blockid>
      <transform>
        <scale>3,080216</scale>
        <position>1.221640,-1.457256,2.444987</position>
        <triangledirection>0.569431,0.389283,-0.724021</triangledirection>
        <trianglepickorigin>0,0,0</trianglepickorigin>
        <orientation>
          <row0>0.564360,-0.825528,-4.02331e-7</row0>
          <row1>0.569431,0.389283,-0.724021</row1>
          <row2>0.597700,0.408608,0.689777</row2>
        </orientation>
      </transform>
      <snapped>false</snapped>
      <childlist count="1">
        <childid>30</childid>
      </childlist>
      <handles count="4">
        <weight channel="DeformAxisForward">0.333299</weight>
        <weight channel="DeformAxisLeft">0</weight>
        <weight channel="DeformAxisRight">0.5</weight>
        <weight channel="DeformAxisUp">0.346900</weight>
      </handles>
    </blockref>
    <blockref>
      <blockid>flora_parts~, FE_leaf_23</blockid>
      <transform>
        <scale>3,080216</scale>
        <position>1.635362,0.546782,5.969079</position>
        <triangledirection>-0.913012,-0.153105,-0.378109</triangledirection>
        <trianglepickorigin>0,0,0</trianglepickorigin>
        <orientation>
          <row0>-0.165383,0.986229,1.22934e-6</row0>
          <row1>-0.913012,-0.153105,-0.378109</row1>
          <row2>-0.372902,-0.0625341,0.925760</row2>
        </orientation>
      </transform>
      <snapped>false</snapped>
      <handles count="4">
        <weight channel="DeformAxisForward">0.333299</weight>
        <weight channel="DeformAxisLeft">0</weight>
        <weight channel="DeformAxisRight">0.5</weight>
        <weight channel="DeformAxisUp">0.346900</weight>
      </handles>
    </blockref>
    <blockref>
      <blockid>flora_parts~, FE_leaf_23</blockid>
      <transform>
        <scale>3,080216</scale>
        <position>1.341292,0.698314,6.151086</position>
        <triangledirection>0.110022,-0.984652,-0.135476</triangledirection>
        <trianglepickorigin>0,0,0</trianglepickorigin>
        <orientation>
          <row0>-0.993815,-0.111044,-6.54254e-6</row0>
          <row1>0.110022,-0.984652,-0.135476</row1>
          <row2>0.0150375,-0.134638,0.990780</row2>
        </orientation>
      </transform>
      <snapped>false</snapped>
      <handles count="4">
        <weight channel="DeformAxisForward">0.333299</weight>
        <weight channel="DeformAxisLeft">0</weight>
        <weight channel="DeformAxisRight">0.5</weight>
        <weight channel="DeformAxisUp">0.346900</weight>
      </handles>
    </blockref>
    <blockref>
      <blockid>flora_parts~, FE_leaf_23</blockid>
      <transform>
        <scale>3,080216</scale>
        <position>1.366907,0.386450,6.033692</position>
        <triangledirection>0.346000,0.928014,-0.138103</triangledirection>
        <trianglepickorigin>0,0,0</trianglepickorigin>
        <orientation>
          <row0>0.936993,-0.349347,5.10737e-6</row0>
          <row1>0.346000,0.928014,-0.138103</row1>
          <row2>0.0482411,0.129403,0.990417</row2>
        </orientation>
      </transform>
      <snapped>false</snapped>
      <childlist count="1">
        <childid>31</childid>
      </childlist>
      <handles count="4">
        <weight channel="DeformAxisForward">0.333299</weight>
        <weight channel="DeformAxisLeft">0</weight>
        <weight channel="DeformAxisRight">0.5</weight>
        <weight channel="DeformAxisUp">0.346900</weight>
      </handles>
    </blockref>
    <blockref>
      <blockid>flora_parts~, FE_leaf_12</blockid>
      <transform>
        <scale>2,281880</scale>
        <position>-0.690667,1.737574,4.531610</position>
        <triangledirection>-0.245488,-0.476710,-0.844085</triangledirection>
        <trianglepickorigin>0,0,0</trianglepickorigin>
        <orientation>
          <row0>-0.955910,-0.293656,-5.51342e-7</row0>
          <row1>0.203876,-0.663655,-0.719718</row1>
          <row2>0.211350,-0.687987,0.694265</row2>
        </orientation>
        <userorientation>
          <userorientation_row0>0.919084,-0.394060,4.47034e-8</userorientation_row0>
          <userorientation_row1>0.374655,0.873827,-0.309933</userorientation_row1>
          <userorientation_row2>0.122132,0.284855,0.950758</userorientation_row2>
        </userorientation>
      </transform>
      <snapped>false</snapped>
      <handles count="3">
        <weight channel="DeformAxisForwardb">0.5</weight>
        <weight channel="DeformAxisForward">0.333299</weight>
        <weight channel="DeformAxisLeft">0.400534</weight>
      </handles>
    </blockref>
    <blockref>
      <blockid>flora_parts~, FE_leaf_12</blockid>
      <transform>
        <scale>2,857651</scale>
        <position>1.074295,-1.415377,2.534271</position>
        <triangledirection>0.000663429,-0.148705,-0.988880</triangledirection>
        <trianglepickorigin>0,0,0</trianglepickorigin>
        <orientation>
          <row0>-0.222167,-0.975008,-3.57627e-7</row0>
          <row1>0.926191,-0.211044,0.312456</row1>
          <row2>-0.304647,0.0694173,0.949932</row2>
        </orientation>
        <userorientation>
          <userorientation_row0>0.0273420,-0.958531,0.283672</userorientation_row0>
          <userorientation_row1>0.144841,-0.276984,-0.949894</userorientation_row1>
          <userorientation_row2>0.989076,0.0670600,0.131263</userorientation_row2>
        </userorientation>
      </transform>
      <snapped>false</snapped>
      <handles count="3">
        <weight channel="DeformAxisForwardb">0.5</weight>
        <weight channel="DeformAxisForward">0.333299</weight>
        <weight channel="DeformAxisLeft">0.400534</weight>
      </handles>
    </blockref>
    <blockref>
      <blockid>flora_parts~, FE_leaf_12</blockid>
      <transform>
        <scale>2,857651</scale>
        <position>1.212005,0.351965,6.037172</position>
        <triangledirection>0.0643772,0.0202345,-0.997719</triangledirection>
        <trianglepickorigin>0,0,0</trianglepickorigin>
        <orientation>
          <row0>0.0630780,-0.998008,-1.85146e-6</row0>
          <row1>0.761744,0.0481440,0.646086</row1>
          <row2>-0.644799,-0.0407552,0.763264</row2>
        </orientation>
        <userorientation>
          <userorientation_row0>-0.167488,-0.790996,0.588446</userorientation_row0>
          <userorientation_row1>-0.0161315,-0.594599,-0.803859</userorientation_row1>
          <userorientation_row2>0.985742,-0.144128,0.0868283</userorientation_row2>
        </userorientation>
      </transform>
      <snapped>false</snapped>
      <handles count="3">
        <weight channel="DeformAxisForwardb">0.5</weight>
        <weight channel="DeformAxisForward">0.333299</weight>
        <weight channel="DeformAxisLeft">0.400534</weight>
      </handles>
    </blockref>
    <blockref>
      <blockid>flora_parts~, FE_muscle_branch_03</blockid>
      <transform>
        <limbtype>0</limbtype>
        <musclescale>0.5</musclescale>
        <basemusclescale>2.799998</basemusclescale>
        <scale>1</scale>
        <position>-1.213853,0.224933,0.589982</position>
        <triangledirection>-0.875273,0.471208,0.108900</triangledirection>
        <trianglepickorigin>0,0,0</trianglepickorigin>
        <orientation>
          <row0>-0.437713,-0.867593,0.235983</row0>
          <row1>-0.875273,0.471208,0.108900</row1>
          <row2>-0.205678,-0.158883,-0.965635</row2>
        </orientation>
      </transform>
      <snapped>true</snapped>
      <childlist count="1">
        <childid>33</childid>
      </childlist>
      <handles count="1">
        <weight channel="longer">0.162245</weight>
      </handles>
    </blockref>
    <blockref>
      <blockid>flora_parts~, FE_muscle_branch_03</blockid>
      <transform>
        <limbtype>0</limbtype>
        <musclescale>0.5</musclescale>
        <basemusclescale>1</basemusclescale>
        <scale>1</scale>
        <position>-0.117791,-0.365135,0.453611</position>
        <triangledirection>-0.409488,0.161450,-0.897916</triangledirection>
        <trianglepickorigin>0,0,0</trianglepickorigin>
        <orientation>
          <row0>0.910611,0.0121994,-0.413084</row0>
          <row1>-0.409488,0.161450,-0.897916</row1>
          <row2>0.0557383,0.986805,0.152013</row2>
        </orientation>
      </transform>
      <snapped>true</snapped>
      <childlist count="6">
        <childid>39</childid>
        <childid>38</childid>
        <childid>37</childid>
        <childid>36</childid>
        <childid>35</childid>
        <childid>34</childid>
      </childlist>
      <handles count="1">
        <weight channel="longer">0.162245</weight>
      </handles>
    </blockref>
    <blockref>
      <blockid>Creature_parts~, ce_grasper_null</blockid>
      <transform>
        <basemusclescale>1</basemusclescale>
        <scale>1</scale>
        <position>0.394989,-0.567312,1.578028</position>
        <triangledirection>0.596104,-0.340208,-0.727267</triangledirection>
        <trianglepickorigin>0,0,0</trianglepickorigin>
        <orientation>
          <row0>0.798133,0.349706,0.490600</row0>
          <row1>0.596104,-0.340208,-0.727267</row1>
          <row2>-0.0874234,0.872905,-0.479992</row2>
        </orientation>
      </transform>
      <snapped>true</snapped>
    </blockref>
    <blockref>
      <blockid>flora_parts~, fe_cap_02a</blockid>
      <transform>
        <scale>0,687288</scale>
        <position>0.516984,-0.473214,1.019744</position>
        <triangledirection>-0.625359,-0.342694,0.701060</triangledirection>
        <trianglepickorigin>0,0,0</trianglepickorigin>
        <orientation>
          <row0>-0.0121323,0.902569,0.430374</row0>
          <row1>-0.625359,-0.342694,0.701060</row1>
          <row2>0.780242,-0.260632,0.568587</row2>
        </orientation>
      </transform>
      <snapped>false</snapped>
    </blockref>
    <blockref>
      <blockid>flora_parts~, fe_cap_02a</blockid>
      <transform>
        <scale>0,687288</scale>
        <position>0.512235,-0.566744,1.403077</position>
        <triangledirection>-0.927444,0.238633,-0.287924</triangledirection>
        <trianglepickorigin>0,0,0</trianglepickorigin>
        <orientation>
          <row0>0.151127,0.943432,0.295119</row0>
          <row1>-0.927444,0.238633,-0.287924</row1>
          <row2>-0.342062,-0.230193,0.911045</row2>
        </orientation>
      </transform>
      <snapped>false</snapped>
    </blockref>
    <blockref>
      <blockid>flora_parts~, fe_cap_02a</blockid>
      <transform>
        <scale>0,687288</scale>
        <position>0.544252,-0.500182,1.522252</position>
        <triangledirection>-0.869065,-0.342253,-0.357193</triangledirection>
        <trianglepickorigin>0,0,0</trianglepickorigin>
        <orientation>
          <row0>-0.491415,0.514252,0.702890</row0>
          <row1>-0.869065,-0.342253,-0.357193</row1>
          <row2>0.0568788,-0.786388,0.615108</row2>
        </orientation>
      </transform>
      <snapped>false</snapped>
    </blockref>
    <blockref>
      <blockid>flora_parts~, fe_cap_02a</blockid>
      <transform>
        <scale>0,687288</scale>
        <position>0.515026,-0.536681,0.992025</position>
        <triangledirection>-0.583939,0.0325948,0.811142</triangledirection>
        <trianglepickorigin>0,0,0</trianglepickorigin>
        <orientation>
          <row0>0.285847,0.943457,0.167869</row0>
          <row1>-0.583939,0.0325948,0.811142</row1>
          <row2>0.759806,-0.329888,0.560238</row2>
        </orientation>
      </transform>
      <snapped>false</snapped>
    </blockref>
    <blockref>
      <blockid>flora_parts~, FE_leaf_12</blockid>
      <transform>
        <scale>1,454990</scale>
        <position>0.445506,-0.518429,1.645438</position>
        <triangledirection>-0.190658,-0.100219,-0.976526</triangledirection>
        <trianglepickorigin>0,0,0</trianglepickorigin>
        <orientation>
          <row0>-0.756190,-0.355682,0.549241</row0>
          <row1>-0.420107,-0.379636,-0.824248</row1>
          <row2>0.501682,-0.854029,0.137652</row2>
        </orientation>
        <userorientation>
          <userorientation_row0>0.921855,0.322412,-0.215017</userorientation_row0>
          <userorientation_row1>-0.356528,0.923045,-0.144481</userorientation_row1>
          <userorientation_row2>0.151888,0.209850,0.965863</userorientation_row2>
        </userorientation>
      </transform>
      <snapped>false</snapped>
      <handles count="3">
        <weight channel="DeformAxisForwardb">0.5</weight>
        <weight channel="DeformAxisForward">0.333299</weight>
        <weight channel="DeformAxisLeft">0.400534</weight>
      </handles>
    </blockref>
    <blockref>
      <blockid>Creature_parts~, ce_grasper_null</blockid>
      <transform>
        <basemusclescale>1.449998</basemusclescale>
        <scale>1</scale>
        <position>0.0563340,0.622000,3.678215</position>
        <triangledirection>0.308018,0.510100,-0.803070</triangledirection>
        <trianglepickorigin>0,0,0</trianglepickorigin>
        <orientation>
          <row0>0.951352,-0.158678,0.264101</row0>
          <row1>0.308018,0.510100,-0.803070</row1>
          <row2>-0.00728854,0.845351,0.534161</row2>
        </orientation>
      </transform>
      <snapped>true</snapped>
    </blockref>
  </blocks></sporemodel>