spore0006438f63474066620007730cd9b9fea735ffffffffffffffffffffffffffffffff0000000ec178f7e10dsporeautotestfffffffffffffffe07Vorxena00006gaprop00<?xml version="1.0" encoding="UTF-8"?><sporemodel>
  <properties>
    <modeltype>PlantLarge</modeltype>
    <skineffectseed1>1234</skineffectseed1>
    <skineffectseed2>1234</skineffectseed2>
    <skineffectseed3>1234</skineffectseed3>
    <skincolor1>0.576469,0.560783,0.341175</skincolor1>
    <skincolor2>0.317647,0.443136,0.141176</skincolor2>
    <skincolor3>0.219607,0.443136,0.203921</skincolor3>
    <zcorpscore>14</zcorpscore>
  </properties>
  <blocks count="26">
    <blockref>
      <blockid>flora_parts~, fe_root_dummy</blockid>
      <transform>
        <scale>0,927743</scale>
        <position>0,0,0.349999</position>
        <triangledirection>0,1,0</triangledirection>
        <trianglepickorigin>0,0,0</trianglepickorigin>
        <orientation>
          <row0>1,0,0</row0>
          <row1>0,1,0</row1>
          <row2>0,0,1</row2>
        </orientation>
      </transform>
      <snapped>false</snapped>
      <childlist count="4">
        <childid>8</childid>
        <childid>7</childid>
        <childid>3</childid>
        <childid>1</childid>
      </childlist>
    </blockref>
    <blockref>
      <blockid>flora_parts~, FE_muscle_branch_04</blockid>
      <transform>
        <limbtype>0</limbtype>
        <musclescale>0.425000</musclescale>
        <basemusclescale>3</basemusclescale>
        <scale>1</scale>
        <position>0,0,0.349999</position>
        <triangledirection>-0.00436395,0.0160355,0.999861</triangledirection>
        <trianglepickorigin>0,0,0</trianglepickorigin>
        <orientation>
          <row0>-0.0934407,-0.995503,0.0155577</row0>
          <row1>-0.00436395,0.0160355,0.999861</row1>
          <row2>-0.995615,0.0933599,-0.00584269</row2>
        </orientation>
      </transform>
      <snapped>true</snapped>
      <childlist count="6">
        <childid>15</childid>
        <childid>14</childid>
        <childid>13</childid>
        <childid>12</childid>
        <childid>9</childid>
        <childid>2</childid>
      </childlist>
      <handles count="1">
        <weight channel="longer">0.317331</weight>
      </handles>
    </blockref>
    <blockref>
      <blockid>Creature_parts~, ce_grasper_null</blockid>
      <transform>
        <basemusclescale>0.5</basemusclescale>
        <scale>1</scale>
        <position>0.00971188,-0.0356891,-1.875264</position>
        <triangledirection>-3.77184e-8,4.03553e-7,-1</triangledirection>
        <trianglepickorigin>0,0,0</trianglepickorigin>
        <orientation>
          <row0>1,-2.08615e-7,-3.77185e-8</row0>
          <row1>-3.77184e-8,4.03553e-7,-1</row1>
          <row2>2.08615e-7,1,4.03553e-7</row2>
        </orientation>
      </transform>
      <snapped>true</snapped>
    </blockref>
    <blockref>
      <blockid>flora_parts~, fe_muscle_branch_01</blockid>
      <transform>
        <limbtype>0</limbtype>
        <musclescale>1</musclescale>
        <basemusclescale>3</basemusclescale>
        <scale>1</scale>
        <position>0,0,0.349999</position>
        <triangledirection>-0.414997,-0.204836,-0.886464</triangledirection>
        <trianglepickorigin>0,0,0</trianglepickorigin>
        <orientation>
          <row0>0.741817,0.487934,-0.460028</row0>
          <row1>-0.414997,-0.204836,-0.886464</row1>
          <row2>-0.526767,0.848505,0.0505404</row2>
        </orientation>
      </transform>
      <snapped>true</snapped>
      <childlist count="2">
        <childid>16</childid>
        <childid>4</childid>
      </childlist>
      <handles count="1">
        <weight channel="longer">0.00555498</weight>
      </handles>
    </blockref>
    <blockref>
      <blockid>flora_parts~, fe_muscle_branch_01</blockid>
      <transform>
        <limbtype>0</limbtype>
        <musclescale>1</musclescale>
        <basemusclescale>1.25</basemusclescale>
        <scale>1</scale>
        <position>0.111577,0.0550730,0.588336</position>
        <triangledirection>0.986902,-0.0625241,0.148707</triangledirection>
        <trianglepickorigin>0,0,0</trianglepickorigin>
        <orientation>
          <row0>-0.158214,-0.195229,0.967912</row0>
          <row1>0.986902,-0.0625241,0.148707</row1>
          <row2>0.0314857,0.978762,0.202565</row2>
        </orientation>
      </transform>
      <snapped>true</snapped>
      <childlist count="1">
        <childid>5</childid>
      </childlist>
      <handles count="1">
        <weight channel="longer">0.0967068</weight>
      </handles>
    </blockref>
    <blockref>
      <blockid>flora_parts~, fe_muscle_branch_01</blockid>
      <transform>
        <limbtype>0</limbtype>
        <musclescale>1</musclescale>
        <basemusclescale>0.800000</basemusclescale>
        <scale>1</scale>
        <position>-0.718340,0.107651,0.463283</position>
        <triangledirection>1.49011e-8,-1.49011e-7,-1</triangledirection>
        <trianglepickorigin>0,0,0</trianglepickorigin>
        <orientation>
          <row0>0.992234,0.124380,-3.74861e-9</row0>
          <row1>1.49011e-8,-1.49011e-7,-1</row1>
          <row2>-0.124380,0.992234,-1.49707e-7</row2>
        </orientation>
      </transform>
      <snapped>true</snapped>
      <childlist count="1">
        <childid>6</childid>
      </childlist>
      <handles count="1">
        <weight channel="longer">0.0967068</weight>
      </handles>
    </blockref>
    <blockref>
      <blockid>Creature_parts~, ce_grasper_null</blockid>
      <transform>
        <basemusclescale>0.400000</basemusclescale>
        <scale>1</scale>
        <position>-0.718340,0.107651,1.304216</position>
        <triangledirection>-0.564659,0.779420,-0.271408</triangledirection>
        <trianglepickorigin>0,0,0</trianglepickorigin>
        <orientation>
          <row0>0.340904,0.519749,0.783354</row0>
          <row1>-0.564659,0.779420,-0.271408</row1>
          <row2>-0.751627,-0.349804,0.559189</row2>
        </orientation>
      </transform>
      <snapped>true</snapped>
    </blockref>
    <blockref>
      <blockid>flora_parts~, FE_muscle_branch_04</blockid>
      <transform>
        <limbtype>0</limbtype>
        <musclescale>0.5</musclescale>
        <basemusclescale>3</basemusclescale>
        <scale>1</scale>
        <position>0,0,0.349999</position>
        <triangledirection>-0.838241,0.540022,0.0756695</triangledirection>
        <trianglepickorigin>0,0,0</trianglepickorigin>
        <orientation>
          <row0>0.220446,0.462517,-0.858767</row0>
          <row1>-0.838241,0.540022,0.0756695</row1>
          <row2>0.498752,0.703173,0.506747</row2>
        </orientation>
      </transform>
      <snapped>true</snapped>
      <childlist count="1">
        <childid>11</childid>
      </childlist>
      <handles count="1">
        <weight channel="longer">0.162245</weight>
      </handles>
    </blockref>
    <blockref>
      <blockid>flora_parts~, FE_muscle_branch_04</blockid>
      <transform>
        <limbtype>0</limbtype>
        <musclescale>0.5</musclescale>
        <basemusclescale>3</basemusclescale>
        <scale>1</scale>
        <position>0,0,0.349999</position>
        <triangledirection>0.447417,0.885457,0.125626</triangledirection>
        <trianglepickorigin>0,0,0</trianglepickorigin>
        <orientation>
          <row0>0.685908,-0.429886,0.587134</row0>
          <row1>0.447417,0.885457,0.125626</row1>
          <row2>-0.573888,0.176526,0.799681</row2>
        </orientation>
      </transform>
      <snapped>true</snapped>
      <childlist count="2">
        <childid>21</childid>
        <childid>10</childid>
      </childlist>
      <handles count="1">
        <weight channel="longer">0.162245</weight>
      </handles>
    </blockref>
    <blockref>
      <blockid>flora_parts~, FE_leaf_08</blockid>
      <transform>
        <scale>1</scale>
        <position>-0.358574,0.106168,-0.778982</position>
        <triangledirection>0.991450,-0.103178,0.0798761</triangledirection>
        <trianglepickorigin>0,0,0</trianglepickorigin>
        <orientation>
          <row0>-0.103508,-0.994628,7.35744e-8</row0>
          <row1>0.991450,-0.103178,0.0798761</row1>
          <row2>-0.0794470,0.00826795,0.996804</row2>
        </orientation>
      </transform>
      <snapped>false</snapped>
      <handles count="4">
        <weight channel="DeformAxisLeft">1</weight>
        <weight channel="DeformAxisRight">0</weight>
        <weight channel="DeformAxisForward">1</weight>
        <weight channel="DeformAxisUp">1</weight>
      </handles>
    </blockref>
    <blockref>
      <blockid>Creature_parts~, ce_grasper_null</blockid>
      <transform>
        <basemusclescale>1</basemusclescale>
        <scale>1</scale>
        <position>-0.560277,-1.108814,0.192682</position>
        <triangledirection>0.447417,0.885457,0.125626</triangledirection>
        <trianglepickorigin>0,0,0</trianglepickorigin>
        <orientation>
          <row0>0.685908,-0.429886,0.587134</row0>
          <row1>0.447417,0.885457,0.125626</row1>
          <row2>-0.573888,0.176526,0.799681</row2>
        </orientation>
      </transform>
      <snapped>true</snapped>
    </blockref>
    <blockref>
      <blockid>Creature_parts~, ce_grasper_null</blockid>
      <transform>
        <basemusclescale>1</basemusclescale>
        <scale>1</scale>
        <position>1.049687,-0.676242,0.255241</position>
        <triangledirection>-0.838241,0.540022,0.0756695</triangledirection>
        <trianglepickorigin>0,0,0</trianglepickorigin>
        <orientation>
          <row0>0.220446,0.462517,-0.858767</row0>
          <row1>-0.838241,0.540022,0.0756695</row1>
          <row2>0.498752,0.703173,0.506747</row2>
        </orientation>
      </transform>
      <snapped>true</snapped>
    </blockref>
    <blockref>
      <blockid>flora_parts~, FE_leaf_08</blockid>
      <transform>
        <scale>1</scale>
        <position>0.163736,-0.384267,-0.394783</position>
        <triangledirection>-0.414096,0.808838,0.417497</triangledirection>
        <trianglepickorigin>0,0,0</trianglepickorigin>
        <orientation>
          <row0>0.890126,0.455713,-2.98023e-7</row0>
          <row1>-0.414096,0.808838,0.417497</row1>
          <row2>0.190259,-0.371625,0.908678</row2>
        </orientation>
      </transform>
      <snapped>false</snapped>
      <handles count="4">
        <weight channel="DeformAxisLeft">1</weight>
        <weight channel="DeformAxisRight">0</weight>
        <weight channel="DeformAxisForward">1</weight>
        <weight channel="DeformAxisUp">1</weight>
      </handles>
    </blockref>
    <blockref>
      <blockid>flora_parts~, FE_leaf_08</blockid>
      <transform>
        <scale>1</scale>
        <position>0.146778,0.351889,-0.652376</position>
        <triangledirection>-0.592590,-0.805321,0.0171669</triangledirection>
        <trianglepickorigin>0,0,0</trianglepickorigin>
        <orientation>
          <row0>-0.805439,0.592677,-2.42143e-8</row0>
          <row1>-0.592590,-0.805321,0.0171669</row1>
          <row2>0.0101744,0.0138269,0.999852</row2>
        </orientation>
      </transform>
      <snapped>false</snapped>
      <handles count="4">
        <weight channel="DeformAxisLeft">1</weight>
        <weight channel="DeformAxisRight">0</weight>
        <weight channel="DeformAxisForward">1</weight>
        <weight channel="DeformAxisUp">1</weight>
      </handles>
    </blockref>
    <blockref>
      <blockid>flora_parts~, FE_leaf_08</blockid>
      <transform>
        <scale>1</scale>
        <position>-0.264669,-0.308055,-0.401117</position>
        <triangledirection>0.677523,0.657945,0.328739</triangledirection>
        <trianglepickorigin>0,0,0</trianglepickorigin>
        <orientation>
          <row0>0.696665,-0.717395,1.04308e-7</row0>
          <row1>0.677523,0.657945,0.328739</row1>
          <row2>-0.235836,-0.229021,0.944420</row2>
        </orientation>
      </transform>
      <snapped>false</snapped>
      <handles count="4">
        <weight channel="DeformAxisLeft">1</weight>
        <weight channel="DeformAxisRight">0</weight>
        <weight channel="DeformAxisForward">1</weight>
        <weight channel="DeformAxisUp">1</weight>
      </handles>
    </blockref>
    <blockref>
      <blockid>flora_parts~, FE_leaf_08</blockid>
      <transform>
        <scale>1</scale>
        <position>0.347250,-0.0396954,-0.447239</position>
        <triangledirection>-0.937769,0.0135592,0.346993</triangledirection>
        <trianglepickorigin>0,0,0</trianglepickorigin>
        <orientation>
          <row0>0.0144575,0.999895,9.26665e-8</row0>
          <row1>-0.937769,0.0135592,0.346993</row1>
          <row2>0.346956,-0.00501674,0.937867</row2>
        </orientation>
      </transform>
      <snapped>false</snapped>
      <handles count="4">
        <weight channel="DeformAxisLeft">1</weight>
        <weight channel="DeformAxisRight">0</weight>
        <weight channel="DeformAxisForward">1</weight>
        <weight channel="DeformAxisUp">1</weight>
      </handles>
    </blockref>
    <blockref>
      <blockid>flora_parts~, FE_leaf_21</blockid>
      <transform>
        <scale>1,454990</scale>
        <position>0.0926363,-0.260426,0.869965</position>
        <triangledirection>0.0689969,0.0414388,-0.996755</triangledirection>
        <trianglepickorigin>0,0,0</trianglepickorigin>
        <orientation>
          <row0>0.827179,0.561938,0</row0>
          <row1>-0.293932,0.432671,-0.852290</row1>
          <row2>-0.478934,0.704997,0.523068</row2>
        </orientation>
        <userorientation>
          <userorientation_row0>0.995531,-0.0944312,-4.84287e-8</userorientation_row0>
          <userorientation_row1>0.0803589,0.847173,-0.525201</userorientation_row1>
          <userorientation_row2>0.0495955,0.522854,0.850976</userorientation_row2>
        </userorientation>
      </transform>
      <snapped>false</snapped>
      <childlist count="4">
        <childid>20</childid>
        <childid>19</childid>
        <childid>18</childid>
        <childid>17</childid>
      </childlist>
      <handles count="4">
        <weight channel="Bend_vert">0.546772</weight>
        <weight channel="Length">1</weight>
        <weight channel="tweak_sideways">0.5</weight>
        <weight channel="WidthHeight">0</weight>
      </handles>
    </blockref>
    <blockref>
      <blockid>flora_parts~, fe_cap_01a</blockid>
      <transform>
        <scale>0,591554</scale>
        <position>-0.115588,-0.231235,3.789503</position>
        <triangledirection>-0.507691,0.828238,-0.237213</triangledirection>
        <trianglepickorigin>0,0,0</trianglepickorigin>
        <orientation>
          <row0>0.852573,0.522607,-5.96046e-7</row0>
          <row1>-0.507691,0.828238,-0.237213</row1>
          <row2>-0.123968,0.202241,0.971457</row2>
        </orientation>
      </transform>
      <snapped>false</snapped>
    </blockref>
    <blockref>
      <blockid>flora_parts~, fe_cap_01a</blockid>
      <transform>
        <scale>0,591554</scale>
        <position>-0.133322,-0.108158,4.125617</position>
        <triangledirection>-0.464380,0.802500,-0.374625</triangledirection>
        <trianglepickorigin>0,0,0</trianglepickorigin>
        <orientation>
          <row0>0.865531,0.500854,4.47034e-8</row0>
          <row1>-0.464380,0.802500,-0.374625</row1>
          <row2>-0.187633,0.324250,0.927176</row2>
        </orientation>
      </transform>
      <snapped>false</snapped>
    </blockref>
    <blockref>
      <blockid>flora_parts~, fe_cap_01a</blockid>
      <transform>
        <scale>0,591554</scale>
        <position>-0.0706254,-0.0636800,4.114923</position>
        <triangledirection>-0.938998,0.0679316,-0.337145</triangledirection>
        <trianglepickorigin>0,0,0</trianglepickorigin>
        <orientation>
          <row0>0.0721562,0.997393,-3.72529e-9</row0>
          <row1>-0.938998,0.0679316,-0.337145</row1>
          <row2>-0.336266,0.0243271,0.941452</row2>
        </orientation>
      </transform>
      <snapped>false</snapped>
    </blockref>
    <blockref>
      <blockid>flora_parts~, fe_cap_01a</blockid>
      <transform>
        <scale>0,591554</scale>
        <position>-0.195682,-0.0751025,4.274405</position>
        <triangledirection>-0.467626,0.801126,-0.373526</triangledirection>
        <trianglepickorigin>0,0,0</trianglepickorigin>
        <orientation>
          <row0>0.863637,0.504114,-7.15255e-7</row0>
          <row1>-0.467626,0.801126,-0.373526</row1>
          <row2>-0.188299,0.322591,0.927619</row2>
        </orientation>
      </transform>
      <snapped>false</snapped>
    </blockref>
    <blockref>
      <blockid>flora_parts~, FE_leaf_21</blockid>
      <transform>
        <scale>1,454990</scale>
        <position>0.298502,0.0277059,0.828899</position>
        <triangledirection>-0.0894607,-0.0304464,-0.995524</triangledirection>
        <trianglepickorigin>0,0,0</trianglepickorigin>
        <orientation>
          <row0>-0.0722067,0.997389,2.98023e-8</row0>
          <row1>-0.551105,-0.0398976,-0.833481</row1>
          <row2>-0.831305,-0.0601829,0.552547</row2>
        </orientation>
        <userorientation>
          <userorientation_row0>0.504631,0.419813,0.754387</userorientation_row0>
          <userorientation_row1>-0.0239073,0.880267,-0.473873</userorientation_row1>
          <userorientation_row2>-0.863003,0.221096,0.454247</userorientation_row2>
        </userorientation>
      </transform>
      <snapped>false</snapped>
      <childlist count="4">
        <childid>25</childid>
        <childid>24</childid>
        <childid>23</childid>
        <childid>22</childid>
      </childlist>
      <handles count="4">
        <weight channel="Bend_vert">0.546772</weight>
        <weight channel="Length">1</weight>
        <weight channel="tweak_sideways">0.5</weight>
        <weight channel="WidthHeight">0</weight>
      </handles>
    </blockref>
    <blockref>
      <blockid>flora_parts~, fe_cap_01a</blockid>
      <transform>
        <scale>0,591554</scale>
        <position>0.437207,0.0306561,3.752712</position>
        <triangledirection>-0.426341,-0.888190,-0.171320</triangledirection>
        <trianglepickorigin>0,0,0</trianglepickorigin>
        <orientation>
          <row0>-0.901578,0.432614,0.000795617</row0>
          <row1>-0.426341,-0.888190,-0.171320</row1>
          <row2>-0.0734088,-0.154797,0.985215</row2>
        </orientation>
      </transform>
      <snapped>false</snapped>
    </blockref>
    <blockref>
      <blockid>flora_parts~, fe_cap_01a</blockid>
      <transform>
        <scale>0,591554</scale>
        <position>0.349106,-0.0282280,4.095071</position>
        <triangledirection>-0.430490,-0.847059,-0.311717</triangledirection>
        <trianglepickorigin>0,0,0</trianglepickorigin>
        <orientation>
          <row0>-0.891171,0.453663,-0.00205034</row0>
          <row1>-0.430490,-0.847059,-0.311717</row1>
          <row2>-0.143151,-0.276910,0.950172</row2>
        </orientation>
      </transform>
      <snapped>false</snapped>
    </blockref>
    <blockref>
      <blockid>flora_parts~, fe_cap_01a</blockid>
      <transform>
        <scale>0,591554</scale>
        <position>0.277617,-0.000219191,4.083733</position>
        <triangledirection>0.444586,-0.847719,-0.289335</triangledirection>
        <trianglepickorigin>0,0,0</trianglepickorigin>
        <orientation>
          <row0>-0.866877,-0.488529,0.0993095</row0>
          <row1>0.444586,-0.847719,-0.289335</row1>
          <row2>0.225535,-0.206666,0.952062</row2>
        </orientation>
      </transform>
      <snapped>false</snapped>
    </blockref>
    <blockref>
      <blockid>flora_parts~, fe_cap_01a</blockid>
      <transform>
        <scale>0,591554</scale>
        <position>0.357596,-0.0885483,4.248069</position>
        <triangledirection>-0.427561,-0.848974,-0.310538</triangledirection>
        <trianglepickorigin>0,0,0</trianglepickorigin>
        <orientation>
          <row0>-0.892895,0.450261,-0.00158841</row0>
          <row1>-0.427561,-0.848974,-0.310538</row1>
          <row2>-0.141171,-0.276598,0.950559</row2>
        </orientation>
      </transform>
      <snapped>false</snapped>
    </blockref>
  </blocks></sporemodel>