spore0006438f63474066620007719008b9fea735ffffffffffffffffffffffffffffffff0000000ec178f7ac0dsporeautotestfffffffffffffffe08Ferogora00006gaprop00<?xml version="1.0" encoding="UTF-8"?><sporemodel>
  <properties>
    <modeltype>PlantLarge</modeltype>
    <skineffectseed1>1234</skineffectseed1>
    <skineffectseed2>1234</skineffectseed2>
    <skineffectseed3>1234</skineffectseed3>
    <skincolor1>0.443136,0.266665,0.203921</skincolor1>
    <skincolor2>1,0.407843,0.184312</skincolor2>
    <skincolor3>0.694117,0.572548,0.317647</skincolor3>
    <zcorpscore>10</zcorpscore>
  </properties>
  <blocks count="27">
    <blockref>
      <blockid>flora_parts~, fe_root_dummy</blockid>
      <transform>
        <scale>1</scale>
        <position>0,0,0.600000</position>
        <triangledirection>0,1,0</triangledirection>
        <trianglepickorigin>0,0,0</trianglepickorigin>
        <orientation>
          <row0>1,0,0</row0>
          <row1>0,1,0</row1>
          <row2>0,0,1</row2>
        </orientation>
      </transform>
      <snapped>false</snapped>
      <childlist count="4">
        <childid>7</childid>
        <childid>5</childid>
        <childid>3</childid>
        <childid>1</childid>
      </childlist>
    </blockref>
    <blockref>
      <blockid>flora_parts~, FE_muscle_branch_04</blockid>
      <transform>
        <limbtype>0</limbtype>
        <musclescale>0.524996</musclescale>
        <basemusclescale>2.099996</basemusclescale>
        <scale>1</scale>
        <position>0,0,0.600000</position>
        <triangledirection>-0.353940,0.716074,0.601633</triangledirection>
        <trianglepickorigin>0,0,0</trianglepickorigin>
        <orientation>
          <row0>0.292510,0.695756,-0.656018</row0>
          <row1>-0.353940,0.716074,0.601633</row1>
          <row2>0.888348,0.0562070,0.455716</row2>
        </orientation>
      </transform>
      <snapped>true</snapped>
      <childlist count="1">
        <childid>2</childid>
      </childlist>
      <handles count="1">
        <weight channel="longer">0.216649</weight>
      </handles>
    </blockref>
    <blockref>
      <blockid>Creature_parts~, ce_grasper_null</blockid>
      <transform>
        <basemusclescale>0.5</basemusclescale>
        <scale>1</scale>
        <position>0.564076,-1.141218,-0.358833</position>
        <triangledirection>0,0,-1</triangledirection>
        <trianglepickorigin>0,0,0</trianglepickorigin>
        <orientation>
          <row0>1,0,0</row0>
          <row1>0,0,-1</row1>
          <row2>0,1,0</row2>
        </orientation>
      </transform>
      <snapped>true</snapped>
    </blockref>
    <blockref>
      <blockid>flora_parts~, fe_muscle_branch_01</blockid>
      <transform>
        <limbtype>0</limbtype>
        <musclescale>0.75</musclescale>
        <basemusclescale>2.099996</basemusclescale>
        <scale>1</scale>
        <position>0,0,0.600000</position>
        <triangledirection>-0.484347,-0.579931,0.655046</triangledirection>
        <trianglepickorigin>0,0,0</trianglepickorigin>
        <orientation>
          <row0>0.105375,-0.781951,-0.614368</row0>
          <row1>-0.484347,-0.579931,0.655046</row1>
          <row2>-0.868506,0.228542,-0.439846</row2>
        </orientation>
      </transform>
      <snapped>true</snapped>
      <childlist count="1">
        <childid>4</childid>
      </childlist>
      <handles count="1">
        <weight channel="longer">0.202262</weight>
      </handles>
    </blockref>
    <blockref>
      <blockid>Creature_parts~, ce_grasper_null</blockid>
      <transform>
        <basemusclescale>0.75</basemusclescale>
        <scale>1</scale>
        <position>0.728166,0.871869,-0.384793</position>
        <triangledirection>0,0,-1</triangledirection>
        <trianglepickorigin>0,0,0</trianglepickorigin>
        <orientation>
          <row0>1,0,0</row0>
          <row1>0,0,-1</row1>
          <row2>0,1,0</row2>
        </orientation>
      </transform>
      <snapped>true</snapped>
    </blockref>
    <blockref>
      <blockid>flora_parts~, fe_muscle_branch_01</blockid>
      <transform>
        <limbtype>0</limbtype>
        <musclescale>0.824996</musclescale>
        <basemusclescale>2.099996</basemusclescale>
        <scale>1</scale>
        <position>0,0,0.600000</position>
        <triangledirection>0.704647,-0.400266,0.585883</triangledirection>
        <trianglepickorigin>0,0,0</trianglepickorigin>
        <orientation>
          <row0>0.500682,0.865563,-0.0108371</row0>
          <row1>0.704647,-0.400266,0.585883</row1>
          <row2>0.502781,-0.300978,-0.810323</row2>
        </orientation>
      </transform>
      <snapped>true</snapped>
      <childlist count="1">
        <childid>6</childid>
      </childlist>
      <handles count="1">
        <weight channel="longer">0.202728</weight>
      </handles>
    </blockref>
    <blockref>
      <blockid>Creature_parts~, ce_grasper_null</blockid>
      <transform>
        <basemusclescale>0.699996</basemusclescale>
        <scale>1</scale>
        <position>-1.061424,0.602926,-0.282530</position>
        <triangledirection>0,0,-1</triangledirection>
        <trianglepickorigin>0,0,0</trianglepickorigin>
        <orientation>
          <row0>1,-10e-7,0</row0>
          <row1>0,0,-1</row1>
          <row2>10e-7,1,0</row2>
        </orientation>
      </transform>
      <snapped>true</snapped>
    </blockref>
    <blockref>
      <blockid>flora_parts~, fe_branch_01</blockid>
      <transform>
        <limbtype>2</limbtype>
        <musclescale>0.5</musclescale>
        <basemusclescale>2.099996</basemusclescale>
        <scale>1</scale>
        <position>0,0,0.600000</position>
        <triangledirection>0,-1.19209e-7,-1</triangledirection>
        <trianglepickorigin>0,0,0</trianglepickorigin>
        <orientation>
          <row0>1,0,0</row0>
          <row1>0,-1.19209e-7,-1</row1>
          <row2>0,1,-1.19209e-7</row2>
        </orientation>
      </transform>
      <snapped>true</snapped>
      <childlist count="2">
        <childid>11</childid>
        <childid>8</childid>
      </childlist>
      <handles count="3">
        <weight channel="DeformAxisForward">0.600000</weight>
        <weight channel="DeformAxisLeft">1</weight>
        <weight channel="0x5e6f7e87">1</weight>
      </handles>
    </blockref>
    <blockref>
      <blockid>flora_parts~, fe_branch_01</blockid>
      <transform>
        <limbtype>2</limbtype>
        <musclescale>0.5</musclescale>
        <basemusclescale>1</basemusclescale>
        <scale>1</scale>
        <position>0,2.21013e-7,2.453999</position>
        <triangledirection>-9.31322e-10,1.19209e-7,-1</triangledirection>
        <trianglepickorigin>0,0,0</trianglepickorigin>
        <orientation>
          <row0>0.999671,0.0256463,2.12625e-9</row0>
          <row1>-9.31322e-10,1.19209e-7,-1</row1>
          <row2>-0.0256463,0.999671,1.19193e-7</row2>
        </orientation>
      </transform>
      <snapped>true</snapped>
      <childlist count="5">
        <childid>18</childid>
        <childid>17</childid>
        <childid>16</childid>
        <childid>13</childid>
        <childid>9</childid>
      </childlist>
      <handles count="3">
        <weight channel="DeformAxisForward">0.600000</weight>
        <weight channel="DeformAxisLeft">0.472887</weight>
        <weight channel="0x5e6f7e87">1</weight>
      </handles>
    </blockref>
    <blockref>
      <blockid>flora_parts~, fe_branch_01</blockid>
      <transform>
        <limbtype>2</limbtype>
        <musclescale>0.5</musclescale>
        <basemusclescale>1</basemusclescale>
        <scale>1</scale>
        <position>1.72667e-9,2.84217e-14,4.308000</position>
        <triangledirection>0.734284,-0.0412365,-0.677587</triangledirection>
        <trianglepickorigin>0,0,0</trianglepickorigin>
        <orientation>
          <row0>0.671503,0.190486,0.716099</row0>
          <row1>0.734284,-0.0412365,-0.677587</row1>
          <row2>-0.0995415,0.980823,-0.167561</row2>
        </orientation>
      </transform>
      <snapped>true</snapped>
      <childlist count="1">
        <childid>10</childid>
      </childlist>
      <handles count="3">
        <weight channel="DeformAxisForward">0.416777</weight>
        <weight channel="DeformAxisLeft">0</weight>
        <weight channel="0x5e6f7e87">1</weight>
      </handles>
    </blockref>
    <blockref>
      <blockid>Creature_parts~, ce_grasper_null</blockid>
      <transform>
        <basemusclescale>1</basemusclescale>
        <scale>1</scale>
        <position>-1.053272,0.0591504,5.279945</position>
        <triangledirection>1.39698e-8,-8.94068e-8,-1</triangledirection>
        <trianglepickorigin>0,0,0</trianglepickorigin>
        <orientation>
          <row0>1,3.72529e-8,1.39697e-8</row0>
          <row1>1.39698e-8,-8.94068e-8,-1</row1>
          <row2>-3.72529e-8,1,-8.94068e-8</row2>
        </orientation>
      </transform>
      <snapped>true</snapped>
    </blockref>
    <blockref>
      <blockid>flora_parts~, fe_branch_01</blockid>
      <transform>
        <limbtype>2</limbtype>
        <musclescale>0.5</musclescale>
        <basemusclescale>1</basemusclescale>
        <scale>1</scale>
        <position>0,2.21013e-7,2.453999</position>
        <triangledirection>-0.557102,0.357302,-0.749647</triangledirection>
        <trianglepickorigin>0,0,0</trianglepickorigin>
        <orientation>
          <row0>0.823356,0.355337,-0.442515</row0>
          <row1>-0.557102,0.357302,-0.749647</row1>
          <row2>-0.108265,0.863753,0.492146</row2>
        </orientation>
      </transform>
      <snapped>true</snapped>
      <childlist count="1">
        <childid>12</childid>
      </childlist>
      <handles count="3">
        <weight channel="DeformAxisForward">0.600000</weight>
        <weight channel="DeformAxisLeft">0.132121</weight>
        <weight channel="0x5e6f7e87">1</weight>
      </handles>
    </blockref>
    <blockref>
      <blockid>Creature_parts~, ce_grasper_null</blockid>
      <transform>
        <basemusclescale>1</basemusclescale>
        <scale>1</scale>
        <position>1.032867,-0.662437,3.843845</position>
        <triangledirection>0,-1.19209e-7,-1</triangledirection>
        <trianglepickorigin>0,0,0</trianglepickorigin>
        <orientation>
          <row0>1,0,0</row0>
          <row1>0,-1.19209e-7,-1</row1>
          <row2>0,1,-1.19209e-7</row2>
        </orientation>
      </transform>
      <snapped>true</snapped>
    </blockref>
    <blockref>
      <blockid>flora_parts~, fe_branch_01</blockid>
      <transform>
        <limbtype>2</limbtype>
        <musclescale>0.5</musclescale>
        <basemusclescale>1</basemusclescale>
        <scale>1</scale>
        <position>1.72667e-9,0,4.308000</position>
        <triangledirection>-1.86263e-9,1.19209e-7,-1</triangledirection>
        <trianglepickorigin>0,0,0</trianglepickorigin>
        <orientation>
          <row0>0.999671,0.0256463,1.19524e-9</row0>
          <row1>-1.86263e-9,1.19209e-7,-1</row1>
          <row2>-0.0256463,0.999671,1.19217e-7</row2>
        </orientation>
      </transform>
      <snapped>true</snapped>
      <childlist count="2">
        <childid>15</childid>
        <childid>14</childid>
      </childlist>
      <handles count="3">
        <weight channel="DeformAxisForward">0.600000</weight>
        <weight channel="DeformAxisLeft">0.132121</weight>
        <weight channel="0x5e6f7e87">1</weight>
      </handles>
    </blockref>
    <blockref>
      <blockid>Creature_parts~, ce_grasper_null</blockid>
      <transform>
        <basemusclescale>1</basemusclescale>
        <scale>1</scale>
        <position>6.26228e-9,-2.63199e-7,6.161998</position>
        <triangledirection>0.454993,-0.480636,-0.749646</triangledirection>
        <trianglepickorigin>0,0,0</trianglepickorigin>
        <orientation>
          <row0>0.825860,-0.0871140,0.557104</row0>
          <row1>0.454993,-0.480636,-0.749646</row1>
          <row2>0.333069,0.872582,-0.357302</row2>
        </orientation>
      </transform>
      <snapped>true</snapped>
    </blockref>
    <blockref>
      <blockid>flora_parts~, fe_leaf_04</blockid>
      <transform>
        <scale>1</scale>
        <position>0.0417590,-0.0409833,4.809161</position>
        <triangledirection>0.149280,0.123715,-0.981024</triangledirection>
        <trianglepickorigin>0,0,0</trianglepickorigin>
        <orientation>
          <row0>0.741391,0.671072,-2.60770e-8</row0>
          <row1>-0.670320,0.740560,-0.0473296</row1>
          <row2>-0.0317616,0.0350898,0.998879</row2>
        </orientation>
        <userorientation>
          <userorientation_row0>0.192437,-0.981308,-1.11757e-8</userorientation_row0>
          <userorientation_row1>0.193697,0.0379846,-0.980325</userorientation_row1>
          <userorientation_row2>0.962002,0.188650,0.197386</userorientation_row2>
        </userorientation>
      </transform>
      <snapped>false</snapped>
      <handles count="2">
        <weight channel="DeformAxisLeft">0</weight>
        <weight channel="DeformAxisForward">0.726718</weight>
      </handles>
    </blockref>
    <blockref>
      <blockid>flora_parts~, fe_leaf_04</blockid>
      <transform>
        <scale>1</scale>
        <position>0.0391767,-0.0993370,3.070064</position>
        <triangledirection>0.0117574,0.257621,-0.966173</triangledirection>
        <trianglepickorigin>0,0,0</trianglepickorigin>
        <orientation>
          <row0>0.693762,0.720203,1.11758e-7</row0>
          <row1>-0.713582,0.687384,0.135287</row1>
          <row2>0.0974341,-0.0938571,0.990806</row2>
        </orientation>
        <userorientation>
          <userorientation_row0>0.192437,-0.981308,-7.45058e-9</userorientation_row0>
          <userorientation_row1>0.193697,0.0379846,-0.980325</userorientation_row1>
          <userorientation_row2>0.962002,0.188650,0.197386</userorientation_row2>
        </userorientation>
      </transform>
      <snapped>false</snapped>
      <childlist count="5">
        <childid>25</childid>
        <childid>24</childid>
        <childid>22</childid>
        <childid>20</childid>
        <childid>19</childid>
      </childlist>
      <handles count="2">
        <weight channel="DeformAxisLeft">0</weight>
        <weight channel="DeformAxisForward">0.404181</weight>
      </handles>
    </blockref>
    <blockref>
      <blockid>flora_parts~, fe_leaf_04</blockid>
      <transform>
        <scale>1</scale>
        <position>-0.00105754,0.0789916,3.648942</position>
        <triangledirection>-0.156036,-0.474254,-0.866448</triangledirection>
        <trianglepickorigin>0,0,0</trianglepickorigin>
        <orientation>
          <row0>-0.990323,-0.138776,-4.19095e-9</row0>
          <row1>0.138609,-0.989131,0.0490523</row1>
          <row2>-0.00680729,0.0485776,0.998796</row2>
        </orientation>
        <userorientation>
          <userorientation_row0>0.248942,-0.902962,-0.350267</userorientation_row0>
          <userorientation_row1>0.220341,0.404971,-0.887381</userorientation_row1>
          <userorientation_row2>0.943120,0.143728,0.299775</userorientation_row2>
        </userorientation>
      </transform>
      <snapped>false</snapped>
      <handles count="2">
        <weight channel="DeformAxisLeft">0</weight>
        <weight channel="DeformAxisForward">0.404181</weight>
      </handles>
    </blockref>
    <blockref>
      <blockid>flora_parts~, fe_leaf_04</blockid>
      <transform>
        <scale>1</scale>
        <position>-0.0597256,0.0210972,3.794893</position>
        <triangledirection>0.591297,0.540454,-0.598561</triangledirection>
        <trianglepickorigin>0,0,0</trianglepickorigin>
        <orientation>
          <row0>-0.385979,-0.922507,-1.86264e-9</row0>
          <row1>0.921262,-0.385459,-0.0519299</row1>
          <row2>0.0479057,-0.0200439,0.998650</row2>
        </orientation>
        <userorientation>
          <userorientation_row0>0.327463,-0.557218,-0.763069</userorientation_row0>
          <userorientation_row1>-0.726801,0.367500,-0.580259</userorientation_row1>
          <userorientation_row2>0.603760,0.744614,-0.284644</userorientation_row2>
        </userorientation>
      </transform>
      <snapped>false</snapped>
      <childlist count="3">
        <childid>26</childid>
        <childid>23</childid>
        <childid>21</childid>
      </childlist>
      <handles count="2">
        <weight channel="DeformAxisLeft">0</weight>
        <weight channel="DeformAxisForward">0.404181</weight>
      </handles>
    </blockref>
    <blockref>
      <blockid>flora_parts~, fe_cap_01a</blockid>
      <transform>
        <scale>0,472365</scale>
        <position>0.885981,-0.690366,4.510099</position>
        <triangledirection>-0.0218860,0.523963,-0.851459</triangledirection>
        <trianglepickorigin>0,0,0</trianglepickorigin>
        <orientation>
          <row0>0.999128,0.0417336,-3.16649e-8</row0>
          <row1>-0.0218860,0.523963,-0.851459</row1>
          <row2>-0.0355345,0.850717,0.524420</row2>
        </orientation>
      </transform>
      <snapped>false</snapped>
    </blockref>
    <blockref>
      <blockid>flora_parts~, fe_cap_01a</blockid>
      <transform>
        <scale>0,472365</scale>
        <position>0.0324783,-0.929520,4.359356</position>
        <triangledirection>0.178186,0.851167,-0.493724</triangledirection>
        <trianglepickorigin>0,0,0</trianglepickorigin>
        <orientation>
          <row0>0.978782,-0.204901,-2.90572e-7</row0>
          <row1>0.178186,0.851167,-0.493724</row1>
          <row2>0.101165,0.483248,0.869618</row2>
        </orientation>
      </transform>
      <snapped>false</snapped>
    </blockref>
    <blockref>
      <blockid>flora_parts~, fe_cap_01a</blockid>
      <transform>
        <scale>0,472365</scale>
        <position>-1.150294,-1.061292,4.500064</position>
        <triangledirection>0.712230,0.210455,-0.669653</triangledirection>
        <trianglepickorigin>0,0,0</trianglepickorigin>
        <orientation>
          <row0>0.283375,-0.959009,-1.49011e-7</row0>
          <row1>0.712230,0.210455,-0.669653</row1>
          <row2>0.642204,0.189763,0.742673</row2>
        </orientation>
      </transform>
      <snapped>false</snapped>
    </blockref>
    <blockref>
      <blockid>flora_parts~, fe_cap_01a</blockid>
      <transform>
        <scale>0,472365</scale>
        <position>-0.184216,-0.748326,4.529426</position>
        <triangledirection>0.303644,0.781174,-0.545496</triangledirection>
        <trianglepickorigin>0,0,0</trianglepickorigin>
        <orientation>
          <row0>0.932063,-0.362295,1.49011e-7</row0>
          <row1>0.303644,0.781174,-0.545496</row1>
          <row2>0.197630,0.508437,0.838113</row2>
        </orientation>
      </transform>
      <snapped>false</snapped>
    </blockref>
    <blockref>
      <blockid>flora_parts~, fe_cap_01a</blockid>
      <transform>
        <scale>0,472365</scale>
        <position>-0.412683,-0.424506,4.620103</position>
        <triangledirection>-0.795874,0.289318,-0.531863</triangledirection>
        <trianglepickorigin>0,0,0</trianglepickorigin>
        <orientation>
          <row0>0.341648,0.939827,-2.98023e-8</row0>
          <row1>-0.795874,0.289318,-0.531863</row1>
          <row2>-0.499859,0.181710,0.846830</row2>
        </orientation>
      </transform>
      <snapped>false</snapped>
    </blockref>
    <blockref>
      <blockid>flora_parts~, fe_cap_01a</blockid>
      <transform>
        <scale>0,472365</scale>
        <position>0.0586414,-1.009507,4.831014</position>
        <triangledirection>0.390700,0.390860,0.833415</triangledirection>
        <trianglepickorigin>0,0,0</trianglepickorigin>
        <orientation>
          <row0>0.707251,-0.706962,1.19209e-7</row0>
          <row1>0.390700,0.390860,0.833415</row1>
          <row2>-0.589193,-0.589434,0.552646</row2>
        </orientation>
      </transform>
      <snapped>false</snapped>
    </blockref>
    <blockref>
      <blockid>flora_parts~, fe_cap_01a</blockid>
      <transform>
        <scale>0,472365</scale>
        <position>0.524286,-0.911644,4.383228</position>
        <triangledirection>-0.0218870,0.523963,-0.851459</triangledirection>
        <trianglepickorigin>0,0,0</trianglepickorigin>
        <orientation>
          <row0>0.999128,0.0417357,6.51925e-8</row0>
          <row1>-0.0218870,0.523963,-0.851459</row1>
          <row2>-0.0355363,0.850717,0.524420</row2>
        </orientation>
      </transform>
      <snapped>false</snapped>
    </blockref>
    <blockref>
      <blockid>flora_parts~, fe_cap_01a</blockid>
      <transform>
        <scale>0,472365</scale>
        <position>-1.139348,-0.967823,4.605581</position>
        <triangledirection>-0.631242,0.739611,0.233469</triangledirection>
        <trianglepickorigin>0,0,0</trianglepickorigin>
        <orientation>
          <row0>0.760632,0.649183,8.19563e-8</row0>
          <row1>-0.631242,0.739611,0.233469</row1>
          <row2>0.151564,-0.177584,0.972364</row2>
        </orientation>
      </transform>
      <snapped>false</snapped>
    </blockref>
  </blocks></sporemodel>