spore0006438f634740666200077592a0b9fea735ffffffffffffffffffffffffffffffff0000000ec178f88b0dsporeautotestfffffffffffffffe0aTunadustus00006gaprop00<?xml version="1.0" encoding="UTF-8"?><sporemodel>
  <properties>
    <modeltype>PlantLarge</modeltype>
    <skineffectseed1>1234</skineffectseed1>
    <skineffectseed2>1234</skineffectseed2>
    <skineffectseed3>1234</skineffectseed3>
    <skincolor1>0.443136,0.313724,0.262744</skincolor1>
    <skincolor2>0.282352,0.176470,0.168626</skincolor2>
    <skincolor3>0.333333,0.905882,0.290195</skincolor3>
    <zcorpscore>10</zcorpscore>
  </properties>
  <blocks count="48">
    <blockref>
      <blockid>flora_parts~, fe_root_dummy</blockid>
      <transform>
        <scale>0,927743</scale>
        <position>0,0,0.349999</position>
        <triangledirection>0,1,0</triangledirection>
        <trianglepickorigin>0,0,0</trianglepickorigin>
        <orientation>
          <row0>1,0,0</row0>
          <row1>0,1,0</row1>
          <row2>0,0,1</row2>
        </orientation>
      </transform>
      <snapped>false</snapped>
      <childlist count="6">
        <childid>36</childid>
        <childid>21</childid>
        <childid>19</childid>
        <childid>17</childid>
        <childid>3</childid>
        <childid>1</childid>
      </childlist>
    </blockref>
    <blockref>
      <blockid>flora_parts~, FE_muscle_branch_04</blockid>
      <transform>
        <limbtype>0</limbtype>
        <musclescale>0.425000</musclescale>
        <basemusclescale>3</basemusclescale>
        <scale>1</scale>
        <position>0,0,0.349999</position>
        <triangledirection>-0.540863,-0.758369,0.363788</triangledirection>
        <trianglepickorigin>0,0,0</trianglepickorigin>
        <orientation>
          <row0>0.152403,-0.513710,-0.844318</row0>
          <row1>-0.540863,-0.758369,0.363788</row1>
          <row2>-0.827187,0.401218,-0.393425</row2>
        </orientation>
      </transform>
      <snapped>true</snapped>
      <childlist count="1">
        <childid>2</childid>
      </childlist>
      <handles count="1">
        <weight channel="longer">0.317331</weight>
      </handles>
    </blockref>
    <blockref>
      <blockid>Creature_parts~, ce_grasper_null</blockid>
      <transform>
        <basemusclescale>0.5</basemusclescale>
        <scale>1</scale>
        <position>1.203728,1.687805,-0.459636</position>
        <triangledirection>-3.77184e-8,4.03553e-7,-1</triangledirection>
        <trianglepickorigin>0,0,0</trianglepickorigin>
        <orientation>
          <row0>1,-2.08615e-7,-3.77185e-8</row0>
          <row1>-3.77184e-8,4.03553e-7,-1</row1>
          <row2>2.08615e-7,1,4.03553e-7</row2>
        </orientation>
      </transform>
      <snapped>true</snapped>
    </blockref>
    <blockref>
      <blockid>flora_parts~, fe_muscle_branch_06</blockid>
      <transform>
        <limbtype>0</limbtype>
        <musclescale>0.5</musclescale>
        <basemusclescale>3</basemusclescale>
        <scale>1</scale>
        <position>0,0,0.349999</position>
        <triangledirection>0.267635,-0.198901,-0.942767</triangledirection>
        <trianglepickorigin>0,0,0</trianglepickorigin>
        <orientation>
          <row0>0.730194,0.680256,0.0637715</row0>
          <row1>0.267635,-0.198901,-0.942767</row1>
          <row2>-0.628639,0.705470,-0.327296</row2>
        </orientation>
      </transform>
      <snapped>true</snapped>
      <childlist count="3">
        <childid>32</childid>
        <childid>27</childid>
        <childid>23</childid>
      </childlist>
      <handles count="1">
        <weight channel="longer">0.162245</weight>
      </handles>
    </blockref>
    <blockref>
      <blockid>flora_parts~, fe_root_dummy</blockid>
      <transform>
        <scale>1</scale>
        <position>0,0,0.349999</position>
        <triangledirection>0,1,0</triangledirection>
        <trianglepickorigin>0,0,0</trianglepickorigin>
        <orientation>
          <row0>1,0,0</row0>
          <row1>0,1,0</row1>
          <row2>0,0,1</row2>
        </orientation>
      </transform>
      <snapped>false</snapped>
      <childlist count="6">
        <childid>15</childid>
        <childid>13</childid>
        <childid>11</childid>
        <childid>9</childid>
        <childid>7</childid>
        <childid>5</childid>
      </childlist>
    </blockref>
    <blockref>
      <blockid>flora_parts~, FE_muscle_branch_04</blockid>
      <transform>
        <limbtype>0</limbtype>
        <musclescale>0.5</musclescale>
        <basemusclescale>1.700000</basemusclescale>
        <scale>1</scale>
        <position>0,0,0.349999</position>
        <triangledirection>0.0268859,0.0305509,0.999171</triangledirection>
        <trianglepickorigin>0,0,0</trianglepickorigin>
        <orientation>
          <row0>0.976802,-0.213227,-0.0197643</row0>
          <row1>0.0268859,0.0305509,0.999171</row1>
          <row2>-0.212447,-0.976524,0.0355750</row2>
        </orientation>
      </transform>
      <snapped>true</snapped>
      <childlist count="1">
        <childid>6</childid>
      </childlist>
      <handles count="1">
        <weight channel="longer">0.162245</weight>
      </handles>
    </blockref>
    <blockref>
      <blockid>Creature_parts~, ce_grasper_null</blockid>
      <transform>
        <basemusclescale>2.099998</basemusclescale>
        <scale>3</scale>
        <position>-0.0336679,-0.0382570,-0.901212</position>
        <triangledirection>0,0,-1</triangledirection>
        <trianglepickorigin>0,0,0</trianglepickorigin>
        <orientation>
          <row0>1,0,0</row0>
          <row1>0,0,-1</row1>
          <row2>0,1,0</row2>
        </orientation>
      </transform>
      <snapped>true</snapped>
    </blockref>
    <blockref>
      <blockid>flora_parts~, fe_muscle_branch_01</blockid>
      <transform>
        <limbtype>0</limbtype>
        <musclescale>0.5</musclescale>
        <basemusclescale>1.700000</basemusclescale>
        <scale>1</scale>
        <position>0,0,0.349999</position>
        <triangledirection>0.459795,0.744398,0.484210</triangledirection>
        <trianglepickorigin>0,0,0</trianglepickorigin>
        <orientation>
          <row0>-0.517467,0.667720,-0.535141</row0>
          <row1>0.459795,0.744398,0.484210</row1>
          <row2>0.721675,0.00450760,-0.692216</row2>
        </orientation>
      </transform>
      <snapped>true</snapped>
      <childlist count="1">
        <childid>8</childid>
      </childlist>
      <handles count="1">
        <weight channel="longer">0.188716</weight>
      </handles>
    </blockref>
    <blockref>
      <blockid>Creature_parts~, ce_grasper_null</blockid>
      <transform>
        <basemusclescale>1.600000</basemusclescale>
        <scale>1</scale>
        <position>-0.652163,-1.055837,-0.336794</position>
        <triangledirection>0,0,-1</triangledirection>
        <trianglepickorigin>0,0,0</trianglepickorigin>
        <orientation>
          <row0>1,0,0</row0>
          <row1>0,0,-1</row1>
          <row2>0,1,0</row2>
        </orientation>
      </transform>
      <snapped>true</snapped>
    </blockref>
    <blockref>
      <blockid>flora_parts~, fe_muscle_branch_01</blockid>
      <transform>
        <limbtype>0</limbtype>
        <musclescale>0.875</musclescale>
        <basemusclescale>1.900000</basemusclescale>
        <scale>1</scale>
        <position>0,0,0.349999</position>
        <triangledirection>-0.666956,0.588085,0.457521</triangledirection>
        <trianglepickorigin>0,0,0</trianglepickorigin>
        <orientation>
          <row0>-0.446694,0.175868,-0.877230</row0>
          <row1>-0.666956,0.588085,0.457521</row1>
          <row2>0.596350,0.789446,-0.145397</row2>
        </orientation>
      </transform>
      <snapped>true</snapped>
      <childlist count="1">
        <childid>10</childid>
      </childlist>
      <handles count="1">
        <weight channel="longer">0.211769</weight>
      </handles>
    </blockref>
    <blockref>
      <blockid>Creature_parts~, ce_grasper_null</blockid>
      <transform>
        <basemusclescale>1.149998</basemusclescale>
        <scale>1</scale>
        <position>1.042492,-0.919214,-0.365134</position>
        <triangledirection>0,0,-1</triangledirection>
        <trianglepickorigin>0,0,0</trianglepickorigin>
        <orientation>
          <row0>1,0,0</row0>
          <row1>0,0,-1</row1>
          <row2>0,1,0</row2>
        </orientation>
      </transform>
      <snapped>true</snapped>
    </blockref>
    <blockref>
      <blockid>flora_parts~, fe_muscle_branch_01</blockid>
      <transform>
        <limbtype>0</limbtype>
        <musclescale>0.650000</musclescale>
        <basemusclescale>2.299998</basemusclescale>
        <scale>1</scale>
        <position>0,0,0.349999</position>
        <triangledirection>0.129384,-0.852478,0.506498</triangledirection>
        <trianglepickorigin>0,0,0</trianglepickorigin>
        <orientation>
          <row0>0.898748,-0.114988,-0.423118</row0>
          <row1>0.129384,-0.852478,0.506498</row1>
          <row2>-0.418941,-0.509959,-0.751285</row2>
        </orientation>
      </transform>
      <snapped>true</snapped>
      <childlist count="1">
        <childid>12</childid>
      </childlist>
      <handles count="1">
        <weight channel="longer">0.162245</weight>
      </handles>
    </blockref>
    <blockref>
      <blockid>Creature_parts~, ce_grasper_null</blockid>
      <transform>
        <basemusclescale>1.100000</basemusclescale>
        <scale>1</scale>
        <position>-0.162021,1.067514,-0.284263</position>
        <triangledirection>0,0,-1</triangledirection>
        <trianglepickorigin>0,0,0</trianglepickorigin>
        <orientation>
          <row0>1,0,0</row0>
          <row1>0,0,-1</row1>
          <row2>0,1,0</row2>
        </orientation>
      </transform>
      <snapped>true</snapped>
    </blockref>
    <blockref>
      <blockid>flora_parts~, fe_muscle_branch_01</blockid>
      <transform>
        <limbtype>0</limbtype>
        <musclescale>0.675000</musclescale>
        <basemusclescale>1.700000</basemusclescale>
        <scale>1</scale>
        <position>0,0,0.349999</position>
        <triangledirection>-0.714356,-0.550213,0.432390</triangledirection>
        <trianglepickorigin>0,0,0</trianglepickorigin>
        <orientation>
          <row0>0.109201,-0.697971,-0.707750</row0>
          <row1>-0.714356,-0.550213,0.432390</row1>
          <row2>-0.691209,0.458368,-0.558684</row2>
        </orientation>
      </transform>
      <snapped>true</snapped>
      <childlist count="1">
        <childid>14</childid>
      </childlist>
      <handles count="1">
        <weight channel="longer">0.210219</weight>
      </handles>
    </blockref>
    <blockref>
      <blockid>Creature_parts~, ce_grasper_null</blockid>
      <transform>
        <basemusclescale>1.449998</basemusclescale>
        <scale>1</scale>
        <position>1.109632,0.854664,-0.321646</position>
        <triangledirection>0,0,-1</triangledirection>
        <trianglepickorigin>0,0,0</trianglepickorigin>
        <orientation>
          <row0>1,0,0</row0>
          <row1>0,0,-1</row1>
          <row2>0,1,0</row2>
        </orientation>
      </transform>
      <snapped>true</snapped>
    </blockref>
    <blockref>
      <blockid>flora_parts~, fe_muscle_branch_01</blockid>
      <transform>
        <limbtype>0</limbtype>
        <musclescale>0.5</musclescale>
        <basemusclescale>1.700000</basemusclescale>
        <scale>1</scale>
        <position>0,0,0.349999</position>
        <triangledirection>0.836005,-0.111215,0.537332</triangledirection>
        <trianglepickorigin>0,0,0</trianglepickorigin>
        <orientation>
          <row0>-0.368669,0.611453,0.700148</row0>
          <row1>0.836005,-0.111215,0.537332</row1>
          <row2>0.406420,0.783425,-0.470176</row2>
        </orientation>
      </transform>
      <snapped>true</snapped>
      <childlist count="1">
        <childid>16</childid>
      </childlist>
      <handles count="1">
        <weight channel="longer">0.162245</weight>
      </handles>
    </blockref>
    <blockref>
      <blockid>Creature_parts~, ce_grasper_null</blockid>
      <transform>
        <basemusclescale>1.75</basemusclescale>
        <scale>1</scale>
        <position>-1.046887,0.139268,-0.322874</position>
        <triangledirection>-2e-6,10e-7,-1</triangledirection>
        <trianglepickorigin>0,0,0</trianglepickorigin>
        <orientation>
          <row0>1,9.99998e-7,-1.99999e-6</row0>
          <row1>-2e-6,10e-7,-1</row1>
          <row2>-9.99995e-7,1,1.00000e-6</row2>
        </orientation>
      </transform>
      <snapped>true</snapped>
    </blockref>
    <blockref>
      <blockid>flora_parts~, FE_muscle_branch_04</blockid>
      <transform>
        <limbtype>0</limbtype>
        <musclescale>0.425000</musclescale>
        <basemusclescale>3</basemusclescale>
        <scale>1</scale>
        <position>0,0,0.349999</position>
        <triangledirection>0.968860,-0.182635,0.167191</triangledirection>
        <trianglepickorigin>0,0,0</trianglepickorigin>
        <orientation>
          <row0>-0.0307953,0.581107,0.813243</row0>
          <row1>0.968860,-0.182635,0.167191</row1>
          <row2>0.245683,0.793068,-0.557388</row2>
        </orientation>
      </transform>
      <snapped>true</snapped>
      <childlist count="1">
        <childid>18</childid>
      </childlist>
      <handles count="1">
        <weight channel="longer">0.317331</weight>
      </handles>
    </blockref>
    <blockref>
      <blockid>Creature_parts~, ce_grasper_null</blockid>
      <transform>
        <basemusclescale>0.550000</basemusclescale>
        <scale>1</scale>
        <position>-2.156265,0.406468,-0.0220971</position>
        <triangledirection>0.844320,0.393424,0.363786</triangledirection>
        <trianglepickorigin>0,0,0</trianglepickorigin>
        <orientation>
          <row0>0.152403,-0.827188,0.540863</row0>
          <row1>0.844320,0.393424,0.363786</row1>
          <row2>-0.513708,0.401219,0.758370</row2>
        </orientation>
      </transform>
      <snapped>true</snapped>
    </blockref>
    <blockref>
      <blockid>flora_parts~, FE_muscle_branch_04</blockid>
      <transform>
        <limbtype>0</limbtype>
        <musclescale>0.425000</musclescale>
        <basemusclescale>3</basemusclescale>
        <scale>1</scale>
        <position>0,0,0.349999</position>
        <triangledirection>-0.449025,0.878408,0.163632</triangledirection>
        <trianglepickorigin>0,0,0</trianglepickorigin>
        <orientation>
          <row0>0.791710,0.476029,-0.382871</row0>
          <row1>-0.449025,0.878408,0.163632</row1>
          <row2>0.414211,0.0423697,0.909194</row2>
        </orientation>
      </transform>
      <snapped>true</snapped>
      <childlist count="1">
        <childid>20</childid>
      </childlist>
      <handles count="1">
        <weight channel="longer">0.317331</weight>
      </handles>
    </blockref>
    <blockref>
      <blockid>Creature_parts~, ce_grasper_null</blockid>
      <transform>
        <basemusclescale>0.550000</basemusclescale>
        <scale>1</scale>
        <position>0.999337,-1.954957,-0.0141752</position>
        <triangledirection>0.498469,0.316676,-0.806997</triangledirection>
        <trianglepickorigin>0,0,0</trianglepickorigin>
        <orientation>
          <row0>-0.0455252,-0.920045,-0.389158</row0>
          <row1>0.498469,0.316676,-0.806996</row1>
          <row2>0.865711,-0.230722,0.444197</row2>
        </orientation>
      </transform>
      <snapped>true</snapped>
    </blockref>
    <blockref>
      <blockid>flora_parts~, fe_trunk_03</blockid>
      <transform>
        <limbtype>2</limbtype>
        <musclescale>0.5</musclescale>
        <basemusclescale>3</basemusclescale>
        <scale>1</scale>
        <position>0,0,0.349999</position>
        <triangledirection>0,-1.19209e-7,-1</triangledirection>
        <trianglepickorigin>0,0,0</trianglepickorigin>
        <orientation>
          <row0>1,0,0</row0>
          <row1>0,-1.19209e-7,-1</row1>
          <row2>0,1,-1.19209e-7</row2>
        </orientation>
      </transform>
      <snapped>true</snapped>
      <childlist count="1">
        <childid>22</childid>
      </childlist>
      <handles count="3">
        <weight channel="DeformAxisLeft">1</weight>
        <weight channel="DeformAxisForward">1</weight>
        <weight channel="DeformBoneLength">0.500086</weight>
      </handles>
    </blockref>
    <blockref>
      <blockid>flora_parts~, fe_trunk_03</blockid>
      <transform>
        <limbtype>2</limbtype>
        <musclescale>0.5</musclescale>
        <basemusclescale>1</basemusclescale>
        <scale>1</scale>
        <position>0,3.01032e-7,2.875255</position>
        <triangledirection>0,-1.19209e-7,-1</triangledirection>
        <trianglepickorigin>0,0,0</trianglepickorigin>
        <orientation>
          <row0>1,0,0</row0>
          <row1>0,-1.19209e-7,-1</row1>
          <row2>0,1,-1.19209e-7</row2>
        </orientation>
      </transform>
      <snapped>true</snapped>
      <childlist count="7">
        <childid>45</childid>
        <childid>44</childid>
        <childid>42</childid>
        <childid>41</childid>
        <childid>31</childid>
        <childid>30</childid>
        <childid>29</childid>
      </childlist>
      <handles count="3">
        <weight channel="DeformAxisLeft">0.222249</weight>
        <weight channel="DeformAxisForward">1</weight>
        <weight channel="DeformBoneLength">0.500086</weight>
      </handles>
    </blockref>
    <blockref>
      <blockid>flora_parts~, FE_muscle_branch_04</blockid>
      <transform>
        <limbtype>0</limbtype>
        <musclescale>0.425000</musclescale>
        <basemusclescale>2.799998</basemusclescale>
        <scale>1</scale>
        <position>-0.335145,0.249074,1.530579</position>
        <triangledirection>-0.219477,0.873744,-0.434050</triangledirection>
        <trianglepickorigin>0,0,0</trianglepickorigin>
        <orientation>
          <row0>0.644115,-0.204381,-0.737118</row0>
          <row1>-0.219477,0.873744,-0.434050</row1>
          <row2>0.732765,0.441359,0.517935</row2>
        </orientation>
      </transform>
      <snapped>true</snapped>
      <childlist count="1">
        <childid>24</childid>
      </childlist>
      <handles count="1">
        <weight channel="longer">0.317331</weight>
      </handles>
    </blockref>
    <blockref>
      <blockid>flora_parts~, fe_muscle_branch_06</blockid>
      <transform>
        <limbtype>0</limbtype>
        <musclescale>0.5</musclescale>
        <basemusclescale>0.550000</basemusclescale>
        <scale>1</scale>
        <position>0.153316,-1.695504,2.496589</position>
        <triangledirection>-0.294191,0.0661141,-0.953457</triangledirection>
        <trianglepickorigin>0,0,0</trianglepickorigin>
        <orientation>
          <row0>0.863453,0.446087,-0.235487</row0>
          <row1>-0.294191,0.0661141,-0.953457</row1>
          <row2>-0.409756,0.892544,0.188321</row2>
        </orientation>
      </transform>
      <snapped>true</snapped>
      <childlist count="2">
        <childid>26</childid>
        <childid>25</childid>
      </childlist>
      <handles count="1">
        <weight channel="longer">0.162245</weight>
      </handles>
    </blockref>
    <blockref>
      <blockid>Creature_parts~, ce_grasper_null</blockid>
      <transform>
        <basemusclescale>1</basemusclescale>
        <scale>1</scale>
        <position>0.521716,-1.778295,3.690556</position>
        <triangledirection>-0.905505,-0.240286,-0.349746</triangledirection>
        <trianglepickorigin>0,0,0</trianglepickorigin>
        <orientation>
          <row0>0.270979,0.306826,-0.912374</row0>
          <row1>-0.905505,-0.240286,-0.349746</row1>
          <row2>-0.326542,0.920934,0.212720</row2>
        </orientation>
      </transform>
      <snapped>true</snapped>
    </blockref>
    <blockref>
      <blockid>flora_parts~, FE_leaf_13</blockid>
      <transform>
        <scale>1,964033</scale>
        <position>0.610868,-1.772730,3.881066</position>
        <triangledirection>-0.316985,0.0283313,-0.948007</triangledirection>
        <trianglepickorigin>0,0,0</trianglepickorigin>
        <orientation>
          <row0>-0.802337,0.524993,0.283966</row0>
          <row1>-0.316985,0.0283313,-0.948007</row1>
          <row2>-0.505742,-0.850634,0.143683</row2>
        </orientation>
      </transform>
      <snapped>false</snapped>
      <handles count="4">
        <weight channel="DeformAxisForward">0.0509600</weight>
        <weight channel="DeformAxisLeft">0.672061</weight>
        <weight channel="DeformAxisUp">0.445679</weight>
        <weight channel="0x2697a2f2">0.267925</weight>
      </handles>
    </blockref>
    <blockref>
      <blockid>flora_parts~, FE_muscle_branch_04</blockid>
      <transform>
        <limbtype>0</limbtype>
        <musclescale>0.425000</musclescale>
        <basemusclescale>2.799998</basemusclescale>
        <scale>1</scale>
        <position>-0.335145,0.249074,1.530579</position>
        <triangledirection>0.266665,-0.906134,-0.328343</triangledirection>
        <trianglepickorigin>0,0,0</trianglepickorigin>
        <orientation>
          <row0>0.755951,0.407976,-0.511949</row0>
          <row1>0.266665,-0.906134,-0.328343</row1>
          <row2>-0.597851,0.111692,-0.793787</row2>
        </orientation>
      </transform>
      <snapped>true</snapped>
      <childlist count="2">
        <childid>40</childid>
        <childid>28</childid>
      </childlist>
      <handles count="1">
        <weight channel="longer">0.317331</weight>
      </handles>
    </blockref>
    <blockref>
      <blockid>flora_parts~, FE_leaf_13</blockid>
      <transform>
        <scale>2,459604</scale>
        <position>-0.747363,2.150403,2.168180</position>
        <triangledirection>-0.0768679,-0.457884,-0.885681</triangledirection>
        <trianglepickorigin>0,0,0</trianglepickorigin>
        <orientation>
          <row0>-0.543648,0.839313,-1.86264e-8</row0>
          <row1>-0.838502,-0.543123,-0.0439281</row1>
          <row2>-0.0368694,-0.0238814,0.999034</row2>
        </orientation>
        <userorientation>
          <userorientation_row0>0.716739,0.697338,-4.47034e-8</userorientation_row0>
          <userorientation_row1>-0.342519,0.352048,-0.871057</userorientation_row1>
          <userorientation_row2>-0.607423,0.624322,0.491178</userorientation_row2>
        </userorientation>
      </transform>
      <snapped>false</snapped>
      <handles count="4">
        <weight channel="DeformAxisForward">0.566356</weight>
        <weight channel="DeformAxisLeft">0.473207</weight>
        <weight channel="DeformAxisUp">0.248280</weight>
        <weight channel="0x2697a2f2">0.256183</weight>
      </handles>
    </blockref>
    <blockref>
      <blockid>flora_parts~, fe_cap_01a</blockid>
      <transform>
        <scale>1</scale>
        <position>0.455556,0.266344,5.311505</position>
        <triangledirection>-0.632401,-0.762641,-0.135815</triangledirection>
        <trianglepickorigin>0,0,0</trianglepickorigin>
        <orientation>
          <row0>-0.769774,0.638316,-1.63912e-7</row0>
          <row1>-0.632401,-0.762641,-0.135815</row1>
          <row2>-0.0866931,-0.104546,0.990734</row2>
        </orientation>
      </transform>
      <snapped>false</snapped>
    </blockref>
    <blockref>
      <blockid>Creature_parts~, ce_grasper_null</blockid>
      <transform>
        <basemusclescale>1</basemusclescale>
        <scale>1</scale>
        <position>0,6.02067e-7,5.400510</position>
        <triangledirection>0,-1.19209e-7,-1</triangledirection>
        <trianglepickorigin>0,0,0</trianglepickorigin>
        <orientation>
          <row0>1,0,0</row0>
          <row1>0,-1.19209e-7,-1</row1>
          <row2>0,1,-1.19209e-7</row2>
        </orientation>
      </transform>
      <snapped>true</snapped>
    </blockref>
    <blockref>
      <blockid>flora_parts~, FE_leaf_13</blockid>
      <transform>
        <scale>3,578702</scale>
        <position>0.0938628,0.113464,5.528267</position>
        <triangledirection>-0.0603113,-0.141218,-0.988139</triangledirection>
        <trianglepickorigin>0,0,0</trianglepickorigin>
        <orientation>
          <row0>-0.919641,0.392758,2.30967e-7</row0>
          <row1>-0.0603113,-0.141218,-0.988139</row1>
          <row2>-0.388100,-0.908734,0.153557</row2>
        </orientation>
      </transform>
      <snapped>false</snapped>
      <handles count="4">
        <weight channel="DeformAxisForward">0.213058</weight>
        <weight channel="DeformAxisLeft">0.5</weight>
        <weight channel="DeformAxisUp">0.248280</weight>
        <weight channel="0x2697a2f2">0.256183</weight>
      </handles>
    </blockref>
    <blockref>
      <blockid>flora_parts~, FE_muscle_branch_04</blockid>
      <transform>
        <limbtype>0</limbtype>
        <musclescale>0.425000</musclescale>
        <basemusclescale>2.799998</basemusclescale>
        <scale>1</scale>
        <position>-0.335145,0.249074,1.530579</position>
        <triangledirection>-0.629602,-0.244854,0.737324</triangledirection>
        <trianglepickorigin>0,0,0</trianglepickorigin>
        <orientation>
          <row0>-0.408960,-0.702464,-0.582489</row0>
          <row1>-0.629602,-0.244854,0.737324</row1>
          <row2>-0.660569,0.668273,-0.342137</row2>
        </orientation>
      </transform>
      <snapped>true</snapped>
      <childlist count="1">
        <childid>33</childid>
      </childlist>
      <handles count="1">
        <weight channel="longer">0.317331</weight>
      </handles>
    </blockref>
    <blockref>
      <blockid>flora_parts~, fe_muscle_branch_06</blockid>
      <transform>
        <limbtype>0</limbtype>
        <musclescale>0.5</musclescale>
        <basemusclescale>0.550000</basemusclescale>
        <scale>1</scale>
        <position>1.066077,0.794014,-0.110385</position>
        <triangledirection>-0.600329,-0.231301,-0.765574</triangledirection>
        <trianglepickorigin>0,0,0</trianglepickorigin>
        <orientation>
          <row0>0.703291,0.303079,-0.643058</row0>
          <row1>-0.600329,-0.231301,-0.765574</row1>
          <row2>-0.380770,0.924468,0.0192754</row2>
        </orientation>
      </transform>
      <snapped>true</snapped>
      <childlist count="2">
        <childid>35</childid>
        <childid>34</childid>
      </childlist>
      <handles count="1">
        <weight channel="longer">0.162245</weight>
      </handles>
    </blockref>
    <blockref>
      <blockid>Creature_parts~, ce_grasper_null</blockid>
      <transform>
        <basemusclescale>1</basemusclescale>
        <scale>1</scale>
        <position>1.817839,1.083662,0.848305</position>
        <triangledirection>-0.905504,-0.240287,-0.349748</triangledirection>
        <trianglepickorigin>0,0,0</trianglepickorigin>
        <orientation>
          <row0>0.270981,0.306825,-0.912374</row0>
          <row1>-0.905504,-0.240287,-0.349748</row1>
          <row2>-0.326543,0.920934,0.212718</row2>
        </orientation>
      </transform>
      <snapped>true</snapped>
    </blockref>
    <blockref>
      <blockid>flora_parts~, FE_leaf_13</blockid>
      <transform>
        <scale>2,459604</scale>
        <position>1.797830,1.086959,1.040585</position>
        <triangledirection>0.0161908,0.0643814,-0.997793</triangledirection>
        <trianglepickorigin>0,0,0</trianglepickorigin>
        <orientation>
          <row0>0.969803,-0.243889,3.16649e-8</row0>
          <row1>0.0161908,0.0643814,-0.997794</row1>
          <row2>0.243351,0.967663,0.0663861</row2>
        </orientation>
      </transform>
      <snapped>false</snapped>
      <handles count="4">
        <weight channel="DeformAxisForward">0</weight>
        <weight channel="DeformAxisLeft">0.5</weight>
        <weight channel="DeformAxisUp">0.248280</weight>
        <weight channel="0x2697a2f2">0</weight>
      </handles>
    </blockref>
    <blockref>
      <blockid>flora_parts~, FE_muscle_branch_04</blockid>
      <transform>
        <limbtype>0</limbtype>
        <musclescale>0.425000</musclescale>
        <basemusclescale>3</basemusclescale>
        <scale>1</scale>
        <position>0,0,0.349999</position>
        <triangledirection>0.937695,0.346700,0.0229381</triangledirection>
        <trianglepickorigin>0,0,0</trianglepickorigin>
        <orientation>
          <row0>-0.344433,0.936197,-0.0700047</row0>
          <row1>0.937695,0.346700,0.0229381</row1>
          <row2>0.0457452,-0.0577424,-0.997282</row2>
        </orientation>
      </transform>
      <snapped>true</snapped>
      <childlist count="1">
        <childid>37</childid>
      </childlist>
      <handles count="1">
        <weight channel="longer">0.317331</weight>
      </handles>
    </blockref>
    <blockref>
      <blockid>flora_parts~, fe_muscle_branch_06</blockid>
      <transform>
        <limbtype>0</limbtype>
        <musclescale>0.5</musclescale>
        <basemusclescale>0.550000</basemusclescale>
        <scale>1</scale>
        <position>-2.086905,-0.771604,0.298948</position>
        <triangledirection>0.405329,-0.343686,-0.847105</triangledirection>
        <trianglepickorigin>0,0,0</trianglepickorigin>
        <orientation>
          <row0>0.707670,0.704570,0.0527543</row0>
          <row1>0.405329,-0.343686,-0.847105</row1>
          <row2>-0.578714,0.620854,-0.528799</row2>
        </orientation>
      </transform>
      <snapped>true</snapped>
      <childlist count="2">
        <childid>39</childid>
        <childid>38</childid>
      </childlist>
      <handles count="1">
        <weight channel="longer">0.162245</weight>
      </handles>
    </blockref>
    <blockref>
      <blockid>Creature_parts~, ce_grasper_null</blockid>
      <transform>
        <basemusclescale>1</basemusclescale>
        <scale>1</scale>
        <position>-2.594480,-0.341223,1.359736</position>
        <triangledirection>-0.905505,-0.240286,-0.349747</triangledirection>
        <trianglepickorigin>0,0,0</trianglepickorigin>
        <orientation>
          <row0>0.270980,0.306826,-0.912374</row0>
          <row1>-0.905505,-0.240286,-0.349747</row1>
          <row2>-0.326542,0.920934,0.212720</row2>
        </orientation>
      </transform>
      <snapped>true</snapped>
    </blockref>
    <blockref>
      <blockid>flora_parts~, FE_leaf_13</blockid>
      <transform>
        <scale>2,459604</scale>
        <position>-2.635503,-0.362599,1.553843</position>
        <triangledirection>0.279606,0.248643,-0.927360</triangledirection>
        <trianglepickorigin>0,0,0</trianglepickorigin>
        <orientation>
          <row0>0.915817,0.220930,0.335361</row0>
          <row1>0.279606,0.248643,-0.927360</row1>
          <row2>-0.288267,0.943062,0.165938</row2>
        </orientation>
      </transform>
      <snapped>false</snapped>
      <childlist count="1">
        <childid>43</childid>
      </childlist>
      <handles count="4">
        <weight channel="DeformAxisForward">1</weight>
        <weight channel="DeformAxisLeft">0.603046</weight>
        <weight channel="DeformAxisUp">0</weight>
        <weight channel="0x2697a2f2">0.122390</weight>
      </handles>
    </blockref>
    <blockref>
      <blockid>Creature_parts~, ce_grasper_null</blockid>
      <transform>
        <basemusclescale>0.550000</basemusclescale>
        <scale>1</scale>
        <position>-0.928629,2.265740,2.261329</position>
        <triangledirection>-0.00640905,-0.327277,-0.944906</triangledirection>
        <trianglepickorigin>0,0,0</trianglepickorigin>
        <orientation>
          <row0>0.849386,0.496897,-0.177866</row0>
          <row1>-0.00640905,-0.327277,-0.944906</row1>
          <row2>-0.527733,0.803730,-0.274800</row2>
        </orientation>
      </transform>
      <snapped>true</snapped>
    </blockref>
    <blockref>
      <blockid>flora_parts~, fe_cap_01a</blockid>
      <transform>
        <scale>1</scale>
        <position>0.0912137,0.459657,5.348757</position>
        <triangledirection>-0.245663,-0.958393,-0.145364</triangledirection>
        <trianglepickorigin>0,0,0</trianglepickorigin>
        <orientation>
          <row0>-0.968683,0.248300,-1.86264e-7</row0>
          <row1>-0.245663,-0.958393,-0.145364</row1>
          <row2>-0.0360941,-0.140811,0.989378</row2>
        </orientation>
      </transform>
      <snapped>false</snapped>
    </blockref>
    <blockref>
      <blockid>flora_parts~, fe_cap_01a</blockid>
      <transform>
        <scale>1</scale>
        <position>0.466954,-0.227745,5.376526</position>
        <triangledirection>-0.955558,0.262331,-0.134497</triangledirection>
        <trianglepickorigin>0,0,0</trianglepickorigin>
        <orientation>
          <row0>0.264736,0.964320,-1.86264e-7</row0>
          <row1>-0.955558,0.262331,-0.134497</row1>
          <row2>-0.129698,0.0356065,0.990914</row2>
        </orientation>
      </transform>
      <snapped>false</snapped>
    </blockref>
    <blockref>
      <blockid>flora_parts~, fe_cap_01a</blockid>
      <transform>
        <scale>1</scale>
        <position>-2.251711,-1.008872,5.040003</position>
        <triangledirection>-0.610133,-0.779511,-0.141772</triangledirection>
        <trianglepickorigin>0,0,0</trianglepickorigin>
        <orientation>
          <row0>-0.787465,0.616358,-5.21540e-7</row0>
          <row1>-0.610133,-0.779511,-0.141772</row1>
          <row2>-0.0873829,-0.111640,0.989899</row2>
        </orientation>
      </transform>
      <snapped>false</snapped>
    </blockref>
    <blockref>
      <blockid>flora_parts~, fe_cap_01a</blockid>
      <transform>
        <scale>1</scale>
        <position>0.344054,0.350355,5.291150</position>
        <triangledirection>-0.478179,-0.576507,0.662558</triangledirection>
        <trianglepickorigin>0,0,0</trianglepickorigin>
        <orientation>
          <row0>-0.769692,0.638414,-1.19209e-7</row0>
          <row1>-0.478179,-0.576507,0.662558</row1>
          <row2>0.422987,0.509966,0.749010</row2>
        </orientation>
      </transform>
      <snapped>false</snapped>
      <childlist count="1">
        <childid>46</childid>
      </childlist>
    </blockref>
    <blockref>
      <blockid>flora_parts~, fe_cap_01a</blockid>
      <transform>
        <scale>1</scale>
        <position>0.419838,0.163047,5.222241</position>
        <triangledirection>-0.725976,-0.170056,0.666362</triangledirection>
        <trianglepickorigin>0,0,0</trianglepickorigin>
        <orientation>
          <row0>-0.228070,0.973644,6.92903e-7</row0>
          <row1>-0.725976,-0.170056,0.666362</row1>
          <row2>0.648800,0.151977,0.745627</row2>
        </orientation>
      </transform>
      <snapped>false</snapped>
      <childlist count="1">
        <childid>47</childid>
      </childlist>
    </blockref>
    <blockref>
      <blockid>flora_parts~, fe_cap_01a</blockid>
      <transform>
        <scale>1</scale>
        <position>0.326905,0.485412,5.288951</position>
        <triangledirection>-0.302780,-0.365042,-0.880379</triangledirection>
        <trianglepickorigin>0,0,0</trianglepickorigin>
        <orientation>
          <row0>-0.769692,0.638414,-6.25848e-7</row0>
          <row1>-0.302780,-0.365042,-0.880379</row1>
          <row2>-0.562047,-0.677621,0.474269</row2>
        </orientation>
      </transform>
      <snapped>false</snapped>
    </blockref>
    <blockref>
      <blockid>flora_parts~, fe_cap_01a</blockid>
      <transform>
        <scale>1</scale>
        <position>0.479517,0.201603,5.233798</position>
        <triangledirection>-0.466127,-0.109188,-0.877953</triangledirection>
        <trianglepickorigin>0,0,0</trianglepickorigin>
        <orientation>
          <row0>-0.228070,0.973644,-4.84287e-7</row0>
          <row1>-0.466127,-0.109188,-0.877954</row1>
          <row2>-0.854815,-0.200235,0.478745</row2>
        </orientation>
      </transform>
      <snapped>false</snapped>
    </blockref>
  </blocks></sporemodel>