spore0006438f63474066620007730cffb9fea735ffffffffffffffffffffffffffffffff0000000ec178f8480dsporeautotestfffffffffffffffe08Palmento00006gaprop00<?xml version="1.0" encoding="UTF-8"?><sporemodel>
  <properties>
    <modeltype>PlantLarge</modeltype>
    <skineffectseed1>1234</skineffectseed1>
    <skineffectseed2>1234</skineffectseed2>
    <skineffectseed3>1234</skineffectseed3>
    <skincolor1>0.443136,0.364705,0.203921</skincolor1>
    <skincolor2>0.211764,0.576469,0.184312</skincolor2>
    <skincolor3>0.694117,0.650979,0.129411</skincolor3>
    <zcorpscore>9</zcorpscore>
  </properties>
  <blocks count="49">
    <blockref>
      <blockid>flora_parts~, fe_root_dummy</blockid>
      <transform>
        <scale>0,927743</scale>
        <position>0,0,0.349999</position>
        <triangledirection>0,1,0</triangledirection>
        <trianglepickorigin>0,0,0</trianglepickorigin>
        <orientation>
          <row0>1,0,0</row0>
          <row1>0,1,0</row1>
          <row2>0,0,1</row2>
        </orientation>
      </transform>
      <snapped>false</snapped>
      <childlist count="4">
        <childid>19</childid>
        <childid>17</childid>
        <childid>3</childid>
        <childid>1</childid>
      </childlist>
    </blockref>
    <blockref>
      <blockid>flora_parts~, FE_muscle_branch_04</blockid>
      <transform>
        <limbtype>0</limbtype>
        <musclescale>0.425000</musclescale>
        <basemusclescale>3</basemusclescale>
        <scale>1</scale>
        <position>0,0,0.349999</position>
        <triangledirection>-0.354282,-0.105850,0.929128</triangledirection>
        <trianglepickorigin>0,0,0</trianglepickorigin>
        <orientation>
          <row0>-0.321650,-0.919156,-0.227361</row0>
          <row1>-0.354282,-0.105850,0.929128</row1>
          <row2>-0.878080,0.379404,-0.291594</row2>
        </orientation>
      </transform>
      <snapped>true</snapped>
      <childlist count="1">
        <childid>2</childid>
      </childlist>
      <handles count="1">
        <weight channel="longer">0.317331</weight>
      </handles>
    </blockref>
    <blockref>
      <blockid>Creature_parts~, ce_grasper_null</blockid>
      <transform>
        <basemusclescale>0.5</basemusclescale>
        <scale>1</scale>
        <position>0.788479,0.235577,-1.717839</position>
        <triangledirection>2.30502e-7,2.09837e-7,-1</triangledirection>
        <trianglepickorigin>0,0,0</trianglepickorigin>
        <orientation>
          <row0>1,2.98022e-7,2.30502e-7</row0>
          <row1>2.30502e-7,2.09837e-7,-1</row1>
          <row2>-2.98023e-7,1,2.09837e-7</row2>
        </orientation>
      </transform>
      <snapped>true</snapped>
    </blockref>
    <blockref>
      <blockid>flora_parts~, fe_muscle_branch_06</blockid>
      <transform>
        <limbtype>0</limbtype>
        <musclescale>0.5</musclescale>
        <basemusclescale>3</basemusclescale>
        <scale>1</scale>
        <position>0,0,0.349999</position>
        <triangledirection>-0.854830,-0.477708,0.202629</triangledirection>
        <trianglepickorigin>0,0,0</trianglepickorigin>
        <orientation>
          <row0>-0.477416,0.571037,-0.667824</row0>
          <row1>-0.854831,-0.477708,0.202629</row1>
          <row2>-0.203316,0.667615,0.716206</row2>
        </orientation>
      </transform>
      <snapped>true</snapped>
      <childlist count="3">
        <childid>28</childid>
        <childid>25</childid>
        <childid>21</childid>
      </childlist>
      <handles count="1">
        <weight channel="longer">0.162245</weight>
      </handles>
    </blockref>
    <blockref>
      <blockid>flora_parts~, fe_root_dummy</blockid>
      <transform>
        <scale>1</scale>
        <position>0,0,0.349999</position>
        <triangledirection>0,1,0</triangledirection>
        <trianglepickorigin>0,0,0</trianglepickorigin>
        <orientation>
          <row0>1,0,0</row0>
          <row1>0,1,0</row1>
          <row2>0,0,1</row2>
        </orientation>
      </transform>
      <snapped>false</snapped>
      <childlist count="6">
        <childid>15</childid>
        <childid>13</childid>
        <childid>11</childid>
        <childid>9</childid>
        <childid>7</childid>
        <childid>5</childid>
      </childlist>
    </blockref>
    <blockref>
      <blockid>flora_parts~, FE_muscle_branch_04</blockid>
      <transform>
        <limbtype>0</limbtype>
        <musclescale>0.5</musclescale>
        <basemusclescale>1.700000</basemusclescale>
        <scale>1</scale>
        <position>0,0,0.349999</position>
        <triangledirection>0.0268859,0.0305509,0.999171</triangledirection>
        <trianglepickorigin>0,0,0</trianglepickorigin>
        <orientation>
          <row0>0.976802,-0.213226,-0.0197643</row0>
          <row1>0.0268859,0.0305509,0.999171</row1>
          <row2>-0.212446,-0.976525,0.0355750</row2>
        </orientation>
      </transform>
      <snapped>true</snapped>
      <childlist count="1">
        <childid>6</childid>
      </childlist>
      <handles count="1">
        <weight channel="longer">0.162245</weight>
      </handles>
    </blockref>
    <blockref>
      <blockid>Creature_parts~, ce_grasper_null</blockid>
      <transform>
        <basemusclescale>2.099998</basemusclescale>
        <scale>3</scale>
        <position>-0.0336679,-0.0382570,-0.901212</position>
        <triangledirection>0,0,-1</triangledirection>
        <trianglepickorigin>0,0,0</trianglepickorigin>
        <orientation>
          <row0>1,0,0</row0>
          <row1>0,0,-1</row1>
          <row2>0,1,0</row2>
        </orientation>
      </transform>
      <snapped>true</snapped>
    </blockref>
    <blockref>
      <blockid>flora_parts~, fe_muscle_branch_01</blockid>
      <transform>
        <limbtype>0</limbtype>
        <musclescale>0.5</musclescale>
        <basemusclescale>1.700000</basemusclescale>
        <scale>1</scale>
        <position>0,0,0.349999</position>
        <triangledirection>0.459795,0.744398,0.484210</triangledirection>
        <trianglepickorigin>0,0,0</trianglepickorigin>
        <orientation>
          <row0>-0.517467,0.667720,-0.535141</row0>
          <row1>0.459795,0.744398,0.484210</row1>
          <row2>0.721675,0.00450760,-0.692216</row2>
        </orientation>
      </transform>
      <snapped>true</snapped>
      <childlist count="1">
        <childid>8</childid>
      </childlist>
      <handles count="1">
        <weight channel="longer">0.188716</weight>
      </handles>
    </blockref>
    <blockref>
      <blockid>Creature_parts~, ce_grasper_null</blockid>
      <transform>
        <basemusclescale>1.600000</basemusclescale>
        <scale>1</scale>
        <position>-0.652163,-1.055837,-0.336794</position>
        <triangledirection>0,0,-1</triangledirection>
        <trianglepickorigin>0,0,0</trianglepickorigin>
        <orientation>
          <row0>1,0,0</row0>
          <row1>0,0,-1</row1>
          <row2>0,1,0</row2>
        </orientation>
      </transform>
      <snapped>true</snapped>
    </blockref>
    <blockref>
      <blockid>flora_parts~, fe_muscle_branch_01</blockid>
      <transform>
        <limbtype>0</limbtype>
        <musclescale>0.875</musclescale>
        <basemusclescale>1.900000</basemusclescale>
        <scale>1</scale>
        <position>0,0,0.349999</position>
        <triangledirection>-0.666956,0.588085,0.457521</triangledirection>
        <trianglepickorigin>0,0,0</trianglepickorigin>
        <orientation>
          <row0>-0.446694,0.175868,-0.877230</row0>
          <row1>-0.666956,0.588085,0.457521</row1>
          <row2>0.596350,0.789446,-0.145397</row2>
        </orientation>
      </transform>
      <snapped>true</snapped>
      <childlist count="1">
        <childid>10</childid>
      </childlist>
      <handles count="1">
        <weight channel="longer">0.211769</weight>
      </handles>
    </blockref>
    <blockref>
      <blockid>Creature_parts~, ce_grasper_null</blockid>
      <transform>
        <basemusclescale>1.149998</basemusclescale>
        <scale>1</scale>
        <position>1.042492,-0.919214,-0.365134</position>
        <triangledirection>0,0,-1</triangledirection>
        <trianglepickorigin>0,0,0</trianglepickorigin>
        <orientation>
          <row0>1,0,0</row0>
          <row1>0,0,-1</row1>
          <row2>0,1,0</row2>
        </orientation>
      </transform>
      <snapped>true</snapped>
    </blockref>
    <blockref>
      <blockid>flora_parts~, fe_muscle_branch_01</blockid>
      <transform>
        <limbtype>0</limbtype>
        <musclescale>0.650000</musclescale>
        <basemusclescale>2.299998</basemusclescale>
        <scale>1</scale>
        <position>0,0,0.349999</position>
        <triangledirection>0.129384,-0.852478,0.506498</triangledirection>
        <trianglepickorigin>0,0,0</trianglepickorigin>
        <orientation>
          <row0>0.898748,-0.114988,-0.423118</row0>
          <row1>0.129384,-0.852478,0.506498</row1>
          <row2>-0.418941,-0.509959,-0.751285</row2>
        </orientation>
      </transform>
      <snapped>true</snapped>
      <childlist count="1">
        <childid>12</childid>
      </childlist>
      <handles count="1">
        <weight channel="longer">0.162245</weight>
      </handles>
    </blockref>
    <blockref>
      <blockid>Creature_parts~, ce_grasper_null</blockid>
      <transform>
        <basemusclescale>1.100000</basemusclescale>
        <scale>1</scale>
        <position>-0.162021,1.067514,-0.284263</position>
        <triangledirection>0,0,-1</triangledirection>
        <trianglepickorigin>0,0,0</trianglepickorigin>
        <orientation>
          <row0>1,0,0</row0>
          <row1>0,0,-1</row1>
          <row2>0,1,0</row2>
        </orientation>
      </transform>
      <snapped>true</snapped>
    </blockref>
    <blockref>
      <blockid>flora_parts~, fe_muscle_branch_01</blockid>
      <transform>
        <limbtype>0</limbtype>
        <musclescale>0.675000</musclescale>
        <basemusclescale>1.700000</basemusclescale>
        <scale>1</scale>
        <position>0,0,0.349999</position>
        <triangledirection>-0.714356,-0.550213,0.432390</triangledirection>
        <trianglepickorigin>0,0,0</trianglepickorigin>
        <orientation>
          <row0>0.109201,-0.697971,-0.707750</row0>
          <row1>-0.714356,-0.550213,0.432390</row1>
          <row2>-0.691209,0.458368,-0.558684</row2>
        </orientation>
      </transform>
      <snapped>true</snapped>
      <childlist count="1">
        <childid>14</childid>
      </childlist>
      <handles count="1">
        <weight channel="longer">0.210219</weight>
      </handles>
    </blockref>
    <blockref>
      <blockid>Creature_parts~, ce_grasper_null</blockid>
      <transform>
        <basemusclescale>1.449998</basemusclescale>
        <scale>1</scale>
        <position>1.109632,0.854664,-0.321646</position>
        <triangledirection>0,0,-1</triangledirection>
        <trianglepickorigin>0,0,0</trianglepickorigin>
        <orientation>
          <row0>1,0,0</row0>
          <row1>0,0,-1</row1>
          <row2>0,1,0</row2>
        </orientation>
      </transform>
      <snapped>true</snapped>
    </blockref>
    <blockref>
      <blockid>flora_parts~, fe_muscle_branch_01</blockid>
      <transform>
        <limbtype>0</limbtype>
        <musclescale>0.5</musclescale>
        <basemusclescale>1.700000</basemusclescale>
        <scale>1</scale>
        <position>0,0,0.349999</position>
        <triangledirection>0.836005,-0.111215,0.537332</triangledirection>
        <trianglepickorigin>0,0,0</trianglepickorigin>
        <orientation>
          <row0>-0.368669,0.611453,0.700148</row0>
          <row1>0.836005,-0.111215,0.537332</row1>
          <row2>0.406420,0.783425,-0.470176</row2>
        </orientation>
      </transform>
      <snapped>true</snapped>
      <childlist count="1">
        <childid>16</childid>
      </childlist>
      <handles count="1">
        <weight channel="longer">0.162245</weight>
      </handles>
    </blockref>
    <blockref>
      <blockid>Creature_parts~, ce_grasper_null</blockid>
      <transform>
        <basemusclescale>1.75</basemusclescale>
        <scale>1</scale>
        <position>-1.046887,0.139268,-0.322874</position>
        <triangledirection>-2e-6,10e-7,-1</triangledirection>
        <trianglepickorigin>0,0,0</trianglepickorigin>
        <orientation>
          <row0>1,9.99998e-7,-1.99999e-6</row0>
          <row1>-2e-6,10e-7,-1</row1>
          <row2>-9.99995e-7,1,1.00000e-6</row2>
        </orientation>
      </transform>
      <snapped>true</snapped>
    </blockref>
    <blockref>
      <blockid>flora_parts~, FE_muscle_branch_04</blockid>
      <transform>
        <limbtype>0</limbtype>
        <musclescale>0.425000</musclescale>
        <basemusclescale>3</basemusclescale>
        <scale>1</scale>
        <position>0,0,0.349999</position>
        <triangledirection>0.370795,-0.354303,0.858475</triangledirection>
        <trianglepickorigin>0,0,0</trianglepickorigin>
        <orientation>
          <row0>-0.595866,0.618265,0.512534</row0>
          <row1>0.370795,-0.354303,0.858475</row1>
          <row2>0.712358,0.701581,-0.0181326</row2>
        </orientation>
      </transform>
      <snapped>true</snapped>
      <childlist count="1">
        <childid>18</childid>
      </childlist>
      <handles count="1">
        <weight channel="longer">0.317331</weight>
      </handles>
    </blockref>
    <blockref>
      <blockid>Creature_parts~, ce_grasper_null</blockid>
      <transform>
        <basemusclescale>0.550000</basemusclescale>
        <scale>1</scale>
        <position>-0.825230,0.788527,-1.560595</position>
        <triangledirection>0.844320,0.393424,0.363786</triangledirection>
        <trianglepickorigin>0,0,0</trianglepickorigin>
        <orientation>
          <row0>0.152403,-0.827188,0.540863</row0>
          <row1>0.844320,0.393424,0.363786</row1>
          <row2>-0.513708,0.401219,0.758370</row2>
        </orientation>
      </transform>
      <snapped>true</snapped>
    </blockref>
    <blockref>
      <blockid>flora_parts~, FE_muscle_branch_04</blockid>
      <transform>
        <limbtype>0</limbtype>
        <musclescale>0.425000</musclescale>
        <basemusclescale>3</basemusclescale>
        <scale>1</scale>
        <position>0,0,0.349999</position>
        <triangledirection>-0.147840,0.213070,0.965786</triangledirection>
        <trianglepickorigin>0,0,0</trianglepickorigin>
        <orientation>
          <row0>0.572663,0.814605,-0.0920550</row0>
          <row1>-0.147840,0.213070,0.965786</row1>
          <row2>0.806349,-0.539461,0.242448</row2>
        </orientation>
      </transform>
      <snapped>true</snapped>
      <childlist count="1">
        <childid>20</childid>
      </childlist>
      <handles count="1">
        <weight channel="longer">0.317331</weight>
      </handles>
    </blockref>
    <blockref>
      <blockid>Creature_parts~, ce_grasper_null</blockid>
      <transform>
        <basemusclescale>0.550000</basemusclescale>
        <scale>1</scale>
        <position>0.329028,-0.474202,-1.799425</position>
        <triangledirection>0.498469,0.316676,-0.806997</triangledirection>
        <trianglepickorigin>0,0,0</trianglepickorigin>
        <orientation>
          <row0>-0.0455252,-0.920045,-0.389158</row0>
          <row1>0.498469,0.316676,-0.806996</row1>
          <row2>0.865711,-0.230722,0.444197</row2>
        </orientation>
      </transform>
      <snapped>true</snapped>
    </blockref>
    <blockref>
      <blockid>flora_parts~, fe_muscle_branch_06</blockid>
      <transform>
        <limbtype>0</limbtype>
        <musclescale>0.5</musclescale>
        <basemusclescale>2.799998</basemusclescale>
        <scale>1</scale>
        <position>1.070461,0.598209,0.0962572</position>
        <triangledirection>0.924399,-0.350770,0.149820</triangledirection>
        <trianglepickorigin>0,0,0</trianglepickorigin>
        <orientation>
          <row0>-0.295235,-0.409312,0.863307</row0>
          <row1>0.924399,-0.350770,0.149820</row1>
          <row2>0.241499,0.842272,0.481928</row2>
        </orientation>
      </transform>
      <snapped>true</snapped>
      <childlist count="1">
        <childid>22</childid>
      </childlist>
      <handles count="1">
        <weight channel="longer">0.162245</weight>
      </handles>
    </blockref>
    <blockref>
      <blockid>flora_parts~, fe_muscle_branch_02</blockid>
      <transform>
        <limbtype>0</limbtype>
        <musclescale>0.524998</musclescale>
        <basemusclescale>2.799998</basemusclescale>
        <scale>1</scale>
        <position>-0.0871166,1.037462,-0.0913547</position>
        <triangledirection>0.722300,-0.169189,0.670565</triangledirection>
        <trianglepickorigin>0,0,0</trianglepickorigin>
        <orientation>
          <row0>-0.673012,-0.395128,0.625241</row0>
          <row1>0.722300,-0.169189,0.670565</row1>
          <row2>-0.159175,0.902910,0.399267</row2>
        </orientation>
      </transform>
      <snapped>true</snapped>
      <childlist count="1">
        <childid>23</childid>
      </childlist>
      <handles count="1">
        <weight channel="longer">0.162245</weight>
      </handles>
    </blockref>
    <blockref>
      <blockid>flora_parts~, fe_muscle_branch_02</blockid>
      <transform>
        <limbtype>0</limbtype>
        <musclescale>0.524998</musclescale>
        <basemusclescale>1.449998</basemusclescale>
        <scale>1</scale>
        <position>-0.991616,1.249330,-0.931069</position>
        <triangledirection>0.722300,-0.169189,0.670564</triangledirection>
        <trianglepickorigin>0,0,0</trianglepickorigin>
        <orientation>
          <row0>-0.673011,-0.395129,0.625242</row0>
          <row1>0.722300,-0.169189,0.670564</row1>
          <row2>-0.159175,0.902910,0.399268</row2>
        </orientation>
      </transform>
      <snapped>true</snapped>
      <childlist count="1">
        <childid>24</childid>
      </childlist>
      <handles count="1">
        <weight channel="longer">0.162245</weight>
      </handles>
    </blockref>
    <blockref>
      <blockid>Creature_parts~, ce_grasper_null</blockid>
      <transform>
        <basemusclescale>1.449998</basemusclescale>
        <scale>1</scale>
        <position>-1.896117,1.461198,-1.770785</position>
        <triangledirection>0.544345,-0.146648,-0.825943</triangledirection>
        <trianglepickorigin>0,0,0</trianglepickorigin>
        <orientation>
          <row0>0.0167829,-0.982499,0.185505</row0>
          <row1>0.544345,-0.146648,-0.825943</row1>
          <row2>0.838693,0.114841,0.532357</row2>
        </orientation>
      </transform>
      <snapped>true</snapped>
    </blockref>
    <blockref>
      <blockid>flora_parts~, fe_trunk_03</blockid>
      <transform>
        <limbtype>2</limbtype>
        <musclescale>0.5</musclescale>
        <basemusclescale>2.799998</basemusclescale>
        <scale>1</scale>
        <position>1.070461,0.598209,0.0962572</position>
        <triangledirection>0.402597,-0.303251,-0.863684</triangledirection>
        <trianglepickorigin>0,0,0</trianglepickorigin>
        <orientation>
          <row0>0.592678,0.805413,-0.00652067</row0>
          <row1>-0.255609,0.180405,-0.949798</row1>
          <row2>-0.763803,0.564591,0.312793</row2>
        </orientation>
        <userorientation>
          <userorientation_row0>1,0,0</userorientation_row0>
          <userorientation_row1>0,0.662711,-0.748874</userorientation_row1>
          <userorientation_row2>0,0.748874,0.662711</userorientation_row2>
        </userorientation>
      </transform>
      <snapped>true</snapped>
      <childlist count="1">
        <childid>26</childid>
      </childlist>
      <handles count="3">
        <weight channel="DeformAxisLeft">0.543053</weight>
        <weight channel="DeformAxisForward">1</weight>
        <weight channel="DeformBoneLength">1</weight>
      </handles>
    </blockref>
    <blockref>
      <blockid>flora_parts~, fe_trunk_03</blockid>
      <transform>
        <limbtype>2</limbtype>
        <musclescale>0.5</musclescale>
        <basemusclescale>1</basemusclescale>
        <scale>1</scale>
        <position>-0.539929,1.811218,3.550999</position>
        <triangledirection>0.402597,-0.303252,-0.863684</triangledirection>
        <trianglepickorigin>0,0,0</trianglepickorigin>
        <orientation>
          <row0>0.592680,0.805411,-0.00652056</row0>
          <row1>-0.255609,0.180406,-0.949798</row1>
          <row2>-0.763802,0.564593,0.312793</row2>
        </orientation>
        <userorientation>
          <userorientation_row0>1,0,0</userorientation_row0>
          <userorientation_row1>0,0.662710,-0.748875</userorientation_row1>
          <userorientation_row2>0,0.748875,0.662710</userorientation_row2>
        </userorientation>
      </transform>
      <snapped>true</snapped>
      <childlist count="7">
        <childid>45</childid>
        <childid>44</childid>
        <childid>43</childid>
        <childid>40</childid>
        <childid>39</childid>
        <childid>38</childid>
        <childid>27</childid>
      </childlist>
      <handles count="3">
        <weight channel="DeformAxisLeft">0.522753</weight>
        <weight channel="DeformAxisForward">1</weight>
        <weight channel="DeformBoneLength">1</weight>
      </handles>
    </blockref>
    <blockref>
      <blockid>Creature_parts~, ce_grasper_null</blockid>
      <transform>
        <basemusclescale>1</basemusclescale>
        <scale>1</scale>
        <position>-2.150320,3.024228,7.005743</position>
        <triangledirection>-0.255609,0.180408,-0.949798</triangledirection>
        <trianglepickorigin>0,0,0</trianglepickorigin>
        <orientation>
          <row0>0.592683,0.805409,-0.00652037</row0>
          <row1>-0.255609,0.180408,-0.949798</row1>
          <row2>-0.763799,0.564596,0.312794</row2>
        </orientation>
      </transform>
      <snapped>true</snapped>
    </blockref>
    <blockref>
      <blockid>flora_parts~, fe_trunk_03</blockid>
      <transform>
        <limbtype>2</limbtype>
        <musclescale>0.5</musclescale>
        <basemusclescale>2.799998</basemusclescale>
        <scale>1</scale>
        <position>1.070461,0.598209,0.0962572</position>
        <triangledirection>-0.0556385,0.0328635,-0.997909</triangledirection>
        <trianglepickorigin>0,0,0</trianglepickorigin>
        <orientation>
          <row0>0.592678,0.805413,-0.00652067</row0>
          <row1>-0.255609,0.180405,-0.949798</row1>
          <row2>-0.763803,0.564591,0.312793</row2>
        </orientation>
        <userorientation>
          <userorientation_row0>1,0,0</userorientation_row0>
          <userorientation_row1>0,0.967963,-0.251087</userorientation_row1>
          <userorientation_row2>0,0.251087,0.967963</userorientation_row2>
        </userorientation>
      </transform>
      <snapped>true</snapped>
      <childlist count="1">
        <childid>29</childid>
      </childlist>
      <handles count="3">
        <weight channel="DeformAxisLeft">0.543053</weight>
        <weight channel="DeformAxisForward">1</weight>
        <weight channel="DeformBoneLength">1</weight>
      </handles>
    </blockref>
    <blockref>
      <blockid>flora_parts~, fe_trunk_03</blockid>
      <transform>
        <limbtype>2</limbtype>
        <musclescale>0.5</musclescale>
        <basemusclescale>1</basemusclescale>
        <scale>1</scale>
        <position>1.293014,0.466756,4.087897</position>
        <triangledirection>-0.0183894,0.00543780,-0.999815</triangledirection>
        <trianglepickorigin>0,0,0</trianglepickorigin>
        <orientation>
          <row0>0.592680,0.805411,-0.00652056</row0>
          <row1>-0.255609,0.180406,-0.949798</row1>
          <row2>-0.763802,0.564593,0.312793</row2>
        </orientation>
        <userorientation>
          <userorientation_row0>1,0,0</userorientation_row0>
          <userorientation_row1>0,0.955305,-0.295619</userorientation_row1>
          <userorientation_row2>0,0.295619,0.955305</userorientation_row2>
        </userorientation>
      </transform>
      <snapped>true</snapped>
      <childlist count="12">
        <childid>48</childid>
        <childid>47</childid>
        <childid>46</childid>
        <childid>42</childid>
        <childid>41</childid>
        <childid>36</childid>
        <childid>35</childid>
        <childid>34</childid>
        <childid>33</childid>
        <childid>32</childid>
        <childid>31</childid>
        <childid>30</childid>
      </childlist>
      <handles count="3">
        <weight channel="DeformAxisLeft">0.522753</weight>
        <weight channel="DeformAxisForward">1</weight>
        <weight channel="DeformBoneLength">1</weight>
      </handles>
    </blockref>
    <blockref>
      <blockid>Creature_parts~, ce_grasper_null</blockid>
      <transform>
        <basemusclescale>1</basemusclescale>
        <scale>1</scale>
        <position>1.366571,0.445003,8.087162</position>
        <triangledirection>-0.255609,0.180409,-0.949798</triangledirection>
        <trianglepickorigin>0,0,0</trianglepickorigin>
        <orientation>
          <row0>0.592684,0.805408,-0.00651983</row0>
          <row1>-0.255609,0.180409,-0.949798</row1>
          <row2>-0.763799,0.564597,0.312795</row2>
        </orientation>
      </transform>
      <snapped>true</snapped>
    </blockref>
    <blockref>
      <blockid>flora_parts~, FE_leaf_01</blockid>
      <transform>
        <scale>1</scale>
        <position>1.138072,0.648173,8.150547</position>
        <triangledirection>-0.766357,0.603827,0.219284</triangledirection>
        <trianglepickorigin>0,0,0</trianglepickorigin>
        <orientation>
          <row0>-0.793099,-0.609092,-4.02331e-7</row0>
          <row1>0.289465,-0.376912,-0.879856</row1>
          <row2>0.535913,-0.697813,0.475239</row2>
        </orientation>
        <userorientation>
          <userorientation_row0>-0.936682,0.0436976,-0.347441</userorientation_row0>
          <userorientation_row1>0.240011,-0.642363,-0.727847</userorientation_row1>
          <userorientation_row2>-0.254987,-0.765152,0.591201</userorientation_row2>
        </userorientation>
      </transform>
      <snapped>false</snapped>
      <handles count="3">
        <weight channel="DeformAxisLeft">1</weight>
        <weight channel="DeformAxisUp">0.228926</weight>
        <weight channel="DeformAxisForward">0.592236</weight>
      </handles>
    </blockref>
    <blockref>
      <blockid>flora_parts~, FE_leaf_01</blockid>
      <transform>
        <scale>1</scale>
        <position>1.530187,0.889325,7.567362</position>
        <triangledirection>0.0696326,0.804554,-0.589781</triangledirection>
        <trianglepickorigin>0,0,0</trianglepickorigin>
        <orientation>
          <row0>-0.925631,0.378426,-3.05473e-7</row0>
          <row1>-0.371273,-0.908133,-0.193517</row1>
          <row2>-0.0732323,-0.179125,0.981096</row2>
        </orientation>
        <userorientation>
          <userorientation_row0>-0.936682,0.0436976,-0.347441</userorientation_row0>
          <userorientation_row1>0.240011,-0.642363,-0.727847</userorientation_row1>
          <userorientation_row2>-0.254987,-0.765152,0.591201</userorientation_row2>
        </userorientation>
      </transform>
      <snapped>false</snapped>
      <handles count="3">
        <weight channel="DeformAxisLeft">1</weight>
        <weight channel="DeformAxisUp">0.228926</weight>
        <weight channel="DeformAxisForward">0.592236</weight>
      </handles>
    </blockref>
    <blockref>
      <blockid>flora_parts~, FE_leaf_01</blockid>
      <transform>
        <scale>1</scale>
        <position>1.342805,0.911892,7.792088</position>
        <triangledirection>-0.0481995,-0.885423,-0.462277</triangledirection>
        <trianglepickorigin>0,0,0</trianglepickorigin>
        <orientation>
          <row0>-0.970916,-0.239420,-1.41561e-7</row0>
          <row1>0.234507,-0.950992,0.201545</row1>
          <row2>-0.0482540,0.195683,0.979479</row2>
        </orientation>
        <userorientation>
          <userorientation_row0>0.962347,-0.141274,0.232223</userorientation_row0>
          <userorientation_row1>0.258785,0.737558,-0.623728</userorientation_row1>
          <userorientation_row2>-0.0831614,0.660338,0.746347</userorientation_row2>
        </userorientation>
      </transform>
      <snapped>false</snapped>
      <handles count="3">
        <weight channel="DeformAxisLeft">1</weight>
        <weight channel="DeformAxisUp">0.228926</weight>
        <weight channel="DeformAxisForward">0.592236</weight>
      </handles>
    </blockref>
    <blockref>
      <blockid>flora_parts~, FE_leaf_01</blockid>
      <transform>
        <scale>1</scale>
        <position>1.433184,0.302430,8.176502</position>
        <triangledirection>0.837288,-0.444638,-0.318187</triangledirection>
        <trianglepickorigin>0,0,0</trianglepickorigin>
        <orientation>
          <row0>0.821231,0.570594,-5.21540e-8</row0>
          <row1>-0.0952632,0.137108,-0.985964</row1>
          <row2>-0.562586,0.809705,0.166954</row2>
        </orientation>
        <userorientation>
          <userorientation_row0>-0.883988,-0.107840,-0.454897</userorientation_row0>
          <userorientation_row1>0.433899,0.172995,-0.884196</userorientation_row1>
          <userorientation_row2>0.174046,-0.979001,-0.106134</userorientation_row2>
        </userorientation>
      </transform>
      <snapped>false</snapped>
      <childlist count="1">
        <childid>37</childid>
      </childlist>
      <handles count="3">
        <weight channel="DeformAxisLeft">1</weight>
        <weight channel="DeformAxisUp">0.228926</weight>
        <weight channel="DeformAxisForward">0.592236</weight>
      </handles>
    </blockref>
    <blockref>
      <blockid>flora_parts~, FE_leaf_01</blockid>
      <transform>
        <scale>1</scale>
        <position>0.979266,0.766394,7.938254</position>
        <triangledirection>-0.739369,0.367753,-0.563993</triangledirection>
        <trianglepickorigin>0,0,0</trianglepickorigin>
        <orientation>
          <row0>-0.773360,-0.633966,4.76837e-7</row0>
          <row1>0.626795,-0.764612,-0.149984</row1>
          <row2>0.0950852,-0.115991,0.988688</row2>
        </orientation>
        <userorientation>
          <userorientation_row0>-0.930293,-0.128126,-0.343707</userorientation_row0>
          <userorientation_row1>0.338655,-0.660032,-0.670572</userorientation_row1>
          <userorientation_row2>-0.140939,-0.740229,0.657415</userorientation_row2>
        </userorientation>
      </transform>
      <snapped>false</snapped>
      <handles count="3">
        <weight channel="DeformAxisLeft">1</weight>
        <weight channel="DeformAxisUp">0.228926</weight>
        <weight channel="DeformAxisForward">0.592236</weight>
      </handles>
    </blockref>
    <blockref>
      <blockid>flora_parts~, FE_leaf_01</blockid>
      <transform>
        <scale>1</scale>
        <position>1.142795,0.828736,8.074750</position>
        <triangledirection>-0.903300,-0.248672,-0.349584</triangledirection>
        <trianglepickorigin>0,0,0</trianglepickorigin>
        <orientation>
          <row0>-0.793099,-0.609092,-4.02331e-7</row0>
          <row1>0.289465,-0.376912,-0.879856</row1>
          <row2>0.535913,-0.697813,0.475239</row2>
        </orientation>
        <userorientation>
          <userorientation_row0>-0.424095,-0.291197,-0.857523</userorientation_row0>
          <userorientation_row1>0.867871,0.139837,-0.476700</userorientation_row1>
          <userorientation_row2>0.258728,-0.946386,0.193418</userorientation_row2>
        </userorientation>
      </transform>
      <snapped>false</snapped>
      <handles count="3">
        <weight channel="DeformAxisLeft">1</weight>
        <weight channel="DeformAxisUp">0.228926</weight>
        <weight channel="DeformAxisForward">0.592236</weight>
      </handles>
    </blockref>
    <blockref>
      <blockid>flora_parts~, FE_leaf_16</blockid>
      <transform>
        <scale>2,459605</scale>
        <position>1.174738,0.388955,8.260067</position>
        <triangledirection>-0.0395142,-0.0250667,-0.998904</triangledirection>
        <trianglepickorigin>0,0,0</trianglepickorigin>
        <orientation>
          <row0>0.715332,-0.698784,-2.98023e-8</row0>
          <row1>0.523624,0.536024,0.662189</row1>
          <row2>-0.462727,-0.473685,0.749336</row2>
        </orientation>
        <userorientation>
          <userorientation_row0>-0.993288,0.0901563,-0.0724354</userorientation_row0>
          <userorientation_row1>-0.0107495,-0.695591,-0.718356</userorientation_row1>
          <userorientation_row2>-0.115150,-0.712757,0.691892</userorientation_row2>
        </userorientation>
      </transform>
      <snapped>false</snapped>
      <handles count="3">
        <weight channel="DeformAxisLeft">0.758130</weight>
        <weight channel="DeformAxisForward">0.155733</weight>
        <weight channel="DeformAxisUp">0</weight>
      </handles>
    </blockref>
    <blockref>
      <blockid>flora_parts~, FE_leaf_16</blockid>
      <transform>
        <scale>2,459605</scale>
        <position>-2.268410,3.026129,6.283197</position>
        <triangledirection>0.499487,0.0256806,-0.865940</triangledirection>
        <trianglepickorigin>0,0,0</trianglepickorigin>
        <orientation>
          <row0>-0.428100,-0.903731,9.31322e-8</row0>
          <row1>0.899433,-0.426064,-0.0974062</row1>
          <row2>0.0880291,-0.0416995,0.995244</row2>
        </orientation>
        <userorientation>
          <userorientation_row0>-0.540922,0.629190,0.558140</userorientation_row0>
          <userorientation_row1>-0.237038,0.522661,-0.818924</userorientation_row1>
          <userorientation_row2>-0.806977,-0.575275,-0.133577</userorientation_row2>
        </userorientation>
      </transform>
      <snapped>false</snapped>
      <handles count="3">
        <weight channel="DeformAxisLeft">0.758130</weight>
        <weight channel="DeformAxisForward">0.155733</weight>
        <weight channel="DeformAxisUp">0</weight>
      </handles>
    </blockref>
    <blockref>
      <blockid>flora_parts~, FE_leaf_01</blockid>
      <transform>
        <scale>1</scale>
        <position>-1.655952,2.873308,7.030073</position>
        <triangledirection>0.0129014,0.997613,-0.0678231</triangledirection>
        <trianglepickorigin>0,0,0</trianglepickorigin>
        <orientation>
          <row0>0.401043,0.916059,-4.28408e-8</row0>
          <row1>-0.913083,0.399740,-0.0805421</row1>
          <row2>-0.0737813,0.0323009,0.996751</row2>
        </orientation>
        <userorientation>
          <userorientation_row0>0.378255,-0.852329,0.361184</userorientation_row0>
          <userorientation_row1>0.919046,0.392469,-0.0363308</userorientation_row1>
          <userorientation_row2>-0.110787,0.345687,0.931786</userorientation_row2>
        </userorientation>
      </transform>
      <snapped>false</snapped>
      <handles count="3">
        <weight channel="DeformAxisLeft">1</weight>
        <weight channel="DeformAxisUp">0.228926</weight>
        <weight channel="DeformAxisForward">0.592236</weight>
      </handles>
    </blockref>
    <blockref>
      <blockid>flora_parts~, FE_leaf_01</blockid>
      <transform>
        <scale>1</scale>
        <position>-1.906385,3.402501,6.670711</position>
        <triangledirection>-0.737100,-0.640235,-0.216286</triangledirection>
        <trianglepickorigin>0,0,0</trianglepickorigin>
        <orientation>
          <row0>-0.863194,0.504871,-2.45869e-7</row0>
          <row1>-0.484770,-0.828826,0.279365</row1>
          <row2>0.141043,0.241146,0.960184</row2>
        </orientation>
        <userorientation>
          <userorientation_row0>0.812105,-0.487644,-0.320449</userorientation_row0>
          <userorientation_row1>0.313023,0.827545,-0.466029</userorientation_row1>
          <userorientation_row2>0.492443,0.278154,0.824698</userorientation_row2>
        </userorientation>
      </transform>
      <snapped>false</snapped>
      <handles count="3">
        <weight channel="DeformAxisLeft">1</weight>
        <weight channel="DeformAxisUp">0.228926</weight>
        <weight channel="DeformAxisForward">0.592236</weight>
      </handles>
    </blockref>
    <blockref>
      <blockid>flora_parts~, fe_cap_02a</blockid>
      <transform>
        <scale>1</scale>
        <position>1.798738,0.270923,7.463106</position>
        <triangledirection>-0.755021,0.305453,-0.580208</triangledirection>
        <trianglepickorigin>0,0,0</trianglepickorigin>
        <orientation>
          <row0>0.375034,0.927011,-4.76837e-7</row0>
          <row1>-0.755021,0.305453,-0.580208</row1>
          <row2>-0.537859,0.217598,0.814468</row2>
        </orientation>
      </transform>
      <snapped>false</snapped>
    </blockref>
    <blockref>
      <blockid>flora_parts~, fe_cap_01a</blockid>
      <transform>
        <scale>1</scale>
        <position>1.556915,0.893356,7.832101</position>
        <triangledirection>-0.343333,-0.825116,0.448670</triangledirection>
        <trianglepickorigin>0,0,0</trianglepickorigin>
        <orientation>
          <row0>-0.923261,0.384171,2.98023e-8</row0>
          <row1>-0.343333,-0.825116,0.448670</row1>
          <row2>0.172366,0.414240,0.893697</row2>
        </orientation>
      </transform>
      <snapped>false</snapped>
    </blockref>
    <blockref>
      <blockid>flora_parts~, fe_cap_01a</blockid>
      <transform>
        <scale>1</scale>
        <position>-1.505095,3.158818,6.548941</position>
        <triangledirection>-0.373202,-0.696602,-0.612751</triangledirection>
        <trianglepickorigin>0,0,0</trianglepickorigin>
        <orientation>
          <row0>-0.881468,0.472242,6.55651e-7</row0>
          <row1>-0.373202,-0.696602,-0.612751</row1>
          <row2>-0.289367,-0.540121,0.790275</row2>
        </orientation>
      </transform>
      <snapped>false</snapped>
    </blockref>
    <blockref>
      <blockid>flora_parts~, fe_cap_01a</blockid>
      <transform>
        <scale>1</scale>
        <position>-1.615765,2.797336,6.828832</position>
        <triangledirection>-0.722862,0.241025,-0.647593</triangledirection>
        <trianglepickorigin>0,0,0</trianglepickorigin>
        <orientation>
          <row0>0.316311,0.948655,2.98023e-8</row0>
          <row1>-0.722862,0.241025,-0.647593</row1>
          <row2>-0.614342,0.204841,0.761986</row2>
        </orientation>
      </transform>
      <snapped>false</snapped>
    </blockref>
    <blockref>
      <blockid>flora_parts~, fe_cap_01a</blockid>
      <transform>
        <scale>1</scale>
        <position>-1.507150,2.818480,6.716134</position>
        <triangledirection>-0.720413,0.241714,-0.650060</triangledirection>
        <trianglepickorigin>0,0,0</trianglepickorigin>
        <orientation>
          <row0>0.318094,0.948058,-5.81145e-7</row0>
          <row1>-0.720413,0.241714,-0.650060</row1>
          <row2>-0.616295,0.206781,0.759882</row2>
        </orientation>
      </transform>
      <snapped>false</snapped>
    </blockref>
    <blockref>
      <blockid>flora_parts~, fe_cap_01a</blockid>
      <transform>
        <scale>1</scale>
        <position>1.555204,0.866654,7.708521</position>
        <triangledirection>-0.357627,-0.907626,0.219811</triangledirection>
        <trianglepickorigin>0,0,0</trianglepickorigin>
        <orientation>
          <row0>-0.930381,0.366593,1.86264e-7</row0>
          <row1>-0.357627,-0.907626,0.219811</row1>
          <row2>0.0805814,0.204508,0.975542</row2>
        </orientation>
      </transform>
      <snapped>false</snapped>
    </blockref>
    <blockref>
      <blockid>flora_parts~, fe_cap_01a</blockid>
      <transform>
        <scale>1</scale>
        <position>1.550120,0.913909,6.933882</position>
        <triangledirection>-0.370041,-0.899771,-0.231258</triangledirection>
