spore0006438f6347406662000770df90b9fea735ffffffffffffffffffffffffffffffff0000000ec178f7800dsporeautotestfffffffffffffffe08Rajergii00006gaprop00<?xml version="1.0" encoding="UTF-8"?><sporemodel>
  <properties>
    <modeltype>PlantLarge</modeltype>
    <skineffectseed1>1234</skineffectseed1>
    <skineffectseed2>1234</skineffectseed2>
    <skineffectseed3>1234</skineffectseed3>
    <skincolor1>0.282352,0.176470,0.168626</skincolor1>
    <skincolor2>0.972549,0.749019,0.262744</skincolor2>
    <skincolor3>0.443136,0.164704,0.141176</skincolor3>
    <zcorpscore>11</zcorpscore>
  </properties>
  <blocks count="22">
    <blockref>
      <blockid>flora_parts~, fe_root_dummy</blockid>
      <transform>
        <scale>1</scale>
        <position>0,0,0.600000</position>
        <triangledirection>0,1,0</triangledirection>
        <trianglepickorigin>0,0,0</trianglepickorigin>
        <orientation>
          <row0>1,0,0</row0>
          <row1>0,1,0</row1>
          <row2>0,0,1</row2>
        </orientation>
      </transform>
      <snapped>false</snapped>
      <childlist count="4">
        <childid>7</childid>
        <childid>5</childid>
        <childid>3</childid>
        <childid>1</childid>
      </childlist>
    </blockref>
    <blockref>
      <blockid>flora_parts~, FE_muscle_branch_04</blockid>
      <transform>
        <limbtype>0</limbtype>
        <musclescale>0.524996</musclescale>
        <basemusclescale>2.099996</basemusclescale>
        <scale>1</scale>
        <position>0,0,0.600000</position>
        <triangledirection>-0.353940,0.716074,0.601633</triangledirection>
        <trianglepickorigin>0,0,0</trianglepickorigin>
        <orientation>
          <row0>0.292510,0.695756,-0.656018</row0>
          <row1>-0.353940,0.716074,0.601633</row1>
          <row2>0.888348,0.0562070,0.455716</row2>
        </orientation>
      </transform>
      <snapped>true</snapped>
      <childlist count="1">
        <childid>2</childid>
      </childlist>
      <handles count="1">
        <weight channel="longer">0.216649</weight>
      </handles>
    </blockref>
    <blockref>
      <blockid>Creature_parts~, ce_grasper_null</blockid>
      <transform>
        <basemusclescale>0.5</basemusclescale>
        <scale>1</scale>
        <position>0.564076,-1.141218,-0.358833</position>
        <triangledirection>0,0,-1</triangledirection>
        <trianglepickorigin>0,0,0</trianglepickorigin>
        <orientation>
          <row0>1,0,0</row0>
          <row1>0,0,-1</row1>
          <row2>0,1,0</row2>
        </orientation>
      </transform>
      <snapped>true</snapped>
    </blockref>
    <blockref>
      <blockid>flora_parts~, fe_muscle_branch_01</blockid>
      <transform>
        <limbtype>0</limbtype>
        <musclescale>0.75</musclescale>
        <basemusclescale>2.099996</basemusclescale>
        <scale>1</scale>
        <position>0,0,0.600000</position>
        <triangledirection>-0.484347,-0.579931,0.655046</triangledirection>
        <trianglepickorigin>0,0,0</trianglepickorigin>
        <orientation>
          <row0>0.105375,-0.781951,-0.614368</row0>
          <row1>-0.484347,-0.579931,0.655046</row1>
          <row2>-0.868506,0.228542,-0.439846</row2>
        </orientation>
      </transform>
      <snapped>true</snapped>
      <childlist count="1">
        <childid>4</childid>
      </childlist>
      <handles count="1">
        <weight channel="longer">0.202262</weight>
      </handles>
    </blockref>
    <blockref>
      <blockid>Creature_parts~, ce_grasper_null</blockid>
      <transform>
        <basemusclescale>0.75</basemusclescale>
        <scale>1</scale>
        <position>0.728166,0.871869,-0.384793</position>
        <triangledirection>0,0,-1</triangledirection>
        <trianglepickorigin>0,0,0</trianglepickorigin>
        <orientation>
          <row0>1,0,0</row0>
          <row1>0,0,-1</row1>
          <row2>0,1,0</row2>
        </orientation>
      </transform>
      <snapped>true</snapped>
    </blockref>
    <blockref>
      <blockid>flora_parts~, fe_muscle_branch_01</blockid>
      <transform>
        <limbtype>0</limbtype>
        <musclescale>0.824996</musclescale>
        <basemusclescale>2.099996</basemusclescale>
        <scale>1</scale>
        <position>0,0,0.600000</position>
        <triangledirection>0.704647,-0.400266,0.585883</triangledirection>
        <trianglepickorigin>0,0,0</trianglepickorigin>
        <orientation>
          <row0>0.500682,0.865563,-0.0108371</row0>
          <row1>0.704647,-0.400266,0.585883</row1>
          <row2>0.502781,-0.300978,-0.810323</row2>
        </orientation>
      </transform>
      <snapped>true</snapped>
      <childlist count="1">
        <childid>6</childid>
      </childlist>
      <handles count="1">
        <weight channel="longer">0.202728</weight>
      </handles>
    </blockref>
    <blockref>
      <blockid>Creature_parts~, ce_grasper_null</blockid>
      <transform>
        <basemusclescale>0.699996</basemusclescale>
        <scale>1</scale>
        <position>-1.061424,0.602926,-0.282530</position>
        <triangledirection>0,0,-1</triangledirection>
        <trianglepickorigin>0,0,0</trianglepickorigin>
        <orientation>
          <row0>1,-10e-7,0</row0>
          <row1>0,0,-1</row1>
          <row2>10e-7,1,0</row2>
        </orientation>
      </transform>
      <snapped>true</snapped>
    </blockref>
    <blockref>
      <blockid>flora_parts~, fe_trunk_03</blockid>
      <transform>
        <limbtype>2</limbtype>
        <musclescale>0.5</musclescale>
        <basemusclescale>2.099996</basemusclescale>
        <scale>1</scale>
        <position>0,0,0.600000</position>
        <triangledirection>0,-1.19209e-7,-1</triangledirection>
        <trianglepickorigin>0,0,0</trianglepickorigin>
        <orientation>
          <row0>1,0,0</row0>
          <row1>0,-1.19209e-7,-1</row1>
          <row2>0,1,-1.19209e-7</row2>
        </orientation>
      </transform>
      <snapped>true</snapped>
      <childlist count="3">
        <childid>12</childid>
        <childid>10</childid>
        <childid>8</childid>
      </childlist>
      <handles count="3">
        <weight channel="DeformAxisLeft">0.420530</weight>
        <weight channel="DeformAxisForward">0.626217</weight>
        <weight channel="DeformBoneLength">1</weight>
      </handles>
    </blockref>
    <blockref>
      <blockid>flora_parts~, fe_branch_01</blockid>
      <transform>
        <limbtype>2</limbtype>
        <musclescale>0.5</musclescale>
        <basemusclescale>1</basemusclescale>
        <scale>1</scale>
        <position>0,4.76836e-7,4.599998</position>
        <triangledirection>0,-1.19209e-7,-1</triangledirection>
        <trianglepickorigin>0,0,0</trianglepickorigin>
        <orientation>
          <row0>1,0,0</row0>
          <row1>0,-1.19209e-7,-1</row1>
          <row2>0,1,-1.19209e-7</row2>
        </orientation>
      </transform>
      <snapped>true</snapped>
      <childlist count="7">
        <childid>21</childid>
        <childid>20</childid>
        <childid>19</childid>
        <childid>18</childid>
        <childid>17</childid>
        <childid>15</childid>
        <childid>9</childid>
      </childlist>
      <handles count="3">
        <weight channel="DeformAxisForward">1</weight>
        <weight channel="DeformAxisLeft">0.660953</weight>
        <weight channel="0x5e6f7e87">1</weight>
      </handles>
    </blockref>
    <blockref>
      <blockid>Creature_parts~, ce_grasper_null</blockid>
      <transform>
        <basemusclescale>1</basemusclescale>
        <scale>1</scale>
        <position>0,8.07045e-7,7.369998</position>
        <triangledirection>0,-1.19209e-7,-1</triangledirection>
        <trianglepickorigin>0,0,0</trianglepickorigin>
        <orientation>
          <row0>1,0,0</row0>
          <row1>0,-1.19209e-7,-1</row1>
          <row2>0,1,-1.19209e-7</row2>
        </orientation>
      </transform>
      <snapped>true</snapped>
    </blockref>
    <blockref>
      <blockid>flora_parts~, fe_branch_02</blockid>
      <transform>
        <limbtype>2</limbtype>
        <musclescale>0.5</musclescale>
        <basemusclescale>1</basemusclescale>
        <scale>1</scale>
        <position>0,4.76836e-7,4.599998</position>
        <triangledirection>-0.665360,-0.651150,-0.365101</triangledirection>
        <trianglepickorigin>0,0,0</trianglepickorigin>
        <orientation>
          <row0>0.696809,-0.366223,-0.616714</row0>
          <row1>-0.665360,-0.651150,-0.365101</row1>
          <row2>-0.267865,0.664743,-0.697398</row2>
        </orientation>
      </transform>
      <snapped>true</snapped>
      <childlist count="2">
        <childid>14</childid>
        <childid>11</childid>
      </childlist>
      <handles count="2">
        <weight channel="DeformAxisForward">0.958472</weight>
        <weight channel="DeformAxisLeft">0.789502</weight>
      </handles>
    </blockref>
    <blockref>
      <blockid>Creature_parts~, ce_grasper_null</blockid>
      <transform>
        <basemusclescale>1</basemusclescale>
        <scale>1</scale>
        <position>1.688490,1.652429,5.526519</position>
        <triangledirection>-1.49011e-8,-8.94068e-8,-1</triangledirection>
        <trianglepickorigin>0,0,0</trianglepickorigin>
        <orientation>
          <row0>1,-5.96046e-8,-1.49010e-8</row0>
          <row1>-1.49011e-8,-8.94068e-8,-1</row1>
          <row2>5.96046e-8,1,-8.94068e-8</row2>
        </orientation>
      </transform>
      <snapped>true</snapped>
    </blockref>
    <blockref>
      <blockid>flora_parts~, fe_branch_02</blockid>
      <transform>
        <limbtype>2</limbtype>
        <musclescale>0.5</musclescale>
        <basemusclescale>1</basemusclescale>
        <scale>1</scale>
        <position>0,4.76836e-7,4.599998</position>
        <triangledirection>0.800745,0.207772,-0.561816</triangledirection>
        <trianglepickorigin>0,0,0</trianglepickorigin>
        <orientation>
          <row0>0.588233,-0.449820,0.672043</row0>
          <row1>0.800745,0.207772,-0.561816</row1>
          <row2>0.113084,0.868615,0.482410</row2>
        </orientation>
        <userorientation>
          <userorientation_row0>0.478998,0,-0.877815</userorientation_row0>
          <userorientation_row1>0,1,0</userorientation_row1>
          <userorientation_row2>0.877815,0,0.478998</userorientation_row2>
        </userorientation>
      </transform>
      <snapped>true</snapped>
      <childlist count="2">
        <childid>16</childid>
        <childid>13</childid>
      </childlist>
      <handles count="2">
        <weight channel="DeformAxisForward">0.958472</weight>
        <weight channel="DeformAxisLeft">0.789502</weight>
      </handles>
    </blockref>
    <blockref>
      <blockid>Creature_parts~, ce_grasper_null</blockid>
      <transform>
        <basemusclescale>1</basemusclescale>
        <scale>1</scale>
        <position>-2.032057,-0.527264,6.025726</position>
        <triangledirection>0.616716,0.697396,-0.365100</triangledirection>
        <trianglepickorigin>0,0,0</trianglepickorigin>
        <orientation>
          <row0>0.696808,-0.267866,0.665361</row0>
          <row1>0.616716,0.697396,-0.365100</row1>
          <row2>-0.366222,0.664744,0.651149</row2>
        </orientation>
      </transform>
      <snapped>true</snapped>
    </blockref>
    <blockref>
      <blockid>flora_parts~, FE_leaf_06</blockid>
      <transform>
        <scale>1</scale>
        <position>1.110816,0.958381,5.528128</position>
        <triangledirection>-0.208879,-0.512699,-0.832771</triangledirection>
        <trianglepickorigin>0,0,0</trianglepickorigin>
        <orientation>
          <row0>-0.926091,0.377299,1.49011e-8</row0>
          <row1>-0.208879,-0.512699,-0.832771</row1>
          <row2>-0.314204,-0.771222,0.553616</row2>
        </orientation>
      </transform>
      <snapped>false</snapped>
      <handles count="3">
        <weight channel="DeformAxisLeft">0</weight>
        <weight channel="DeformAxisUp">0</weight>
        <weight channel="DeformAxisForward">1</weight>
      </handles>
    </blockref>
    <blockref>
      <blockid>flora_parts~, FE_leaf_06</blockid>
      <transform>
        <scale>1</scale>
        <position>-0.0829605,-0.0206691,7.055270</position>
        <triangledirection>0.307938,0.357262,-0.881780</triangledirection>
        <trianglepickorigin>0,0,0</trianglepickorigin>
        <orientation>
          <row0>-0.261746,-0.965136,-9.31322e-10</row0>
          <row1>0.965066,-0.261727,-0.0120814</row1>
          <row2>0.0116602,-0.00316226,0.999927</row2>
        </orientation>
        <userorientation>
          <userorientation_row0>0.449939,0.893058,-1.49011e-8</userorientation_row0>
          <userorientation_row1>-0.425409,0.214329,-0.879254</userorientation_row1>
          <userorientation_row2>-0.785225,0.395612,0.476351</userorientation_row2>
        </userorientation>
      </transform>
      <snapped>false</snapped>
      <handles count="3">
        <weight channel="DeformAxisLeft">0</weight>
        <weight channel="DeformAxisUp">0</weight>
        <weight channel="DeformAxisForward">1</weight>
      </handles>
    </blockref>
    <blockref>
      <blockid>flora_parts~, FE_leaf_06</blockid>
      <transform>
        <scale>1</scale>
        <position>-1.438642,-0.225646,5.187690</position>
        <triangledirection>0.611151,0.733001,-0.298667</triangledirection>
        <trianglepickorigin>0,0,0</trianglepickorigin>
        <orientation>
          <row0>0.766358,-0.642413,2.98023e-8</row0>
          <row1>0.365973,0.436583,0.821862</row1>
          <row2>-0.527975,-0.629841,0.569685</row2>
        </orientation>
        <userorientation>
          <userorientation_row0>0.551473,0.796647,0.247440</userorientation_row0>
          <userorientation_row1>-0.00252858,0.298216,-0.954494</userorientation_row1>
          <userorientation_row2>-0.834186,0.525753,0.166473</userorientation_row2>
        </userorientation>
      </transform>
      <snapped>false</snapped>
      <handles count="3">
        <weight channel="DeformAxisLeft">0</weight>
        <weight channel="DeformAxisUp">0</weight>
        <weight channel="DeformAxisForward">1</weight>
      </handles>
    </blockref>
    <blockref>
      <blockid>flora_parts~, fe_cap_01a</blockid>
      <transform>
        <scale>0,687288</scale>
        <position>0.0972279,0.00305860,6.138306</position>
        <triangledirection>-0.878643,-0.477466,-0.00324818</triangledirection>
        <trianglepickorigin>0,0,0</trianglepickorigin>
        <orientation>
          <row0>-0.477469,0.878648,-5.35510e-9</row0>
          <row1>-0.878644,-0.477466,-0.00324818</row1>
          <row2>-0.00285401,-0.00155090,0.999994</row2>
        </orientation>
      </transform>
      <snapped>false</snapped>
    </blockref>
    <blockref>
      <blockid>flora_parts~, fe_cap_01a</blockid>
      <transform>
        <scale>0,687288</scale>
        <position>-0.0386245,-0.147108,5.655798</position>
        <triangledirection>0.0857383,0.994671,0.0572541</triangledirection>
        <trianglepickorigin>0,0,0</trianglepickorigin>
        <orientation>
          <row0>0.996305,-0.0858792,1.07102e-8</row0>
          <row1>0.0857383,0.994671,0.0572541</row1>
          <row2>-0.00491694,-0.0570425,0.998359</row2>
        </orientation>
      </transform>
      <snapped>false</snapped>
    </blockref>
    <blockref>
      <blockid>flora_parts~, fe_cap_01a</blockid>
      <transform>
        <scale>0,687288</scale>
        <position>0.134208,-0.0281112,5.715137</position>
        <triangledirection>-0.877349,-0.477413,-0.0483133</triangledirection>
        <trianglepickorigin>0,0,0</trianglepickorigin>
        <orientation>
          <row0>-0.477971,0.878375,2.42143e-8</row0>
          <row1>-0.877349,-0.477413,-0.0483133</row1>
          <row2>-0.0424372,-0.0230924,0.998832</row2>
        </orientation>
      </transform>
      <snapped>false</snapped>
    </blockref>
    <blockref>
      <blockid>flora_parts~, fe_cap_01a</blockid>
      <transform>
        <scale>0,687288</scale>
        <position>0.159185,-0.0355996,5.329833</position>
        <triangledirection>-0.690116,0.722880,-0.0343864</triangledirection>
        <trianglepickorigin>0,0,0</trianglepickorigin>
        <orientation>
          <row0>0.723308,0.690525,-1.86264e-9</row0>
          <row1>-0.690116,0.722880,-0.0343864</row1>
          <row2>-0.0237446,0.0248719,0.999408</row2>
        </orientation>
      </transform>
      <snapped>false</snapped>
    </blockref>
    <blockref>
      <blockid>flora_parts~, fe_cap_01a</blockid>
      <transform>
        <scale>0,687288</scale>
        <position>0.130042,-0.0607046,5.386899</position>
        <triangledirection>-0.690116,0.722880,-0.0343864</triangledirection>
        <trianglepickorigin>0,0,0</trianglepickorigin>
        <orientation>
          <row0>0.723308,0.690525,-1.86264e-9</row0>
          <row1>-0.690116,0.722880,-0.0343864</row1>
          <row2>-0.0237446,0.0248719,0.999408</row2>
        </orientation>
      </transform>
      <snapped>false</snapped>
    </blockref>
  </blocks></sporemodel>