spore0006438f6347406662000774e75bb9fea735ffffffffffffffffffffffffffffffff0000000ec178f8650dsporeautotestfffffffffffffffe08Buxocles00006gaprop00<?xml version="1.0" encoding="UTF-8"?><sporemodel>
  <properties>
    <modeltype>PlantMedium</modeltype>
    <skineffectseed1>1234</skineffectseed1>
    <skineffectseed2>1234</skineffectseed2>
    <skineffectseed3>1234</skineffectseed3>
    <skincolor1>0.541176,0.694117,0.317647</skincolor1>
    <skincolor2>0.576469,0.694117,0.411763</skincolor2>
    <skincolor3>0.219607,0.443136,0.203921</skincolor3>
    <zcorpscore>13</zcorpscore>
  </properties>
  <blocks count="29">
    <blockref>
      <blockid>flora_parts~, fe_root_dummy</blockid>
      <transform>
        <scale>1</scale>
        <position>0.0219304,0.00143325,0.600000</position>
        <triangledirection>0,1,0</triangledirection>
        <trianglepickorigin>0,0,0</trianglepickorigin>
        <orientation>
          <row0>1,0,0</row0>
          <row1>0,1,0</row1>
          <row2>0,0,1</row2>
        </orientation>
      </transform>
      <snapped>false</snapped>
      <childlist count="3">
        <childid>15</childid>
        <childid>12</childid>
        <childid>5</childid>
      </childlist>
    </blockref>
    <blockref>
      <blockid>Creature_parts~, ce_grasper_null</blockid>
      <transform>
        <basemusclescale>1.100000</basemusclescale>
        <scale>1</scale>
        <position>-2.640135,1.650595,3.122989</position>
        <triangledirection>0.240942,-0.239479,-0.940530</triangledirection>
        <trianglepickorigin>0,0,0</trianglepickorigin>
        <orientation>
          <row0>-0.784656,-0.618398,-0.0435534</row0>
          <row1>0.240942,-0.239479,-0.940530</row1>
          <row2>0.571192,-0.748487,0.336906</row2>
        </orientation>
      </transform>
      <snapped>false</snapped>
    </blockref>
    <blockref>
      <blockid>Creature_parts~, ce_grasper_null</blockid>
      <transform>
        <basemusclescale>1</basemusclescale>
        <scale>1</scale>
        <position>-2.281733,-0.156526,2.944823</position>
        <triangledirection>0.240960,-0.239477,-0.940525</triangledirection>
        <trianglepickorigin>0,0,0</trianglepickorigin>
        <orientation>
          <row0>-0.784640,-0.618419,-0.0435605</row0>
          <row1>0.240960,-0.239477,-0.940525</row1>
          <row2>0.571207,-0.748470,0.336917</row2>
        </orientation>
      </transform>
      <snapped>false</snapped>
    </blockref>
    <blockref>
      <blockid>Creature_parts~, ce_grasper_null</blockid>
      <transform>
        <basemusclescale>1</basemusclescale>
        <scale>1</scale>
        <position>0.203314,-1.786732,3.307368</position>
        <triangledirection>0,0,-1</triangledirection>
        <trianglepickorigin>0,0,0</trianglepickorigin>
        <orientation>
          <row0>1,0,0</row0>
          <row1>0,0,-1</row1>
          <row2>0,1,0</row2>
        </orientation>
      </transform>
      <snapped>false</snapped>
    </blockref>
    <blockref>
      <blockid>Creature_parts~, ce_grasper_null</blockid>
      <transform>
        <basemusclescale>1</basemusclescale>
        <scale>1</scale>
        <position>0.0219304,0.00143325,3.150254</position>
        <triangledirection>-0.100535,0.991115,-0.0870820</triangledirection>
        <trianglepickorigin>0,0,0</trianglepickorigin>
        <orientation>
          <row0>0.987913,0.109821,0.109388</row0>
          <row1>-0.100535,0.991115,-0.0870820</row1>
          <row2>-0.117980,0.0750321,0.990177</row2>
        </orientation>
      </transform>
      <snapped>false</snapped>
    </blockref>
    <blockref>
      <blockid>flora_parts~, fe_muscle_branch_01</blockid>
      <transform>
        <limbtype>0</limbtype>
        <musclescale>1</musclescale>
        <basemusclescale>2.200000</basemusclescale>
        <scale>1</scale>
        <position>0.0219304,0.00143325,0.600000</position>
        <triangledirection>-0.315159,-0.611309,0.725930</triangledirection>
        <trianglepickorigin>0,0,0</trianglepickorigin>
        <orientation>
          <row0>-0.399874,-0.608162,-0.685739</row0>
          <row1>-0.315159,-0.611309,0.725930</row1>
          <row2>-0.860682,0.506398,0.0527792</row2>
        </orientation>
      </transform>
      <snapped>true</snapped>
      <childlist count="4">
        <childid>11</childid>
        <childid>9</childid>
        <childid>7</childid>
        <childid>6</childid>
      </childlist>
      <handles count="1">
        <weight channel="longer">0.00555498</weight>
      </handles>
    </blockref>
    <blockref>
      <blockid>flora_parts~, fe_muscle_branch_06</blockid>
      <transform>
        <limbtype>0</limbtype>
        <musclescale>0.5</musclescale>
        <basemusclescale>1.25</basemusclescale>
        <scale>1</scale>
        <position>0.106665,0.165790,0.404823</position>
        <triangledirection>0.506422,-0.811544,0.291431</triangledirection>
        <trianglepickorigin>0,0,0</trianglepickorigin>
        <orientation>
          <row0>0.212507,-0.210088,-0.954307</row0>
          <row1>0.506422,-0.811544,0.291431</row1>
          <row2>-0.835689,-0.545214,-0.0660657</row2>
        </orientation>
      </transform>
      <snapped>true</snapped>
      <childlist count="3">
        <childid>22</childid>
        <childid>21</childid>
        <childid>8</childid>
      </childlist>
      <handles count="1">
        <weight channel="longer">0.162245</weight>
      </handles>
    </blockref>
    <blockref>
      <blockid>flora_parts~, fe_muscle_branch_06</blockid>
      <transform>
        <limbtype>0</limbtype>
        <musclescale>0.5</musclescale>
        <basemusclescale>1.25</basemusclescale>
        <scale>1</scale>
        <position>0.106665,0.165790,0.404823</position>
        <triangledirection>-0.339578,0.898127,0.279381</triangledirection>
        <trianglepickorigin>0,0,0</trianglepickorigin>
        <orientation>
          <row0>-0.418821,0.121575,-0.899893</row0>
          <row1>-0.339578,0.898127,0.279381</row1>
          <row2>0.842184,0.422594,-0.334870</row2>
        </orientation>
      </transform>
      <snapped>true</snapped>
      <childlist count="2">
        <childid>23</childid>
        <childid>10</childid>
      </childlist>
      <handles count="1">
        <weight channel="longer">0.162245</weight>
      </handles>
    </blockref>
    <blockref>
      <blockid>flora_parts~, FE_leaf_22</blockid>
      <transform>
        <scale>1,690458</scale>
        <position>-0.0862258,0.508153,0.675132</position>
        <triangledirection>-0.112304,0.104457,-0.988167</triangledirection>
        <trianglepickorigin>0,0,0</trianglepickorigin>
        <orientation>
          <row0>-0.681061,-0.732226,-1.34110e-7</row0>
          <row1>0.425376,-0.395652,-0.813949</row1>
          <row2>0.595995,-0.554349,0.580935</row2>
        </orientation>
        <userorientation>
          <userorientation_row0>1,0,0</userorientation_row0>
          <userorientation_row1>0,0.715217,-0.698899</userorientation_row1>
          <userorientation_row2>0,0.698899,0.715217</userorientation_row2>
        </userorientation>
      </transform>
      <snapped>false</snapped>
      <handles count="4">
        <weight channel="DeformAxisLeft">0.277905</weight>
        <weight channel="DeformAxisForward">0.585021</weight>
        <weight channel="DeformAxisRight">0</weight>
        <weight channel="DeformAxisUp">0.458128</weight>
      </handles>
    </blockref>
    <blockref>
      <blockid>flora_parts~, FE_leaf_22</blockid>
      <transform>
        <scale>1,690458</scale>
        <position>-0.0973120,-0.150800,0.924082</position>
        <triangledirection>-0.0838777,-0.109237,-0.990469</triangledirection>
        <trianglepickorigin>0,0,0</trianglepickorigin>
        <orientation>
          <row0>0.793151,-0.609024,3.12924e-7</row0>
          <row1>0.361600,0.470923,-0.804659</row1>
          <row2>0.490056,0.638217,0.593736</row2>
        </orientation>
        <userorientation>
          <userorientation_row0>1,0,0</userorientation_row0>
          <userorientation_row1>0,0.715217,-0.698899</userorientation_row1>
          <userorientation_row2>0,0.698899,0.715217</userorientation_row2>
        </userorientation>
      </transform>
      <snapped>false</snapped>
      <handles count="4">
        <weight channel="DeformAxisLeft">0.277905</weight>
        <weight channel="DeformAxisForward">0.585021</weight>
        <weight channel="DeformAxisRight">0</weight>
        <weight channel="DeformAxisUp">0.458128</weight>
      </handles>
    </blockref>
    <blockref>
      <blockid>flora_parts~, FE_leaf_22</blockid>
      <transform>
        <scale>1,690458</scale>
        <position>0.266730,-0.639355,0.510170</position>
        <triangledirection>-0.218409,-0.0661417,-0.973611</triangledirection>
        <trianglepickorigin>0,0,0</trianglepickorigin>
        <orientation>
          <row0>0.289835,-0.957076,-1.63912e-7</row0>
          <row1>0.495040,0.149915,-0.855839</row1>
          <row2>0.819103,0.248052,0.517241</row2>
        </orientation>
        <userorientation>
          <userorientation_row0>1,0,0</userorientation_row0>
          <userorientation_row1>0,0.715217,-0.698899</userorientation_row1>
          <userorientation_row2>0,0.698899,0.715217</userorientation_row2>
        </userorientation>
      </transform>
      <snapped>false</snapped>
      <handles count="4">
        <weight channel="DeformAxisLeft">0.277905</weight>
        <weight channel="DeformAxisForward">0.585021</weight>
        <weight channel="DeformAxisRight">0</weight>
        <weight channel="DeformAxisUp">0.458128</weight>
      </handles>
    </blockref>
    <blockref>
      <blockid>flora_parts~, FE_leaf_22</blockid>
      <transform>
        <scale>1,690458</scale>
        <position>-0.0345693,-0.306930,0.823092</position>
        <triangledirection>0.0189331,-0.110041,-0.993745</triangledirection>
        <trianglepickorigin>0,0,0</trianglepickorigin>
        <orientation>
          <row0>0.980248,-0.197769,1.11758e-7</row0>
          <row1>0.165760,0.821592,-0.545444</row1>
          <row2>0.107872,0.534671,0.838147</row2>
        </orientation>
        <userorientation>
          <userorientation_row0>0.995882,0.0540596,0.0727665</userorientation_row0>
          <userorientation_row1>0.0403220,0.454761,-0.889698</userorientation_row1>
          <userorientation_row2>-0.0811884,0.888969,0.450709</userorientation_row2>
        </userorientation>
      </transform>
      <snapped>false</snapped>
      <handles count="4">
        <weight channel="DeformAxisLeft">0.277905</weight>
        <weight channel="DeformAxisForward">0.585021</weight>
        <weight channel="DeformAxisRight">0</weight>
        <weight channel="DeformAxisUp">0.554115</weight>
      </handles>
    </blockref>
    <blockref>
      <blockid>flora_parts~, fe_branch_05</blockid>
      <transform>
        <limbtype>2</limbtype>
        <musclescale>0.5</musclescale>
        <basemusclescale>2.200000</basemusclescale>
        <scale>1</scale>
        <position>0.0219304,0.00143325,0.600000</position>
        <triangledirection>0.00484495,-0.164275,-0.986402</triangledirection>
        <trianglepickorigin>0,0,0</trianglepickorigin>
        <orientation>
          <row0>0.999565,0.0294800,-1.65245e-9</row0>
          <row1>1.86263e-9,-1.19209e-7,-1</row1>
          <row2>-0.0294800,0.999565,-1.19212e-7</row2>
        </orientation>
        <userorientation>
          <userorientation_row0>1,0,0</userorientation_row0>
          <userorientation_row1>0,0.986402,-0.164346</userorientation_row1>
          <userorientation_row2>0,0.164346,0.986402</userorientation_row2>
        </userorientation>
      </transform>
      <snapped>true</snapped>
      <childlist count="4">
        <childid>28</childid>
        <childid>27</childid>
        <childid>24</childid>
        <childid>13</childid>
      </childlist>
      <handles count="2">
        <weight channel="DeformAxisForward">1</weight>
        <weight channel="DeformAxisLeft">1</weight>
      </handles>
    </blockref>
    <blockref>
      <blockid>flora_parts~, fe_branch_05</blockid>
      <transform>
        <limbtype>2</limbtype>
        <musclescale>0.5</musclescale>
        <basemusclescale>1</basemusclescale>
        <scale>1</scale>
        <position>0.00642671,0.527114,3.756488</position>
        <triangledirection>2.96153e-9,-0.321532,-0.946897</triangledirection>
        <trianglepickorigin>0,0,0</trianglepickorigin>
        <orientation>
          <row0>1,3.72529e-9,1.86263e-9</row0>
          <row1>1.86263e-9,-1.19209e-7,-1</row1>
          <row2>-3.72528e-9,1,-1.19209e-7</row2>
        </orientation>
        <userorientation>
          <userorientation_row0>1,0,0</userorientation_row0>
          <userorientation_row1>0,0.946898,-0.321532</userorientation_row1>
          <userorientation_row2>0,0.321532,0.946898</userorientation_row2>
        </userorientation>
      </transform>
      <snapped>true</snapped>
      <childlist count="2">
        <childid>18</childid>
        <childid>14</childid>
      </childlist>
      <handles count="2">
        <weight channel="DeformAxisForward">0.492798</weight>
        <weight channel="DeformAxisLeft">1</weight>
      </handles>
    </blockref>
    <blockref>
      <blockid>Creature_parts~, ce_grasper_null</blockid>
      <transform>
        <basemusclescale>1</basemusclescale>
        <scale>1</scale>
        <position>0.00642670,1.127115,5.523458</position>
        <triangledirection>6.27714e-7,4.56348e-7,-1</triangledirection>
        <trianglepickorigin>0,0,0</trianglepickorigin>
        <orientation>
          <row0>1,-1.45287e-7,6.27713e-7</row0>
          <row1>6.27714e-7,4.56348e-7,-1</row1>
          <row2>1.45286e-7,1,4.56349e-7</row2>
        </orientation>
      </transform>
      <snapped>true</snapped>
    </blockref>
    <blockref>
      <blockid>flora_parts~, fe_branch_05</blockid>
      <transform>
        <limbtype>2</limbtype>
        <musclescale>0.5</musclescale>
        <basemusclescale>2.200000</basemusclescale>
        <scale>1</scale>
        <position>0.0219304,0.00143325,0.600000</position>
        <triangledirection>-0.00452471,0.153418,-0.988149</triangledirection>
        <trianglepickorigin>0,0,0</trianglepickorigin>
        <orientation>
          <row0>0.999565,0.0294799,1.95577e-8</row0>
          <row1>0.00484495,-0.164275,-0.986402</row1>
          <row2>-0.0290791,0.985974,-0.164346</row2>
        </orientation>
        <userorientation>
          <userorientation_row0>1,0,0</userorientation_row0>
          <userorientation_row1>0,0.949489,0.313796</userorientation_row1>
          <userorientation_row2>0,-0.313796,0.949489</userorientation_row2>
        </userorientation>
      </transform>
      <snapped>true</snapped>
      <childlist count="4">
        <childid>26</childid>
        <childid>25</childid>
        <childid>19</childid>
        <childid>16</childid>
      </childlist>
      <handles count="2">
        <weight channel="DeformAxisForward">1</weight>
        <weight channel="DeformAxisLeft">1</weight>
      </handles>
    </blockref>
    <blockref>
      <blockid>flora_parts~, fe_branch_05</blockid>
      <transform>
        <limbtype>2</limbtype>
        <musclescale>0.5</musclescale>
        <basemusclescale>1</basemusclescale>
        <scale>1</scale>
        <position>0.0364096,-0.489504,3.762083</position>
        <triangledirection>0.00430344,0.390649,-0.920528</triangledirection>
        <trianglepickorigin>0,0,0</trianglepickorigin>
        <orientation>
          <row0>0.999988,0.000400678,0.00484495</row0>
          <row1>0.00484495,-0.164276,-0.986402</row1>
          <row2>0.000400679,0.986414,-0.164276</row2>
        </orientation>
        <userorientation>
          <userorientation_row0>1,0,0</userorientation_row0>
          <userorientation_row1>0,0.843858,0.536565</userorientation_row1>
          <userorientation_row2>0,-0.536565,0.843858</userorientation_row2>
        </userorientation>
      </transform>
      <snapped>true</snapped>
      <childlist count="2">
        <childid>20</childid>
        <childid>17</childid>
      </childlist>
      <handles count="2">
        <weight channel="DeformAxisForward">0.492798</weight>
        <weight channel="DeformAxisLeft">1</weight>
      </handles>
    </blockref>
    <blockref>
      <blockid>Creature_parts~, ce_grasper_null</blockid>
      <transform>
        <basemusclescale>1</basemusclescale>
        <scale>1</scale>
        <position>0.0283791,-1.218480,5.479847</position>
        <triangledirection>0.00484558,-0.164275,-0.986402</triangledirection>
        <trianglepickorigin>0,0,0</trianglepickorigin>
        <orientation>
          <row0>0.999988,0.000400633,0.00484559</row0>
          <row1>0.00484558,-0.164275,-0.986402</row1>
          <row2>0.000400825,0.986414,-0.164275</row2>
        </orientation>
      </transform>
      <snapped>true</snapped>
    </blockref>
    <blockref>
      <blockid>flora_parts~, FE_leaf_12</blockid>
      <transform>
        <scale>0,5</scale>
        <position>-0.0531059,1.075202,5.471676</position>
        <triangledirection>0.236887,-0.181281,-0.954474</triangledirection>
        <trianglepickorigin>0,0,0</trianglepickorigin>
        <orientation>
          <row0>-0.607729,-0.794144,4.47034e-8</row0>
          <row1>0.236887,-0.181281,-0.954474</row1>
          <row2>0.757990,-0.580062,0.298292</row2>
        </orientation>
      </transform>
      <snapped>false</snapped>
      <handles count="3">
        <weight channel="DeformAxisForwardb">0.534180</weight>
        <weight channel="DeformAxisForward">0</weight>
        <weight channel="DeformAxisLeft">0.826284</weight>
      </handles>
    </blockref>
    <blockref>
      <blockid>flora_parts~, FE_leaf_12</blockid>
      <transform>
        <scale>0,5</scale>
        <position>0.0393573,-0.496216,3.373286</position>
        <triangledirection>-0.00354612,0.252086,-0.967698</triangledirection>
        <trianglepickorigin>0,0,0</trianglepickorigin>
        <orientation>
          <row0>0.972896,-0.231239,1.49011e-7</row0>
          <row1>0.228421,0.961039,0.155648</row1>
          <row2>-0.0359921,-0.151429,0.987812</row2>
        </orientation>
        <userorientation>
          <userorientation_row0>0.827032,0.562152,-1.11757e-8</userorientation_row0>
          <userorientation_row1>-0.0617424,0.0908346,-0.993950</userorientation_row1>
          <userorientation_row2>-0.558752,0.822028,0.109831</userorientation_row2>
        </userorientation>
      </transform>
      <snapped>false</snapped>
      <handles count="3">
        <weight channel="DeformAxisForwardb">0.899176</weight>
        <weight channel="DeformAxisForward">0</weight>
        <weight channel="DeformAxisLeft">0.826284</weight>
      </handles>
    </blockref>
    <blockref>
      <blockid>flora_parts~, FE_leaf_12</blockid>
      <transform>
        <scale>0,5</scale>
        <position>0.0674903,-1.143695,5.071732</position>
        <triangledirection>-0.239273,0.0675702,-0.968598</triangledirection>
        <trianglepickorigin>0,0,0</trianglepickorigin>
        <orientation>
          <row0>0.502238,0.864729,2.08616e-7</row0>
          <row1>-0.854683,0.496403,0.151983</row1>
          <row2>0.131424,-0.0763319,0.988383</row2>
        </orientation>
        <userorientation>
          <userorientation_row0>0.827032,0.562152,-1.11757e-8</userorientation_row0>
          <userorientation_row1>-0.0617424,0.0908346,-0.993950</userorientation_row1>
          <userorientation_row2>-0.558752,0.822028,0.109831</userorientation_row2>
        </userorientation>
      </transform>
      <snapped>false</snapped>
      <handles count="3">
        <weight channel="DeformAxisForwardb">0.899176</weight>
        <weight channel="DeformAxisForward">0</weight>
        <weight channel="DeformAxisLeft">0.826284</weight>
      </handles>
    </blockref>
    <blockref>
      <blockid>flora_parts~, FE_leaf_22</blockid>
      <transform>
        <scale>1,690458</scale>
        <position>-0.168580,0.931161,0.489515</position>
        <triangledirection>0.157200,0.126853,-0.979384</triangledirection>
        <trianglepickorigin>0,0,0</trianglepickorigin>
        <orientation>
          <row0>-0.627987,0.778223,0</row0>
          <row1>-0.420255,-0.339125,-0.841652</row1>
          <row2>-0.654993,-0.528547,0.540019</row2>
        </orientation>
        <userorientation>
          <userorientation_row0>1,0,0</userorientation_row0>
          <userorientation_row1>0,0.715217,-0.698899</userorientation_row1>
          <userorientation_row2>0,0.698899,0.715217</userorientation_row2>
        </userorientation>
      </transform>
      <snapped>false</snapped>
      <handles count="4">
        <weight channel="DeformAxisLeft">0.277905</weight>
        <weight channel="DeformAxisForward">0.585021</weight>
        <weight channel="DeformAxisRight">0</weight>
        <weight channel="DeformAxisUp">0.458128</weight>
      </handles>
    </blockref>
    <blockref>
      <blockid>Creature_parts~, ce_grasper_null</blockid>
      <transform>
        <basemusclescale>1</basemusclescale>
        <scale>1</scale>
        <position>-0.527502,1.182048,0.0398786</position>
        <triangledirection>0.113111,-0.993538,-0.00937467</triangledirection>
        <trianglepickorigin>0,0,0</trianglepickorigin>
        <orientation>
          <row0>0.0834598,0.0189027,-0.996331</row0>
          <row1>0.113111,-0.993538,-0.00937467</row1>
          <row2>-0.990070,-0.111914,-0.0850586</row2>
        </orientation>
      </transform>
      <snapped>true</snapped>
    </blockref>
    <blockref>
      <blockid>Creature_parts~, ce_grasper_null</blockid>
      <transform>
        <basemusclescale>1</basemusclescale>
        <scale>1</scale>
        <position>0.531901,-0.958888,0.0549680</position>
        <triangledirection>-0.327651,0.941637,-0.0772185</triangledirection>
        <trianglepickorigin>0,0,0</trianglepickorigin>
        <orientation>
          <row0>-0.141000,-0.129549,-0.981496</row0>
          <row1>-0.327651,0.941637,-0.0772185</row1>
          <row2>0.934218,0.310700,-0.175218</row2>
        </orientation>
      </transform>
      <snapped>true</snapped>
    </blockref>
    <blockref>
      <blockid>flora_parts~, fe_cap_01a</blockid>
      <transform>
        <scale>1</scale>
        <position>0.0833285,0.466864,3.416280</position>
        <triangledirection>-0.869362,0.485799,-0.0905935</triangledirection>
        <trianglepickorigin>0,0,0</trianglepickorigin>
        <orientation>
          <row0>0.487805,0.872952,3.35276e-8</row0>
          <row1>-0.869362,0.485799,-0.0905935</row1>
          <row2>-0.0790838,0.0441920,0.995887</row2>
        </orientation>
      </transform>
      <snapped>false</snapped>
    </blockref>
    <blockref>
      <blockid>flora_parts~, fe_cap_01a</blockid>
      <transform>
        <scale>1</scale>
        <position>0.0949898,-0.448810,3.268153</position>
        <triangledirection>-0.869761,0.490425,0.0547574</triangledirection>
        <trianglepickorigin>0,0,0</trianglepickorigin>
        <orientation>
          <row0>0.491162,0.871068,5.02914e-8</row0>
          <row1>-0.869761,0.490425,0.0547574</row1>
          <row2>0.0476974,-0.0268948,0.998499</row2>
        </orientation>
      </transform>
      <snapped>false</snapped>
    </blockref>
    <blockref>
      <blockid>flora_parts~, fe_cap_02a</blockid>
      <transform>
        <scale>1</scale>
        <position>0.107697,-0.321893,3.107505</position>
        <triangledirection>-0.579279,-0.797543,-0.168403</triangledirection>
        <trianglepickorigin>0,0,0</trianglepickorigin>
        <orientation>
          <row0>-0.809098,0.587672,-4.09781e-7</row0>
          <row1>-0.579279,-0.797543,-0.168403</row1>
          <row2>-0.0989662,-0.136254,0.985718</row2>
        </orientation>
      </transform>
      <snapped>false</snapped>
    </blockref>
    <blockref>
      <blockid>flora_parts~, fe_cap_02a</blockid>
      <transform>
        <scale>1</scale>
        <position>0.0176474,0.532979,3.126466</position>
        <triangledirection>-0.579091,-0.810821,0.0849832</triangledirection>
        <trianglepickorigin>0,0,0</trianglepickorigin>
        <orientation>
          <row0>-0.813765,0.581193,4.09781e-8</row0>
          <row1>-0.579091,-0.810821,0.0849832</row1>
          <row2>0.0493917,0.0691563,0.996382</row2>
        </orientation>
      </transform>
      <snapped>false</snapped>
    </blockref>
    <blockref>
      <blockid>flora_parts~, fe_cap_02a</blockid>
      <transform>
        <scale>1</scale>
        <position>0.0225159,0.542692,3.252293</position>
        <triangledirection>-0.579091,-0.810821,0.0849832</triangledirection>
        <trianglepickorigin>0,0,0</trianglepickorigin>
        <orientation>
          <row0>-0.813765,0.581193,4.09781e-8</row0>
          <row1>-0.579091,-0.810821,0.0849832</row1>
          <row2>0.0493917,0.0691563,0.996382</row2>
        </orientation>
      </transform>
      <snapped>false</snapped>
    </blockref>
  </blocks></sporemodel>