spore0006438f6347406662000771df58b9fea735ffffffffffffffffffffffffffffffff0000000ec178f7c80dsporeautotestfffffffffffffffe0cGrundspurius00006gaprop00<?xml version="1.0" encoding="UTF-8"?><sporemodel>
  <properties>
    <modeltype>PlantMedium</modeltype>
    <skineffectseed1>1234</skineffectseed1>
    <skineffectseed2>1234</skineffectseed2>
    <skineffectseed3>1234</skineffectseed3>
    <skincolor1>0.694117,0.352941,0.223528</skincolor1>
    <skincolor2>0.211764,0.576469,0.184312</skincolor2>
    <skincolor3>0.576469,0.474509,0.262744</skincolor3>
    <zcorpscore>14</zcorpscore>
  </properties>
  <blocks count="27">
    <blockref>
      <blockid>flora_parts~, fe_root_dummy</blockid>
      <transform>
        <scale>1</scale>
        <position>0.0219304,0.00143325,0.600000</position>
        <triangledirection>0,1,0</triangledirection>
        <trianglepickorigin>0,0,0</trianglepickorigin>
        <orientation>
          <row0>1,0,0</row0>
          <row1>0,1,0</row1>
          <row2>0,0,1</row2>
        </orientation>
      </transform>
      <snapped>false</snapped>
      <childlist count="2">
        <childid>10</childid>
        <childid>5</childid>
      </childlist>
    </blockref>
    <blockref>
      <blockid>Creature_parts~, ce_grasper_null</blockid>
      <transform>
        <basemusclescale>1.100000</basemusclescale>
        <scale>1</scale>
        <position>-2.640135,1.650595,3.122989</position>
        <triangledirection>0.240942,-0.239479,-0.940530</triangledirection>
        <trianglepickorigin>0,0,0</trianglepickorigin>
        <orientation>
          <row0>-0.784656,-0.618398,-0.0435534</row0>
          <row1>0.240942,-0.239479,-0.940530</row1>
          <row2>0.571192,-0.748487,0.336906</row2>
        </orientation>
      </transform>
      <snapped>false</snapped>
    </blockref>
    <blockref>
      <blockid>Creature_parts~, ce_grasper_null</blockid>
      <transform>
        <basemusclescale>1</basemusclescale>
        <scale>1</scale>
        <position>-2.281733,-0.156526,2.944823</position>
        <triangledirection>0.240960,-0.239477,-0.940525</triangledirection>
        <trianglepickorigin>0,0,0</trianglepickorigin>
        <orientation>
          <row0>-0.784640,-0.618419,-0.0435605</row0>
          <row1>0.240960,-0.239477,-0.940525</row1>
          <row2>0.571207,-0.748470,0.336917</row2>
        </orientation>
      </transform>
      <snapped>false</snapped>
    </blockref>
    <blockref>
      <blockid>Creature_parts~, ce_grasper_null</blockid>
      <transform>
        <basemusclescale>1</basemusclescale>
        <scale>1</scale>
        <position>0.203314,-1.786732,3.307368</position>
        <triangledirection>0,0,-1</triangledirection>
        <trianglepickorigin>0,0,0</trianglepickorigin>
        <orientation>
          <row0>1,0,0</row0>
          <row1>0,0,-1</row1>
          <row2>0,1,0</row2>
        </orientation>
      </transform>
      <snapped>false</snapped>
    </blockref>
    <blockref>
      <blockid>Creature_parts~, ce_grasper_null</blockid>
      <transform>
        <basemusclescale>1</basemusclescale>
        <scale>1</scale>
        <position>0.0219304,0.00143325,3.150254</position>
        <triangledirection>-0.100535,0.991115,-0.0870820</triangledirection>
        <trianglepickorigin>0,0,0</trianglepickorigin>
        <orientation>
          <row0>0.987913,0.109821,0.109388</row0>
          <row1>-0.100535,0.991115,-0.0870820</row1>
          <row2>-0.117980,0.0750321,0.990177</row2>
        </orientation>
      </transform>
      <snapped>false</snapped>
    </blockref>
    <blockref>
      <blockid>flora_parts~, fe_muscle_branch_01</blockid>
      <transform>
        <limbtype>0</limbtype>
        <musclescale>1</musclescale>
        <basemusclescale>2.200000</basemusclescale>
        <scale>1</scale>
        <position>0.0219304,0.00143325,0.600000</position>
        <triangledirection>0,-1.19209e-7,-1</triangledirection>
        <trianglepickorigin>0,0,0</trianglepickorigin>
        <orientation>
          <row0>0.997901,0.0647540,-7.71926e-9</row0>
          <row1>0,-1.19209e-7,-1</row1>
          <row2>-0.0647540,0.997901,-1.18958e-7</row2>
        </orientation>
      </transform>
      <snapped>true</snapped>
      <childlist count="2">
        <childid>8</childid>
        <childid>6</childid>
      </childlist>
      <handles count="1">
        <weight channel="longer">0.00555498</weight>
      </handles>
    </blockref>
    <blockref>
      <blockid>flora_parts~, fe_muscle_branch_06</blockid>
      <transform>
        <limbtype>0</limbtype>
        <musclescale>0.5</musclescale>
        <basemusclescale>1.25</basemusclescale>
        <scale>1</scale>
        <position>0.0219304,0.00143329,0.868863</position>
        <triangledirection>0.0215602,-0.470576,0.882095</triangledirection>
        <trianglepickorigin>0,0,0</trianglepickorigin>
        <orientation>
          <row0>0.343420,-0.825129,-0.448580</row0>
          <row1>0.0215602,-0.470576,0.882095</row1>
          <row2>-0.938934,-0.312600,-0.143815</row2>
        </orientation>
      </transform>
      <snapped>true</snapped>
      <childlist count="1">
        <childid>7</childid>
      </childlist>
      <handles count="1">
        <weight channel="longer">0.162245</weight>
      </handles>
    </blockref>
    <blockref>
      <blockid>Creature_parts~, ce_grasper_null</blockid>
      <transform>
        <basemusclescale>1</basemusclescale>
        <scale>1</scale>
        <position>-0.00506821,0.590712,-0.235740</position>
        <triangledirection>0,-1.19209e-7,-1</triangledirection>
        <trianglepickorigin>0,0,0</trianglepickorigin>
        <orientation>
          <row0>0.997901,0.0647540,-7.71926e-9</row0>
          <row1>0,-1.19209e-7,-1</row1>
          <row2>-0.0647540,0.997901,-1.18958e-7</row2>
        </orientation>
      </transform>
      <snapped>true</snapped>
    </blockref>
    <blockref>
      <blockid>flora_parts~, fe_muscle_branch_06</blockid>
      <transform>
        <limbtype>0</limbtype>
        <musclescale>0.5</musclescale>
        <basemusclescale>1.25</basemusclescale>
        <scale>1</scale>
        <position>0.0219304,0.00143329,0.868863</position>
        <triangledirection>0.240856,0.567962,0.787024</triangledirection>
        <trianglepickorigin>0,0,0</trianglepickorigin>
        <orientation>
          <row0>-0.197630,-0.765206,0.612699</row0>
          <row1>0.240856,0.567962,0.787024</row1>
          <row2>-0.950226,0.303112,0.0720578</row2>
        </orientation>
      </transform>
      <snapped>true</snapped>
      <childlist count="1">
        <childid>9</childid>
      </childlist>
      <handles count="1">
        <weight channel="longer">0.162245</weight>
      </handles>
    </blockref>
    <blockref>
      <blockid>Creature_parts~, ce_grasper_null</blockid>
      <transform>
        <basemusclescale>1</basemusclescale>
        <scale>1</scale>
        <position>-0.279682,-0.709796,-0.116687</position>
        <triangledirection>0.438326,0.172561,0.882095</triangledirection>
        <trianglepickorigin>0,0,0</trianglepickorigin>
        <orientation>
          <row0>0.350645,-0.936465,0.00895631</row0>
          <row1>0.438326,0.172561,0.882095</row1>
          <row2>-0.827597,-0.305377,0.470985</row2>
        </orientation>
      </transform>
      <snapped>true</snapped>
    </blockref>
    <blockref>
      <blockid>flora_parts~, FE_muscle_branch_04</blockid>
      <transform>
        <limbtype>0</limbtype>
        <musclescale>0.5</musclescale>
        <basemusclescale>2.200000</basemusclescale>
        <scale>1</scale>
        <position>0.0219304,0.00143325,0.600000</position>
        <triangledirection>0.420894,-0.170342,-0.890972</triangledirection>
        <trianglepickorigin>0,0,0</trianglepickorigin>
        <orientation>
          <row0>0.906536,0.0440830,0.419818</row0>
          <row1>0.420894,-0.170342,-0.890972</row1>
          <row2>0.0322360,0.984398,-0.172975</row2>
        </orientation>
      </transform>
      <snapped>true</snapped>
      <childlist count="2">
        <childid>19</childid>
        <childid>11</childid>
      </childlist>
      <handles count="1">
        <weight channel="longer">0.162245</weight>
      </handles>
    </blockref>
    <blockref>
      <blockid>flora_parts~, FE_muscle_branch_04</blockid>
      <transform>
        <limbtype>0</limbtype>
        <musclescale>0.5</musclescale>
        <basemusclescale>1</basemusclescale>
        <scale>1</scale>
        <position>-0.505133,0.214743,1.715720</position>
        <triangledirection>-0.0401260,0.294173,-0.954909</triangledirection>
        <trianglepickorigin>0,0,0</trianglepickorigin>
        <orientation>
          <row0>0.982104,-0.164389,-0.0919113</row0>
          <row1>-0.0401260,0.294173,-0.954909</row1>
          <row2>0.184015,0.941508,0.282312</row2>
        </orientation>
      </transform>
      <snapped>true</snapped>
      <childlist count="7">
        <childid>26</childid>
        <childid>24</childid>
        <childid>16</childid>
        <childid>15</childid>
        <childid>14</childid>
        <childid>13</childid>
        <childid>12</childid>
      </childlist>
      <handles count="1">
        <weight channel="longer">0.162245</weight>
      </handles>
    </blockref>
    <blockref>
      <blockid>flora_parts~, fe_cap_01a</blockid>
      <transform>
        <scale>0,472365</scale>
        <position>-0.473702,-0.192878,2.610049</position>
        <triangledirection>0.431846,0.743881,0.510047</triangledirection>
        <trianglepickorigin>0,0,0</trianglepickorigin>
        <orientation>
          <row0>0.864831,-0.502061,-5.96046e-8</row0>
          <row1>0.431846,0.743881,0.510047</row1>
          <row2>-0.256075,-0.441105,0.860146</row2>
        </orientation>
      </transform>
      <snapped>false</snapped>
    </blockref>
    <blockref>
      <blockid>flora_parts~, fe_cap_01a</blockid>
      <transform>
        <scale>0,472365</scale>
        <position>-0.450291,0.102074,2.614974</position>
        <triangledirection>0.150027,-0.936088,-0.318167</triangledirection>
        <trianglepickorigin>0,0,0</trianglepickorigin>
        <orientation>
          <row0>-0.987399,-0.158250,8.56816e-8</row0>
          <row1>0.150027,-0.936088,-0.318167</row1>
          <row2>0.0503502,-0.314157,0.948034</row2>
        </orientation>
      </transform>
      <snapped>false</snapped>
    </blockref>
    <blockref>
      <blockid>flora_parts~, fe_cap_01a</blockid>
      <transform>
        <scale>0,472365</scale>
        <position>-0.573203,0.0250259,2.529041</position>
        <triangledirection>0.811833,-0.00258636,-0.583883</triangledirection>
        <trianglepickorigin>0,0,0</trianglepickorigin>
        <orientation>
          <row0>-0.00318574,-0.999994,9.87201e-8</row0>
          <row1>0.811833,-0.00258636,-0.583883</row1>
          <row2>0.583880,-0.00186002,0.811837</row2>
        </orientation>
      </transform>
      <snapped>false</snapped>
    </blockref>
    <blockref>
      <blockid>flora_parts~, fe_cap_01a</blockid>
      <transform>
        <scale>0,472365</scale>
        <position>-0.552012,-0.00827628,2.926781</position>
        <triangledirection>0.579855,-0.789827,-0.199850</triangledirection>
        <trianglepickorigin>0,0,0</trianglepickorigin>
        <orientation>
          <row0>-0.806089,-0.591794,5.06639e-7</row0>
          <row1>0.579855,-0.789827,-0.199850</row1>
          <row2>0.118270,-0.161096,0.979826</row2>
        </orientation>
      </transform>
      <snapped>false</snapped>
    </blockref>
    <blockref>
      <blockid>flora_parts~, FE_muscle_branch_04</blockid>
      <transform>
        <limbtype>0</limbtype>
        <musclescale>0.5</musclescale>
        <basemusclescale>1</basemusclescale>
        <scale>1</scale>
        <position>-0.454885,-0.153633,2.911504</position>
        <triangledirection>-0.282192,0.682053,-0.674663</triangledirection>
        <trianglepickorigin>0,0,0</trianglepickorigin>
        <orientation>
          <row0>0.924998,0.00691720,-0.379907</row0>
          <row1>-0.282192,0.682053,-0.674663</row1>
          <row2>0.254450,0.731269,0.632850</row2>
        </orientation>
      </transform>
      <snapped>true</snapped>
      <childlist count="2">
        <childid>23</childid>
        <childid>17</childid>
      </childlist>
      <handles count="1">
        <weight channel="longer">0.162245</weight>
      </handles>
    </blockref>
    <blockref>
      <blockid>flora_parts~, FE_muscle_branch_04</blockid>
      <transform>
        <limbtype>0</limbtype>
        <musclescale>0.5</musclescale>
        <basemusclescale>1</basemusclescale>
        <scale>1</scale>
        <position>-0.101511,-1.007735,3.756353</position>
        <triangledirection>-0.546957,0.706331,-0.449370</triangledirection>
        <trianglepickorigin>0,0,0</trianglepickorigin>
        <orientation>
          <row0>0.779207,0.233291,-0.581730</row0>
          <row1>-0.546957,0.706331,-0.449370</row1>
          <row2>0.306060,0.668334,0.677979</row2>
        </orientation>
      </transform>
      <snapped>true</snapped>
      <childlist count="1">
        <childid>18</childid>
      </childlist>
      <handles count="1">
        <weight channel="longer">0.162245</weight>
      </handles>
    </blockref>
    <blockref>
      <blockid>Creature_parts~, ce_grasper_null</blockid>
      <transform>
        <basemusclescale>1</basemusclescale>
        <scale>1</scale>
        <position>0.583416,-1.892238,4.319077</position>
        <triangledirection>-0.282192,0.682052,-0.674663</triangledirection>
        <trianglepickorigin>0,0,0</trianglepickorigin>
        <orientation>
          <row0>0.924998,0.00691691,-0.379907</row0>
          <row1>-0.282192,0.682052,-0.674663</row1>
          <row2>0.254450,0.731270,0.632849</row2>
        </orientation>
      </transform>
      <snapped>true</snapped>
    </blockref>
    <blockref>
      <blockid>flora_parts~, FE_muscle_branch_04</blockid>
      <transform>
        <limbtype>0</limbtype>
        <musclescale>0.5</musclescale>
        <basemusclescale>1</basemusclescale>
        <scale>1</scale>
        <position>-0.505133,0.214743,1.715720</position>
        <triangledirection>0.420894,-0.170342,-0.890972</triangledirection>
        <trianglepickorigin>0,0,0</trianglepickorigin>
        <orientation>
          <row0>0.906536,0.0440830,0.419818</row0>
          <row1>0.420894,-0.170342,-0.890972</row1>
          <row2>0.0322360,0.984398,-0.172975</row2>
        </orientation>
      </transform>
      <snapped>true</snapped>
      <childlist count="1">
        <childid>20</childid>
      </childlist>
      <handles count="1">
        <weight channel="longer">0.162245</weight>
      </handles>
    </blockref>
    <blockref>
      <blockid>flora_parts~, FE_muscle_branch_04</blockid>
      <transform>
        <limbtype>0</limbtype>
        <musclescale>0.5</musclescale>
        <basemusclescale>1</basemusclescale>
        <scale>1</scale>
        <position>-1.032198,0.428055,2.831439</position>
        <triangledirection>0.420894,-0.170342,-0.890972</triangledirection>
        <trianglepickorigin>0,0,0</trianglepickorigin>
        <orientation>
          <row0>0.906536,0.0440830,0.419818</row0>
          <row1>0.420894,-0.170342,-0.890972</row1>
          <row2>0.0322360,0.984398,-0.172975</row2>
        </orientation>
      </transform>
      <snapped>true</snapped>
      <childlist count="3">
        <childid>25</childid>
        <childid>22</childid>
        <childid>21</childid>
      </childlist>
      <handles count="1">
        <weight channel="longer">0.162245</weight>
      </handles>
    </blockref>
    <blockref>
      <blockid>Creature_parts~, ce_grasper_null</blockid>
      <transform>
        <basemusclescale>1</basemusclescale>
        <scale>1</scale>
        <position>-1.559265,0.641365,3.947159</position>
        <triangledirection>0.693204,-0.231939,-0.682401</triangledirection>
        <trianglepickorigin>0,0,0</trianglepickorigin>
        <orientation>
          <row0>0.717148,0.127546,0.685149</row0>
          <row1>0.693204,-0.231939,-0.682401</row1>
          <row2>0.0718751,0.964332,-0.254750</row2>
        </orientation>
      </transform>
      <snapped>true</snapped>
    </blockref>
    <blockref>
      <blockid>flora_parts~, FE_leaf_10</blockid>
      <transform>
        <scale>2,116999</scale>
        <position>-1.339189,0.670697,3.358263</position>
        <triangledirection>0.174361,-0.0214866,-0.984447</triangledirection>
        <trianglepickorigin>0,0,0</trianglepickorigin>
        <orientation>
          <row0>-0.999373,-0.0353922,-4.65661e-10</row0>
          <row1>0.0347645,-0.981649,0.187499</row1>
          <row2>-0.00663600,0.187381,0.982264</row2>
        </orientation>
        <userorientation>
          <userorientation_row0>-0.671992,0.740558,0</userorientation_row0>
          <userorientation_row1>-0.173492,-0.157429,-0.972171</userorientation_row1>
          <userorientation_row2>-0.719948,-0.653291,0.234272</userorientation_row2>
        </userorientation>
      </transform>
      <snapped>false</snapped>
      <handles count="3">
        <weight channel="DeformAxisUp">0</weight>
        <weight channel="DeformAxisForward">0</weight>
        <weight channel="DeformAxisLeft">0.236268</weight>
      </handles>
    </blockref>
    <blockref>
      <blockid>flora_parts~, FE_leaf_10</blockid>
      <transform>
        <scale>2,116999</scale>
        <position>-0.238833,-1.083815,3.741666</position>
        <triangledirection>0.00674344,0.329603,-0.944094</triangledirection>
        <trianglepickorigin>0,0,0</trianglepickorigin>
        <orientation>
          <row0>0.430987,-0.902357,-2.23517e-8</row0>
          <row1>0.901904,0.430771,0.0317009</row1>
          <row2>-0.0286055,-0.0136627,0.999497</row2>
        </orientation>
        <userorientation>
          <userorientation_row0>0.153492,0.985292,0.0750743</userorientation_row0>
          <userorientation_row1>-0.294514,0.118137,-0.948316</userorientation_row1>
          <userorientation_row2>-0.943239,0.123448,0.308315</userorientation_row2>
        </userorientation>
      </transform>
      <snapped>false</snapped>
      <handles count="3">
        <weight channel="DeformAxisUp">0</weight>
        <weight channel="DeformAxisForward">0</weight>
        <weight channel="DeformAxisLeft">0.236268</weight>
      </handles>
    </blockref>
    <blockref>
      <blockid>flora_parts~, FE_leaf_06</blockid>
      <transform>
        <scale>0,860707</scale>
        <position>-0.382146,-0.0429733,2.980325</position>
        <triangledirection>-0.319144,-0.103059,-0.942085</triangledirection>
        <trianglepickorigin>0,0,0</trianglepickorigin>
        <orientation>
          <row0>-0.919378,0.393373,1.63912e-7</row0>
          <row1>-0.354510,-0.828550,-0.433390</row1>
          <row2>-0.170484,-0.398450,0.901206</row2>
        </orientation>
        <userorientation>
          <userorientation_row0>0.923059,-0.384657,-1.49011e-8</userorientation_row0>
          <userorientation_row1>0.252874,0.606821,-0.753540</userorientation_row1>
          <userorientation_row2>0.289854,0.695562,0.657401</userorientation_row2>
        </userorientation>
      </transform>
      <snapped>false</snapped>
      <handles count="3">
        <weight channel="DeformAxisLeft">1</weight>
        <weight channel="DeformAxisUp">0.579384</weight>
        <weight channel="DeformAxisForward">1</weight>
      </handles>
    </blockref>
    <blockref>
      <blockid>flora_parts~, FE_leaf_06</blockid>
      <transform>
        <scale>0,860707</scale>
        <position>-1.214210,0.387106,2.931468</position>
        <triangledirection>0.831323,0.0324488,-0.554840</triangledirection>
        <trianglepickorigin>0,0,0</trianglepickorigin>
        <orientation>
          <row0>0.340877,-0.940107,-2.60770e-7</row0>
          <row1>0.902950,0.327404,0.278363</row1>
          <row2>-0.261691,-0.0948879,0.960475</row2>
        </orientation>
        <userorientation>
          <userorientation_row0>0.923059,-0.384657,-1.49011e-8</userorientation_row0>
          <userorientation_row1>0.252874,0.606821,-0.753540</userorientation_row1>
          <userorientation_row2>0.289854,0.695562,0.657401</userorientation_row2>
        </userorientation>
      </transform>
      <snapped>false</snapped>
      <handles count="3">
        <weight channel="DeformAxisLeft">1</weight>
        <weight channel="DeformAxisUp">0.579384</weight>
        <weight channel="DeformAxisForward">1</weight>
      </handles>
    </blockref>
    <blockref>
      <blockid>flora_parts~, FE_leaf_06</blockid>
      <transform>
        <scale>0,860707</scale>
        <position>-0.453109,-0.0396548,2.252072</position>
        <triangledirection>-0.0307270,0.830658,-0.555933</triangledirection>
        <trianglepickorigin>0,0,0</trianglepickorigin>
        <orientation>
          <row0>0.940705,0.339223,-2.45869e-7</row0>
          <row1>-0.325946,0.903885,0.277037</row1>
          <row2>0.0939778,-0.260610,0.960859</row2>
        </orientation>
        <userorientation>
          <userorientation_row0>0.923059,-0.384657,-1.49011e-8</userorientation_row0>
          <userorientation_row1>0.252874,0.606821,-0.753540</userorientation_row1>
          <userorientation_row2>0.289854,0.695562,0.657401</userorientation_row2>
        </userorientation>
      </transform>
      <snapped>false</snapped>
      <handles count="3">
        <weight channel="DeformAxisLeft">1</weight>
        <weight channel="DeformAxisUp">0.579384</weight>
        <weight channel="DeformAxisForward">1</weight>
      </handles>
    </blockref>
  </blocks></sporemodel>