spore0006438f634740666200077041d5b9fea735ffffffffffffffffffffffffffffffff0000000ec178f7570dsporeautotestfffffffffffffffe08Quercist00006gaprop00<?xml version="1.0" encoding="UTF-8"?><sporemodel>
  <properties>
    <modeltype>PlantMedium</modeltype>
    <skineffectseed1>1234</skineffectseed1>
    <skineffectseed2>1234</skineffectseed2>
    <skineffectseed3>1234</skineffectseed3>
    <skincolor1>0.525489,0.337254,0.909803</skincolor1>
    <skincolor2>0.694117,0.513725,0.129411</skincolor2>
    <skincolor3>0.431371,0.800000,0.400000</skincolor3>
    <zcorpscore>20</zcorpscore>
  </properties>
  <blocks count="19">
    <blockref>
      <blockid>flora_parts~, fe_root_dummy</blockid>
      <transform>
        <scale>1</scale>
        <position>0.0219304,0.00143325,0.600000</position>
        <triangledirection>0,1,0</triangledirection>
        <trianglepickorigin>0,0,0</trianglepickorigin>
        <orientation>
          <row0>1,0,0</row0>
          <row1>0,1,0</row1>
          <row2>0,0,1</row2>
        </orientation>
      </transform>
      <snapped>false</snapped>
      <childlist count="1">
        <childid>5</childid>
      </childlist>
    </blockref>
    <blockref>
      <blockid>Creature_parts~, ce_grasper_null</blockid>
      <transform>
        <basemusclescale>1.100000</basemusclescale>
        <scale>1</scale>
        <position>-2.640135,1.650595,3.122989</position>
        <triangledirection>0.240942,-0.239479,-0.940530</triangledirection>
        <trianglepickorigin>0,0,0</trianglepickorigin>
        <orientation>
          <row0>-0.784656,-0.618398,-0.0435534</row0>
          <row1>0.240942,-0.239479,-0.940530</row1>
          <row2>0.571192,-0.748487,0.336906</row2>
        </orientation>
      </transform>
      <snapped>false</snapped>
    </blockref>
    <blockref>
      <blockid>Creature_parts~, ce_grasper_null</blockid>
      <transform>
        <basemusclescale>1</basemusclescale>
        <scale>1</scale>
        <position>-2.281733,-0.156526,2.944823</position>
        <triangledirection>0.240960,-0.239477,-0.940525</triangledirection>
        <trianglepickorigin>0,0,0</trianglepickorigin>
        <orientation>
          <row0>-0.784640,-0.618419,-0.0435605</row0>
          <row1>0.240960,-0.239477,-0.940525</row1>
          <row2>0.571207,-0.748470,0.336917</row2>
        </orientation>
      </transform>
      <snapped>false</snapped>
    </blockref>
    <blockref>
      <blockid>Creature_parts~, ce_grasper_null</blockid>
      <transform>
        <basemusclescale>1</basemusclescale>
        <scale>1</scale>
        <position>0.203314,-1.786732,3.307368</position>
        <triangledirection>0,0,-1</triangledirection>
        <trianglepickorigin>0,0,0</trianglepickorigin>
        <orientation>
          <row0>1,0,0</row0>
          <row1>0,0,-1</row1>
          <row2>0,1,0</row2>
        </orientation>
      </transform>
      <snapped>false</snapped>
    </blockref>
    <blockref>
      <blockid>Creature_parts~, ce_grasper_null</blockid>
      <transform>
        <basemusclescale>1</basemusclescale>
        <scale>1</scale>
        <position>0.0219304,0.00143325,3.150254</position>
        <triangledirection>-0.100535,0.991115,-0.0870820</triangledirection>
        <trianglepickorigin>0,0,0</trianglepickorigin>
        <orientation>
          <row0>0.987913,0.109821,0.109388</row0>
          <row1>-0.100535,0.991115,-0.0870820</row1>
          <row2>-0.117980,0.0750321,0.990177</row2>
        </orientation>
      </transform>
      <snapped>false</snapped>
    </blockref>
    <blockref>
      <blockid>flora_parts~, fe_muscle_branch_01</blockid>
      <transform>
        <limbtype>0</limbtype>
        <musclescale>1</musclescale>
        <basemusclescale>2.200000</basemusclescale>
        <scale>1</scale>
        <position>0.0219304,0.00143325,0.600000</position>
        <triangledirection>0,-1.19209e-7,-1</triangledirection>
        <trianglepickorigin>0,0,0</trianglepickorigin>
        <orientation>
          <row0>0.997901,0.0647540,-7.71926e-9</row0>
          <row1>0,-1.19209e-7,-1</row1>
          <row2>-0.0647540,0.997901,-1.18958e-7</row2>
        </orientation>
      </transform>
      <snapped>true</snapped>
      <childlist count="2">
        <childid>8</childid>
        <childid>6</childid>
      </childlist>
      <handles count="1">
        <weight channel="longer">0.00555498</weight>
      </handles>
    </blockref>
    <blockref>
      <blockid>flora_parts~, fe_muscle_branch_06</blockid>
      <transform>
        <limbtype>0</limbtype>
        <musclescale>0.5</musclescale>
        <basemusclescale>1.25</basemusclescale>
        <scale>1</scale>
        <position>0.0219304,0.00143329,0.868863</position>
        <triangledirection>0.0215602,-0.470576,0.882095</triangledirection>
        <trianglepickorigin>0,0,0</trianglepickorigin>
        <orientation>
          <row0>0.343420,-0.825129,-0.448580</row0>
          <row1>0.0215602,-0.470576,0.882095</row1>
          <row2>-0.938934,-0.312600,-0.143815</row2>
        </orientation>
      </transform>
      <snapped>true</snapped>
      <childlist count="2">
        <childid>18</childid>
        <childid>7</childid>
      </childlist>
      <handles count="1">
        <weight channel="longer">0.162245</weight>
      </handles>
    </blockref>
    <blockref>
      <blockid>Creature_parts~, ce_grasper_null</blockid>
      <transform>
        <basemusclescale>1</basemusclescale>
        <scale>1</scale>
        <position>-0.00506821,0.590712,-0.235740</position>
        <triangledirection>0,-1.19209e-7,-1</triangledirection>
        <trianglepickorigin>0,0,0</trianglepickorigin>
        <orientation>
          <row0>0.997901,0.0647540,-7.71926e-9</row0>
          <row1>0,-1.19209e-7,-1</row1>
          <row2>-0.0647540,0.997901,-1.18958e-7</row2>
        </orientation>
      </transform>
      <snapped>true</snapped>
    </blockref>
    <blockref>
      <blockid>flora_parts~, fe_muscle_branch_06</blockid>
      <transform>
        <limbtype>0</limbtype>
        <musclescale>0.5</musclescale>
        <basemusclescale>1.25</basemusclescale>
        <scale>1</scale>
        <position>0.0219304,0.00143329,0.868863</position>
        <triangledirection>0.240856,0.567962,0.787024</triangledirection>
        <trianglepickorigin>0,0,0</trianglepickorigin>
        <orientation>
          <row0>-0.197630,-0.765206,0.612699</row0>
          <row1>0.240856,0.567962,0.787024</row1>
          <row2>-0.950226,0.303112,0.0720578</row2>
        </orientation>
      </transform>
      <snapped>true</snapped>
      <childlist count="4">
        <childid>17</childid>
        <childid>16</childid>
        <childid>10</childid>
        <childid>9</childid>
      </childlist>
      <handles count="1">
        <weight channel="longer">0.162245</weight>
      </handles>
    </blockref>
    <blockref>
      <blockid>Creature_parts~, ce_grasper_null</blockid>
      <transform>
        <basemusclescale>1</basemusclescale>
        <scale>1</scale>
        <position>-0.279682,-0.709796,-0.116687</position>
        <triangledirection>0.438326,0.172561,0.882095</triangledirection>
        <trianglepickorigin>0,0,0</trianglepickorigin>
        <orientation>
          <row0>0.350645,-0.936465,0.00895631</row0>
          <row1>0.438326,0.172561,0.882095</row1>
          <row2>-0.827597,-0.305377,0.470985</row2>
        </orientation>
      </transform>
      <snapped>true</snapped>
    </blockref>
    <blockref>
      <blockid>flora_parts~, FE_leaf_03</blockid>
      <transform>
        <scale>1,161834</scale>
        <position>-0.0454931,-0.00240481,1.107730</position>
        <triangledirection>-0.0581982,-0.277065,-0.959087</triangledirection>
        <trianglepickorigin>0,0,0</trianglepickorigin>
        <orientation>
          <row0>-0.978643,0.205566,7.45058e-8</row0>
          <row1>-0.0581983,-0.277065,-0.959087</row1>
          <row2>-0.197156,-0.938603,0.283111</row2>
        </orientation>
      </transform>
      <snapped>false</snapped>
      <childlist count="5">
        <childid>15</childid>
        <childid>14</childid>
        <childid>13</childid>
        <childid>12</childid>
        <childid>11</childid>
      </childlist>
      <handles count="3">
        <weight channel="DeformAxisForward">0.214075</weight>
        <weight channel="DeformAxisLeft">0.327440</weight>
        <weight channel="DeformAxisUp">0.5</weight>
      </handles>
    </blockref>
    <blockref>
      <blockid>flora_parts~, fe_cap_01a</blockid>
      <transform>
        <scale>0,548811</scale>
        <position>-0.113867,0.422666,2.255565</position>
        <triangledirection>-0.842162,-0.499248,0.203749</triangledirection>
        <trianglepickorigin>0,0,0</trianglepickorigin>
        <orientation>
          <row0>-0.533201,0.827336,-0.176666</row0>
          <row1>-0.842162,-0.499248,0.203749</row1>
          <row2>0.0803687,0.257420,0.962951</row2>
        </orientation>
      </transform>
      <snapped>false</snapped>
    </blockref>
    <blockref>
      <blockid>flora_parts~, fe_cap_01a</blockid>
      <transform>
        <scale>0,548811</scale>
        <position>-0.132403,0.406141,2.114755</position>
        <triangledirection>-0.803156,-0.591405,0.0719608</triangledirection>
        <trianglepickorigin>0,0,0</trianglepickorigin>
        <orientation>
          <row0>-0.594416,0.787337,-0.163611</row0>
          <row1>-0.803156,-0.591405,0.0719608</row1>
          <row2>-0.0401032,0.174180,0.983896</row2>
        </orientation>
      </transform>
      <snapped>false</snapped>
    </blockref>
    <blockref>
      <blockid>flora_parts~, fe_cap_01a</blockid>
      <transform>
        <scale>0,548811</scale>
        <position>-0.143689,0.508588,2.342926</position>
        <triangledirection>0.553624,-0.813332,0.178860</triangledirection>
        <trianglepickorigin>0,0,0</trianglepickorigin>
        <orientation>
          <row0>-0.831456,-0.527809,0.173486</row0>
          <row1>0.553624,-0.813332,0.178860</row1>
          <row2>0.0466980,0.244760,0.968458</row2>
        </orientation>
      </transform>
      <snapped>false</snapped>
    </blockref>
    <blockref>
      <blockid>flora_parts~, fe_cap_01a</blockid>
      <transform>
        <scale>0,548811</scale>
        <position>-0.182443,0.514616,2.166474</position>
        <triangledirection>-0.931973,-0.312447,0.183855</triangledirection>
        <trianglepickorigin>0,0,0</trianglepickorigin>
        <orientation>
          <row0>-0.347532,0.914355,-0.207788</row0>
          <row1>-0.931973,-0.312447,0.183855</row1>
          <row2>0.103185,0.257549,0.960739</row2>
        </orientation>
      </transform>
      <snapped>false</snapped>
    </blockref>
    <blockref>
      <blockid>flora_parts~, fe_cap_01a</blockid>
      <transform>
        <scale>0,548811</scale>
        <position>-0.0450738,0.541575,2.536154</position>
        <triangledirection>0.472060,-0.875464,-0.103540</triangledirection>
        <trianglepickorigin>0,0,0</trianglepickorigin>
        <orientation>
          <row0>-0.860057,-0.483141,0.163938</row0>
          <row1>0.472060,-0.875464,-0.103540</row1>
          <row2>0.193547,-0.0116614,0.981021</row2>
        </orientation>
      </transform>
      <snapped>false</snapped>
    </blockref>
    <blockref>
      <blockid>flora_parts~, FE_leaf_25</blockid>
      <transform>
        <scale>1,964034</scale>
        <position>-0.392285,-0.241832,0.899159</position>
        <triangledirection>0.580521,-0.0670047,-0.811481</triangledirection>
        <trianglepickorigin>0,0,0</trianglepickorigin>
        <orientation>
          <row0>0.0804003,-0.996762,-2.42143e-8</row0>
          <row1>0.929925,0.0750091,-0.360017</row1>
          <row2>0.358851,0.0289454,0.932945</row2>
        </orientation>
        <userorientation>
          <userorientation_row0>0.990718,-0.135929,-3.72528e-9</userorientation_row0>
          <userorientation_row1>0.113461,0.826962,-0.550686</userorientation_row1>
          <userorientation_row2>0.0748552,0.545576,0.834711</userorientation_row2>
        </userorientation>
      </transform>
      <snapped>false</snapped>
      <handles count="3">
        <weight channel="DeformAxisForward">0.499177</weight>
        <weight channel="DeformAxisLeft">0.5</weight>
        <weight channel="DeformAxisUp">0.500964</weight>
      </handles>
    </blockref>
    <blockref>
      <blockid>flora_parts~, FE_leaf_25</blockid>
      <transform>
        <scale>2,117000</scale>
        <position>-0.0870039,-0.501269,0.825549</position>
        <triangledirection>-0.0661481,0.132599,-0.988958</triangledirection>
        <trianglepickorigin>0,0,0</trianglepickorigin>
        <orientation>
          <row0>0.979356,0.202142,1.41561e-7</row0>
          <row1>-0.179170,0.868058,-0.463004</row1>
          <row2>-0.0935928,0.453445,0.886356</row2>
        </orientation>
        <userorientation>
          <userorientation_row0>0.992502,-0.0721830,-0.0986237</userorientation_row0>
          <userorientation_row1>-0.0379786,0.584847,-0.810252</userorientation_row1>
          <userorientation_row2>0.116165,0.807924,0.577722</userorientation_row2>
        </userorientation>
      </transform>
      <snapped>false</snapped>
      <handles count="3">
        <weight channel="DeformAxisForward">0.499177</weight>
        <weight channel="DeformAxisLeft">0.5</weight>
        <weight channel="DeformAxisUp">0.500964</weight>
      </handles>
    </blockref>
    <blockref>
      <blockid>flora_parts~, FE_leaf_25</blockid>
      <transform>
        <scale>1,568313</scale>
        <position>0.113470,0.464857,0.797421</position>
        <triangledirection>0.222906,-0.692039,-0.686580</triangledirection>
        <trianglepickorigin>0,0,0</trianglepickorigin>
        <orientation>
          <row0>-0.988353,0.152172,-5.21540e-8</row0>
          <row1>-0.139884,-0.908538,-0.393688</row1>
          <row2>-0.0599087,-0.389103,0.919244</row2>
        </orientation>
        <userorientation>
          <userorientation_row0>0.937825,0.245995,-0.244887</userorientation_row0>
          <userorientation_row1>-0.325620,0.867862,-0.375214</userorientation_row1>
          <userorientation_row2>0.120227,0.431625,0.894003</userorientation_row2>
        </userorientation>
      </transform>
      <snapped>false</snapped>
      <handles count="3">
        <weight channel="DeformAxisForward">0.499177</weight>
        <weight channel="DeformAxisLeft">0.5</weight>
        <weight channel="DeformAxisUp">0.500964</weight>
      </handles>
    </blockref>
  </blocks></sporemodel>