spore0006438f63474066620007730cd7b9fea735ffffffffffffffffffffffffffffffff0000000ec178f7dd0dsporeautotestfffffffffffffffe07Kromils00006gaprop00<?xml version="1.0" encoding="UTF-8"?><sporemodel>
  <properties>
    <modeltype>PlantLarge</modeltype>
    <skineffectseed1>1234</skineffectseed1>
    <skineffectseed2>1234</skineffectseed2>
    <skineffectseed3>1234</skineffectseed3>
    <skincolor1>0.345097,0.443136,0.203921</skincolor1>
    <skincolor2>0.501959,0.694117,0.223528</skincolor2>
    <skincolor3>0.674509,0.850979,0.427451</skincolor3>
    <zcorpscore>9</zcorpscore>
  </properties>
  <blocks count="28">
    <blockref>
      <blockid>flora_parts~, fe_root_dummy</blockid>
      <transform>
        <scale>0,927743</scale>
        <position>0,0,0.349999</position>
        <triangledirection>0,1,0</triangledirection>
        <trianglepickorigin>0,0,0</trianglepickorigin>
        <orientation>
          <row0>1,0,0</row0>
          <row1>0,1,0</row1>
          <row2>0,0,1</row2>
        </orientation>
      </transform>
      <snapped>false</snapped>
      <childlist count="2">
        <childid>3</childid>
        <childid>1</childid>
      </childlist>
    </blockref>
    <blockref>
      <blockid>flora_parts~, FE_muscle_branch_04</blockid>
      <transform>
        <limbtype>0</limbtype>
        <musclescale>0.425000</musclescale>
        <basemusclescale>3</basemusclescale>
        <scale>1</scale>
        <position>0,0,0.349999</position>
        <triangledirection>-0.00436395,0.0160355,0.999861</triangledirection>
        <trianglepickorigin>0,0,0</trianglepickorigin>
        <orientation>
          <row0>-0.0934407,-0.995503,0.0155577</row0>
          <row1>-0.00436395,0.0160355,0.999861</row1>
          <row2>-0.995615,0.0933599,-0.00584269</row2>
        </orientation>
      </transform>
      <snapped>true</snapped>
      <childlist count="1">
        <childid>2</childid>
      </childlist>
      <handles count="1">
        <weight channel="longer">0.317331</weight>
      </handles>
    </blockref>
    <blockref>
      <blockid>Creature_parts~, ce_grasper_null</blockid>
      <transform>
        <basemusclescale>0.5</basemusclescale>
        <scale>1</scale>
        <position>0.00971188,-0.0356891,-1.875264</position>
        <triangledirection>-3.77184e-8,4.03553e-7,-1</triangledirection>
        <trianglepickorigin>0,0,0</trianglepickorigin>
        <orientation>
          <row0>1,-2.08615e-7,-3.77185e-8</row0>
          <row1>-3.77184e-8,4.03553e-7,-1</row1>
          <row2>2.08615e-7,1,4.03553e-7</row2>
        </orientation>
      </transform>
      <snapped>true</snapped>
    </blockref>
    <blockref>
      <blockid>flora_parts~, fe_muscle_branch_01</blockid>
      <transform>
        <limbtype>0</limbtype>
        <musclescale>1</musclescale>
        <basemusclescale>3</basemusclescale>
        <scale>1</scale>
        <position>0,0,0.349999</position>
        <triangledirection>-0.414997,-0.204836,-0.886464</triangledirection>
        <trianglepickorigin>0,0,0</trianglepickorigin>
        <orientation>
          <row0>0.741817,0.487934,-0.460028</row0>
          <row1>-0.414997,-0.204836,-0.886464</row1>
          <row2>-0.526767,0.848505,0.0505404</row2>
        </orientation>
      </transform>
      <snapped>true</snapped>
      <childlist count="8">
        <childid>26</childid>
        <childid>17</childid>
        <childid>16</childid>
        <childid>15</childid>
        <childid>14</childid>
        <childid>6</childid>
        <childid>5</childid>
        <childid>4</childid>
      </childlist>
      <handles count="1">
        <weight channel="longer">0.00555498</weight>
      </handles>
    </blockref>
    <blockref>
      <blockid>flora_parts~, fe_muscle_branch_01</blockid>
      <transform>
        <limbtype>0</limbtype>
        <musclescale>1</musclescale>
        <basemusclescale>1.25</basemusclescale>
        <scale>1</scale>
        <position>0.111577,0.0550730,0.588336</position>
        <triangledirection>-0.568168,0.468968,-0.676205</triangledirection>
        <trianglepickorigin>0,0,0</trianglepickorigin>
        <orientation>
          <row0>0.813772,0.198064,-0.546392</row0>
          <row1>-0.568168,0.468968,-0.676205</row1>
          <row2>0.122308,0.860720,0.494167</row2>
        </orientation>
      </transform>
      <snapped>true</snapped>
      <childlist count="1">
        <childid>9</childid>
      </childlist>
      <handles count="1">
        <weight channel="longer">0.0967068</weight>
      </handles>
    </blockref>
    <blockref>
      <blockid>flora_parts~, fe_muscle_branch_01</blockid>
      <transform>
        <limbtype>0</limbtype>
        <musclescale>1</musclescale>
        <basemusclescale>1.25</basemusclescale>
        <scale>1</scale>
        <position>0.111577,0.0550730,0.588336</position>
        <triangledirection>-0.156026,-0.741802,-0.652215</triangledirection>
        <trianglepickorigin>0,0,0</trianglepickorigin>
        <orientation>
          <row0>0.980054,-0.0339838,-0.195801</row0>
          <row1>-0.156026,-0.741802,-0.652215</row1>
          <row2>-0.123081,0.669757,-0.732308</row2>
        </orientation>
      </transform>
      <snapped>true</snapped>
      <childlist count="1">
        <childid>11</childid>
      </childlist>
      <handles count="1">
        <weight channel="longer">0.0967068</weight>
      </handles>
    </blockref>
    <blockref>
      <blockid>flora_parts~, fe_muscle_branch_01</blockid>
      <transform>
        <limbtype>0</limbtype>
        <musclescale>1</musclescale>
        <basemusclescale>1.25</basemusclescale>
        <scale>1</scale>
        <position>0.111577,0.0550730,0.588336</position>
        <triangledirection>0.970435,0.157930,-0.182521</triangledirection>
        <trianglepickorigin>0,0,0</trianglepickorigin>
        <orientation>
          <row0>0.208678,-0.169013,0.963269</row0>
          <row1>0.970435,0.157930,-0.182521</row1>
          <row2>-0.121280,0.972878,0.196973</row2>
        </orientation>
      </transform>
      <snapped>true</snapped>
      <childlist count="2">
        <childid>13</childid>
        <childid>7</childid>
      </childlist>
      <handles count="1">
        <weight channel="longer">0.0967068</weight>
      </handles>
    </blockref>
    <blockref>
      <blockid>flora_parts~, fe_muscle_branch_01</blockid>
      <transform>
        <limbtype>0</limbtype>
        <musclescale>1</musclescale>
        <basemusclescale>0.800000</basemusclescale>
        <scale>1</scale>
        <position>-0.704492,-0.0777356,0.741825</position>
        <triangledirection>1.49011e-8,-1.49011e-7,-1</triangledirection>
        <trianglepickorigin>0,0,0</trianglepickorigin>
        <orientation>
          <row0>0.992234,0.124380,-3.74861e-9</row0>
          <row1>1.49011e-8,-1.49011e-7,-1</row1>
          <row2>-0.124380,0.992234,-1.49707e-7</row2>
        </orientation>
      </transform>
      <snapped>true</snapped>
      <childlist count="1">
        <childid>8</childid>
      </childlist>
      <handles count="1">
        <weight channel="longer">0.0967068</weight>
      </handles>
    </blockref>
    <blockref>
      <blockid>Creature_parts~, ce_grasper_null</blockid>
      <transform>
        <basemusclescale>0.400000</basemusclescale>
        <scale>1</scale>
        <position>-0.704492,-0.0777356,1.582757</position>
        <triangledirection>-0.564659,0.779420,-0.271408</triangledirection>
        <trianglepickorigin>0,0,0</trianglepickorigin>
        <orientation>
          <row0>0.340904,0.519749,0.783354</row0>
          <row1>-0.564659,0.779420,-0.271408</row1>
          <row2>-0.751627,-0.349804,0.559189</row2>
        </orientation>
      </transform>
      <snapped>true</snapped>
    </blockref>
    <blockref>
      <blockid>flora_parts~, fe_muscle_branch_01</blockid>
      <transform>
        <limbtype>0</limbtype>
        <musclescale>1</musclescale>
        <basemusclescale>0.699998</basemusclescale>
        <scale>1</scale>
        <position>0.589367,-0.339298,1.156980</position>
        <triangledirection>1.49011e-8,-1.49011e-7,-1</triangledirection>
        <trianglepickorigin>0,0,0</trianglepickorigin>
        <orientation>
          <row0>0.993480,0.114007,-2.18435e-9</row0>
          <row1>1.49011e-8,-1.49011e-7,-1</row1>
          <row2>-0.114007,0.993480,-1.49738e-7</row2>
        </orientation>
      </transform>
      <snapped>true</snapped>
      <childlist count="1">
        <childid>10</childid>
      </childlist>
      <handles count="1">
        <weight channel="longer">0.0967068</weight>
      </handles>
    </blockref>
    <blockref>
      <blockid>Creature_parts~, ce_grasper_null</blockid>
      <transform>
        <basemusclescale>0.350000</basemusclescale>
        <scale>1</scale>
        <position>0.589367,-0.339298,1.997913</position>
        <triangledirection>-0.644722,0.256968,0.719930</triangledirection>
        <trianglepickorigin>0,0,0</trianglepickorigin>
        <orientation>
          <row0>0.511388,0.845006,0.156353</row0>
          <row1>-0.644722,0.256968,0.719930</row1>
          <row2>0.568168,-0.468968,0.676205</row2>
        </orientation>
      </transform>
      <snapped>true</snapped>
    </blockref>
    <blockref>
      <blockid>flora_parts~, fe_muscle_branch_01</blockid>
      <transform>
        <limbtype>0</limbtype>
        <musclescale>1</musclescale>
        <basemusclescale>0.699998</basemusclescale>
        <scale>1</scale>
        <position>0.242785,0.678878,1.136807</position>
        <triangledirection>1.49011e-8,-1.49011e-7,-1</triangledirection>
        <trianglepickorigin>0,0,0</trianglepickorigin>
        <orientation>
          <row0>0.993791,0.111256,-1.76979e-9</row0>
          <row1>1.49011e-8,-1.49011e-7,-1</row1>
          <row2>-0.111256,0.993791,-1.49743e-7</row2>
        </orientation>
      </transform>
      <snapped>true</snapped>
      <childlist count="1">
        <childid>12</childid>
      </childlist>
      <handles count="1">
        <weight channel="longer">0.0967068</weight>
      </handles>
    </blockref>
    <blockref>
      <blockid>Creature_parts~, ce_grasper_null</blockid>
      <transform>
        <basemusclescale>0.400000</basemusclescale>
        <scale>1</scale>
        <position>0.242785,0.678879,1.977740</position>
        <triangledirection>-0.911136,0.363066,-0.194968</triangledirection>
        <trianglepickorigin>0,0,0</trianglepickorigin>
        <orientation>
          <row0>0.381425,0.563837,-0.732531</row0>
          <row1>-0.911136,0.363066,-0.194968</row1>
          <row2>0.156026,0.741801,0.652216</row2>
        </orientation>
      </transform>
      <snapped>true</snapped>
    </blockref>
    <blockref>
      <blockid>flora_parts~, FE_leaf_21</blockid>
      <transform>
        <scale>2,651167</scale>
        <position>-0.388655,0.162299,0.502847</position>
        <triangledirection>0.104141,0.0354997,-0.993928</triangledirection>
        <trianglepickorigin>0,0,0</trianglepickorigin>
        <orientation>
          <row0>-0.732984,-0.426142,-0.530223</row0>
          <row1>0.281413,-0.899591,0.333978</row1>
          <row2>-0.619306,0.0955890,0.779308</row2>
        </orientation>
        <userorientation>
          <userorientation_row0>0.445915,0.886640,-0.122578</userorientation_row0>
          <userorientation_row1>0.435541,-0.334579,-0.835678</userorientation_row1>
          <userorientation_row2>-0.781958,0.319255,-0.535363</userorientation_row2>
        </userorientation>
      </transform>
      <snapped>false</snapped>
      <childlist count="1">
        <childid>25</childid>
      </childlist>
      <handles count="4">
        <weight channel="Bend_vert">0.311722</weight>
        <weight channel="Length">1</weight>
        <weight channel="tweak_sideways">0.367684</weight>
        <weight channel="WidthHeight">8.32784e-9</weight>
      </handles>
    </blockref>
    <blockref>
      <blockid>flora_parts~, FE_leaf_21</blockid>
      <transform>
        <scale>3,080218</scale>
        <position>0.554080,0.111623,0.175737</position>
        <triangledirection>0.124869,0.191899,-0.973437</triangledirection>
        <trianglepickorigin>0,0,0</trianglepickorigin>
        <orientation>
          <row0>-0.0752878,0.978716,-0.190907</row0>
          <row1>-0.939730,-0.00560402,0.341870</row1>
          <row2>0.333524,0.205140,0.920151</row2>
        </orientation>
        <userorientation>
          <userorientation_row0>0.914311,0.00692494,0.404952</userorientation_row0>
          <userorientation_row1>0.364250,-0.451207,-0.814696</userorientation_row1>
          <userorientation_row2>0.177076,0.892390,-0.415066</userorientation_row2>
        </userorientation>
      </transform>
      <snapped>false</snapped>
      <handles count="4">
        <weight channel="Bend_vert">0.255155</weight>
        <weight channel="Length">1</weight>
        <weight channel="tweak_sideways">0.983175</weight>
        <weight channel="WidthHeight">0</weight>
      </handles>
    </blockref>
    <blockref>
      <blockid>flora_parts~, FE_leaf_21</blockid>
      <transform>
        <scale>3,080218</scale>
        <position>0.00359954,0.514937,0.594083</position>
        <triangledirection>-0.0196100,0.281850,-0.959257</triangledirection>
        <trianglepickorigin>0,0,0</trianglepickorigin>
        <orientation>
          <row0>-0.991892,-0.127082,1.78813e-7</row0>
          <row1>0.113717,-0.887571,-0.446414</row1>
          <row2>0.0567317,-0.442794,0.894826</row2>
        </orientation>
        <userorientation>
          <userorientation_row0>0.999830,0.0112485,-0.0146163</userorientation_row0>
          <userorientation_row1>-0.0163673,0.175833,-0.984282</userorientation_row1>
          <userorientation_row2>-0.00850175,0.984355,0.175988</userorientation_row2>
        </userorientation>
      </transform>
      <snapped>false</snapped>
      <childlist count="5">
        <childid>22</childid>
        <childid>21</childid>
        <childid>20</childid>
        <childid>19</childid>
        <childid>18</childid>
      </childlist>
      <handles count="4">
        <weight channel="Bend_vert">0.157652</weight>
        <weight channel="Length">1</weight>
        <weight channel="tweak_sideways">0.592482</weight>
        <weight channel="WidthHeight">0</weight>
      </handles>
    </blockref>
    <blockref>
      <blockid>flora_parts~, FE_leaf_21</blockid>
      <transform>
        <scale>3,080218</scale>
        <position>0.303386,0.525432,0.428315</position>
        <triangledirection>-0.375699,-0.0583347,-0.924902</triangledirection>
        <trianglepickorigin>0,0,0</trianglepickorigin>
        <orientation>
          <row0>-0.882986,0.325571,0.338138</row0>
          <row1>-0.402700,-0.895539,-0.189320</row1>
          <row2>0.241179,-0.303335,0.921856</row2>
        </orientation>
        <userorientation>
          <userorientation_row0>0.480447,-0.811724,-0.332075</userorientation_row0>
          <userorientation_row1>0,0.378637,-0.925544</userorientation_row1>
          <userorientation_row2>0.877022,0.444675,0.181915</userorientation_row2>
        </userorientation>
      </transform>
      <snapped>false</snapped>
      <childlist count="2">
        <childid>24</childid>
        <childid>23</childid>
      </childlist>
      <handles count="4">
        <weight channel="Bend_vert">0.768216</weight>
        <weight channel="Length">0.875563</weight>
        <weight channel="tweak_sideways">0.592482</weight>
        <weight channel="WidthHeight">0</weight>
      </handles>
    </blockref>
    <blockref>
      <blockid>flora_parts~, FE_leaf_21</blockid>
      <transform>
        <scale>2,857651</scale>
        <position>-0.293047,0.285630,0.744169</position>
        <triangledirection>-0.210266,-0.0594049,-0.975837</triangledirection>
        <trianglepickorigin>0,0,0</trianglepickorigin>
        <orientation>
          <row0>-0.814075,-0.580759,-1.49011e-8</row0>
          <row1>0.457865,-0.641809,-0.615174</row1>
          <row2>0.357268,-0.500798,0.788390</row2>
        </orientation>
        <userorientation>
          <userorientation_row0>0.179309,0.797539,0.576000</userorientation_row0>
          <userorientation_row1>0.205672,0.542163,-0.814713</userorientation_row1>
          <userorientation_row2>-0.962053,0.264553,-0.0668176</userorientation_row2>
        </userorientation>
      </transform>
      <snapped>false</snapped>
      <handles count="4">
        <weight channel="Bend_vert">0.316591</weight>
        <weight channel="Length">1</weight>
        <weight channel="tweak_sideways">0.521175</weight>
        <weight channel="WidthHeight">0</weight>
      </handles>
    </blockref>
    <blockref>
      <blockid>flora_parts~, fe_cap_01a</blockid>
      <transform>
        <scale>0,591554</scale>
        <position>-0.394015,0.737001,4.792962</position>
        <triangledirection>-0.0434833,0.685820,-0.726470</triangledirection>
        <trianglepickorigin>0,0,0</trianglepickorigin>
        <orientation>
          <row0>0.989578,-0.0703476,-0.125643</row0>
          <row1>-0.0434833,0.685820,-0.726470</row1>
          <row2>0.137274,0.724362,0.675614</row2>
        </orientation>
      </transform>
      <snapped>false</snapped>
    </blockref>
    <blockref>
      <blockid>flora_parts~, fe_cap_01a</blockid>
      <transform>
        <scale>0,591554</scale>
        <position>-0.389838,0.412343,4.640269</position>
        <triangledirection>0.798794,0.593883,-0.0960770</triangledirection>
        <trianglepickorigin>0,0,0</trianglepickorigin>
        <orientation>
          <row0>0.483403,-0.728677,-0.485129</row0>
          <row1>0.798794,0.593883,-0.0960770</row1>
          <row2>0.358119,-0.341074,0.869148</row2>
        </orientation>
      </transform>
      <snapped>false</snapped>
    </blockref>
    <blockref>
      <blockid>flora_parts~, fe_cap_01a</blockid>
      <transform>
        <scale>0,591554</scale>
        <position>-0.0373467,0.618864,4.660089</position>
        <triangledirection>-0.0434833,0.685820,-0.726470</triangledirection>
        <trianglepickorigin>0,0,0</trianglepickorigin>
        <orientation>
          <row0>0.989578,-0.0703476,-0.125643</row0>
          <row1>-0.0434833,0.685820,-0.726470</row1>
          <row2>0.137274,0.724362,0.675614</row2>
        </orientation>
      </transform>
      <snapped>false</snapped>
    </blockref>
    <blockref>
      <blockid>flora_parts~, fe_cap_01a</blockid>
      <transform>
        <scale>0,591554</scale>
        <position>-0.404656,0.435882,4.684387</position>
        <triangledirection>0.798794,0.593883,-0.0960770</triangledirection>
        <trianglepickorigin>0,0,0</trianglepickorigin>
        <orientation>
          <row0>0.483403,-0.728677,-0.485129</row0>
          <row1>0.798794,0.593883,-0.0960770</row1>
          <row2>0.358119,-0.341074,0.869148</row2>
        </orientation>
      </transform>
      <snapped>false</snapped>
    </blockref>
    <blockref>
      <blockid>flora_parts~, fe_cap_01a</blockid>
      <transform>
        <scale>0,591554</scale>
        <position>-0.377699,0.583220,4.646810</position>
        <triangledirection>-0.0434833,0.685820,-0.726470</triangledirection>
        <trianglepickorigin>0,0,0</trianglepickorigin>
        <orientation>
          <row0>0.989578,-0.0703476,-0.125643</row0>
          <row1>-0.0434833,0.685820,-0.726470</row1>
          <row2>0.137274,0.724362,0.675614</row2>
        </orientation>
      </transform>
      <snapped>false</snapped>
    </blockref>
    <blockref>
      <blockid>flora_parts~, fe_cap_01a</blockid>
      <transform>
        <scale>0,591554</scale>
        <position>0.483097,1.014120,4.582822</position>
        <triangledirection>-0.362607,-0.910912,-0.196862</triangledirection>
        <trianglepickorigin>0,0,0</trianglepickorigin>
        <orientation>
          <row0>-0.914006,0.388847,-0.115717</row0>
          <row1>-0.362607,-0.910912,-0.196862</row1>
          <row2>-0.181958,-0.137973,0.973578</row2>
        </orientation>
      </transform>
      <snapped>false</snapped>
    </blockref>
    <blockref>
      <blockid>flora_parts~, fe_cap_01a</blockid>
      <transform>
        <scale>0,591554</scale>
        <position>0.503902,0.989519,4.658338</position>
        <triangledirection>-0.362607,-0.910912,-0.196862</triangledirection>
        <trianglepickorigin>0,0,0</trianglepickorigin>
        <orientation>
          <row0>-0.914006,0.388847,-0.115717</row0>
          <row1>-0.362607,-0.910912,-0.196862</row1>
          <row2>-0.181958,-0.137973,0.973578</row2>
        </orientation>
      </transform>
      <snapped>false</snapped>
    </blockref>
    <blockref>
      <blockid>flora_parts~, fe_cap_01a</blockid>
      <transform>
        <scale>0,591554</scale>
        <position>-0.996931,0.388380,3.701754</position>
        <triangledirection>0.943450,0.0519651,0.327414</triangledirection>
        <trianglepickorigin>0,0,0</trianglepickorigin>
        <orientation>
          <row0>-0.132469,-0.846266,0.516028</row0>
          <row1>0.943450,0.0519651,0.327414</row1>
          <row2>-0.303895,0.530219,0.791526</row2>
        </orientation>
      </transform>
      <snapped>false</snapped>
    </blockref>
    <blockref>
      <blockid>flora_parts~, fe_trunk_01</blockid>
      <transform>
        <limbtype>2</limbtype>
        <musclescale>0.5</musclescale>
        <basemusclescale>1.25</basemusclescale>
        <scale>1</scale>
        <position>0.111577,0.0550730,0.588336</position>
        <triangledirection>0,0,-1</triangledirection>
        <trianglepickorigin>0,0,0</trianglepickorigin>
        <orientation>
          <row0>0.832384,0.554198,0</row0>
          <row1>0,0,-1</row1>
          <row2>-0.554198,0.832384,0</row2>
        </orientation>
      </transform>
      <snapped>true</snapped>
      <childlist count="1">
        <childid>27</childid>
      </childlist>
      <handles count="3">
        <weight channel="DeformAxisLeft">1</weight>
        <weight channel="DeformAxisForward">0.690743</weight>
        <weight channel="DeformBoneLength">1</weight>
      </handles>
    </blockref>
    <blockref>
      <blockid>Creature_parts~, ce_grasper_null</blockid>
      <transform>
        <basemusclescale>1</basemusclescale>
        <scale>1</scale>
        <position>0.111577,0.0550730,4.588336</position>
        <triangledirection>-0.414997,-0.204836,-0.886464</triangledirection>
        <trianglepickorigin>0,0,0</trianglepickorigin>
        <orientation>
          <row0>0.741817,0.487934,-0.460028</row0>
          <row1>-0.414997,-0.204836,-0.886464</row1>
          <row2>-0.526767,0.848505,0.0505404</row2>
        </orientation>
      </transform>
      <snapped>true</snapped>
    </blockref>
  </blocks></sporemodel>