spore0006438f6347406662000770df8fb9fea735ffffffffffffffffffffffffffffffff0000000ec178f77d0dsporeautotestfffffffffffffffe06Vectix00006gaprop00<?xml version="1.0" encoding="UTF-8"?><sporemodel>
  <properties>
    <modeltype>PlantLarge</modeltype>
    <skineffectseed1>1234</skineffectseed1>
    <skineffectseed2>1234</skineffectseed2>
    <skineffectseed3>1234</skineffectseed3>
    <skincolor1>0.282352,0.176470,0.168626</skincolor1>
    <skincolor2>0.654901,0.537253,0.905882</skincolor2>
    <skincolor3>0.972549,0.749019,0.262742</skincolor3>
    <zcorpscore>13</zcorpscore>
  </properties>
  <blocks count="24">
    <blockref> 0
      <blockid>flora_parts~, fe_root_dummy</blockid>
      <transform>
        <scale>1</scale>
        <position>0,0,0.600000</position>
        <triangledirection>0,1,0</triangledirection>
        <trianglepickorigin>0,0,0</trianglepickorigin>
        <orientation>
          <row0>1,0,0</row0>
          <row1>0,1,0</row1>
          <row2>0,0,1</row2>
        </orientation>
      </transform>
      <snapped>false</snapped>
      <childlist count="5">
        <childid>15</childid>
        <childid>7</childid>
        <childid>5</childid>
        <childid>3</childid>
        <childid>1</childid>
      </childlist>
    </blockref>
    <blockref> 1
      <blockid>flora_parts~, FE_muscle_branch_04</blockid>
      <transform>
        <limbtype>0</limbtype>
        <musclescale>0.524996</musclescale>
        <basemusclescale>2.099996</basemusclescale>
        <scale>1</scale>
        <position>0,0,0.600000</position>
        <triangledirection>-0.353940,0.716074,0.601633</triangledirection>
        <trianglepickorigin>0,0,0</trianglepickorigin>
        <orientation>
          <row0>0.292510,0.695756,-0.656018</row0>
          <row1>-0.353940,0.716074,0.601633</row1>
          <row2>0.888348,0.0562070,0.455716</row2>
        </orientation>
      </transform>
      <snapped>true</snapped>
      <childlist count="1">
        <childid>2</childid>
      </childlist>
      <handles count="1">
        <weight channel="longer">0.216649</weight>
      </handles>
    </blockref>
    <blockref> 2
      <blockid>Creature_parts~, ce_grasper_null</blockid>
      <transform>
        <basemusclescale>0.5</basemusclescale>
        <scale>1</scale>
        <position>0.564076,-1.141218,-0.358833</position>
        <triangledirection>0,0,-1</triangledirection>
        <trianglepickorigin>0,0,0</trianglepickorigin>
        <orientation>
          <row0>1,0,0</row0>
          <row1>0,0,-1</row1>
          <row2>0,1,0</row2>
        </orientation>
      </transform>
      <snapped>true</snapped>
    </blockref>
    <blockref> 3
      <blockid>flora_parts~, fe_muscle_branch_01</blockid>
      <transform>
        <limbtype>0</limbtype>
        <musclescale>0.75</musclescale>
        <basemusclescale>2.099996</basemusclescale>
        <scale>1</scale>
        <position>0,0,0.600000</position>
        <triangledirection>-0.484347,-0.579931,0.655046</triangledirection>
        <trianglepickorigin>0,0,0</trianglepickorigin>
        <orientation>
          <row0>0.105375,-0.781951,-0.614368</row0>
          <row1>-0.484347,-0.579931,0.655046</row1>
          <row2>-0.868506,0.228542,-0.439846</row2>
        </orientation>
      </transform>
      <snapped>true</snapped>
      <childlist count="1">
        <childid>4</childid>
      </childlist>
      <handles count="1">
        <weight channel="longer">0.202262</weight>
      </handles>
    </blockref>
    <blockref> 4 
      <blockid>Creature_parts~, ce_grasper_null</blockid>
      <transform>
        <basemusclescale>0.75</basemusclescale>
        <scale>1</scale>
        <position>0.728166,0.871869,-0.384793</position>
        <triangledirection>0,0,-1</triangledirection>
        <trianglepickorigin>0,0,0</trianglepickorigin>
        <orientation>
          <row0>1,0,0</row0>
          <row1>0,0,-1</row1>
          <row2>0,1,0</row2>
        </orientation>
      </transform>
      <snapped>true</snapped>
    </blockref>
    <blockref> 5
      <blockid>flora_parts~, fe_muscle_branch_01</blockid>
      <transform>
        <limbtype>0</limbtype>
        <musclescale>0.824996</musclescale>
        <basemusclescale>2.099996</basemusclescale>
        <scale>1</scale>
        <position>0,0,0.600000</position>
        <triangledirection>0.704647,-0.400266,0.585883</triangledirection>
        <trianglepickorigin>0,0,0</trianglepickorigin>
        <orientation>
          <row0>0.500682,0.865563,-0.0108371</row0>
          <row1>0.704647,-0.400266,0.585883</row1>
          <row2>0.502781,-0.300978,-0.810323</row2>
        </orientation>
      </transform>
      <snapped>true</snapped>
      <childlist count="1">
        <childid>6</childid>
      </childlist>
      <handles count="1">
        <weight channel="longer">0.202728</weight>
      </handles>
    </blockref>
    <blockref> 6
      <blockid>Creature_parts~, ce_grasper_null</blockid>
      <transform>
        <basemusclescale>0.699996</basemusclescale>
        <scale>1</scale>
        <position>-1.061424,0.602926,-0.282530</position>
        <triangledirection>0,0,-1</triangledirection>
        <trianglepickorigin>0,0,0</trianglepickorigin>
        <orientation>
          <row0>1,-10e-7,0</row0>
          <row1>0,0,-1</row1>
          <row2>10e-7,1,0</row2>
        </orientation>
      </transform>
      <snapped>true</snapped>
    </blockref>
    <blockref> 7
      <blockid>flora_parts~, fe_branch_01</blockid>
      <transform>
        <limbtype>2</limbtype>
        <musclescale>0.5</musclescale>
        <basemusclescale>2.099996</basemusclescale>
        <scale>1</scale>
        <position>0,0,0.600000</position>
        <triangledirection>0,0,-1</triangledirection>
        <trianglepickorigin>0,0,0</trianglepickorigin>
        <orientation>
          <row0>0.995797,-0.0915846,0</row0>
          <row1>0,0,-1</row1>
          <row2>0.0915846,0.995797,0</row2>
        </orientation>
      </transform>
      <snapped>true</snapped>
      <childlist count="2">
        <childid>11</childid>
        <childid>8</childid>
      </childlist>
      <handles count="3">
        <weight channel="DeformAxisForward">0.947382</weight>
        <weight channel="DeformAxisLeft">1</weight>
        <weight channel="0x5e6f7e87">1</weight>
      </handles>
    </blockref>
    <blockref> 8
      <blockid>flora_parts~, fe_branch_03</blockid>
      <transform>
        <limbtype>2</limbtype>
        <musclescale>0.5</musclescale>
        <basemusclescale>1</basemusclescale>
        <scale>1</scale>
        <position>0,0,3.249508</position>
        <triangledirection>-0.155158,0.189406,-0.969562</triangledirection>
        <trianglepickorigin>0,0,0</trianglepickorigin>
        <orientation>
          <row0>0.987595,0.00578871,-0.156913</row0>
          <row1>-0.155158,0.189406,-0.969562</row1>
          <row2>0.0241077,0.981881,0.187954</row2>
        </orientation>
      </transform>
      <snapped>true</snapped>
      <childlist count="8">
        <childid>23</childid>
        <childid>22</childid>
        <childid>21</childid>
        <childid>20</childid>
        <childid>19</childid>
        <childid>18</childid>
        <childid>13</childid>
        <childid>9</childid>
      </childlist>
      <handles count="3">
        <weight channel="DeformAxisForward">1</weight>
        <weight channel="DeformAxisLeft">0.726275</weight>
        <weight channel="DeformAxisUp">0.574949</weight>
      </handles>
    </blockref>
    <blockref> 9
      <blockid>flora_parts~, fe_branch_03</blockid>
      <transform>
        <limbtype>2</limbtype>
        <musclescale>0.5</musclescale>
        <basemusclescale>1</basemusclescale>
        <scale>1</scale>
        <position>0.403412,-0.492458,5.770370</position>
        <triangledirection>3.25963e-9,-3.72529e-7,-1</triangledirection>
        <trianglepickorigin>0,0,0</trianglepickorigin>
        <orientation>
          <row0>1,1.79023e-15,3.25963e-9</row0>
          <row1>3.25963e-9,-3.72529e-7,-1</row1>
          <row2>-5.75926e-16,1,-3.72529e-7</row2>
        </orientation>
      </transform>
      <snapped>true</snapped>
      <childlist count="1">
        <childid>10</childid>
      </childlist>
      <handles count="3">
        <weight channel="DeformAxisForward">1</weight>
        <weight channel="DeformAxisLeft">1</weight>
        <weight channel="DeformAxisUp">0.434891</weight>
      </handles>
    </blockref>
    <blockref> 10
      <blockid>Creature_parts~, ce_grasper_null</blockid>
      <transform>
        <basemusclescale>1</basemusclescale>
        <scale>1</scale>
        <position>0.403412,-0.492457,8.370369</position>
        <triangledirection>3.25963e-9,-3.72529e-7,-1</triangledirection>
        <trianglepickorigin>0,0,0</trianglepickorigin>
        <orientation>
          <row0>1,1.79023e-15,3.25963e-9</row0>
          <row1>3.25963e-9,-3.72529e-7,-1</row1>
          <row2>-5.75926e-16,1,-3.72529e-7</row2>
        </orientation>
      </transform>
      <snapped>true</snapped>
    </blockref>
    <blockref> 11
      <blockid>flora_parts~, fe_branch_03</blockid>
      <transform>
        <limbtype>2</limbtype>
        <musclescale>0.5</musclescale>
        <basemusclescale>1</basemusclescale>
        <scale>1</scale>
        <position>0,0,3.249508</position>
        <triangledirection>0.488673,-0.342175,-0.802567</triangledirection>
        <trianglepickorigin>0,0,0</trianglepickorigin>
        <orientation>
          <row0>0.858609,0.351910,0.372758</row0>
          <row1>0.488673,-0.342175,-0.802567</row1>
          <row2>-0.154883,0.871249,-0.465764</row2>
        </orientation>
      </transform>
      <snapped>true</snapped>
      <childlist count="1">
        <childid>12</childid>
      </childlist>
      <handles count="3">
        <weight channel="DeformAxisForward">1</weight>
        <weight channel="DeformAxisLeft">0.646505</weight>
        <weight channel="DeformAxisUp">0.456099</weight>
      </handles>
    </blockref>
    <blockref> 12
      <blockid>Creature_parts~, ce_grasper_null</blockid>
      <transform>
        <basemusclescale>1</basemusclescale>
        <scale>1</scale>
        <position>-1.270552,0.889654,5.336183</position>
        <triangledirection>1.34109e-7,-1.19209e-7,-1</triangledirection>
        <trianglepickorigin>0,0,0</trianglepickorigin>
        <orientation>
          <row0>0.999225,-0.0393505,1.38697e-7</row0>
          <row1>1.34109e-7,-1.19209e-7,-1</row1>
          <row2>0.0393505,0.999225,-1.13839e-7</row2>
        </orientation>
      </transform>
      <snapped>true</snapped>
    </blockref>
    <blockref> 13 
      <blockid>flora_parts~, fe_branch_03</blockid>
      <transform>
        <limbtype>2</limbtype>
        <musclescale>0.5</musclescale>
        <basemusclescale>1</basemusclescale>
        <scale>1</scale>
        <position>0.403412,-0.492458,5.770370</position>
        <triangledirection>0.0929534,0.631698,-0.769620</triangledirection>
        <trianglepickorigin>0,0,0</trianglepickorigin>
        <orientation>
          <row0>0.986443,-0.163416,-0.0149902</row0>
          <row1>0.0929534,0.631698,-0.769620</row1>
          <row2>0.135238,0.757794,0.638325</row2>
        </orientation>
      </transform>
      <snapped>true</snapped>
      <childlist count="1">
        <childid>14</childid>
      </childlist>
      <handles count="3">
        <weight channel="DeformAxisForward">1</weight>
        <weight channel="DeformAxisLeft">0.646505</weight>
        <weight channel="DeformAxisUp">0.456099</weight>
      </handles>
    </blockref>
    <blockref> 14
      <blockid>Creature_parts~, ce_grasper_null</blockid>
      <transform>
        <basemusclescale>1</basemusclescale>
        <scale>1</scale>
        <position>0.161732,-2.134874,7.771383</position>
        <triangledirection>-0.481431,0.607181,-0.632103</triangledirection>
        <trianglepickorigin>0,0,0</trianglepickorigin>
        <orientation>
          <row0>0.751215,-0.0856975,-0.654470</row0>
          <row1>-0.481431,0.607181,-0.632103</row1>
          <row2>0.451551,0.789928,0.414866</row2>
        </orientation>
      </transform>
      <snapped>true</snapped>
    </blockref>
    <blockref> 15
      <blockid>flora_parts~, fe_branch_03</blockid>
      <transform>
        <limbtype>2</limbtype>
        <musclescale>0.5</musclescale>
        <basemusclescale>2.099996</basemusclescale>
        <scale>1</scale>
        <position>0,0,0.600000</position>
        <triangledirection>0.161362,-0.187759,-0.968869</triangledirection>
        <trianglepickorigin>0,0,0</trianglepickorigin>
        <orientation>
          <row0>0.977619,-0.103875,0.182949</row0>
          <row1>0.161362,-0.187759,-0.968869</row1>
          <row2>0.134992,0.976706,-0.166795</row2>
        </orientation>
      </transform>
      <snapped>true</snapped>
      <childlist count="2">
        <childid>17</childid>
        <childid>16</childid>
      </childlist>
      <handles count="3">
        <weight channel="DeformAxisForward">1</weight>
        <weight channel="DeformAxisLeft">0.667647</weight>
        <weight channel="DeformAxisUp">1</weight>
      </handles>
    </blockref>
    <blockref> 16
      <blockid>Creature_parts~, ce_grasper_null</blockid>
      <transform>
        <basemusclescale>1</basemusclescale>
        <scale>1</scale>
        <position>-0.419542,0.488173,3.119060</position>
        <triangledirection>-0.372758,0.465766,-0.802566</triangledirection>
        <trianglepickorigin>0,0,0</trianglepickorigin>
        <orientation>
          <row0>0.844096,-0.189046,-0.501759</row0>
          <row1>-0.372758,0.465766,-0.802566</row1>
          <row2>0.385425,0.864478,0.322682</row2>
        </orientation>
      </transform>
      <snapped>true</snapped>
    </blockref>
    <blockref>17
      <blockid>flora_parts~, FE_leaf_22</blockid>
      <transform>
        <scale>1</scale>
        <position>-0.431825,0.459077,3.176670</position>
        <triangledirection>0.242224,0.0751907,-0.967302</triangledirection>
        <trianglepickorigin>0,0,0</trianglepickorigin>
        <orientation>
          <row0>0.296462,-0.955044,-5.21540e-8</row0>
          <row1>0.242224,0.0751907,-0.967302</row1>
          <row2>0.923816,0.286769,0.253626</row2>
        </orientation>
      </transform>
      <snapped>false</snapped>
      <handles count="4">
        <weight channel="DeformAxisLeft">0</weight>
        <weight channel="DeformAxisForward">0.567701</weight>
        <weight channel="DeformAxisRight">0</weight>
        <weight channel="DeformAxisUp">0.489553</weight>
      </handles>
    </blockref>
    <blockref>18
      <blockid>flora_parts~, FE_leaf_22</blockid>
      <transform>
        <scale>1</scale>
        <position>0.307997,-0.250578,5.015751</position>
        <triangledirection>-0.856528,-0.0451108,-0.514122</triangledirection>
        <trianglepickorigin>0,0,0</trianglepickorigin>
        <orientation>
          <row0>-0.859514,0.511110,-2.98023e-8</row0>
          <row1>-0.509292,-0.856456,-0.0842799</row1>
          <row2>-0.0430764,-0.0724398,0.996442</row2>
        </orientation>
        <userorientation>
          <userorientation_row0>0.605735,-0.794506,0.0429340</userorientation_row0>
          <userorientation_row1>0.713142,0.518189,-0.472128</userorientation_row1>
          <userorientation_row2>0.352862,0.316603,0.880482</userorientation_row2>
        </userorientation>
      </transform>
      <snapped>false</snapped>
      <handles count="4">
        <weight channel="DeformAxisLeft">0</weight>
        <weight channel="DeformAxisForward">0.272065</weight>
        <weight channel="DeformAxisRight">0</weight>
        <weight channel="DeformAxisUp">0.489553</weight>
      </handles>
    </blockref>
    <blockref>19
      <blockid>flora_parts~, fe_cap_01a</blockid>
      <transform>
        <scale>1</scale>
        <position>0.406183,-0.364090,5.151593</position>
        <triangledirection>-0.989322,-0.00332736,0.145703</triangledirection>
        <trianglepickorigin>0,0,0</trianglepickorigin>
        <orientation>
          <row0>-0.00336325,0.999994,3.55066e-9</row0>
          <row1>-0.989322,-0.00332736,0.145703</row1>
          <row2>0.145702,0.000490032,0.989328</row2>
        </orientation>
      </transform>
      <snapped>false</snapped>
    </blockref>
    <blockref>20
      <blockid>flora_parts~, fe_cap_01a</blockid>
      <transform>
        <scale>1</scale>
        <position>0.292863,-0.168995,4.427598</position>
        <triangledirection>-0.374842,-0.917512,-0.132906</triangledirection>
        <trianglepickorigin>0,0,0</trianglepickorigin>
        <orientation>
          <row0>-0.925725,0.378197,-5.21540e-8</row0>
          <row1>-0.374842,-0.917512,-0.132906</row1>
          <row2>-0.0502647,-0.123034,0.991128</row2>
        </orientation>
      </transform>
      <snapped>false</snapped>
    </blockref>
    <blockref>21
      <blockid>flora_parts~, fe_cap_01a</blockid>
      <transform>
        <scale>1</scale>
        <position>0.151063,-0.220303,4.717138</position>
        <triangledirection>0.447792,-0.849312,-0.279555</triangledirection>
        <trianglepickorigin>0,0,0</trianglepickorigin>
        <orientation>
          <row0>-0.884580,-0.466386,-7.45058e-7</row0>
          <row1>0.447792,-0.849312,-0.279555</row1>
          <row2>0.130380,-0.247289,0.960129</row2>
        </orientation>
      </transform>
      <snapped>false</snapped>
    </blockref>
    <blockref>22
      <blockid>flora_parts~, fe_cap_01a</blockid>
      <transform>
        <scale>1</scale>
        <position>0.0937735,-0.155428,4.519351</position>
        <triangledirection>-0.617372,-0.560730,-0.551754</triangledirection>
        <trianglepickorigin>0,0,0</trianglepickorigin>
        <orientation>
          <row0>-0.672333,0.740248,3.87430e-7</row0>
          <row1>-0.617372,-0.560730,-0.551754</row1>
          <row2>-0.408435,-0.370963,0.834006</row2>
        </orientation>
      </transform>
      <snapped>false</snapped>
    </blockref>
    <blockref>23
      <blockid>flora_parts~, fe_cap_01a</blockid>
      <transform>
        <scale>1</scale>
        <position>0.249221,-0.302093,5.143674</position>
        <triangledirection>0.443803,-0.855613,-0.266392</triangledirection>
        <trianglepickorigin>0,0,0</trianglepickorigin>
        <orientation>
          <row0>-0.887690,-0.460441,-2.16066e-7</row0>
          <row1>0.443803,-0.855613,-0.266392</row1>
          <row2>0.122657,-0.236473,0.963864</row2>
        </orientation>
      </transform>
      <snapped>false</snapped>
    </blockref>
  </blocks></sporemodel>