spore0006438f6347406662000771900ab9fea735ffffffffffffffffffffffffffffffff0000000ec178f7b10dsporeautotestfffffffffffffffe0bSolborealis00006gaprop00<?xml version="1.0" encoding="UTF-8"?><sporemodel>
  <properties>
    <modeltype>PlantLarge</modeltype>
    <skineffectseed1>1234</skineffectseed1>
    <skineffectseed2>1234</skineffectseed2>
    <skineffectseed3>1234</skineffectseed3>
    <skincolor1>0.694117,0.556862,0.505882</skincolor1>
    <skincolor2>0.478431,0.576469,0.341175</skincolor2>
    <skincolor3>0.443136,0.384313,0.262744</skincolor3>
    <zcorpscore>6</zcorpscore>
  </properties>
  <blocks count="57">
    <blockref>
      <blockid>flora_parts~, fe_root_dummy</blockid>
      <transform>
        <scale>0,927743</scale>
        <position>0,0,0.349999</position>
        <triangledirection>0,1,0</triangledirection>
        <trianglepickorigin>0,0,0</trianglepickorigin>
        <orientation>
          <row0>1,0,0</row0>
          <row1>0,1,0</row1>
          <row2>0,0,1</row2>
        </orientation>
      </transform>
      <snapped>false</snapped>
      <childlist count="2">
        <childid>3</childid>
        <childid>1</childid>
      </childlist>
    </blockref>
    <blockref>
      <blockid>flora_parts~, FE_muscle_branch_04</blockid>
      <transform>
        <limbtype>0</limbtype>
        <musclescale>0.425000</musclescale>
        <basemusclescale>3</basemusclescale>
        <scale>1</scale>
        <position>0,0,0.349999</position>
        <triangledirection>-0.00436395,0.0160355,0.999861</triangledirection>
        <trianglepickorigin>0,0,0</trianglepickorigin>
        <orientation>
          <row0>-0.0934407,-0.995503,0.0155577</row0>
          <row1>-0.00436395,0.0160355,0.999861</row1>
          <row2>-0.995615,0.0933599,-0.00584269</row2>
        </orientation>
      </transform>
      <snapped>true</snapped>
      <childlist count="1">
        <childid>2</childid>
      </childlist>
      <handles count="1">
        <weight channel="longer">0.317331</weight>
      </handles>
    </blockref>
    <blockref>
      <blockid>Creature_parts~, ce_grasper_null</blockid>
      <transform>
        <basemusclescale>0.5</basemusclescale>
        <scale>1</scale>
        <position>0.00971188,-0.0356891,-1.875264</position>
        <triangledirection>-3.77184e-8,4.03553e-7,-1</triangledirection>
        <trianglepickorigin>0,0,0</trianglepickorigin>
        <orientation>
          <row0>1,-2.08615e-7,-3.77185e-8</row0>
          <row1>-3.77184e-8,4.03553e-7,-1</row1>
          <row2>2.08615e-7,1,4.03553e-7</row2>
        </orientation>
      </transform>
      <snapped>true</snapped>
    </blockref>
    <blockref>
      <blockid>flora_parts~, fe_muscle_branch_06</blockid>
      <transform>
        <limbtype>0</limbtype>
        <musclescale>0.5</musclescale>
        <basemusclescale>3</basemusclescale>
        <scale>1</scale>
        <position>0,0,0.349999</position>
        <triangledirection>0.258543,-0.647400,-0.716957</triangledirection>
        <trianglepickorigin>0,0,0</trianglepickorigin>
        <orientation>
          <row0>0.965076,0.140670,0.220994</row0>
          <row1>0.258543,-0.647400,-0.716957</row1>
          <row2>0.0422175,0.749055,-0.661160</row2>
        </orientation>
      </transform>
      <snapped>true</snapped>
      <childlist count="2">
        <childid>8</childid>
        <childid>4</childid>
      </childlist>
      <handles count="1">
        <weight channel="longer">0.162245</weight>
      </handles>
    </blockref>
    <blockref>
      <blockid>flora_parts~, fe_muscle_branch_06</blockid>
      <transform>
        <limbtype>0</limbtype>
        <musclescale>0.5</musclescale>
        <basemusclescale>2.799998</basemusclescale>
        <scale>1</scale>
        <position>-0.323760,0.810706,1.247810</position>
        <triangledirection>0.176981,-0.677015,-0.714371</triangledirection>
        <trianglepickorigin>0,0,0</trianglepickorigin>
        <orientation>
          <row0>0.983785,0.100267,0.148702</row0>
          <row1>0.176981,-0.677015,-0.714371</row1>
          <row2>0.0290458,0.729106,-0.683783</row2>
        </orientation>
      </transform>
      <snapped>true</snapped>
      <childlist count="2">
        <childid>23</childid>
        <childid>5</childid>
      </childlist>
      <handles count="1">
        <weight channel="longer">0.162245</weight>
      </handles>
    </blockref>
    <blockref>
      <blockid>flora_parts~, fe_muscle_branch_02</blockid>
      <transform>
        <limbtype>0</limbtype>
        <musclescale>0.524998</musclescale>
        <basemusclescale>2.799998</basemusclescale>
        <scale>1</scale>
        <position>-0.545385,1.658499,2.142381</position>
        <triangledirection>0,0,-1</triangledirection>
        <trianglepickorigin>0,0,0</trianglepickorigin>
        <orientation>
          <row0>0.980514,0.196446,0</row0>
          <row1>0,0,-1</row1>
          <row2>-0.196446,0.980514,0</row2>
        </orientation>
      </transform>
      <snapped>true</snapped>
      <childlist count="1">
        <childid>6</childid>
      </childlist>
      <handles count="1">
        <weight channel="longer">0.162245</weight>
      </handles>
    </blockref>
    <blockref>
      <blockid>flora_parts~, fe_muscle_branch_06</blockid>
      <transform>
        <limbtype>0</limbtype>
        <musclescale>0.5</musclescale>
        <basemusclescale>1.449998</basemusclescale>
        <scale>1</scale>
        <position>-0.545385,1.658499,3.394633</position>
        <triangledirection>-0.398613,-0.250149,-0.882345</triangledirection>
        <trianglepickorigin>0,0,0</trianglepickorigin>
        <orientation>
          <row0>0.774528,0.423393,-0.469939</row0>
          <row1>-0.398613,-0.250149,-0.882345</row1>
          <row2>-0.491134,0.870725,-0.0249774</row2>
        </orientation>
      </transform>
      <snapped>true</snapped>
      <childlist count="1">
        <childid>7</childid>
      </childlist>
      <handles count="1">
        <weight channel="longer">0.162245</weight>
      </handles>
    </blockref>
    <blockref>
      <blockid>flora_parts~, fe_muscle_branch_02</blockid>
      <transform>
        <limbtype>0</limbtype>
        <musclescale>0.524998</musclescale>
        <basemusclescale>2.799998</basemusclescale>
        <scale>1</scale>
        <position>-0.0462218,1.971750,4.499549</position>
        <triangledirection>0,-1.19209e-7,-1</triangledirection>
        <trianglepickorigin>0,0,0</trianglepickorigin>
        <orientation>
          <row0>1,0,0</row0>
          <row1>0,-1.19209e-7,-1</row1>
          <row2>0,1,-1.19209e-7</row2>
        </orientation>
      </transform>
      <snapped>true</snapped>
      <childlist count="4">
        <childid>52</childid>
        <childid>51</childid>
        <childid>50</childid>
        <childid>12</childid>
      </childlist>
      <handles count="1">
        <weight channel="longer">0.162245</weight>
      </handles>
    </blockref>
    <blockref>
      <blockid>flora_parts~, fe_muscle_branch_06</blockid>
      <transform>
        <limbtype>0</limbtype>
        <musclescale>0.5</musclescale>
        <basemusclescale>2.799998</basemusclescale>
        <scale>1</scale>
        <position>-0.323760,0.810706,1.247810</position>
        <triangledirection>0.130322,0.473165,-0.871280</triangledirection>
        <trianglepickorigin>0,0,0</trianglepickorigin>
        <orientation>
          <row0>0.991462,-0.0584246,0.116569</row0>
          <row1>0.130322,0.473165,-0.871280</row1>
          <row2>-0.00425247,0.879034,0.476739</row2>
        </orientation>
      </transform>
      <snapped>true</snapped>
      <childlist count="2">
        <childid>18</childid>
        <childid>9</childid>
      </childlist>
      <handles count="1">
        <weight channel="longer">0.162245</weight>
      </handles>
    </blockref>
    <blockref>
      <blockid>flora_parts~, fe_muscle_branch_02</blockid>
      <transform>
        <limbtype>0</limbtype>
        <musclescale>0.524998</musclescale>
        <basemusclescale>2.799998</basemusclescale>
        <scale>1</scale>
        <position>-0.486957,0.218184,2.338870</position>
        <triangledirection>0.469673,0.266816,-0.841555</triangledirection>
        <trianglepickorigin>0,0,0</trianglepickorigin>
        <orientation>
          <row0>0.865279,0.0500550,0.498783</row0>
          <row1>0.469673,0.266816,-0.841555</row1>
          <row2>-0.175207,0.962446,0.207361</row2>
        </orientation>
      </transform>
      <snapped>true</snapped>
      <childlist count="1">
        <childid>10</childid>
      </childlist>
      <handles count="1">
        <weight channel="longer">0.162245</weight>
      </handles>
    </blockref>
    <blockref>
      <blockid>flora_parts~, fe_muscle_branch_06</blockid>
      <transform>
        <limbtype>0</limbtype>
        <musclescale>0.5</musclescale>
        <basemusclescale>1.449998</basemusclescale>
        <scale>1</scale>
        <position>-1.075106,-0.115935,3.392709</position>
        <triangledirection>0,-1.19209e-7,-1</triangledirection>
        <trianglepickorigin>0,0,0</trianglepickorigin>
        <orientation>
          <row0>1,0,0</row0>
          <row1>0,-1.19209e-7,-1</row1>
          <row2>0,1,-1.19209e-7</row2>
        </orientation>
      </transform>
      <snapped>true</snapped>
      <childlist count="2">
        <childid>46</childid>
        <childid>11</childid>
      </childlist>
      <handles count="1">
        <weight channel="longer">0.162245</weight>
      </handles>
    </blockref>
    <blockref>
      <blockid>flora_parts~, fe_muscle_branch_02</blockid>
      <transform>
        <limbtype>0</limbtype>
        <musclescale>0.524998</musclescale>
        <basemusclescale>2.799998</basemusclescale>
        <scale>1</scale>
        <position>-1.075106,-0.115935,4.644959</position>
        <triangledirection>0,-1.19209e-7,-1</triangledirection>
        <trianglepickorigin>0,0,0</trianglepickorigin>
        <orientation>
          <row0>1,0,0</row0>
          <row1>0,-1.19209e-7,-1</row1>
          <row2>0,1,-1.19209e-7</row2>
        </orientation>
      </transform>
      <snapped>true</snapped>
      <childlist count="6">
        <childid>56</childid>
        <childid>55</childid>
        <childid>54</childid>
        <childid>53</childid>
        <childid>49</childid>
        <childid>14</childid>
      </childlist>
      <handles count="1">
        <weight channel="longer">0.162245</weight>
      </handles>
    </blockref>
    <blockref>
      <blockid>flora_parts~, FE_muscle_branch_03</blockid>
      <transform>
        <limbtype>0</limbtype>
        <musclescale>0.5</musclescale>
        <basemusclescale>1.449998</basemusclescale>
        <scale>1</scale>
        <position>-0.0462218,1.971750,5.751800</position>
        <triangledirection>0,-1.19209e-7,-1</triangledirection>
        <trianglepickorigin>0,0,0</trianglepickorigin>
        <orientation>
          <row0>1,0,0</row0>
          <row1>0,-1.19209e-7,-1</row1>
          <row2>0,1,-1.19209e-7</row2>
        </orientation>
      </transform>
      <snapped>true</snapped>
      <childlist count="1">
        <childid>13</childid>
      </childlist>
      <handles count="1">
        <weight channel="longer">0.162245</weight>
      </handles>
    </blockref>
    <blockref>
      <blockid>flora_parts~, FE_muscle_branch_03</blockid>
      <transform>
        <limbtype>0</limbtype>
        <musclescale>0.5</musclescale>
        <basemusclescale>1</basemusclescale>
        <scale>1</scale>
        <position>-0.0462218,1.971750,7.004050</position>
        <triangledirection>0,-1.19209e-7,-1</triangledirection>
        <trianglepickorigin>0,0,0</trianglepickorigin>
        <orientation>
          <row0>1,0,0</row0>
          <row1>0,-1.19209e-7,-1</row1>
          <row2>0,1,-1.19209e-7</row2>
        </orientation>
      </transform>
      <snapped>true</snapped>
      <childlist count="2">
        <childid>43</childid>
        <childid>41</childid>
      </childlist>
      <handles count="1">
        <weight channel="longer">0.162245</weight>
      </handles>
    </blockref>
    <blockref>
      <blockid>flora_parts~, FE_muscle_branch_03</blockid>
      <transform>
        <limbtype>0</limbtype>
        <musclescale>0.5</musclescale>
        <basemusclescale>1.449998</basemusclescale>
        <scale>1</scale>
        <position>-1.075106,-0.115935,5.897210</position>
        <triangledirection>0.308018,0.510100,-0.803070</triangledirection>
        <trianglepickorigin>0,0,0</trianglepickorigin>
        <orientation>
          <row0>0.951352,-0.158679,0.264100</row0>
          <row1>0.308018,0.510100,-0.803070</row1>
          <row2>-0.00728702,0.845351,0.534161</row2>
        </orientation>
      </transform>
      <snapped>true</snapped>
      <childlist count="3">
        <childid>37</childid>
        <childid>16</childid>
        <childid>15</childid>
      </childlist>
      <handles count="1">
        <weight channel="longer">0.162245</weight>
      </handles>
    </blockref>
    <blockref>
      <blockid>flora_parts~, FE_muscle_branch_03</blockid>
      <transform>
        <limbtype>0</limbtype>
        <musclescale>0.5</musclescale>
        <basemusclescale>1</basemusclescale>
        <scale>1</scale>
        <position>-1.460822,-0.754709,6.902854</position>
        <triangledirection>0,-1.19209e-7,-1</triangledirection>
        <trianglepickorigin>0,0,0</trianglepickorigin>
        <orientation>
          <row0>1,0,0</row0>
          <row1>0,-1.19209e-7,-1</row1>
          <row2>0,1,-1.19209e-7</row2>
        </orientation>
      </transform>
      <snapped>true</snapped>
      <childlist count="1">
        <childid>39</childid>
      </childlist>
      <handles count="1">
        <weight channel="longer">0.162245</weight>
      </handles>
    </blockref>
    <blockref>
      <blockid>flora_parts~, FE_muscle_branch_03</blockid>
      <transform>
        <limbtype>0</limbtype>
        <musclescale>0.5</musclescale>
        <basemusclescale>1</basemusclescale>
        <scale>1</scale>
        <position>-1.460822,-0.754709,6.902854</position>
        <triangledirection>0.308018,0.510100,-0.803070</triangledirection>
        <trianglepickorigin>0,0,0</trianglepickorigin>
        <orientation>
          <row0>0.951352,-0.158679,0.264100</row0>
          <row1>0.308018,0.510100,-0.803070</row1>
          <row2>-0.00728702,0.845351,0.534161</row2>
        </orientation>
      </transform>
      <snapped>true</snapped>
      <childlist count="2">
        <childid>45</childid>
        <childid>17</childid>
      </childlist>
      <handles count="1">
        <weight channel="longer">0.162245</weight>
      </handles>
    </blockref>
    <blockref>
      <blockid>Creature_parts~, ce_grasper_null</blockid>
      <transform>
        <basemusclescale>1</basemusclescale>
        <scale>1</scale>
        <position>-1.846539,-1.393480,7.908500</position>
        <triangledirection>0.308018,0.510100,-0.803070</triangledirection>
        <trianglepickorigin>0,0,0</trianglepickorigin>
        <orientation>
          <row0>0.951352,-0.158679,0.264100</row0>
          <row1>0.308018,0.510100,-0.803070</row1>
          <row2>-0.00728744,0.845351,0.534161</row2>
        </orientation>
      </transform>
      <snapped>true</snapped>
    </blockref>
    <blockref>
      <blockid>flora_parts~, FE_muscle_branch_03</blockid>
      <transform>
        <limbtype>0</limbtype>
        <musclescale>0.5</musclescale>
        <basemusclescale>2.799998</basemusclescale>
        <scale>1</scale>
        <position>-0.486957,0.218184,2.338870</position>
        <triangledirection>-0.287611,0.900916,-0.325007</triangledirection>
        <trianglepickorigin>0,0,0</trianglepickorigin>
        <orientation>
          <row0>0.928272,0.345757,0.136971</row0>
          <row1>-0.287611,0.900916,-0.325007</row1>
          <row2>-0.235774,0.262300,0.935739</row2>
        </orientation>
      </transform>
      <snapped>true</snapped>
      <childlist count="2">
        <childid>21</childid>
        <childid>19</childid>
      </childlist>
      <handles count="1">
        <weight channel="longer">0.162245</weight>
      </handles>
    </blockref>
    <blockref>
      <blockid>flora_parts~, FE_muscle_branch_03</blockid>
      <transform>
        <limbtype>0</limbtype>
        <musclescale>0.5</musclescale>
        <basemusclescale>1</basemusclescale>
        <scale>1</scale>
        <position>-0.126796,-0.909986,2.745863</position>
        <triangledirection>-0.340563,-0.267666,-0.901316</triangledirection>
        <trianglepickorigin>0,0,0</trianglepickorigin>
        <orientation>
          <row0>0.939117,-0.0504013,-0.339878</row0>
          <row1>-0.340563,-0.267666,-0.901316</row1>
          <row2>-0.0455464,0.962192,-0.268534</row2>
        </orientation>
      </transform>
      <snapped>true</snapped>
      <childlist count="1">
        <childid>20</childid>
      </childlist>
      <handles count="1">
        <weight channel="longer">0.162245</weight>
      </handles>
    </blockref>
    <blockref>
      <blockid>Creature_parts~, ce_grasper_null</blockid>
      <transform>
        <basemusclescale>1</basemusclescale>
        <scale>1</scale>
        <position>0.299674,-0.574801,3.874535</position>
        <triangledirection>2.98092e-8,-5.00679e-6,-1</triangledirection>
        <trianglepickorigin>0,0,0</trianglepickorigin>
        <orientation>
          <row0>1,2.33158e-6,2.97975e-8</row0>
          <row1>2.98092e-8,-5.00679e-6,-1</row1>
          <row2>-2.33157e-6,1,-5.00679e-6</row2>
        </orientation>
      </transform>
      <snapped>true</snapped>
    </blockref>
    <blockref>
      <blockid>flora_parts~, FE_muscle_branch_03</blockid>
      <transform>
        <limbtype>0</limbtype>
        <musclescale>0.5</musclescale>
        <basemusclescale>1</basemusclescale>
        <scale>1</scale>
        <position>-0.126796,-0.909986,2.745863</position>
        <triangledirection>0.308023,0.510099,-0.803069</triangledirection>
        <trianglepickorigin>0,0,0</trianglepickorigin>
        <orientation>
          <row0>0.951350,-0.158680,0.264105</row0>
          <row1>0.308023,0.510099,-0.803069</row1>
          <row2>-0.00728850,0.845351,0.534160</row2>
        </orientation>
      </transform>
      <snapped>true</snapped>
      <childlist count="5">
        <childid>35</childid>
        <childid>34</childid>
        <childid>29</childid>
        <childid>28</childid>
        <childid>22</childid>
      </childlist>
      <handles count="1">
        <weight channel="longer">0.162245</weight>
      </handles>
    </blockref>
    <blockref>
      <blockid>Creature_parts~, ce_grasper_null</blockid>
      <transform>
        <basemusclescale>1</basemusclescale>
        <scale>1</scale>
        <position>-0.512517,-1.548758,3.751505</position>
        <triangledirection>0.308023,0.510099,-0.803069</triangledirection>
        <trianglepickorigin>0,0,0</trianglepickorigin>
        <orientation>
          <row0>0.951350,-0.158680,0.264105</row0>
          <row1>0.308023,0.510099,-0.803069</row1>
          <row2>-0.00728868,0.845351,0.534160</row2>
        </orientation>
      </transform>
      <snapped>true</snapped>
    </blockref>
    <blockref>
      <blockid>flora_parts~, FE_muscle_branch_03</blockid>
      <transform>
        <limbtype>0</limbtype>
        <musclescale>0.5</musclescale>
        <basemusclescale>2.799998</basemusclescale>
        <scale>1</scale>
        <position>-0.545385,1.658499,2.142381</position>
        <triangledirection>0.709295,-0.659840,-0.248014</triangledirection>
        <trianglepickorigin>0,0,0</trianglepickorigin>
        <orientation>
          <row0>0.257717,0.570219,-0.780019</row0>
          <row1>0.709295,-0.659840,-0.248014</row1>
          <row2>-0.656111,-0.489346,-0.574506</row2>
        </orientation>
      </transform>
      <snapped>true</snapped>
      <childlist count="1">
        <childid>24</childid>
      </childlist>
      <handles count="1">
        <weight channel="longer">0.162245</weight>
      </handles>
    </blockref>
    <blockref>
      <blockid>flora_parts~, FE_muscle_branch_03</blockid>
      <transform>
        <limbtype>0</limbtype>
        <musclescale>0.5</musclescale>
        <basemusclescale>1</basemusclescale>
        <scale>1</scale>
        <position>-1.433599,2.484785,2.452959</position>
        <triangledirection>0.288864,-0.659375,-0.694104</triangledirection>
        <trianglepickorigin>0,0,0</trianglepickorigin>
        <orientation>
          <row0>0.956550,0.168789,0.237742</row0>
          <row1>0.288864,-0.659375,-0.694104</row1>
          <row2>0.0396041,0.732621,-0.679483</row2>
        </orientation>
      </transform>
      <snapped>true</snapped>
      <childlist count="1">
        <childid>25</childid>
      </childlist>
      <handles count="1">
        <weight channel="longer">0.162245</weight>
      </handles>
    </blockref>
    <blockref>
      <blockid>flora_parts~, FE_muscle_branch_03</blockid>
      <transform>
        <limbtype>0</limbtype>
        <musclescale>0.5</musclescale>
        <basemusclescale>1</basemusclescale>
        <scale>1</scale>
        <position>-1.795331,3.310488,3.322151</position>
        <triangledirection>0.305107,-0.172679,-0.936531</triangledirection>
        <trianglepickorigin>0,0,0</trianglepickorigin>
        <orientation>
          <row0>0.952075,0.0330949,0.304068</row0>
          <row1>0.305107,-0.172679,-0.936531</row1>
          <row2>0.0215118,0.984422,-0.174501</row2>
        </orientation>
      </transform>
      <snapped>true</snapped>
      <childlist count="6">
        <childid>33</childid>
        <childid>32</childid>
        <childid>31</childid>
        <childid>30</childid>
        <childid>27</childid>
        <childid>26</childid>
      </childlist>
      <handles count="1">
        <weight channel="longer">0.162245</weight>
      </handles>
    </blockref>
    <blockref>
      <blockid>Creature_parts~, ce_grasper_null</blockid>
      <transform>
        <basemusclescale>1</basemusclescale>
        <scale>1</scale>
        <position>-2.177401,3.526726,4.494924</position>
        <triangledirection>0.596105,-0.340209,-0.727266</triangledirection>
        <trianglepickorigin>0,0,0</trianglepickorigin>
        <orientation>
          <row0>0.798132,0.349705,0.490601</row0>
          <row1>0.596105,-0.340209,-0.727266</row1>
          <row2>-0.0874219,0.872905,-0.479993</row2>
        </orientation>
      </transform>
      <snapped>true</snapped>
    </blockref>
    <blockref>
      <blockid>flora_parts~, fe_canopy_01</blockid>
      <transform>
        <scale>0,687288</scale>
        <position>-2.274904,3.575442,4.548727</position>
        <triangledirection>0.802877,-0.370099,-0.467348</triangledirection>
        <trianglepickorigin>0,0,0</trianglepickorigin>
        <orientation>
          <row0>-0.418629,-0.908157,-3.87430e-7</row0>
          <row1>0.802877,-0.370099,-0.467348</row1>
          <row2>0.424425,-0.195646,0.884073</row2>
        </orientation>
      </transform>
      <snapped>false</snapped>
      <handles count="2">
        <weight channel="DeformAxisLeft">0.505075</weight>
        <weight channel="DeformAxisForward">0.500194</weight>
      </handles>
    </blockref>
    <blockref>
      <blockid>flora_parts~, fe_canopy_01</blockid>
      <transform>
        <scale>0,687288</scale>
        <position>-0.439541,-1.674315,3.736466</position>
        <triangledirection>-0.344160,0.937005,-0.0597891</triangledirection>
        <trianglepickorigin>0,0,0</trianglepickorigin>
        <orientation>
          <row0>0.938684,0.344776,1.86264e-9</row0>
          <row1>-0.344160,0.937005,-0.0597891</row1>
          <row2>-0.0206139,0.0561231,0.998211</row2>
        </orientation>
      </transform>
      <snapped>false</snapped>
      <childlist count="1">
        <childid>36</childid>
      </childlist>
      <handles count="2">
        <weight channel="DeformAxisLeft">0.505075</weight>
        <weight channel="DeformAxisForward">0.500194</weight>
      </handles>
    </blockref>
    <blockref>
      <blockid>flora_parts~, fe_cap_02a</blockid>
      <transform>
        <scale>0,687288</scale>
        <position>-0.282747,-1.532032,3.742213</position>
        <triangledirection>-0.415695,0.406666,-0.813523</triangledirection>
        <trianglepickorigin>0,0,0</trianglepickorigin>
        <orientation>
          <row0>0.699301,0.714827,1.49011e-8</row0>
          <row1>-0.415695,0.406666,-0.813523</row1>
          <row2>-0.581528,0.568897,0.581532</row2>
        </orientation>
      </transform>
      <snapped>false</snapped>
    </blockref>
    <blockref>
      <blockid>flora_parts~, fe_cap_02a</blockid>
      <transform>
        <scale>0,687288</scale>
        <position>-1.708319,3.472077,4.159672</position>
        <triangledirection>-0.958411,-0.216840,0.185546</triangledirection>
        <trianglepickorigin>0,0,0</trianglepickorigin>
        <orientation>
          <row0>-0.220671,0.975348,1.49011e-8</row0>
          <row1>-0.958411,-0.216840,0.185546</row1>
          <row2>0.180972,0.0409448,0.982635</row2>
        </orientation>
      </transform>
      <snapped>false</snapped>
    </blockref>
    <blockref>
      <blockid>flora_parts~, fe_cap_02a</blockid>
      <transform>
        <scale>0,687288</scale>
        <position>-1.974053,3.494605,4.450521</position>
        <triangledirection>-0.478540,-0.00295352,-0.878060</triangledirection>
        <trianglepickorigin>0,0,0</trianglepickorigin>
        <orientation>
          <row0>-0.00617199,0.999981,9.63918e-8</row0>
          <row1>-0.478540,-0.00295352,-0.878060</row1>
          <row2>-0.878044,-0.00541943,0.478549</row2>
        </orientation>
      </transform>
      <snapped>false</snapped>
    </blockref>
    <blockref>
      <blockid>flora_parts~, fe_cap_02a</blockid>
      <transform>
        <scale>0,687288</scale>
        <position>-2.023921,3.597109,4.532163</position>
        <triangledirection>-0.436850,-0.562353,-0.702083</triangledirection>
        <trianglepickorigin>0,0,0</trianglepickorigin>
        <orientation>
          <row0>-0.789716,0.613472,-1.49011e-7</row0>
          <row1>-0.436850,-0.562353,-0.702083</row1>
          <row2>-0.430708,-0.554446,0.712094</row2>
        </orientation>
      </transform>
      <snapped>false</snapped>
    </blockref>
    <blockref>
      <blockid>flora_parts~, fe_cap_02a</blockid>
      <transform>
        <scale>0,687288</scale>
        <position>-1.696581,3.403794,4.159596</position>
        <triangledirection>-0.969906,0.175901,0.168344</triangledirection>
        <trianglepickorigin>0,0,0</trianglepickorigin>
        <orientation>
          <row0>0.178447,0.983949,1.65775e-7</row0>
          <row1>-0.969906,0.175901,0.168344</row1>
          <row2>0.165642,-0.0300408,0.985728</row2>
        </orientation>
      </transform>
      <snapped>false</snapped>
    </blockref>
    <blockref>
      <blockid>flora_parts~, fe_cap_02a</blockid>
      <transform>
        <scale>0,687288</scale>
        <position>-0.211171,-1.514328,3.681281</position>
        <triangledirection>-0.459403,0.429309,-0.777587</triangledirection>
        <trianglepickorigin>0,0,0</trianglepickorigin>
        <orientation>
          <row0>0.682771,0.730632,-1.63912e-7</row0>
          <row1>-0.459403,0.429309,-0.777587</row1>
          <row2>-0.568130,0.530914,0.628774</row2>
        </orientation>
      </transform>
      <snapped>false</snapped>
    </blockref>
    <blockref>
      <blockid>flora_parts~, fe_cap_02a</blockid>
      <transform>
        <scale>0,687288</scale>
        <position>-0.341967,-1.377367,3.694560</position>
        <triangledirection>-0.100639,-0.740781,-0.664164</triangledirection>
        <trianglepickorigin>0,0,0</trianglepickorigin>
        <orientation>
          <row0>-0.990897,0.134618,-3.72529e-8</row0>
          <row1>-0.100639,-0.740781,-0.664164</row1>
          <row2>-0.0894089,-0.658118,0.747586</row2>
        </orientation>
      </transform>
      <snapped>false</snapped>
    </blockref>
    <blockref>
      <blockid>flora_parts~, fe_cap_02a</blockid>
      <transform>
        <scale>0,687288</scale>
        <position>-0.305015,-2.284657,3.819321</position>
        <triangledirection>-0.109856,0.141671,-0.983799</triangledirection>
        <trianglepickorigin>0,0,0</trianglepickorigin>
        <orientation>
          <row0>0.790251,0.612783,-2.45869e-7</row0>
          <row1>-0.109856,0.141671,-0.983799</row1>
          <row2>-0.602855,0.777448,0.179273</row2>
        </orientation>
      </transform>
      <snapped>false</snapped>
    </blockref>
    <blockref>
      <blockid>flora_parts~, fe_muscle_branch_02</blockid>
      <transform>
        <limbtype>0</limbtype>
        <musclescale>0.524998</musclescale>
        <basemusclescale>1</basemusclescale>
        <scale>1</scale>
        <position>-1.460822,-0.754709,6.902854</position>
        <triangledirection>0,-2.38417e-7,-1</triangledirection>
        <trianglepickorigin>0,0,0</trianglepickorigin>
        <orientation>
          <row0>0.980514,0.196446,-4.68362e-8</row0>
          <row1>0,-2.38417e-7,-1</row1>
          <row2>-0.196446,0.980514,-2.33772e-7</row2>
        </orientation>
      </transform>
      <snapped>true</snapped>
      <childlist count="2">
        <childid>47</childid>
        <childid>38</childid>
      </childlist>
      <handles count="1">
        <weight channel="longer">0.162245</weight>
      </handles>
    </blockref>
    <blockref>
      <blockid>Creature_parts~, ce_grasper_null</blockid>
      <transform>
        <basemusclescale>1.449998</basemusclescale>
        <scale>1</scale>
        <position>-1.460822,-0.754707,8.155110</position>
        <triangledirection>-0.398611,-0.250148,-0.882346</triangledirection>
        <trianglepickorigin>0,0,0</trianglepickorigin>
        <orientation>
          <row0>0.774529,0.423394,-0.469937</row0>
          <row1>-0.398611,-0.250148,-0.882346</row1>
          <row2>-0.491134,0.870725,-0.0249774</row2>
        </orientation>
      </transform>
      <snapped>true</snapped>
    </blockref>
    <blockref>
      <blockid>flora_parts~, fe_branch_02</blockid>
      <transform>
        <limbtype>2</limbtype>
        <musclescale>0.5</musclescale>
        <basemusclescale>1</basemusclescale>
        <scale>1</scale>
        <position>-1.460822,-0.754707,8.155105</position>
        <triangledirection>0,-1.19209e-7,-1</triangledirection>
        <trianglepickorigin>0,0,0</trianglepickorigin>
        <orientation>
          <row0>1,0,0</row0>
          <row1>0,-1.19209e-7,-1</row1>
          <row2>0,1,-1.19209e-7</row2>
        </orientation>
      </transform>
      <snapped>true</snapped>
      <childlist count="1">
        <childid>40</childid>
      </childlist>
      <handles count="2">
        <weight channel="DeformAxisForward">1</weight>
        <weight channel="DeformAxisLeft">1</weight>
      </handles>
    </blockref>
    <blockref>
      <blockid>Creature_parts~, ce_grasper_null</blockid>
      <transform>
        <basemusclescale>1</basemusclescale>
        <scale>1</scale>
        <position>-1.460822,-0.754707,10.755105</position>
        <triangledirection>0,-1.78813e-7,-1</triangledirection>
        <trianglepickorigin>0,0,0</trianglepickorigin>
        <orientation>
          <row0>1,1.04307e-7,-1.86516e-14</row0>
          <row1>0,-1.78813e-7,-1</row1>
          <row2>-1.04307e-7,1,-1.78813e-7</row2>
        </orientation>
      </transform>
      <snapped>true</snapped>
    </blockref>
    <blockref>
      <blockid>flora_parts~, fe_branch_02</blockid>
      <transform>
        <limbtype>2</limbtype>
        <musclescale>0.5</musclescale>
        <basemusclescale>1</basemusclescale>
        <scale>1</scale>
        <position>-0.0462218,1.971750,8.256299</position>
        <triangledirection>5.99515e-9,0.137152,-0.990549</triangledirection>
        <trianglepickorigin>0,0,0</trianglepickorigin>
        <orientation>
          <row0>1,0,0</row0>
          <row1>0,-1.19209e-7,-1</row1>
          <row2>0,1,-1.19209e-7</row2>
        </orientation>
        <userorientation>
          <userorientation_row0>-4.32983e-8,0.137152,-0.990549</userorientation_row0>
          <userorientation_row1>5.99515e-9,0.990549,0.137152</userorientation_row1>
          <userorientation_row2>1,0,-4.37113e-8</userorientation_row2>
        </userorientation>
      </transform>
      <snapped>true</snapped>
      <childlist count="2">
        <childid>48</childid>
        <childid>42</childid>
      </childlist>
      <handles count="2">
        <weight channel="DeformAxisForward">1</weight>
        <weight channel="DeformAxisLeft">1</weight>
      </handles>
    </blockref>
    <blockref>
      <blockid>Creature_parts~, ce_grasper_null</blockid>
      <transform>
        <basemusclescale>1</basemusclescale>
        <scale>1</scale>
        <position>-0.0462218,1.615152,10.831728</position>
        <triangledirection>0,-1.78814e-7,-1</triangledirection>
        <trianglepickorigin>0,0,0</trianglepickorigin>
        <orientation>
          <row0>1,1.04307e-7,-1.86517e-14</row0>
          <row1>0,-1.78814e-7,-1</row1>
          <row2>-1.04307e-7,1,-1.78814e-7</row2>
        </orientation>
      </transform>
      <snapped>true</snapped>
    </blockref>
    <blockref>
      <blockid>flora_parts~, fe_branch_02</blockid>
      <transform>
        <limbtype>2</limbtype>
        <musclescale>0.5</musclescale>
        <basemusclescale>1</basemusclescale>
        <scale>1</scale>
        <position>-0.0462218,1.971750,8.256299</position>
        <triangledirection>-0.446146,0.835368,-0.321109</triangledirection>
        <trianglepickorigin>0,0,0</trianglepickorigin>
        <orientation>
          <row0>1,0,0</row0>
          <row1>0,-1.19209e-7,-1</row1>
          <row2>0,1,-1.19209e-7</row2>
        </orientation>
        <userorientation>
          <userorientation_row0>-0.562413,0.625479,-0.540799</userorientation_row0>
          <userorientation_row1>-0.446146,0.321108,0.835368</userorientation_row1>
          <userorientation_row2>0.696162,0.711098,0.0984599</userorientation_row2>
        </userorientation>
      </transform>
      <snapped>true</snapped>
      <childlist count="1">
        <childid>44</childid>
      </childlist>
      <handles count="2">
        <weight channel="DeformAxisForward">1</weight>
        <weight channel="DeformAxisLeft">1</weight>
      </handles>
    </blockref>
    <blockref>
      <blockid>Creature_parts~, ce_grasper_null</blockid>
      <transform>
        <basemusclescale>1</basemusclescale>
        <scale>1</scale>
        <position>1.113759,-0.200209,9.091184</position>
        <triangledirection>-3.12924e-7,-1.78814e-7,-1</triangledirection>
        <trianglepickorigin>0,0,0</trianglepickorigin>
        <orientation>
          <row0>1,1.04307e-7,-3.12924e-7</row0>
          <row1>-3.12924e-7,-1.78814e-7,-1</row1>
          <row2>-1.04307e-7,1,-1.78813e-7</row2>
        </orientation>
      </transform>
      <snapped>true</snapped>
    </blockref>
    <blockref>
      <blockid>flora_parts~, fe_leaf_04</blockid>
      <transform>
        <scale>1,252322</scale>
        <position>-1.785242,-1.480017,7.930638</position>
        <triangledirection>-0.186826,0.869722,-0.456814</triangledirection>
        <trianglepickorigin>0,0,0</trianglepickorigin>
        <orientation>
          <row0>0.977697,0.210020,3.94880e-7</row0>
          <row1>-0.186826,0.869722,-0.456814</row1>
          <row2>-0.0959406,0.446625,0.889562</row2>
        </orientation>
      </transform>
      <snapped>false</snapped>
      <handles count="2">
        <weight channel="DeformAxisLeft">1</weight>
        <weight channel="DeformAxisForward">0.454019</weight>
      </handles>
    </blockref>
    <blockref>
      <blockid>flora_parts~, fe_leaf_04</blockid>
      <transform>
        <scale>1,252322</scale>
        <position>-1.467362,0.749818,4.476537</position>
        <triangledirection>0.146859,-0.467923,-0.871480</triangledirection>
        <trianglepickorigin>0,0,0</trianglepickorigin>
        <orientation>
          <row0>-0.954111,-0.299450,1.07102e-8</row0>
          <row1>0.299384,-0.953900,-0.0210595</row1>
          <row2>0.00630629,-0.0200931,0.999778</row2>
        </orientation>
        <userorientation>
          <userorientation_row0>1,0,0</userorientation_row0>
          <userorientation_row1>0,0.508672,-0.860958</userorientation_row1>
          <userorientation_row2>0,0.860958,0.508672</userorientation_row2>
        </userorientation>
      </transform>
      <snapped>false</snapped>
      <handles count="2">
        <weight channel="DeformAxisLeft">1</weight>
        <weight channel="DeformAxisForward">0.454019</weight>
      </handles>
    </blockref>
    <blockref>
      <blockid>flora_parts~, fe_leaf_04</blockid>
      <transform>
        <scale>1,454990</scale>
        <position>-1.258481,-0.505663,7.983206</position>
        <triangledirection>-0.256118,-0.258073,-0.931557</triangledirection>
        <trianglepickorigin>0,0,0</trianglepickorigin>
        <orientation>
          <row0>-0.784532,0.620087,6.51925e-8</row0>
          <row1>-0.619905,-0.784302,-0.0242154</row1>
          <row2>-0.0150156,-0.0189978,0.999706</row2>
        </orientation>
        <userorientation>
          <userorientation_row0>0.993782,0.0800551,0.0773634</userorientation_row0>
          <userorientation_row1>0.0409049,0.383735,-0.922536</userorientation_row1>
          <userorientation_row2>-0.103541,0.919966,0.378075</userorientation_row2>
        </userorientation>
      </transform>
      <snapped>false</snapped>
      <handles count="2">
        <weight channel="DeformAxisLeft">1</weight>
        <weight channel="DeformAxisForward">0.454019</weight>
      </handles>
    </blockref>
    <blockref>
      <blockid>flora_parts~, fe_leaf_04</blockid>
      <transform>
        <scale>2,651167</scale>
        <position>0.0982379,1.849018,8.342415</position>
        <triangledirection>-0.0716075,-0.140054,-0.987550</triangledirection>
        <trianglepickorigin>0,0,0</trianglepickorigin>
        <orientation>
          <row0>-0.114053,0.993474,-1.02445e-7</row0>
          <row1>-0.976544,-0.112110,0.183826</row1>
          <row2>0.182626,0.0209661,0.982958</row2>
        </orientation>
        <userorientation>
          <userorientation_row0>-0.0788194,0.993166,-0.0860710</userorientation_row0>
          <userorientation_row1>-0.130972,-0.0959080,-0.986734</userorientation_row1>
          <userorientation_row2>-0.988246,-0.0665007,0.137637</userorientation_row2>
        </userorientation>
      </transform>
      <snapped>false</snapped>
      <handles count="2">
        <weight channel="DeformAxisLeft">1</weight>
        <weight channel="DeformAxisForward">0.454019</weight>
      </handles>
    </blockref>
    <blockref>
      <blockid>flora_parts~, fe_cap_01a</blockid>
      <transform>
        <scale>1</scale>
        <position>-0.619362,-0.290198,5.714317</position>
        <triangledirection>-0.788563,0.299029,-0.537354</triangledirection>
        <trianglepickorigin>0,0,0</trianglepickorigin>
        <orientation>
          <row0>0.354570,0.935029,-4.76837e-7</row0>
          <row1>-0.788563,0.299029,-0.537354</row1>
          <row2>-0.502441,0.190530,0.843356</row2>
        </orientation>
      </transform>
      <snapped>false</snapped>
    </blockref>
    <blockref>
      <blockid>flora_parts~, fe_cap_01a</blockid>
      <transform>
        <scale>1</scale>
        <position>0.188817,2.353535,5.617236</position>
        <triangledirection>-0.413262,-0.679140,-0.606614</triangledirection>
        <trianglepickorigin>0,0,0</trianglepickorigin>
        <orientation>
