spore0006438f63474066620007730ce3b9fea735ffffffffffffffffffffffffffffffff0000000ec178f7fc0dsporeautotestfffffffffffffffe08Bepsonia00006gaprop00<?xml version="1.0" encoding="UTF-8"?><sporemodel>
  <properties>
    <modeltype>PlantLarge</modeltype>
    <skineffectseed1>1234</skineffectseed1>
    <skineffectseed2>1234</skineffectseed2>
    <skineffectseed3>1234</skineffectseed3>
    <skincolor1>0.443136,0.266665,0.203921</skincolor1>
    <skincolor2>0.219607,0.443136,0.203921</skincolor2>
    <skincolor3>0.125490,0.125490,0.125490</skincolor3>
    <zcorpscore>7</zcorpscore>
  </properties>
  <blocks count="37">
    <blockref>
      <blockid>flora_parts~, fe_root_dummy</blockid>
      <transform>
        <scale>2</scale>
        <position>-0.000546148,0.000573160,0.600000</position>
        <triangledirection>0,1,0</triangledirection>
        <trianglepickorigin>0,0,0</trianglepickorigin>
        <orientation>
          <row0>1,0,0</row0>
          <row1>0,1,0</row1>
          <row2>0,0,1</row2>
        </orientation>
      </transform>
      <snapped>false</snapped>
      <childlist count="4">
        <childid>7</childid>
        <childid>5</childid>
        <childid>3</childid>
        <childid>1</childid>
      </childlist>
    </blockref>
    <blockref>
      <blockid>flora_parts~, fe_muscle_branch_01</blockid>
      <transform>
        <limbtype>0</limbtype>
        <musclescale>0.5</musclescale>
        <basemusclescale>1.549997</basemusclescale>
        <scale>1</scale>
        <position>-0.000546148,0.000573160,0.600000</position>
        <triangledirection>0.515203,0.535049,0.669542</triangledirection>
        <trianglepickorigin>0,0,0</trianglepickorigin>
        <orientation>
          <row0>-0.365824,0.843747,-0.392764</row0>
          <row1>0.515203,0.535049,0.669542</row1>
          <row2>0.775072,0.0425814,-0.630435</row2>
        </orientation>
      </transform>
      <snapped>true</snapped>
      <childlist count="1">
        <childid>2</childid>
      </childlist>
      <handles count="1">
        <weight channel="longer">0.188716</weight>
      </handles>
    </blockref>
    <blockref>
      <blockid>Creature_parts~, ce_grasper_null</blockid>
      <transform>
        <basemusclescale>0.800000</basemusclescale>
        <scale>1</scale>
        <position>-0.731299,-0.758329,-0.349663</position>
        <triangledirection>1.19209e-7,2.38417e-7,-1</triangledirection>
        <trianglepickorigin>0,0,0</trianglepickorigin>
        <orientation>
          <row0>1,1.49010e-7,1.19209e-7</row0>
          <row1>1.19209e-7,2.38417e-7,-1</row1>
          <row2>-1.49011e-7,1,2.38417e-7</row2>
        </orientation>
      </transform>
      <snapped>true</snapped>
    </blockref>
    <blockref>
      <blockid>flora_parts~, fe_muscle_branch_01</blockid>
      <transform>
        <limbtype>0</limbtype>
        <musclescale>0.875</musclescale>
        <basemusclescale>1.5</basemusclescale>
        <scale>1</scale>
        <position>-0.000546148,0.000573160,0.600000</position>
        <triangledirection>-0.666956,0.588085,0.457521</triangledirection>
        <trianglepickorigin>0,0,0</trianglepickorigin>
        <orientation>
          <row0>-0.446694,0.175869,-0.877231</row0>
          <row1>-0.666956,0.588085,0.457521</row1>
          <row2>0.596350,0.789446,-0.145397</row2>
        </orientation>
      </transform>
      <snapped>true</snapped>
      <childlist count="1">
        <childid>4</childid>
      </childlist>
      <handles count="1">
        <weight channel="longer">0.211769</weight>
      </handles>
    </blockref>
    <blockref>
      <blockid>Creature_parts~, ce_grasper_null</blockid>
      <transform>
        <basemusclescale>0.5</basemusclescale>
        <scale>1</scale>
        <position>1.041949,-0.918641,-0.115135</position>
        <triangledirection>-1.49011e-7,-8.94068e-8,-1</triangledirection>
        <trianglepickorigin>0,0,0</trianglepickorigin>
        <orientation>
          <row0>1,2.38417e-7,-1.49011e-7</row0>
          <row1>-1.49011e-7,-8.94068e-8,-1</row1>
          <row2>-2.38417e-7,1,-8.94068e-8</row2>
        </orientation>
      </transform>
      <snapped>true</snapped>
    </blockref>
    <blockref>
      <blockid>flora_parts~, fe_muscle_branch_01</blockid>
      <transform>
        <limbtype>0</limbtype>
        <musclescale>0.849999</musclescale>
        <basemusclescale>1.349997</basemusclescale>
        <scale>1</scale>
        <position>-0.000546148,0.000573160,0.600000</position>
        <triangledirection>-0.153438,-0.708684,0.688639</triangledirection>
        <trianglepickorigin>0,0,0</trianglepickorigin>
        <orientation>
          <row0>0.0566297,-0.702052,-0.709870</row0>
          <row1>-0.153438,-0.708684,0.688639</row1>
          <row2>-0.986534,0.0699236,-0.147854</row2>
        </orientation>
      </transform>
      <snapped>true</snapped>
      <childlist count="1">
        <childid>6</childid>
      </childlist>
      <handles count="1">
        <weight channel="longer">0.210219</weight>
      </handles>
    </blockref>
    <blockref>
      <blockid>Creature_parts~, ce_grasper_null</blockid>
      <transform>
        <basemusclescale>0.699997</basemusclescale>
        <scale>1</scale>
        <position>0.237792,1.101395,-0.469686</position>
        <triangledirection>-1.19209e-7,-6.85453e-7,-1</triangledirection>
        <trianglepickorigin>0,0,0</trianglepickorigin>
        <orientation>
          <row0>1,1.19208e-7,-1.19209e-7</row0>
          <row1>-1.19209e-7,-6.85453e-7,-1</row1>
          <row2>-1.19209e-7,1,-6.85453e-7</row2>
        </orientation>
      </transform>
      <snapped>true</snapped>
    </blockref>
    <blockref>
      <blockid>flora_parts~, fe_muscle_branch_02</blockid>
      <transform>
        <limbtype>0</limbtype>
        <musclescale>0.0249999</musclescale>
        <basemusclescale>1.349997</basemusclescale>
        <scale>1</scale>
        <position>-0.000546148,0.000573160,0.600000</position>
        <triangledirection>0,-1.19209e-7,-1</triangledirection>
        <trianglepickorigin>0,0,0</trianglepickorigin>
        <orientation>
          <row0>1,0,0</row0>
          <row1>0,-1.19209e-7,-1</row1>
          <row2>0,1,-1.19209e-7</row2>
        </orientation>
      </transform>
      <snapped>true</snapped>
      <childlist count="1">
        <childid>8</childid>
      </childlist>
      <handles count="1">
        <weight channel="longer">0.162245</weight>
      </handles>
    </blockref>
    <blockref>
      <blockid>flora_parts~, fe_muscle_branch_02</blockid>
      <transform>
        <limbtype>0</limbtype>
        <musclescale>0.0249999</musclescale>
        <basemusclescale>1.600000</basemusclescale>
        <scale>1</scale>
        <position>-0.000546148,0.000573311,1.852249</position>
        <triangledirection>0,-1.19209e-7,-1</triangledirection>
        <trianglepickorigin>0,0,0</trianglepickorigin>
        <orientation>
          <row0>1,0,0</row0>
          <row1>0,-1.19209e-7,-1</row1>
          <row2>0,1,-1.19209e-7</row2>
        </orientation>
      </transform>
      <snapped>true</snapped>
      <childlist count="4">
        <childid>16</childid>
        <childid>14</childid>
        <childid>12</childid>
        <childid>9</childid>
      </childlist>
      <handles count="1">
        <weight channel="longer">0.162245</weight>
      </handles>
    </blockref>
    <blockref>
      <blockid>flora_parts~, fe_muscle_branch_02</blockid>
      <transform>
        <limbtype>0</limbtype>
        <musclescale>0</musclescale>
        <basemusclescale>1.399999</basemusclescale>
        <scale>1</scale>
        <position>-0.000546148,0.000573460,3.104499</position>
        <triangledirection>0,-1.19209e-7,-1</triangledirection>
        <trianglepickorigin>0,0,0</trianglepickorigin>
        <orientation>
          <row0>1,0,0</row0>
          <row1>0,-1.19209e-7,-1</row1>
          <row2>0,1,-1.19209e-7</row2>
        </orientation>
      </transform>
      <snapped>true</snapped>
      <childlist count="5">
        <childid>35</childid>
        <childid>20</childid>
        <childid>19</childid>
        <childid>18</childid>
        <childid>10</childid>
      </childlist>
      <handles count="1">
        <weight channel="longer">0.162245</weight>
      </handles>
    </blockref>
    <blockref>
      <blockid>flora_parts~, fe_branch_01</blockid>
      <transform>
        <limbtype>2</limbtype>
        <musclescale>0.5</musclescale>
        <basemusclescale>1.25</basemusclescale>
        <scale>1</scale>
        <position>-0.000546148,0.000573609,4.356750</position>
        <triangledirection>0,-6.35728e-8,-1</triangledirection>
        <trianglepickorigin>0,0,0</trianglepickorigin>
        <orientation>
          <row0>1,0,0</row0>
          <row1>0,-1.19209e-7,-1</row1>
          <row2>0,1,-1.19209e-7</row2>
        </orientation>
        <userorientation>
          <userorientation_row0>1,0,0</userorientation_row0>
          <userorientation_row1>0,1,5.56361e-8</userorientation_row1>
          <userorientation_row2>0,-5.56361e-8,1</userorientation_row2>
        </userorientation>
      </transform>
      <snapped>true</snapped>
      <childlist count="13">
        <childid>36</childid>
        <childid>34</childid>
        <childid>33</childid>
        <childid>31</childid>
        <childid>30</childid>
        <childid>29</childid>
        <childid>26</childid>
        <childid>25</childid>
        <childid>24</childid>
        <childid>23</childid>
        <childid>22</childid>
        <childid>21</childid>
        <childid>11</childid>
      </childlist>
      <handles count="3">
        <weight channel="DeformAxisForward">1</weight>
        <weight channel="DeformAxisLeft">1</weight>
        <weight channel="0x5e6f7e87">1</weight>
      </handles>
    </blockref>
    <blockref>
      <blockid>Creature_parts~, ce_grasper_null</blockid>
      <transform>
        <basemusclescale>1</basemusclescale>
        <scale>1</scale>
        <position>-0.000546148,0.000573784,7.126749</position>
        <triangledirection>0,-1.19209e-7,-1</triangledirection>
        <trianglepickorigin>0,0,0</trianglepickorigin>
        <orientation>
          <row0>1,0,0</row0>
          <row1>0,-1.19209e-7,-1</row1>
          <row2>0,1,-1.19209e-7</row2>
        </orientation>
      </transform>
      <snapped>true</snapped>
    </blockref>
    <blockref>
      <blockid>flora_parts~, fe_branch_01</blockid>
      <transform>
        <limbtype>2</limbtype>
        <musclescale>0.5</musclescale>
        <basemusclescale>1.399999</basemusclescale>
        <scale>1</scale>
        <position>-0.000546148,0.000573460,3.104499</position>
        <triangledirection>0,-0.880142,0.474707</triangledirection>
        <trianglepickorigin>0,0,0</trianglepickorigin>
        <orientation>
          <row0>1,0,0</row0>
          <row1>0,-1.19209e-7,-1</row1>
          <row2>0,1,-1.19209e-7</row2>
        </orientation>
        <userorientation>
          <userorientation_row0>1,0,0</userorientation_row0>
          <userorientation_row1>0,-0.474707,-0.880142</userorientation_row1>
          <userorientation_row2>0,0.880142,-0.474707</userorientation_row2>
        </userorientation>
      </transform>
      <snapped>true</snapped>
      <childlist count="1">
        <childid>13</childid>
      </childlist>
      <handles count="3">
        <weight channel="DeformAxisForward">0.576103</weight>
        <weight channel="DeformAxisLeft">0.414335</weight>
        <weight channel="0x5e6f7e87">1</weight>
      </handles>
    </blockref>
    <blockref>
      <blockid>Creature_parts~, ce_grasper_null</blockid>
      <transform>
        <basemusclescale>1</basemusclescale>
        <scale>1</scale>
        <position>-0.000546148,1.584195,2.250368</position>
        <triangledirection>0,-1.19209e-7,-1</triangledirection>
        <trianglepickorigin>0,0,0</trianglepickorigin>
        <orientation>
          <row0>1,0,0</row0>
          <row1>0,-1.19209e-7,-1</row1>
          <row2>0,1,-1.19209e-7</row2>
        </orientation>
      </transform>
      <snapped>true</snapped>
    </blockref>
    <blockref>
      <blockid>flora_parts~, fe_branch_01</blockid>
      <transform>
        <limbtype>2</limbtype>
        <musclescale>0.5</musclescale>
        <basemusclescale>1.399999</basemusclescale>
        <scale>1</scale>
        <position>-0.000546148,0.000573460,3.104499</position>
        <triangledirection>-0.691649,0.662755,0.287009</triangledirection>
        <trianglepickorigin>0,0,0</trianglepickorigin>
        <orientation>
          <row0>1,0,0</row0>
          <row1>0,-1.19209e-7,-1</row1>
          <row2>0,1,-1.19209e-7</row2>
        </orientation>
        <userorientation>
          <userorientation_row0>-0.640031,-0.181601,-0.746578</userorientation_row0>
          <userorientation_row1>-0.691649,-0.287010,0.662755</userorientation_row1>
          <userorientation_row2>-0.334633,0.940556,0.0580912</userorientation_row2>
        </userorientation>
      </transform>
      <snapped>true</snapped>
      <childlist count="1">
        <childid>15</childid>
      </childlist>
      <handles count="3">
        <weight channel="DeformAxisForward">0.463137</weight>
        <weight channel="DeformAxisLeft">0.278784</weight>
        <weight channel="0x5e6f7e87">1</weight>
      </handles>
    </blockref>
    <blockref>
      <blockid>Creature_parts~, ce_grasper_null</blockid>
      <transform>
        <basemusclescale>1</basemusclescale>
        <scale>1</scale>
        <position>1.064998,-1.020455,2.662335</position>
        <triangledirection>0,-1.19209e-7,-1</triangledirection>
        <trianglepickorigin>0,0,0</trianglepickorigin>
        <orientation>
          <row0>1,0,0</row0>
          <row1>0,-1.19209e-7,-1</row1>
          <row2>0,1,-1.19209e-7</row2>
        </orientation>
      </transform>
      <snapped>true</snapped>
    </blockref>
    <blockref>
      <blockid>flora_parts~, fe_branch_01</blockid>
      <transform>
        <limbtype>2</limbtype>
        <musclescale>0.5</musclescale>
        <basemusclescale>1.399999</basemusclescale>
        <scale>1</scale>
        <position>-0.000546148,0.000573460,3.104499</position>
        <triangledirection>0.666885,0.738557,-0.0989639</triangledirection>
        <trianglepickorigin>0,0,0</trianglepickorigin>
        <orientation>
          <row0>1,0,0</row0>
          <row1>0,-1.19209e-7,-1</row1>
          <row2>0,1,-1.19209e-7</row2>
        </orientation>
        <userorientation>
          <userorientation_row0>-0.744539,0.128920,0.655011</userorientation_row0>
          <userorientation_row1>0.666885,0.0989639,0.738557</userorientation_row1>
          <userorientation_row2>0.0303924,0.986703,-0.159657</userorientation_row2>
        </userorientation>
      </transform>
      <snapped>true</snapped>
      <childlist count="1">
        <childid>17</childid>
      </childlist>
      <handles count="3">
        <weight channel="DeformAxisForward">0.463137</weight>
        <weight channel="DeformAxisLeft">0.278784</weight>
        <weight channel="0x5e6f7e87">1</weight>
      </handles>
    </blockref>
    <blockref>
      <blockid>Creature_parts~, ce_grasper_null</blockid>
      <transform>
        <basemusclescale>1</basemusclescale>
        <scale>1</scale>
        <position>-1.027940,-1.137238,3.256963</position>
        <triangledirection>9.87200e-7,5.96046e-8,-1</triangledirection>
        <trianglepickorigin>0,0,0</trianglepickorigin>
        <orientation>
          <row0>1,-1.19209e-7,9.87200e-7</row0>
          <row1>9.87200e-7,5.96046e-8,-1</row1>
          <row2>1.19209e-7,1,5.96047e-8</row2>
        </orientation>
      </transform>
      <snapped>true</snapped>
    </blockref>
    <blockref>
      <blockid>flora_parts~, fe_canopy_05</blockid>
      <transform>
        <scale>0,687288</scale>
        <position>0.0260022,-0.251355,3.739800</position>
        <triangledirection>0.491362,0.870778,-0.0175209</triangledirection>
        <trianglepickorigin>0,0,0</trianglepickorigin>
        <orientation>
          <row0>0.994757,0.102264,2.51457e-8</row0>
          <row1>-0.101476,0.987091,0.123911</row1>
          <row2>0.0126716,-0.123261,0.992293</row2>
        </orientation>
        <userorientation>
          <userorientation_row0>0.813233,-0.581935,7.45058e-9</userorientation_row0>
          <userorientation_row1>0.577836,0.807505,-0.118493</userorientation_row1>
          <userorientation_row2>0.0689554,0.0963628,0.992953</userorientation_row2>
        </userorientation>
      </transform>
      <snapped>false</snapped>
      <handles count="2">
        <weight channel="DeformAxisForward">0.855879</weight>
        <weight channel="DeformAxisLeft">0.359851</weight>
      </handles>
    </blockref>
    <blockref>
      <blockid>flora_parts~, fe_canopy_05</blockid>
      <transform>
        <scale>0,687288</scale>
        <position>0.206728,0.109748,3.823374</position>
        <triangledirection>-0.989410,0.137460,-0.0465968</triangledirection>
        <trianglepickorigin>0,0,0</trianglepickorigin>
        <orientation>
          <row0>-0.460712,0.887549,-2.23517e-8</row0>
          <row1>-0.884070,-0.458906,0.0884596</row1>
          <row2>0.0785122,0.0407544,0.996079</row2>
        </orientation>
        <userorientation>
          <userorientation_row0>0.813233,-0.581935,7.45058e-9</userorientation_row0>
          <userorientation_row1>0.577836,0.807505,-0.118493</userorientation_row1>
          <userorientation_row2>0.0689554,0.0963628,0.992953</userorientation_row2>
        </userorientation>
      </transform>
      <snapped>false</snapped>
      <handles count="2">
        <weight channel="DeformAxisForward">0.855879</weight>
        <weight channel="DeformAxisLeft">0.359851</weight>
      </handles>
    </blockref>
    <blockref>
      <blockid>flora_parts~, fe_canopy_05</blockid>
      <transform>
        <scale>0,740818</scale>
        <position>-0.234091,0.0752157,3.780081</position>
        <triangledirection>0.596807,-0.798286,0.0809920</triangledirection>
        <trianglepickorigin>0,0,0</trianglepickorigin>
        <orientation>
          <row0>-0.305454,-0.952206,7.45058e-8</row0>
          <row1>0.923748,-0.296325,0.242653</row1>
          <row2>-0.231055,0.0741194,0.970113</row2>
        </orientation>
        <userorientation>
          <userorientation_row0>0.813233,-0.581935,7.45058e-9</userorientation_row0>
          <userorientation_row1>0.577836,0.807505,-0.118493</userorientation_row1>
          <userorientation_row2>0.0689554,0.0963628,0.992953</userorientation_row2>
        </userorientation>
      </transform>
      <snapped>false</snapped>
      <handles count="2">
        <weight channel="DeformAxisForward">0.855879</weight>
        <weight channel="DeformAxisLeft">0.359851</weight>
      </handles>
    </blockref>
    <blockref>
      <blockid>flora_parts~, fe_canopy_05</blockid>
      <transform>
        <scale>0,591554</scale>
        <position>-0.140496,0.0392388,5.522051</position>
        <triangledirection>0.621441,-0.767478,-0.157440</triangledirection>
        <trianglepickorigin>0,0,0</trianglepickorigin>
        <orientation>
          <row0>-0.262018,-0.965062,2.32830e-8</row0>
          <row1>0.963931,-0.261711,-0.0484035</row1>
          <row2>0.0467124,-0.0126825,0.998827</row2>
        </orientation>
        <userorientation>
          <userorientation_row0>0.813233,-0.581935,7.45058e-9</userorientation_row0>
          <userorientation_row1>0.577836,0.807505,-0.118493</userorientation_row1>
          <userorientation_row2>0.0689554,0.0963628,0.992953</userorientation_row2>
        </userorientation>
      </transform>
      <snapped>false</snapped>
      <handles count="2">
        <weight channel="DeformAxisForward">0.855879</weight>
        <weight channel="DeformAxisLeft">0.359851</weight>
      </handles>
    </blockref>
    <blockref>
      <blockid>flora_parts~, fe_canopy_05</blockid>
      <transform>
        <scale>0,591554</scale>
        <position>0.150190,-0.0297429,5.612442</position>
        <triangledirection>-0.980577,0.120869,-0.154457</triangledirection>
        <trianglepickorigin>0,0,0</trianglepickorigin>
        <orientation>
          <row0>-0.481228,0.876595,1.30385e-8</row0>
          <row1>-0.875719,-0.480748,-0.0446849</row1>
          <row2>-0.0391705,-0.0215036,0.999001</row2>
        </orientation>
        <userorientation>
          <userorientation_row0>0.813233,-0.581935,7.45058e-9</userorientation_row0>
          <userorientation_row1>0.577836,0.807505,-0.118493</userorientation_row1>
          <userorientation_row2>0.0689554,0.0963628,0.992953</userorientation_row2>
        </userorientation>
      </transform>
      <snapped>false</snapped>
      <handles count="2">
        <weight channel="DeformAxisForward">0.855879</weight>
        <weight channel="DeformAxisLeft">0.359851</weight>
      </handles>
    </blockref>
    <blockref>
      <blockid>flora_parts~, fe_canopy_05</blockid>
      <transform>
        <scale>0,637627</scale>
        <position>0.0216982,-0.163247,5.631616</position>
        <triangledirection>0.615938,0.755458,-0.223386</triangledirection>
        <trianglepickorigin>0,0,0</trianglepickorigin>
        <orientation>
          <row0>0.998777,-0.0494386,-2.28174e-8</row0>
          <row1>0.0490115,0.990148,-0.131166</row1>
          <row2>0.00648469,0.131005,0.991360</row2>
        </orientation>
        <userorientation>
          <userorientation_row0>0.813233,-0.581935,7.45058e-9</userorientation_row0>
          <userorientation_row1>0.577836,0.807505,-0.118493</userorientation_row1>
          <userorientation_row2>0.0689554,0.0963628,0.992953</userorientation_row2>
        </userorientation>
      </transform>
      <snapped>false</snapped>
      <handles count="2">
        <weight channel="DeformAxisForward">0.855879</weight>
        <weight channel="DeformAxisLeft">0.359851</weight>
      </handles>
    </blockref>
    <blockref>
      <blockid>flora_parts~, fe_canopy_05</blockid>
      <transform>
        <scale>0,377191</scale>
        <position>-0.0981107,0.0627816,6.978677</position>
        <triangledirection>-0.555884,0.811247,0.181296</triangledirection>
        <trianglepickorigin>0,0,0</trianglepickorigin>
        <orientation>
          <row0>-0.261553,-0.965189,-2.98023e-8</row0>
          <row1>0.961819,-0.260640,-0.0834888</row1>
          <row2>0.0805824,-0.0218367,0.996508</row2>
        </orientation>
        <userorientation>
          <userorientation_row0>-0.767262,0.641269,-0.00895060</userorientation_row0>
          <userorientation_row1>-0.637613,-0.761239,0.118154</userorientation_row1>
          <userorientation_row2>0.0689554,0.0963627,0.992953</userorientation_row2>
        </userorientation>
      </transform>
      <snapped>false</snapped>
      <handles count="2">
        <weight channel="DeformAxisForward">0.688057</weight>
        <weight channel="DeformAxisLeft">0.359851</weight>
      </handles>
    </blockref>
    <blockref>
      <blockid>flora_parts~, fe_canopy_05</blockid>
      <transform>
        <scale>0,406569</scale>
        <position>0.116619,-0.0248413,7.006149</position>
        <triangledirection>0.754854,0.649987,-0.0878028</triangledirection>
        <trianglepickorigin>0,0,0</trianglepickorigin>
        <orientation>
          <row0>-0.494281,0.869301,4.47034e-8</row0>
          <row1>-0.867644,-0.493339,-0.0617240</row1>
          <row2>-0.0536567,-0.0305090,0.998093</row2>
        </orientation>
        <userorientation>
          <userorientation_row0>-0.974580,-0.206166,0.0876872</userorientation_row0>
          <userorientation_row1>0.191923,-0.970190,-0.147969</userorientation_row1>
          <userorientation_row2>0.115579,-0.127379,0.985096</userorientation_row2>
        </userorientation>
      </transform>
      <snapped>false</snapped>
      <childlist count="1">
        <childid>27</childid>
      </childlist>
      <handles count="2">
        <weight channel="DeformAxisForward">0.688057</weight>
        <weight channel="DeformAxisLeft">0.359851</weight>
      </handles>
    </blockref>
    <blockref>
      <blockid>flora_parts~, fe_canopy_05</blockid>
      <transform>
        <scale>0,438234</scale>
        <position>0.0765876,0.0378347,7.067931</position>
        <triangledirection>0.410990,-0.909990,0.0548030</triangledirection>
        <trianglepickorigin>0,0,0</trianglepickorigin>
        <orientation>
          <row0>-0.494281,0.869301,4.47034e-8</row0>
          <row1>-0.867644,-0.493339,-0.0617240</row1>
          <row2>-0.0536567,-0.0305090,0.998093</row2>
        </orientation>
        <userorientation>
          <userorientation_row0>0.0825097,0.991362,-0.101938</userorientation_row0>
          <userorientation_row1>-0.994201,0.0889577,0.0604090</userorientation_row1>
          <userorientation_row2>0.0689554,0.0963628,0.992953</userorientation_row2>
        </userorientation>
      </transform>
      <snapped>false</snapped>
      <childlist count="1">
        <childid>28</childid>
      </childlist>
      <handles count="2">
        <weight channel="DeformAxisForward">0.688057</weight>
        <weight channel="DeformAxisLeft">0.359851</weight>
      </handles>
    </blockref>
    <blockref>
      <blockid>flora_parts~, fe_canopy_05</blockid>
      <transform>
        <scale>0,406569</scale>
        <position>-0.0457833,-0.184851,7.015870</position>
        <triangledirection>0.448610,-0.0308359,-0.893194</triangledirection>
        <trianglepickorigin>0,0,0</trianglepickorigin>
        <orientation>
          <row0>0.717026,0.697045,-5.96046e-8</row0>
          <row1>-0.653845,0.672588,-0.346571</row1>
          <row2>-0.241575,0.248500,0.938023</row2>
        </orientation>
        <userorientation>
          <userorientation_row0>0.232975,-0.969358,0.0778940</userorientation_row0>
          <userorientation_row1>0.300172,-0.00450654,-0.953874</userorientation_row1>
          <userorientation_row2>0.924996,0.245609,0.289923</userorientation_row2>
        </userorientation>
      </transform>
      <snapped>false</snapped>
      <handles count="2">
        <weight channel="DeformAxisForward">0.688057</weight>
        <weight channel="DeformAxisLeft">0.359851</weight>
      </handles>
    </blockref>
    <blockref>
      <blockid>flora_parts~, fe_canopy_05</blockid>
      <transform>
        <scale>0,349937</scale>
        <position>0.0230800,0.241307,7.063986</position>
        <triangledirection>0.325926,0.698725,-0.636831</triangledirection>
        <trianglepickorigin>0,0,0</trianglepickorigin>
        <orientation>
          <row0>-0.670171,0.742206,-6.10947e-7</row0>
          <row1>-0.498115,-0.449771,-0.741341</row1>
          <row2>-0.550228,-0.496825,0.671128</row2>
        </orientation>
        <userorientation>
          <userorientation_row0>0.232975,-0.969358,0.0778940</userorientation_row0>
          <userorientation_row1>0.300172,-0.00450654,-0.953874</userorientation_row1>
          <userorientation_row2>0.924996,0.245609,0.289923</userorientation_row2>
        </userorientation>
      </transform>
      <snapped>false</snapped>
      <handles count="2">
        <weight channel="DeformAxisForward">0.688057</weight>
        <weight channel="DeformAxisLeft">0.359851</weight>
      </handles>
    </blockref>
    <blockref>
      <blockid>flora_parts~, fe_cap_01a</blockid>
      <transform>
        <scale>0,591554</scale>
        <position>0.163411,-0.0327905,5.279919</position>
        <triangledirection>-0.878423,-0.477866,-0.00396156</triangledirection>
        <trianglepickorigin>0,0,0</trianglepickorigin>
        <orientation>
          <row0>-0.477870,0.878430,1.62981e-9</row0>
          <row1>-0.878423,-0.477866,-0.00396156</row1>
          <row2>-0.00347995,-0.00189311,0.999992</row2>
        </orientation>
      </transform>
      <snapped>false</snapped>
    </blockref>
    <blockref>
      <blockid>flora_parts~, fe_cap_01a</blockid>
      <transform>
        <scale>0,591554</scale>
        <position>0.0266158,0.146485,5.369680</position>
        <triangledirection>0.149074,-0.988485,0.0259634</triangledirection>
        <trianglepickorigin>0,0,0</trianglepickorigin>
        <orientation>
          <row0>-0.988818,-0.149124,-2.49128e-8</row0>
          <row1>0.149074,-0.988485,0.0259634</row1>
          <row2>-0.00387179,0.0256730,0.999662</row2>
        </orientation>
      </transform>
      <snapped>false</snapped>
      <childlist count="1">
        <childid>32</childid>
      </childlist>
    </blockref>
    <blockref>
      <blockid>flora_parts~, fe_cap_01a</blockid>
      <transform>
        <scale>0,591554</scale>
        <position>0.0937111,0.128660,5.149783</position>
        <triangledirection>-0.867885,-0.472084,-0.154634</triangledirection>
        <trianglepickorigin>0,0,0</trianglepickorigin>
        <orientation>
          <row0>-0.477832,0.878451,7.45058e-9</row0>
          <row1>-0.867885,-0.472084,-0.154634</row1>
          <row2>-0.135838,-0.0738891,0.987971</row2>
        </orientation>
      </transform>
      <snapped>false</snapped>
    </blockref>
    <blockref>
      <blockid>flora_parts~, fe_cap_01a</blockid>
      <transform>
        <scale>0,591554</scale>
        <position>0.00250638,0.226070,5.361721</position>
        <triangledirection>0.149074,-0.988485,0.0259634</triangledirection>
        <trianglepickorigin>0,0,0</trianglepickorigin>
        <orientation>
          <row0>-0.988818,-0.149124,-2.49128e-8</row0>
          <row1>0.149074,-0.988485,0.0259634</row1>
          <row2>-0.00387179,0.0256730,0.999662</row2>
        </orientation>
      </transform>
      <snapped>false</snapped>
    </blockref>
    <blockref>
      <blockid>flora_parts~, fe_cap_01a</blockid>
      <transform>
        <scale>0,591554</scale>
        <position>0.132807,0.0229735,5.339360</position>
        <triangledirection>-0.878423,-0.477866,-0.00396156</triangledirection>
        <trianglepickorigin>0,0,0</trianglepickorigin>
        <orientation>
          <row0>-0.477870,0.878430,1.62981e-9</row0>
          <row1>-0.878423,-0.477866,-0.00396156</row1>
          <row2>-0.00347995,-0.00189311,0.999992</row2>
        </orientation>
      </transform>
      <snapped>false</snapped>
    </blockref>
    <blockref>
      <blockid>flora_parts~, fe_cap_01a</blockid>
      <transform>
        <scale>0,591554</scale>
        <position>-0.176296,0.00643583,4.374186</position>
        <triangledirection>0.965718,-0.259579,-0.00245041</triangledirection>
        <trianglepickorigin>0,0,0</trianglepickorigin>
        <orientation>
          <row0>-0.259579,-0.965721,-8.73114e-10</row0>
          <row1>0.965718,-0.259579,-0.00245041</row1>
          <row2>0.00236641,-0.000636078,0.999997</row2>
        </orientation>
      </transform>
      <snapped>false</snapped>
    </blockref>
    <blockref>
      <blockid>flora_parts~, fe_cap_01a</blockid>
      <transform>
        <scale>0,591554</scale>
        <position>-0.0113627,0.225445,4.239910</position>
        <triangledirection>0.0725862,-0.977436,-0.198364</triangledirection>
        <trianglepickorigin>0,0,0</trianglepickorigin>
        <orientation>
          <row0>-0.997254,-0.0740578,-7.45058e-8</row0>
          <row1>0.0725862,-0.977436,-0.198364</row1>
          <row2>0.0146903,-0.197819,0.980128</row2>
        </orientation>
      </transform>
      <snapped>false</snapped>
    </blockref>
    <blockref>
      <blockid>flora_parts~, fe_cap_01a</blockid>
      <transform>
        <scale>0,591554</scale>
        <position>-0.181475,0.0537084,4.674357</position>
        <triangledirection>0.969118,-0.230343,0.0880393</triangledirection>
        <trianglepickorigin>0,0,0</trianglepickorigin>
        <orientation>
          <row0>-0.231241,-0.972896,3.72529e-9</row0>
          <row1>0.969118,-0.230343,0.0880393</row1>
          <row2>-0.0856531,0.0203583,0.996116</row2>
        </orientation>
      </transform>
      <snapped>false</snapped>
    </blockref>
  </blocks></sporemodel>