spore0006438f634740666200077041c6b9fea735ffffffffffffffffffffffffffffffff0000000ec178f7290dsporeautotestfffffffffffffffe09Deciduous00006gaprop00<?xml version="1.0" encoding="UTF-8"?><sporemodel>
  <properties>
    <modeltype>PlantLarge</modeltype>
    <skineffectseed1>1234</skineffectseed1>
    <skineffectseed2>1234</skineffectseed2>
    <skineffectseed3>1234</skineffectseed3>
    <skincolor1>0.905882,0.458822,0.290195</skincolor1>
    <skincolor2>0.803921,0.396078,0.368627</skincolor2>
    <skincolor3>0.803921,0.772548,0.368627</skincolor3>
    <zcorpscore>6</zcorpscore>
  </properties>
  <blocks count="49">
    <blockref>
      <blockid>flora_parts~, fe_root_dummy</blockid>
      <transform>
        <scale>0,927743</scale>
        <position>0,0,0.349999</position>
        <triangledirection>0,1,0</triangledirection>
        <trianglepickorigin>0,0,0</trianglepickorigin>
        <orientation>
          <row0>1,0,0</row0>
          <row1>0,1,0</row1>
          <row2>0,0,1</row2>
        </orientation>
      </transform>
      <snapped>false</snapped>
      <childlist count="2">
        <childid>3</childid>
        <childid>1</childid>
      </childlist>
    </blockref>
    <blockref>
      <blockid>flora_parts~, FE_muscle_branch_04</blockid>
      <transform>
        <limbtype>0</limbtype>
        <musclescale>0.425000</musclescale>
        <basemusclescale>3</basemusclescale>
        <scale>1</scale>
        <position>0,0,0.349999</position>
        <triangledirection>-0.00436395,0.0160355,0.999861</triangledirection>
        <trianglepickorigin>0,0,0</trianglepickorigin>
        <orientation>
          <row0>-0.0934407,-0.995503,0.0155577</row0>
          <row1>-0.00436395,0.0160355,0.999861</row1>
          <row2>-0.995615,0.0933599,-0.00584269</row2>
        </orientation>
      </transform>
      <snapped>true</snapped>
      <childlist count="1">
        <childid>2</childid>
      </childlist>
      <handles count="1">
        <weight channel="longer">0.317331</weight>
      </handles>
    </blockref>
    <blockref>
      <blockid>Creature_parts~, ce_grasper_null</blockid>
      <transform>
        <basemusclescale>0.5</basemusclescale>
        <scale>1</scale>
        <position>0.00971188,-0.0356891,-1.875264</position>
        <triangledirection>-3.77184e-8,4.03553e-7,-1</triangledirection>
        <trianglepickorigin>0,0,0</trianglepickorigin>
        <orientation>
          <row0>1,-2.08615e-7,-3.77185e-8</row0>
          <row1>-3.77184e-8,4.03553e-7,-1</row1>
          <row2>2.08615e-7,1,4.03553e-7</row2>
        </orientation>
      </transform>
      <snapped>true</snapped>
    </blockref>
    <blockref>
      <blockid>flora_parts~, fe_muscle_branch_06</blockid>
      <transform>
        <limbtype>0</limbtype>
        <musclescale>0.5</musclescale>
        <basemusclescale>3</basemusclescale>
        <scale>1</scale>
        <position>0,0,0.349999</position>
        <triangledirection>0.258543,-0.647400,-0.716957</triangledirection>
        <trianglepickorigin>0,0,0</trianglepickorigin>
        <orientation>
          <row0>0.965076,0.140670,0.220994</row0>
          <row1>0.258543,-0.647400,-0.716957</row1>
          <row2>0.0422175,0.749055,-0.661160</row2>
        </orientation>
      </transform>
      <snapped>true</snapped>
      <childlist count="2">
        <childid>8</childid>
        <childid>4</childid>
      </childlist>
      <handles count="1">
        <weight channel="longer">0.162245</weight>
      </handles>
    </blockref>
    <blockref>
      <blockid>flora_parts~, fe_muscle_branch_06</blockid>
      <transform>
        <limbtype>0</limbtype>
        <musclescale>0.5</musclescale>
        <basemusclescale>2.799998</basemusclescale>
        <scale>1</scale>
        <position>-0.323760,0.810706,1.247810</position>
        <triangledirection>0.176981,-0.677015,-0.714371</triangledirection>
        <trianglepickorigin>0,0,0</trianglepickorigin>
        <orientation>
          <row0>0.983785,0.100267,0.148702</row0>
          <row1>0.176981,-0.677015,-0.714371</row1>
          <row2>0.0290458,0.729106,-0.683783</row2>
        </orientation>
      </transform>
      <snapped>true</snapped>
      <childlist count="2">
        <childid>25</childid>
        <childid>5</childid>
      </childlist>
      <handles count="1">
        <weight channel="longer">0.162245</weight>
      </handles>
    </blockref>
    <blockref>
      <blockid>flora_parts~, fe_muscle_branch_02</blockid>
      <transform>
        <limbtype>0</limbtype>
        <musclescale>0.524998</musclescale>
        <basemusclescale>2.799998</basemusclescale>
        <scale>1</scale>
        <position>-0.545385,1.658499,2.142381</position>
        <triangledirection>0,0,-1</triangledirection>
        <trianglepickorigin>0,0,0</trianglepickorigin>
        <orientation>
          <row0>0.980514,0.196446,0</row0>
          <row1>0,0,-1</row1>
          <row2>-0.196446,0.980514,0</row2>
        </orientation>
      </transform>
      <snapped>true</snapped>
      <childlist count="1">
        <childid>6</childid>
      </childlist>
      <handles count="1">
        <weight channel="longer">0.162245</weight>
      </handles>
    </blockref>
    <blockref>
      <blockid>flora_parts~, fe_muscle_branch_06</blockid>
      <transform>
        <limbtype>0</limbtype>
        <musclescale>0.5</musclescale>
        <basemusclescale>1.449998</basemusclescale>
        <scale>1</scale>
        <position>-0.545385,1.658499,3.394633</position>
        <triangledirection>-0.398613,-0.250149,-0.882345</triangledirection>
        <trianglepickorigin>0,0,0</trianglepickorigin>
        <orientation>
          <row0>0.774528,0.423393,-0.469939</row0>
          <row1>-0.398613,-0.250149,-0.882345</row1>
          <row2>-0.491134,0.870725,-0.0249774</row2>
        </orientation>
      </transform>
      <snapped>true</snapped>
      <childlist count="1">
        <childid>7</childid>
      </childlist>
      <handles count="1">
        <weight channel="longer">0.162245</weight>
      </handles>
    </blockref>
    <blockref>
      <blockid>flora_parts~, fe_muscle_branch_02</blockid>
      <transform>
        <limbtype>0</limbtype>
        <musclescale>0.524998</musclescale>
        <basemusclescale>2.799998</basemusclescale>
        <scale>1</scale>
        <position>-0.0462218,1.971750,4.499549</position>
        <triangledirection>0,-1.19209e-7,-1</triangledirection>
        <trianglepickorigin>0,0,0</trianglepickorigin>
        <orientation>
          <row0>1,0,0</row0>
          <row1>0,-1.19209e-7,-1</row1>
          <row2>0,1,-1.19209e-7</row2>
        </orientation>
      </transform>
      <snapped>true</snapped>
      <childlist count="1">
        <childid>12</childid>
      </childlist>
      <handles count="1">
        <weight channel="longer">0.162245</weight>
      </handles>
    </blockref>
    <blockref>
      <blockid>flora_parts~, fe_muscle_branch_06</blockid>
      <transform>
        <limbtype>0</limbtype>
        <musclescale>0.5</musclescale>
        <basemusclescale>2.799998</basemusclescale>
        <scale>1</scale>
        <position>-0.323760,0.810706,1.247810</position>
        <triangledirection>0.130322,0.473165,-0.871280</triangledirection>
        <trianglepickorigin>0,0,0</trianglepickorigin>
        <orientation>
          <row0>0.991462,-0.0584246,0.116569</row0>
          <row1>0.130322,0.473165,-0.871280</row1>
          <row2>-0.00425247,0.879034,0.476739</row2>
        </orientation>
      </transform>
      <snapped>true</snapped>
      <childlist count="2">
        <childid>20</childid>
        <childid>9</childid>
      </childlist>
      <handles count="1">
        <weight channel="longer">0.162245</weight>
      </handles>
    </blockref>
    <blockref>
      <blockid>flora_parts~, fe_muscle_branch_02</blockid>
      <transform>
        <limbtype>0</limbtype>
        <musclescale>0.524998</musclescale>
        <basemusclescale>2.799998</basemusclescale>
        <scale>1</scale>
        <position>-0.486957,0.218184,2.338870</position>
        <triangledirection>0.469673,0.266816,-0.841555</triangledirection>
        <trianglepickorigin>0,0,0</trianglepickorigin>
        <orientation>
          <row0>0.865279,0.0500550,0.498783</row0>
          <row1>0.469673,0.266816,-0.841555</row1>
          <row2>-0.175207,0.962446,0.207361</row2>
        </orientation>
      </transform>
      <snapped>true</snapped>
      <childlist count="1">
        <childid>10</childid>
      </childlist>
      <handles count="1">
        <weight channel="longer">0.162245</weight>
      </handles>
    </blockref>
    <blockref>
      <blockid>flora_parts~, fe_muscle_branch_06</blockid>
      <transform>
        <limbtype>0</limbtype>
        <musclescale>0.5</musclescale>
        <basemusclescale>1.449998</basemusclescale>
        <scale>1</scale>
        <position>-1.075106,-0.115935,3.392709</position>
        <triangledirection>0,-1.19209e-7,-1</triangledirection>
        <trianglepickorigin>0,0,0</trianglepickorigin>
        <orientation>
          <row0>1,0,0</row0>
          <row1>0,-1.19209e-7,-1</row1>
          <row2>0,1,-1.19209e-7</row2>
        </orientation>
      </transform>
      <snapped>true</snapped>
      <childlist count="1">
        <childid>11</childid>
      </childlist>
      <handles count="1">
        <weight channel="longer">0.162245</weight>
      </handles>
    </blockref>
    <blockref>
      <blockid>flora_parts~, fe_muscle_branch_02</blockid>
      <transform>
        <limbtype>0</limbtype>
        <musclescale>0.524998</musclescale>
        <basemusclescale>2.799998</basemusclescale>
        <scale>1</scale>
        <position>-1.075106,-0.115935,4.644959</position>
        <triangledirection>0,-1.19209e-7,-1</triangledirection>
        <trianglepickorigin>0,0,0</trianglepickorigin>
        <orientation>
          <row0>1,0,0</row0>
          <row1>0,-1.19209e-7,-1</row1>
          <row2>0,1,-1.19209e-7</row2>
        </orientation>
      </transform>
      <snapped>true</snapped>
      <childlist count="1">
        <childid>15</childid>
      </childlist>
      <handles count="1">
        <weight channel="longer">0.162245</weight>
      </handles>
    </blockref>
    <blockref>
      <blockid>flora_parts~, FE_muscle_branch_03</blockid>
      <transform>
        <limbtype>0</limbtype>
        <musclescale>0.5</musclescale>
        <basemusclescale>1.449998</basemusclescale>
        <scale>1</scale>
        <position>-0.0462218,1.971750,5.751800</position>
        <triangledirection>0,-1.19209e-7,-1</triangledirection>
        <trianglepickorigin>0,0,0</trianglepickorigin>
        <orientation>
          <row0>1,0,0</row0>
          <row1>0,-1.19209e-7,-1</row1>
          <row2>0,1,-1.19209e-7</row2>
        </orientation>
      </transform>
      <snapped>true</snapped>
      <childlist count="1">
        <childid>13</childid>
      </childlist>
      <handles count="1">
        <weight channel="longer">0.162245</weight>
      </handles>
    </blockref>
    <blockref>
      <blockid>flora_parts~, FE_muscle_branch_03</blockid>
      <transform>
        <limbtype>0</limbtype>
        <musclescale>0.5</musclescale>
        <basemusclescale>1</basemusclescale>
        <scale>1</scale>
        <position>-0.0462218,1.971750,7.004050</position>
        <triangledirection>0,-1.19209e-7,-1</triangledirection>
        <trianglepickorigin>0,0,0</trianglepickorigin>
        <orientation>
          <row0>1,0,0</row0>
          <row1>0,-1.19209e-7,-1</row1>
          <row2>0,1,-1.19209e-7</row2>
        </orientation>
      </transform>
      <snapped>true</snapped>
      <childlist count="2">
        <childid>31</childid>
        <childid>14</childid>
      </childlist>
      <handles count="1">
        <weight channel="longer">0.162245</weight>
      </handles>
    </blockref>
    <blockref>
      <blockid>Creature_parts~, ce_grasper_null</blockid>
      <transform>
        <basemusclescale>1</basemusclescale>
        <scale>1</scale>
        <position>-0.0462218,1.971750,8.256299</position>
        <triangledirection>0,-1.19209e-7,-1</triangledirection>
        <trianglepickorigin>0,0,0</trianglepickorigin>
        <orientation>
          <row0>1,0,0</row0>
          <row1>0,-1.19209e-7,-1</row1>
          <row2>0,1,-1.19209e-7</row2>
        </orientation>
      </transform>
      <snapped>true</snapped>
    </blockref>
    <blockref>
      <blockid>flora_parts~, FE_muscle_branch_03</blockid>
      <transform>
        <limbtype>0</limbtype>
        <musclescale>0.5</musclescale>
        <basemusclescale>1.449998</basemusclescale>
        <scale>1</scale>
        <position>-1.075106,-0.115935,5.897210</position>
        <triangledirection>0.308018,0.510100,-0.803070</triangledirection>
        <trianglepickorigin>0,0,0</trianglepickorigin>
        <orientation>
          <row0>0.951352,-0.158679,0.264100</row0>
          <row1>0.308018,0.510100,-0.803070</row1>
          <row2>-0.00728702,0.845351,0.534161</row2>
        </orientation>
      </transform>
      <snapped>true</snapped>
      <childlist count="3">
        <childid>42</childid>
        <childid>18</childid>
        <childid>16</childid>
      </childlist>
      <handles count="1">
        <weight channel="longer">0.162245</weight>
      </handles>
    </blockref>
    <blockref>
      <blockid>flora_parts~, FE_muscle_branch_03</blockid>
      <transform>
        <limbtype>0</limbtype>
        <musclescale>0.5</musclescale>
        <basemusclescale>1</basemusclescale>
        <scale>1</scale>
        <position>-1.460822,-0.754709,6.902854</position>
        <triangledirection>0,-1.19209e-7,-1</triangledirection>
        <trianglepickorigin>0,0,0</trianglepickorigin>
        <orientation>
          <row0>1,0,0</row0>
          <row1>0,-1.19209e-7,-1</row1>
          <row2>0,1,-1.19209e-7</row2>
        </orientation>
      </transform>
      <snapped>true</snapped>
      <childlist count="1">
        <childid>17</childid>
      </childlist>
      <handles count="1">
        <weight channel="longer">0.162245</weight>
      </handles>
    </blockref>
    <blockref>
      <blockid>Creature_parts~, ce_grasper_null</blockid>
      <transform>
        <basemusclescale>1</basemusclescale>
        <scale>1</scale>
        <position>-1.460822,-0.754707,8.155105</position>
        <triangledirection>0,-1.19209e-7,-1</triangledirection>
        <trianglepickorigin>0,0,0</trianglepickorigin>
        <orientation>
          <row0>1,0,0</row0>
          <row1>0,-1.19209e-7,-1</row1>
          <row2>0,1,-1.19209e-7</row2>
        </orientation>
      </transform>
      <snapped>true</snapped>
    </blockref>
    <blockref>
      <blockid>flora_parts~, FE_muscle_branch_03</blockid>
      <transform>
        <limbtype>0</limbtype>
        <musclescale>0.5</musclescale>
        <basemusclescale>1</basemusclescale>
        <scale>1</scale>
        <position>-1.460822,-0.754709,6.902854</position>
        <triangledirection>0.308018,0.510100,-0.803070</triangledirection>
        <trianglepickorigin>0,0,0</trianglepickorigin>
        <orientation>
          <row0>0.951352,-0.158679,0.264100</row0>
          <row1>0.308018,0.510100,-0.803070</row1>
          <row2>-0.00728702,0.845351,0.534161</row2>
        </orientation>
      </transform>
      <snapped>true</snapped>
      <childlist count="2">
        <childid>29</childid>
        <childid>19</childid>
      </childlist>
      <handles count="1">
        <weight channel="longer">0.162245</weight>
      </handles>
    </blockref>
    <blockref>
      <blockid>Creature_parts~, ce_grasper_null</blockid>
      <transform>
        <basemusclescale>1</basemusclescale>
        <scale>1</scale>
        <position>-1.846539,-1.393480,7.908500</position>
        <triangledirection>0.308018,0.510100,-0.803070</triangledirection>
        <trianglepickorigin>0,0,0</trianglepickorigin>
        <orientation>
          <row0>0.951352,-0.158679,0.264100</row0>
          <row1>0.308018,0.510100,-0.803070</row1>
          <row2>-0.00728744,0.845351,0.534161</row2>
        </orientation>
      </transform>
      <snapped>true</snapped>
    </blockref>
    <blockref>
      <blockid>flora_parts~, FE_muscle_branch_03</blockid>
      <transform>
        <limbtype>0</limbtype>
        <musclescale>0.5</musclescale>
        <basemusclescale>2.799998</basemusclescale>
        <scale>1</scale>
        <position>-0.486957,0.218184,2.338870</position>
        <triangledirection>-0.287611,0.900916,-0.325007</triangledirection>
        <trianglepickorigin>0,0,0</trianglepickorigin>
        <orientation>
          <row0>0.928272,0.345757,0.136971</row0>
          <row1>-0.287611,0.900916,-0.325007</row1>
          <row2>-0.235774,0.262300,0.935739</row2>
        </orientation>
      </transform>
      <snapped>true</snapped>
      <childlist count="2">
        <childid>23</childid>
        <childid>21</childid>
      </childlist>
      <handles count="1">
        <weight channel="longer">0.162245</weight>
      </handles>
    </blockref>
    <blockref>
      <blockid>flora_parts~, FE_muscle_branch_03</blockid>
      <transform>
        <limbtype>0</limbtype>
        <musclescale>0.5</musclescale>
        <basemusclescale>1</basemusclescale>
        <scale>1</scale>
        <position>-0.126796,-0.909986,2.745863</position>
        <triangledirection>-0.340563,-0.267666,-0.901316</triangledirection>
        <trianglepickorigin>0,0,0</trianglepickorigin>
        <orientation>
          <row0>0.939117,-0.0504013,-0.339878</row0>
          <row1>-0.340563,-0.267666,-0.901316</row1>
          <row2>-0.0455464,0.962192,-0.268534</row2>
        </orientation>
      </transform>
      <snapped>true</snapped>
      <childlist count="1">
        <childid>22</childid>
      </childlist>
      <handles count="1">
        <weight channel="longer">0.162245</weight>
      </handles>
    </blockref>
    <blockref>
      <blockid>Creature_parts~, ce_grasper_null</blockid>
      <transform>
        <basemusclescale>1</basemusclescale>
        <scale>1</scale>
        <position>0.299674,-0.574801,3.874535</position>
        <triangledirection>2.98092e-8,-5.00679e-6,-1</triangledirection>
        <trianglepickorigin>0,0,0</trianglepickorigin>
        <orientation>
          <row0>1,2.33158e-6,2.97975e-8</row0>
          <row1>2.98092e-8,-5.00679e-6,-1</row1>
          <row2>-2.33157e-6,1,-5.00679e-6</row2>
        </orientation>
      </transform>
      <snapped>true</snapped>
    </blockref>
    <blockref>
      <blockid>flora_parts~, FE_muscle_branch_03</blockid>
      <transform>
        <limbtype>0</limbtype>
        <musclescale>0.5</musclescale>
        <basemusclescale>1</basemusclescale>
        <scale>1</scale>
        <position>-0.126796,-0.909986,2.745863</position>
        <triangledirection>0.308023,0.510099,-0.803069</triangledirection>
        <trianglepickorigin>0,0,0</trianglepickorigin>
        <orientation>
          <row0>0.951350,-0.158680,0.264105</row0>
          <row1>0.308023,0.510099,-0.803069</row1>
          <row2>-0.00728850,0.845351,0.534160</row2>
        </orientation>
      </transform>
      <snapped>true</snapped>
      <childlist count="5">
        <childid>40</childid>
        <childid>39</childid>
        <childid>34</childid>
        <childid>33</childid>
        <childid>24</childid>
      </childlist>
      <handles count="1">
        <weight channel="longer">0.162245</weight>
      </handles>
    </blockref>
    <blockref>
      <blockid>Creature_parts~, ce_grasper_null</blockid>
      <transform>
        <basemusclescale>1</basemusclescale>
        <scale>1</scale>
        <position>-0.512517,-1.548758,3.751505</position>
        <triangledirection>0.308023,0.510099,-0.803069</triangledirection>
        <trianglepickorigin>0,0,0</trianglepickorigin>
        <orientation>
          <row0>0.951350,-0.158680,0.264105</row0>
          <row1>0.308023,0.510099,-0.803069</row1>
          <row2>-0.00728868,0.845351,0.534160</row2>
        </orientation>
      </transform>
      <snapped>true</snapped>
    </blockref>
    <blockref>
      <blockid>flora_parts~, FE_muscle_branch_03</blockid>
      <transform>
        <limbtype>0</limbtype>
        <musclescale>0.5</musclescale>
        <basemusclescale>2.799998</basemusclescale>
        <scale>1</scale>
        <position>-0.545385,1.658499,2.142381</position>
        <triangledirection>0.709295,-0.659840,-0.248014</triangledirection>
        <trianglepickorigin>0,0,0</trianglepickorigin>
        <orientation>
          <row0>0.257717,0.570219,-0.780019</row0>
          <row1>0.709295,-0.659840,-0.248014</row1>
          <row2>-0.656111,-0.489346,-0.574506</row2>
        </orientation>
      </transform>
      <snapped>true</snapped>
      <childlist count="1">
        <childid>26</childid>
      </childlist>
      <handles count="1">
        <weight channel="longer">0.162245</weight>
      </handles>
    </blockref>
    <blockref>
      <blockid>flora_parts~, FE_muscle_branch_03</blockid>
      <transform>
        <limbtype>0</limbtype>
        <musclescale>0.5</musclescale>
        <basemusclescale>1</basemusclescale>
        <scale>1</scale>
        <position>-1.433599,2.484785,2.452959</position>
        <triangledirection>0.288864,-0.659375,-0.694104</triangledirection>
        <trianglepickorigin>0,0,0</trianglepickorigin>
        <orientation>
          <row0>0.956550,0.168789,0.237742</row0>
          <row1>0.288864,-0.659375,-0.694104</row1>
          <row2>0.0396041,0.732621,-0.679483</row2>
        </orientation>
      </transform>
      <snapped>true</snapped>
      <childlist count="1">
        <childid>27</childid>
      </childlist>
      <handles count="1">
        <weight channel="longer">0.162245</weight>
      </handles>
    </blockref>
    <blockref>
      <blockid>flora_parts~, FE_muscle_branch_03</blockid>
      <transform>
        <limbtype>0</limbtype>
        <musclescale>0.5</musclescale>
        <basemusclescale>1</basemusclescale>
        <scale>1</scale>
        <position>-1.795331,3.310488,3.322151</position>
        <triangledirection>0.305107,-0.172679,-0.936531</triangledirection>
        <trianglepickorigin>0,0,0</trianglepickorigin>
        <orientation>
          <row0>0.952075,0.0330949,0.304068</row0>
          <row1>0.305107,-0.172679,-0.936531</row1>
          <row2>0.0215118,0.984422,-0.174501</row2>
        </orientation>
      </transform>
      <snapped>true</snapped>
      <childlist count="6">
        <childid>38</childid>
        <childid>37</childid>
        <childid>36</childid>
        <childid>35</childid>
        <childid>32</childid>
        <childid>28</childid>
      </childlist>
      <handles count="1">
        <weight channel="longer">0.162245</weight>
      </handles>
    </blockref>
    <blockref>
      <blockid>Creature_parts~, ce_grasper_null</blockid>
      <transform>
        <basemusclescale>1</basemusclescale>
        <scale>1</scale>
        <position>-2.177401,3.526726,4.494924</position>
        <triangledirection>0.596105,-0.340209,-0.727266</triangledirection>
        <trianglepickorigin>0,0,0</trianglepickorigin>
        <orientation>
          <row0>0.798132,0.349705,0.490601</row0>
          <row1>0.596105,-0.340209,-0.727266</row1>
          <row2>-0.0874219,0.872905,-0.479993</row2>
        </orientation>
      </transform>
      <snapped>true</snapped>
    </blockref>
    <blockref>
      <blockid>flora_parts~, fe_canopy_09</blockid>
      <transform>
        <scale>1,161834</scale>
        <position>-1.796391,-1.481770,7.837989</position>
        <triangledirection>0.279679,0.956351,-0.0846873</triangledirection>
        <trianglepickorigin>0,0,0</trianglepickorigin>
        <orientation>
          <row0>0.959799,-0.280687,5.40167e-8</row0>
          <row1>0.279679,0.956351,-0.0846873</row1>
          <row2>0.0237706,0.0812828,0.996407</row2>
        </orientation>
      </transform>
      <snapped>false</snapped>
      <handles count="2">
        <weight channel="DeformAxisLeft">0.503082</weight>
        <weight channel="DeformAxisForward">0.337517</weight>
      </handles>
    </blockref>
    <blockref>
      <blockid>flora_parts~, fe_canopy_09</blockid>
      <transform>
        <scale>1,161834</scale>
        <position>-1.297903,0.148428,9.637086</position>
        <triangledirection>0.152600,-0.789211,-0.594859</triangledirection>
        <trianglepickorigin>0,0,0</trianglepickorigin>
        <orientation>
          <row0>-0.981814,-0.189841,-2.23517e-8</row0>
          <row1>0.152600,-0.789211,-0.594859</row1>
          <row2>0.112928,-0.584041,0.803829</row2>
        </orientation>
      </transform>
      <snapped>false</snapped>
      <handles count="2">
        <weight channel="DeformAxisLeft">0.503082</weight>
        <weight channel="DeformAxisForward">0.337517</weight>
      </handles>
    </blockref>
    <blockref>
      <blockid>flora_parts~, fe_canopy_09</blockid>
      <transform>
        <scale>1,161834</scale>
        <position>-0.0788578,2.048083,8.238158</position>
        <triangledirection>-0.808506,-0.576914,-0.116138</triangledirection>
        <trianglepickorigin>0,0,0</trianglepickorigin>
        <orientation>
          <row0>-0.883376,-0.468664,-1.49011e-8</row0>
          <row1>0.446749,-0.842069,-0.302215</row1>
          <row2>0.141637,-0.266969,0.953239</row2>
        </orientation>
        <userorientation>
          <userorientation_row0>0.106175,-0.869597,-0.482210</userorientation_row0>
          <userorientation_row1>0.984594,0.159701,-0.0712035</userorientation_row1>
          <userorientation_row2>0.138926,-0.467221,0.873157</userorientation_row2>
        </userorientation>
      </transform>
      <snapped>false</snapped>
      <handles count="2">
        <weight channel="DeformAxisLeft">0.503082</weight>
        <weight channel="DeformAxisForward">0.337517</weight>
      </handles>
    </blockref>
    <blockref>
      <blockid>flora_parts~, fe_canopy_01</blockid>
      <transform>
        <scale>0,687288</scale>
        <position>-2.274904,3.575442,4.548727</position>
        <triangledirection>0.802877,-0.370099,-0.467348</triangledirection>
        <trianglepickorigin>0,0,0</trianglepickorigin>
        <orientation>
          <row0>-0.418629,-0.908157,-3.87430e-7</row0>
          <row1>0.802877,-0.370099,-0.467348</row1>
          <row2>0.424425,-0.195646,0.884073</row2>
        </orientation>
      </transform>
      <snapped>false</snapped>
      <handles count="2">
        <weight channel="DeformAxisLeft">0.505075</weight>
        <weight channel="DeformAxisForward">0.500194</weight>
      </handles>
    </blockref>
    <blockref>
      <blockid>flora_parts~, fe_canopy_01</blockid>
      <transform>
        <scale>0,687288</scale>
        <position>-0.439541,-1.674315,3.736466</position>
        <triangledirection>-0.344160,0.937005,-0.0597891</triangledirection>
        <trianglepickorigin>0,0,0</trianglepickorigin>
        <orientation>
          <row0>0.938684,0.344776,1.86264e-9</row0>
          <row1>-0.344160,0.937005,-0.0597891</row1>
          <row2>-0.0206139,0.0561231,0.998211</row2>
        </orientation>
      </transform>
      <snapped>false</snapped>
      <childlist count="1">
        <childid>41</childid>
      </childlist>
      <handles count="2">
        <weight channel="DeformAxisLeft">0.505075</weight>
        <weight channel="DeformAxisForward">0.500194</weight>
      </handles>
    </blockref>
    <blockref>
      <blockid>flora_parts~, fe_cap_02a</blockid>
      <transform>
        <scale>0,687288</scale>
        <position>-0.282747,-1.532032,3.742213</position>
        <triangledirection>-0.415695,0.406666,-0.813523</triangledirection>
        <trianglepickorigin>0,0,0</trianglepickorigin>
        <orientation>
          <row0>0.699301,0.714827,1.49011e-8</row0>
          <row1>-0.415695,0.406666,-0.813523</row1>
          <row2>-0.581528,0.568897,0.581532</row2>
        </orientation>
      </transform>
      <snapped>false</snapped>
    </blockref>
    <blockref>
      <blockid>flora_parts~, fe_cap_02a</blockid>
      <transform>
        <scale>0,687288</scale>
        <position>-1.708319,3.472077,4.159672</position>
        <triangledirection>-0.958411,-0.216840,0.185546</triangledirection>
        <trianglepickorigin>0,0,0</trianglepickorigin>
        <orientation>
          <row0>-0.220671,0.975348,1.49011e-8</row0>
          <row1>-0.958411,-0.216840,0.185546</row1>
          <row2>0.180972,0.0409448,0.982635</row2>
        </orientation>
      </transform>
      <snapped>false</snapped>
    </blockref>
    <blockref>
      <blockid>flora_parts~, fe_cap_02a</blockid>
      <transform>
        <scale>0,687288</scale>
        <position>-1.974053,3.494605,4.450521</position>
        <triangledirection>-0.478540,-0.00295352,-0.878060</triangledirection>
        <trianglepickorigin>0,0,0</trianglepickorigin>
        <orientation>
          <row0>-0.00617199,0.999981,9.63918e-8</row0>
          <row1>-0.478540,-0.00295352,-0.878060</row1>
          <row2>-0.878044,-0.00541943,0.478549</row2>
        </orientation>
      </transform>
      <snapped>false</snapped>
    </blockref>
    <blockref>
      <blockid>flora_parts~, fe_cap_02a</blockid>
      <transform>
        <scale>0,687288</scale>
        <position>-2.023921,3.597109,4.532163</position>
        <triangledirection>-0.436850,-0.562353,-0.702083</triangledirection>
        <trianglepickorigin>0,0,0</trianglepickorigin>
        <orientation>
          <row0>-0.789716,0.613472,-1.49011e-7</row0>
          <row1>-0.436850,-0.562353,-0.702083</row1>
          <row2>-0.430708,-0.554446,0.712094</row2>
        </orientation>
      </transform>
      <snapped>false</snapped>
    </blockref>
    <blockref>
      <blockid>flora_parts~, fe_cap_02a</blockid>
      <transform>
        <scale>0,687288</scale>
        <position>-1.696581,3.403794,4.159596</position>
        <triangledirection>-0.969906,0.175901,0.168344</triangledirection>
        <trianglepickorigin>0,0,0</trianglepickorigin>
        <orientation>
          <row0>0.178447,0.983949,1.65775e-7</row0>
          <row1>-0.969906,0.175901,0.168344</row1>
          <row2>0.165642,-0.0300408,0.985728</row2>
        </orientation>
      </transform>
      <snapped>false</snapped>
    </blockref>
    <blockref>
      <blockid>flora_parts~, fe_cap_02a</blockid>
      <transform>
        <scale>0,687288</scale>
        <position>-0.211171,-1.514328,3.681281</position>
        <triangledirection>-0.459403,0.429309,-0.777587</triangledirection>
        <trianglepickorigin>0,0,0</trianglepickorigin>
        <orientation>
          <row0>0.682771,0.730632,-1.63912e-7</row0>
          <row1>-0.459403,0.429309,-0.777587</row1>
          <row2>-0.568130,0.530914,0.628774</row2>
        </orientation>
      </transform>
      <snapped>false</snapped>
    </blockref>
    <blockref>
      <blockid>flora_parts~, fe_cap_02a</blockid>
      <transform>
        <scale>0,687288</scale>
        <position>-0.341967,-1.377367,3.694560</position>
        <triangledirection>-0.100639,-0.740781,-0.664164</triangledirection>
        <trianglepickorigin>0,0,0</trianglepickorigin>
        <orientation>
          <row0>-0.990897,0.134618,-3.72529e-8</row0>
          <row1>-0.100639,-0.740781,-0.664164</row1>
          <row2>-0.0894089,-0.658118,0.747586</row2>
        </orientation>
      </transform>
      <snapped>false</snapped>
    </blockref>
    <blockref>
      <blockid>flora_parts~, fe_cap_02a</blockid>
      <transform>
        <scale>0,687288</scale>
        <position>-0.305015,-2.284657,3.819321</position>
        <triangledirection>-0.109856,0.141671,-0.983799</triangledirection>
        <trianglepickorigin>0,0,0</trianglepickorigin>
        <orientation>
          <row0>0.790251,0.612783,-2.45869e-7</row0>
          <row1>-0.109856,0.141671,-0.983799</row1>
          <row2>-0.602855,0.777448,0.179273</row2>
        </orientation>
      </transform>
      <snapped>false</snapped>
    </blockref>
    <blockref>
      <blockid>flora_parts~, fe_muscle_branch_02</blockid>
      <transform>
        <limbtype>0</limbtype>
        <musclescale>0.524998</musclescale>
        <basemusclescale>1</basemusclescale>
        <scale>1</scale>
        <position>-1.460822,-0.754709,6.902854</position>
        <triangledirection>0,-2.38417e-7,-1</triangledirection>
        <trianglepickorigin>0,0,0</trianglepickorigin>
        <orientation>
          <row0>0.980514,0.196446,-4.68362e-8</row0>
          <row1>0,-2.38417e-7,-1</row1>
          <row2>-0.196446,0.980514,-2.33772e-7</row2>
        </orientation>
      </transform>
      <snapped>true</snapped>
      <childlist count="1">
        <childid>43</childid>
      </childlist>
      <handles count="1">
        <weight channel="longer">0.162245</weight>
      </handles>
    </blockref>
    <blockref>
      <blockid>flora_parts~, fe_muscle_branch_06</blockid>
      <transform>
        <limbtype>0</limbtype>
        <musclescale>0.5</musclescale>
        <basemusclescale>1.449998</basemusclescale>
        <scale>1</scale>
        <position>-1.460822,-0.754707,8.155110</position>
        <triangledirection>-0.398611,-0.250148,-0.882346</triangledirection>
        <trianglepickorigin>0,0,0</trianglepickorigin>
        <orientation>
          <row0>0.774529,0.423394,-0.469937</row0>
          <row1>-0.398611,-0.250148,-0.882346</row1>
          <row2>-0.491134,0.870725,-0.0249774</row2>
        </orientation>
      </transform>
      <snapped>true</snapped>
      <childlist count="2">
        <childid>44</childid>
        <childid>30</childid>
      </childlist>
      <handles count="1">
        <weight channel="longer">0.162245</weight>
      </handles>
    </blockref>
    <blockref>
      <blockid>flora_parts~, fe_muscle_branch_02</blockid>
      <transform>
        <limbtype>0</limbtype>
        <musclescale>0.524998</musclescale>
        <basemusclescale>2.799998</basemusclescale>
        <scale>1</scale>
        <position>-0.961658,-0.441457,9.260028</position>
        <triangledirection>-1.13686e-13,-3.57627e-7,-1</triangledirection>
        <trianglepickorigin>0,0,0</trianglepickorigin>
        <orientation>
          <row0>1,7.00355e-7,-3.64151e-13</row0>
          <row1>-1.13686e-13,-3.57627e-7,-1</row1>
          <row2>-7.00355e-7,1,-3.57627e-7</row2>
        </orientation>
      </transform>
      <snapped>true</snapped>
      <childlist count="1">
        <childid>45</childid>
      </childlist>
      <handles count="1">
        <weight channel="longer">0.162245</weight>
      </handles>
    </blockref>
    <blockref>
      <blockid>flora_parts~, FE_muscle_branch_03</blockid>
      <transform>
        <limbtype>0</limbtype>
        <musclescale>0.5</musclescale>
        <basemusclescale>1.449998</basemusclescale>
        <scale>1</scale>
        <position>-0.961658,-0.441457,10.512301</position>
        <triangledirection>-1.13686e-13,-3.57627e-7,-1</triangledirection>
        <trianglepickorigin>0,0,0</trianglepickorigin>
        <orientation>
          <row0>1,7.00355e-7,-3.64151e-13</row0>
          <row1>-1.13686e-13,-3.57627e-7,-1</row1>
          <row2>-7.00355e-7,1,-3.57627e-7</row2>
        </orientation>
      </transform>
      <snapped>true</snapped>
      <childlist count="1">
        <childid>46</childid>
      </childlist>
      <handles count="1">
        <weight channel="longer">0.162245</weight>
      </handles>
    </blockref>
    <blockref>
      <blockid>flora_parts~, FE_muscle_branch_03</blockid>
      <transform>
        <limbtype>0</limbtype>
        <musclescale>0.5</musclescale>
        <basemusclescale>1</basemusclescale>
        <scale>1</scale>
        <position>-0.961658,-0.441457,11.764547</position>
        <triangledirection>-1.13686e-13,-3.57627e-7,-1</triangledirection>
        <trianglepickorigin>0,0,0</trianglepickorigin>
        <orientation>
          <row0>1,7.00355e-7,-3.64151e-13</row0>
          <row1>-1.13686e-13,-3.57627e-7,-1</row1>
          <row2>-7.00355e-7,1,-3.57627e-7</row2>
        </orientation>
      </transform>
      <snapped>true</snapped>
      <childlist count="2">
        <childid>48</childid>
        <childid>47</childid>
      </childlist>
      <handles count="1">
        <weight channel="longer">0.162245</weight>
      </handles>
    </blockref>
    <blockref>
      <blockid>Creature_parts~, ce_grasper_null</blockid>
      <transform>
        <basemusclescale>1</basemusclescale>
        <scale>1</scale>
        <position>-0.961658,-0.441457,13.016819</position>
        <triangledirection>-1.13686e-13,-3.57627e-7,-1</triangledirection>
        <trianglepickorigin>0,0,0</trianglepickorigin>
        <orientation>
          <row0>1,7.00355e-7,-3.64151e-13</row0>
          <row1>-1.13686e-13,-3.57627e-7,-1</row1>
          <row2>-7.00355e-7,1,-3.57627e-7</row2>
        </orientation>
      </transform>
      <snapped>true</snapped>
    </blockref>
    <blockref>
      <blockid>flora_parts~, fe_canopy_09</blockid>
      <transform>
        <scale>1,161834</scale>
        <position>-0.994295,-0.365123,12.998677</position>
        <triangledirection>0.446749,-0.842069,-0.302216</triangledirection>
        <trianglepickorigin>0,0,0</trianglepickorigin>
        <orientation>
          <row0>-0.883376,-0.468664,2.53319e-7</row0>
          <row1>0.446749,-0.842069,-0.302216</row1>
          <row2>0.141638,-0.266970,0.953239</row2>
        </orientation>
      </transform>
      <snapped>false</snapped>
      <handles count="2">
        <weight channel="DeformAxisLeft">0.503082</weight>
        <weight channel="DeformAxisForward">0.337517</weight>
      </handles>
    </blockref>
  </blocks></sporemodel>