spore0006438f6347406662000770a8d0b9fea735ffffffffffffffffffffffffffffffff0000000ec178f7610dsporeautotestfffffffffffffffe07Kyyzamm00006gaprop00<?xml version="1.0" encoding="UTF-8"?><sporemodel>
  <properties>
    <modeltype>PlantMedium</modeltype>
    <skineffectseed1>1234</skineffectseed1>
    <skineffectseed2>1234</skineffectseed2>
    <skineffectseed3>1234</skineffectseed3>
    <skincolor1>0.674509,0.850979,0.427451</skincolor1>
    <skincolor2>0.474509,0.501959,0.803921</skincolor2>
    <skincolor3>0.905882,0.368627,0.168626</skincolor3>
    <zcorpscore>16</zcorpscore>
  </properties>
  <blocks count="18">
    <blockref>
      <blockid>flora_parts~, fe_root_dummy</blockid>
      <transform>
        <scale>1</scale>
        <position>0.0219304,0.00143325,0.600000</position>
        <triangledirection>0,1,0</triangledirection>
        <trianglepickorigin>0,0,0</trianglepickorigin>
        <orientation>
          <row0>1,0,0</row0>
          <row1>0,1,0</row1>
          <row2>0,0,1</row2>
        </orientation>
      </transform>
      <snapped>false</snapped>
      <childlist count="1">
        <childid>5</childid>
      </childlist>
    </blockref>
    <blockref>
      <blockid>Creature_parts~, ce_grasper_null</blockid>
      <transform>
        <basemusclescale>1.100000</basemusclescale>
        <scale>1</scale>
        <position>-2.640135,1.650595,3.122989</position>
        <triangledirection>0.240942,-0.239479,-0.940530</triangledirection>
        <trianglepickorigin>0,0,0</trianglepickorigin>
        <orientation>
          <row0>-0.784656,-0.618398,-0.0435534</row0>
          <row1>0.240942,-0.239479,-0.940530</row1>
          <row2>0.571192,-0.748487,0.336906</row2>
        </orientation>
      </transform>
      <snapped>false</snapped>
    </blockref>
    <blockref>
      <blockid>Creature_parts~, ce_grasper_null</blockid>
      <transform>
        <basemusclescale>1</basemusclescale>
        <scale>1</scale>
        <position>-2.281733,-0.156526,2.944823</position>
        <triangledirection>0.240960,-0.239477,-0.940525</triangledirection>
        <trianglepickorigin>0,0,0</trianglepickorigin>
        <orientation>
          <row0>-0.784640,-0.618419,-0.0435605</row0>
          <row1>0.240960,-0.239477,-0.940525</row1>
          <row2>0.571207,-0.748470,0.336917</row2>
        </orientation>
      </transform>
      <snapped>false</snapped>
    </blockref>
    <blockref>
      <blockid>Creature_parts~, ce_grasper_null</blockid>
      <transform>
        <basemusclescale>1</basemusclescale>
        <scale>1</scale>
        <position>0.203314,-1.786732,3.307368</position>
        <triangledirection>0,0,-1</triangledirection>
        <trianglepickorigin>0,0,0</trianglepickorigin>
        <orientation>
          <row0>1,0,0</row0>
          <row1>0,0,-1</row1>
          <row2>0,1,0</row2>
        </orientation>
      </transform>
      <snapped>false</snapped>
    </blockref>
    <blockref>
      <blockid>Creature_parts~, ce_grasper_null</blockid>
      <transform>
        <basemusclescale>1</basemusclescale>
        <scale>1</scale>
        <position>0.0219304,0.00143325,3.150254</position>
        <triangledirection>-0.100535,0.991115,-0.0870820</triangledirection>
        <trianglepickorigin>0,0,0</trianglepickorigin>
        <orientation>
          <row0>0.987913,0.109821,0.109388</row0>
          <row1>-0.100535,0.991115,-0.0870820</row1>
          <row2>-0.117980,0.0750321,0.990177</row2>
        </orientation>
      </transform>
      <snapped>false</snapped>
    </blockref>
    <blockref>
      <blockid>flora_parts~, fe_muscle_branch_01</blockid>
      <transform>
        <limbtype>0</limbtype>
        <musclescale>1</musclescale>
        <basemusclescale>2.200000</basemusclescale>
        <scale>1</scale>
        <position>0.0219304,0.00143325,0.600000</position>
        <triangledirection>-0.0720804,-0.354980,0.932090</triangledirection>
        <trianglepickorigin>0,0,0</trianglepickorigin>
        <orientation>
          <row0>-0.0761492,-0.929835,-0.360010</row0>
          <row1>-0.0720804,-0.354980,0.932090</row1>
          <row2>-0.994487,0.0969277,-0.0399914</row2>
        </orientation>
      </transform>
      <snapped>true</snapped>
      <childlist count="3">
        <childid>10</childid>
        <childid>8</childid>
        <childid>6</childid>
      </childlist>
      <handles count="1">
        <weight channel="longer">0.00555498</weight>
      </handles>
    </blockref>
    <blockref>
      <blockid>flora_parts~, fe_muscle_branch_06</blockid>
      <transform>
        <limbtype>0</limbtype>
        <musclescale>0.5</musclescale>
        <basemusclescale>1.25</basemusclescale>
        <scale>1</scale>
        <position>0.0413102,0.0968742,0.349395</position>
        <triangledirection>0.302634,0.809168,0.503645</triangledirection>
        <trianglepickorigin>0,0,0</trianglepickorigin>
        <orientation>
          <row0>0.144110,-0.561197,0.815039</row0>
          <row1>0.302634,0.809168,0.503645</row1>
          <row2>-0.942149,0.174078,0.286447</row2>
        </orientation>
      </transform>
      <snapped>true</snapped>
      <childlist count="1">
        <childid>7</childid>
      </childlist>
      <handles count="1">
        <weight channel="longer">0.162245</weight>
      </handles>
    </blockref>
    <blockref>
      <blockid>Creature_parts~, ce_grasper_null</blockid>
      <transform>
        <basemusclescale>1</basemusclescale>
        <scale>1</scale>
        <position>-0.337663,-0.916406,-0.281295</position>
        <triangledirection>0.438326,0.172561,0.882095</triangledirection>
        <trianglepickorigin>0,0,0</trianglepickorigin>
        <orientation>
          <row0>0.350645,-0.936465,0.00895631</row0>
          <row1>0.438326,0.172561,0.882095</row1>
          <row2>-0.827597,-0.305377,0.470985</row2>
        </orientation>
      </transform>
      <snapped>true</snapped>
    </blockref>
    <blockref>
      <blockid>flora_parts~, fe_trunk_02</blockid>
      <transform>
        <limbtype>2</limbtype>
        <musclescale>0.5</musclescale>
        <basemusclescale>1.25</basemusclescale>
        <scale>1</scale>
        <position>0.0413102,0.0968742,0.349395</position>
        <triangledirection>0,-1.19209e-7,-1</triangledirection>
        <trianglepickorigin>0,0,0</trianglepickorigin>
        <orientation>
          <row0>0.997901,0.0647540,-7.71926e-9</row0>
          <row1>0,-1.19209e-7,-1</row1>
          <row2>-0.0647540,0.997901,-1.18958e-7</row2>
        </orientation>
      </transform>
      <snapped>true</snapped>
      <childlist count="2">
        <childid>12</childid>
        <childid>9</childid>
      </childlist>
      <handles count="3">
        <weight channel="DeformAxisForward">0.0781707</weight>
        <weight channel="DeformAxisLeft">0.597362</weight>
        <weight channel="DeformAxisUp">0.139356</weight>
      </handles>
    </blockref>
    <blockref>
      <blockid>Creature_parts~, ce_grasper_null</blockid>
      <transform>
        <basemusclescale>1</basemusclescale>
        <scale>1</scale>
        <position>0.0413102,0.0968744,1.929188</position>
        <triangledirection>0,-1.19209e-7,-1</triangledirection>
        <trianglepickorigin>0,0,0</trianglepickorigin>
        <orientation>
          <row0>0.997901,0.0647540,-7.71926e-9</row0>
          <row1>0,-1.19209e-7,-1</row1>
          <row2>-0.0647540,0.997901,-1.18958e-7</row2>
        </orientation>
      </transform>
      <snapped>true</snapped>
    </blockref>
    <blockref>
      <blockid>flora_parts~, fe_muscle_branch_06</blockid>
      <transform>
        <limbtype>0</limbtype>
        <musclescale>0.5</musclescale>
        <basemusclescale>1.25</basemusclescale>
        <scale>1</scale>
        <position>0.0413102,0.0968742,0.349395</position>
        <triangledirection>-0.270081,-0.900288,0.341375</triangledirection>
        <trianglepickorigin>0,0,0</trianglepickorigin>
        <orientation>
          <row0>0.720701,-0.424135,-0.548360</row0>
          <row1>-0.270081,-0.900288,0.341375</row1>
          <row2>-0.638471,-0.0979278,-0.763390</row2>
        </orientation>
      </transform>
      <snapped>true</snapped>
      <childlist count="1">
        <childid>11</childid>
      </childlist>
      <handles count="1">
        <weight channel="longer">0.162245</weight>
      </handles>
    </blockref>
    <blockref>
      <blockid>Creature_parts~, ce_grasper_null</blockid>
      <transform>
        <basemusclescale>1</basemusclescale>
        <scale>1</scale>
        <position>0.379519,1.224259,-0.0780929</position>
        <triangledirection>0.383510,-0.922991,-0.0317260</triangledirection>
        <trianglepickorigin>0,0,0</trianglepickorigin>
        <orientation>
          <row0>0.908587,0.383235,-0.166131</row0>
          <row1>0.383510,-0.922991,-0.0317260</row1>
          <row2>-0.165496,-0.0348870,-0.985593</row2>
        </orientation>
      </transform>
      <snapped>true</snapped>
    </blockref>
    <blockref>
      <blockid>flora_parts~, FE_leaf_07</blockid>
      <transform>
        <scale>1,964033</scale>
        <position>0.0182933,0.134699,2.188607</position>
        <triangledirection>-0.0354035,0.00682689,-0.999349</triangledirection>
        <trianglepickorigin>0,0,0</trianglepickorigin>
        <orientation>
          <row0>-0.0205398,-0.999789,2.17929e-7</row0>
          <row1>0.521142,-0.0107066,-0.853402</row1>
          <row2>0.853222,-0.0175286,0.521252</row2>
        </orientation>
        <userorientation>
          <userorientation_row0>0.999399,0.0238961,0.0251113</userorientation_row0>
          <userorientation_row1>-0.00609848,0.834324,-0.551239</userorientation_row1>
          <userorientation_row2>-0.0341235,0.550755,0.833967</userorientation_row2>
        </userorientation>
      </transform>
      <snapped>false</snapped>
      <childlist count="5">
        <childid>17</childid>
        <childid>16</childid>
        <childid>15</childid>
        <childid>14</childid>
        <childid>13</childid>
      </childlist>
      <handles count="4">
        <weight channel="DeformAxisForward">0.704882</weight>
        <weight channel="DeformAxisForwardb">0.593831</weight>
        <weight channel="DeformAxisLeft">0.994884</weight>
        <weight channel="DeformAxisUp">0.429367</weight>
      </handles>
    </blockref>
    <blockref>
      <blockid>flora_parts~, fe_cap_02a</blockid>
      <transform>
        <scale>0,509156</scale>
        <position>0.0761330,-0.00969723,2.423202</position>
        <triangledirection>-0.0436713,0.994862,-0.0913293</triangledirection>
        <trianglepickorigin>0,0,0</trianglepickorigin>
        <orientation>
          <row0>0.999037,0.0438546,-4.65661e-10</row0>
          <row1>-0.0436713,0.994862,-0.0913293</row1>
          <row2>-0.00400521,0.0912414,0.995820</row2>
        </orientation>
      </transform>
      <snapped>false</snapped>
    </blockref>
    <blockref>
      <blockid>flora_parts~, fe_cap_02a</blockid>
      <transform>
        <scale>0,509156</scale>
        <position>-0.0784901,0.188350,2.654689</position>
        <triangledirection>0.877639,-0.465255,-0.115263</triangledirection>
        <trianglepickorigin>0,0,0</trianglepickorigin>
        <orientation>
          <row0>-0.468377,-0.883528,-3.61353e-7</row0>
          <row1>0.877639,-0.465255,-0.115263</row1>
          <row2>0.101838,-0.0539869,0.993335</row2>
        </orientation>
      </transform>
      <snapped>false</snapped>
    </blockref>
    <blockref>
      <blockid>flora_parts~, fe_cap_02a</blockid>
      <transform>
        <scale>0,509156</scale>
        <position>0.105455,0.0114985,2.767693</position>
        <triangledirection>-0.0363423,0.998534,0.0401066</triangledirection>
        <trianglepickorigin>0,0,0</trianglepickorigin>
        <orientation>
          <row0>0.999338,0.0363715,1.39698e-9</row0>
          <row1>-0.0363423,0.998534,0.0401066</row1>
          <row2>0.00145873,-0.0400800,0.999195</row2>
        </orientation>
      </transform>
      <snapped>false</snapped>
    </blockref>
    <blockref>
      <blockid>flora_parts~, fe_cap_02a</blockid>
      <transform>
        <scale>0,509156</scale>
        <position>-0.0890322,0.0540695,2.396771</position>
        <triangledirection>0.807741,0.581107,-0.0993416</triangledirection>
        <trianglepickorigin>0,0,0</trianglepickorigin>
        <orientation>
          <row0>0.583995,-0.811756,7.07805e-8</row0>
          <row1>0.807741,0.581107,-0.0993416</row1>
          <row2>0.0806411,0.0580151,0.995053</row2>
        </orientation>
      </transform>
      <snapped>false</snapped>
    </blockref>
    <blockref>
      <blockid>flora_parts~, fe_cap_02a</blockid>
      <transform>
        <scale>0,509156</scale>
        <position>0.0419303,-0.0900152,3.266091</position>
        <triangledirection>0.0169168,0.950995,0.308740</triangledirection>
        <trianglepickorigin>0,0,0</trianglepickorigin>
        <orientation>
          <row0>0.999841,-0.0177857,1.07102e-8</row0>
          <row1>0.0169168,0.950995,0.308740</row1>
          <row2>-0.00549117,-0.308691,0.951146</row2>
        </orientation>
      </transform>
      <snapped>false</snapped>
    </blockref>
  </blocks></sporemodel>