spore0006438f63474066620007730cdab9fea735ffffffffffffffffffffffffffffffff0000000ec178f7e40dsporeautotestfffffffffffffffe07Dantius00006gaprop00<?xml version="1.0" encoding="UTF-8"?><sporemodel>
  <properties>
    <modeltype>PlantLarge</modeltype>
    <skineffectseed1>1234</skineffectseed1>
    <skineffectseed2>1234</skineffectseed2>
    <skineffectseed3>1234</skineffectseed3>
    <skincolor1>0.576469,0.560783,0.341175</skincolor1>
    <skincolor2>0.317647,0.443136,0.141176</skincolor2>
    <skincolor3>0.219607,0.443136,0.203921</skincolor3>
    <zcorpscore>15</zcorpscore>
  </properties>
  <blocks count="27">
    <blockref>
      <blockid>flora_parts~, fe_root_dummy</blockid>
      <transform>
        <scale>0,927743</scale>
        <position>0,0,0.349999</position>
        <triangledirection>0,1,0</triangledirection>
        <trianglepickorigin>0,0,0</trianglepickorigin>
        <orientation>
          <row0>1,0,0</row0>
          <row1>0,1,0</row1>
          <row2>0,0,1</row2>
        </orientation>
      </transform>
      <snapped>false</snapped>
      <childlist count="4">
        <childid>8</childid>
        <childid>7</childid>
        <childid>3</childid>
        <childid>1</childid>
      </childlist>
    </blockref>
    <blockref>
      <blockid>flora_parts~, FE_muscle_branch_04</blockid>
      <transform>
        <limbtype>0</limbtype>
        <musclescale>0.425000</musclescale>
        <basemusclescale>3</basemusclescale>
        <scale>1</scale>
        <position>0,0,0.349999</position>
        <triangledirection>-0.00436395,0.0160355,0.999861</triangledirection>
        <trianglepickorigin>0,0,0</trianglepickorigin>
        <orientation>
          <row0>-0.0934407,-0.995503,0.0155577</row0>
          <row1>-0.00436395,0.0160355,0.999861</row1>
          <row2>-0.995615,0.0933599,-0.00584269</row2>
        </orientation>
      </transform>
      <snapped>true</snapped>
      <childlist count="1">
        <childid>2</childid>
      </childlist>
      <handles count="1">
        <weight channel="longer">0.317331</weight>
      </handles>
    </blockref>
    <blockref>
      <blockid>Creature_parts~, ce_grasper_null</blockid>
      <transform>
        <basemusclescale>0.5</basemusclescale>
        <scale>1</scale>
        <position>0.00971188,-0.0356891,-1.875264</position>
        <triangledirection>-3.77184e-8,4.03553e-7,-1</triangledirection>
        <trianglepickorigin>0,0,0</trianglepickorigin>
        <orientation>
          <row0>1,-2.08615e-7,-3.77185e-8</row0>
          <row1>-3.77184e-8,4.03553e-7,-1</row1>
          <row2>2.08615e-7,1,4.03553e-7</row2>
        </orientation>
      </transform>
      <snapped>true</snapped>
    </blockref>
    <blockref>
      <blockid>flora_parts~, fe_muscle_branch_01</blockid>
      <transform>
        <limbtype>0</limbtype>
        <musclescale>1</musclescale>
        <basemusclescale>3</basemusclescale>
        <scale>1</scale>
        <position>0,0,0.349999</position>
        <triangledirection>-0.414997,-0.204836,-0.886464</triangledirection>
        <trianglepickorigin>0,0,0</trianglepickorigin>
        <orientation>
          <row0>0.741817,0.487934,-0.460028</row0>
          <row1>-0.414997,-0.204836,-0.886464</row1>
          <row2>-0.526767,0.848505,0.0505404</row2>
        </orientation>
      </transform>
      <snapped>true</snapped>
      <childlist count="4">
        <childid>17</childid>
        <childid>13</childid>
        <childid>12</childid>
        <childid>4</childid>
      </childlist>
      <handles count="1">
        <weight channel="longer">0.00555498</weight>
      </handles>
    </blockref>
    <blockref>
      <blockid>flora_parts~, fe_muscle_branch_01</blockid>
      <transform>
        <limbtype>0</limbtype>
        <musclescale>1</musclescale>
        <basemusclescale>1.25</basemusclescale>
        <scale>1</scale>
        <position>0.111577,0.0550730,0.588336</position>
        <triangledirection>0.986902,-0.0625241,0.148707</triangledirection>
        <trianglepickorigin>0,0,0</trianglepickorigin>
        <orientation>
          <row0>-0.158214,-0.195229,0.967912</row0>
          <row1>0.986902,-0.0625241,0.148707</row1>
          <row2>0.0314857,0.978762,0.202565</row2>
        </orientation>
      </transform>
      <snapped>true</snapped>
      <childlist count="1">
        <childid>5</childid>
      </childlist>
      <handles count="1">
        <weight channel="longer">0.0967068</weight>
      </handles>
    </blockref>
    <blockref>
      <blockid>flora_parts~, fe_muscle_branch_01</blockid>
      <transform>
        <limbtype>0</limbtype>
        <musclescale>1</musclescale>
        <basemusclescale>0.800000</basemusclescale>
        <scale>1</scale>
        <position>-0.718340,0.107651,0.463283</position>
        <triangledirection>1.49011e-8,-1.49011e-7,-1</triangledirection>
        <trianglepickorigin>0,0,0</trianglepickorigin>
        <orientation>
          <row0>0.992234,0.124380,-3.74861e-9</row0>
          <row1>1.49011e-8,-1.49011e-7,-1</row1>
          <row2>-0.124380,0.992234,-1.49707e-7</row2>
        </orientation>
      </transform>
      <snapped>true</snapped>
      <childlist count="1">
        <childid>6</childid>
      </childlist>
      <handles count="1">
        <weight channel="longer">0.0967068</weight>
      </handles>
    </blockref>
    <blockref>
      <blockid>Creature_parts~, ce_grasper_null</blockid>
      <transform>
        <basemusclescale>0.400000</basemusclescale>
        <scale>1</scale>
        <position>-0.718340,0.107651,1.304216</position>
        <triangledirection>-0.564659,0.779420,-0.271408</triangledirection>
        <trianglepickorigin>0,0,0</trianglepickorigin>
        <orientation>
          <row0>0.340904,0.519749,0.783354</row0>
          <row1>-0.564659,0.779420,-0.271408</row1>
          <row2>-0.751627,-0.349804,0.559189</row2>
        </orientation>
      </transform>
      <snapped>true</snapped>
    </blockref>
    <blockref>
      <blockid>flora_parts~, FE_muscle_branch_04</blockid>
      <transform>
        <limbtype>0</limbtype>
        <musclescale>0.5</musclescale>
        <basemusclescale>3</basemusclescale>
        <scale>1</scale>
        <position>0,0,0.349999</position>
        <triangledirection>-0.838241,0.540022,0.0756695</triangledirection>
        <trianglepickorigin>0,0,0</trianglepickorigin>
        <orientation>
          <row0>0.220446,0.462517,-0.858767</row0>
          <row1>-0.838241,0.540022,0.0756695</row1>
          <row2>0.498752,0.703173,0.506747</row2>
        </orientation>
      </transform>
      <snapped>true</snapped>
      <childlist count="2">
        <childid>11</childid>
        <childid>10</childid>
      </childlist>
      <handles count="1">
        <weight channel="longer">0.162245</weight>
      </handles>
    </blockref>
    <blockref>
      <blockid>flora_parts~, FE_muscle_branch_04</blockid>
      <transform>
        <limbtype>0</limbtype>
        <musclescale>0.5</musclescale>
        <basemusclescale>3</basemusclescale>
        <scale>1</scale>
        <position>0,0,0.349999</position>
        <triangledirection>0.447417,0.885457,0.125626</triangledirection>
        <trianglepickorigin>0,0,0</trianglepickorigin>
        <orientation>
          <row0>0.685908,-0.429886,0.587134</row0>
          <row1>0.447417,0.885457,0.125626</row1>
          <row2>-0.573888,0.176526,0.799681</row2>
        </orientation>
      </transform>
      <snapped>true</snapped>
      <childlist count="4">
        <childid>22</childid>
        <childid>16</childid>
        <childid>14</childid>
        <childid>9</childid>
      </childlist>
      <handles count="1">
        <weight channel="longer">0.162245</weight>
      </handles>
    </blockref>
    <blockref>
      <blockid>Creature_parts~, ce_grasper_null</blockid>
      <transform>
        <basemusclescale>1</basemusclescale>
        <scale>1</scale>
        <position>-0.560277,-1.108814,0.192682</position>
        <triangledirection>0.447417,0.885457,0.125626</triangledirection>
        <trianglepickorigin>0,0,0</trianglepickorigin>
        <orientation>
          <row0>0.685908,-0.429886,0.587134</row0>
          <row1>0.447417,0.885457,0.125626</row1>
          <row2>-0.573888,0.176526,0.799681</row2>
        </orientation>
      </transform>
      <snapped>true</snapped>
    </blockref>
    <blockref>
      <blockid>Creature_parts~, ce_grasper_null</blockid>
      <transform>
        <basemusclescale>1</basemusclescale>
        <scale>1</scale>
        <position>1.049687,-0.676242,0.255241</position>
        <triangledirection>-0.838241,0.540022,0.0756695</triangledirection>
        <trianglepickorigin>0,0,0</trianglepickorigin>
        <orientation>
          <row0>0.220446,0.462517,-0.858767</row0>
          <row1>-0.838241,0.540022,0.0756695</row1>
          <row2>0.498752,0.703173,0.506747</row2>
        </orientation>
      </transform>
      <snapped>true</snapped>
    </blockref>
    <blockref>
      <blockid>flora_parts~, FE_leaf_12</blockid>
      <transform>
        <scale>1</scale>
        <position>1.122704,-0.550864,0.304965</position>
        <triangledirection>-0.127803,-0.0568235,-0.990169</triangledirection>
        <trianglepickorigin>0,0,0</trianglepickorigin>
        <orientation>
          <row0>-0.368055,0.929803,8.19563e-8</row0>
          <row1>-0.861891,-0.341173,-0.375157</row1>
          <row2>-0.348822,-0.138078,0.926961</row2>
        </orientation>
        <userorientation>
          <userorientation_row0>0.999932,0.0115678,9.31322e-10</userorientation_row0>
          <userorientation_row1>-0.00579597,0.501008,-0.865422</userorientation_row1>
          <userorientation_row2>-0.0100109,0.865364,0.501042</userorientation_row2>
        </userorientation>
      </transform>
      <snapped>false</snapped>
      <handles count="3">
        <weight channel="DeformAxisForwardb">0.871829</weight>
        <weight channel="DeformAxisForward">0</weight>
        <weight channel="DeformAxisLeft">0.702033</weight>
      </handles>
    </blockref>
    <blockref>
      <blockid>flora_parts~, FE_leaf_12</blockid>
      <transform>
        <scale>1</scale>
        <position>0.197733,0.454201,0.0344680</position>
        <triangledirection>-0.0214750,-0.200959,-0.979363</triangledirection>
        <trianglepickorigin>0,0,0</trianglepickorigin>
        <orientation>
          <row0>-0.963706,0.266965,-3.87430e-7</row0>
          <row1>-0.213208,-0.769650,0.601814</row1>
          <row2>0.160663,0.579972,0.798636</row2>
        </orientation>
        <userorientation>
          <userorientation_row0>0.997302,0.0450722,-0.0579190</userorientation_row0>
          <userorientation_row1>-0.0329530,-0.430147,-0.902156</userorientation_row1>
          <userorientation_row2>-0.0655761,0.901632,-0.427503</userorientation_row2>
        </userorientation>
      </transform>
      <snapped>false</snapped>
      <childlist count="1">
        <childid>15</childid>
      </childlist>
      <handles count="3">
        <weight channel="DeformAxisForwardb">0.871829</weight>
        <weight channel="DeformAxisForward">0</weight>
        <weight channel="DeformAxisLeft">0.702033</weight>
      </handles>
    </blockref>
    <blockref>
      <blockid>flora_parts~, FE_leaf_12</blockid>
      <transform>
        <scale>1</scale>
        <position>-0.433463,0.0894120,0.00206523</position>
        <triangledirection>0.224030,-0.0204454,-0.974367</triangledirection>
        <trianglepickorigin>0,0,0</trianglepickorigin>
        <orientation>
          <row0>-0.235779,-0.971806,2.83122e-7</row0>
          <row1>0.762052,-0.184889,0.620557</row1>
          <row2>-0.603061,0.146315,0.784160</row2>
        </orientation>
        <userorientation>
          <userorientation_row0>0.997302,0.0450722,-0.0579190</userorientation_row0>
          <userorientation_row1>-0.0329530,-0.430147,-0.902156</userorientation_row1>
          <userorientation_row2>-0.0655761,0.901632,-0.427503</userorientation_row2>
        </userorientation>
      </transform>
      <snapped>false</snapped>
      <handles count="3">
        <weight channel="DeformAxisForwardb">0.871829</weight>
        <weight channel="DeformAxisForward">0</weight>
        <weight channel="DeformAxisLeft">0.702033</weight>
      </handles>
    </blockref>
    <blockref>
      <blockid>flora_parts~, FE_leaf_12</blockid>
      <transform>
        <scale>1</scale>
        <position>-0.0383697,-0.759801,0.450273</position>
        <triangledirection>-0.129934,0.158278,-0.978807</triangledirection>
        <trianglepickorigin>0,0,0</trianglepickorigin>
        <orientation>
          <row0>0.795468,0.605994,1.93715e-7</row0>
          <row1>-0.573428,0.752719,-0.323408</row1>
          <row2>-0.195983,0.257260,0.946259</row2>
        </orientation>
        <userorientation>
          <userorientation_row0>0.994337,0.0949449,0.0477201</userorientation_row0>
          <userorientation_row1>-0.00744285,0.510201,-0.860022</userorientation_row1>
          <userorientation_row2>-0.106000,0.854797,0.508020</userorientation_row2>
        </userorientation>
      </transform>
      <snapped>false</snapped>
      <handles count="3">
        <weight channel="DeformAxisForwardb">0.871829</weight>
        <weight channel="DeformAxisForward">0</weight>
        <weight channel="DeformAxisLeft">0.702033</weight>
      </handles>
    </blockref>
    <blockref>
      <blockid>flora_parts~, FE_leaf_12</blockid>
      <transform>
        <scale>0,740818</scale>
        <position>-0.391460,-0.0782762,0.871837</position>
        <triangledirection>0.152015,-0.0705783,-0.985853</triangledirection>
        <trianglepickorigin>0,0,0</trianglepickorigin>
        <orientation>
          <row0>0.691996,-0.721900,-1.93715e-7</row0>
          <row1>0.562294,0.539001,0.627138</row1>
          <row2>-0.452731,-0.433977,0.778907</row2>
        </orientation>
        <userorientation>
          <userorientation_row0>0.983579,0.0150872,0.179843</userorientation_row0>
          <userorientation_row1>0.156145,-0.570831,-0.806082</userorientation_row1>
          <userorientation_row2>0.0904990,0.820927,-0.563814</userorientation_row2>
        </userorientation>
      </transform>
      <snapped>false</snapped>
      <handles count="3">
        <weight channel="DeformAxisForwardb">0.871829</weight>
        <weight channel="DeformAxisForward">0</weight>
        <weight channel="DeformAxisLeft">0.702033</weight>
      </handles>
    </blockref>
    <blockref>
      <blockid>flora_parts~, FE_leaf_12</blockid>
      <transform>
        <scale>0,687288</scale>
        <position>-0.466258,-1.057767,0.0299999</position>
        <triangledirection>-0.0633860,0.132767,-0.989118</triangledirection>
        <trianglepickorigin>0,0,0</trianglepickorigin>
        <orientation>
          <row0>0.334880,0.942260,6.33299e-8</row0>
          <row1>-0.138250,0.0491341,0.989177</row1>
          <row2>0.932063,-0.331256,0.146721</row2>
        </orientation>
        <userorientation>
          <userorientation_row0>0.994337,0.0949449,0.0477202</userorientation_row0>
          <userorientation_row1>0.103874,-0.963127,-0.248185</userorientation_row1>
          <userorientation_row2>0.0223965,0.251736,-0.967536</userorientation_row2>
        </userorientation>
      </transform>
      <snapped>false</snapped>
      <handles count="3">
        <weight channel="DeformAxisForwardb">0.871829</weight>
        <weight channel="DeformAxisForward">0</weight>
        <weight channel="DeformAxisLeft">0.702033</weight>
      </handles>
    </blockref>
    <blockref>
      <blockid>flora_parts~, FE_leaf_03</blockid>
      <transform>
        <scale>1</scale>
        <position>-0.298572,-0.253488,0.850154</position>
        <triangledirection>-0.0592459,0.0452265,-0.997218</triangledirection>
        <trianglepickorigin>0,0,0</trianglepickorigin>
        <orientation>
          <row0>0.700593,-0.713560,2.98023e-7</row0>
          <row1>0.451494,0.443289,-0.774368</row1>
          <row2>0.552558,0.542517,0.632734</row2>
        </orientation>
        <userorientation>
          <userorientation_row0>0.997239,0.0512863,-0.0536869</userorientation_row0>
          <userorientation_row1>-0.0737794,0.765514,-0.639174</userorientation_row1>
          <userorientation_row2>0.00831722,0.641371,0.767184</userorientation_row2>
        </userorientation>
      </transform>
      <snapped>false</snapped>
      <childlist count="4">
        <childid>21</childid>
        <childid>20</childid>
        <childid>19</childid>
        <childid>18</childid>
      </childlist>
      <handles count="3">
        <weight channel="DeformAxisForward">1</weight>
        <weight channel="DeformAxisLeft">0.213030</weight>
        <weight channel="DeformAxisUp">0.496135</weight>
      </handles>
    </blockref>
    <blockref>
      <blockid>flora_parts~, fe_cap_01a</blockid>
      <transform>
        <scale>0,509156</scale>
        <position>-0.173629,-0.335896,4.246804</position>
        <triangledirection>-0.109276,-0.980949,0.160617</triangledirection>
        <trianglepickorigin>0,0,0</trianglepickorigin>
        <orientation>
          <row0>-0.993852,0.110713,8.94069e-8</row0>
          <row1>-0.109276,-0.980949,0.160617</row1>
          <row2>0.0177825,0.159629,0.987016</row2>
        </orientation>
      </transform>
      <snapped>false</snapped>
    </blockref>
    <blockref>
      <blockid>flora_parts~, fe_cap_01a</blockid>
      <transform>
        <scale>0,509156</scale>
        <position>-0.103297,-0.476112,4.261417</position>
        <triangledirection>-0.998643,-0.0452711,0.0257287</triangledirection>
        <trianglepickorigin>0,0,0</trianglepickorigin>
        <orientation>
          <row0>-0.0452861,0.998974,2.44472e-9</row0>
          <row1>-0.998643,-0.0452711,0.0257287</row1>
          <row2>0.0257023,0.00116515,0.999668</row2>
        </orientation>
      </transform>
      <snapped>false</snapped>
    </blockref>
    <blockref>
      <blockid>flora_parts~, fe_cap_01a</blockid>
      <transform>
        <scale>0,509156</scale>
        <position>-0.257008,-0.357541,4.327527</position>
        <triangledirection>0.998359,0.0514104,0.0251972</triangledirection>
        <trianglepickorigin>0,0,0</trianglepickorigin>
        <orientation>
          <row0>0.0514267,-0.998676,-2.91038e-9</row0>
          <row1>0.998359,0.0514104,0.0251972</row1>
          <row2>-0.0251638,-0.00129581,0.999682</row2>
        </orientation>
      </transform>
      <snapped>false</snapped>
    </blockref>
    <blockref>
      <blockid>flora_parts~, fe_cap_01a</blockid>
      <transform>
        <scale>0,509156</scale>
        <position>-0.240656,-0.432551,4.245810</position>
        <triangledirection>0.970595,0.0617497,0.232662</triangledirection>
        <trianglepickorigin>0,0,0</trianglepickorigin>
        <orientation>
          <row0>0.0634921,-0.997982,-3.72529e-8</row0>
          <row1>0.970595,0.0617497,0.232662</row1>
          <row2>-0.232192,-0.0147722,0.972557</row2>
        </orientation>
      </transform>
      <snapped>false</snapped>
    </blockref>
    <blockref>
      <blockid>flora_parts~, FE_leaf_03</blockid>
      <transform>
        <scale>1</scale>
        <position>0.399493,-0.0341452,0.763867</position>
        <triangledirection>-0.0340148,-0.0670233,-0.997171</triangledirection>
        <trianglepickorigin>0,0,0</trianglepickorigin>
        <orientation>
          <row0>-0.0271340,0.999631,-6.33299e-8</row0>
          <row1>-0.594109,-0.0161266,-0.804222</row1>
          <row2>-0.803926,-0.0218218,0.594328</row2>
        </orientation>
        <userorientation>
          <userorientation_row0>0.862729,-0.236772,-0.446804</userorientation_row0>
          <userorientation_row1>-0.0660756,0.823236,-0.563839</userorientation_row1>
          <userorientation_row2>0.501327,0.515963,0.694586</userorientation_row2>
        </userorientation>
      </transform>
      <snapped>false</snapped>
      <childlist count="4">
        <childid>26</childid>
        <childid>25</childid>
        <childid>24</childid>
        <childid>23</childid>
      </childlist>
      <handles count="3">
        <weight channel="DeformAxisForward">0.914785</weight>
        <weight channel="DeformAxisLeft">0.108171</weight>
        <weight channel="DeformAxisUp">0.496135</weight>
      </handles>
    </blockref>
    <blockref>
      <blockid>flora_parts~, fe_cap_01a</blockid>
      <transform>
        <scale>0,509156</scale>
        <position>0.454632,0.0394352,4.099521</position>
        <triangledirection>0.967926,0.194632,0.158862</triangledirection>
        <trianglepickorigin>0,0,0</trianglepickorigin>
        <orientation>
          <row0>0.197135,-0.980376,-3.16649e-8</row0>
          <row1>0.967926,0.194632,0.158862</row1>
          <row2>-0.155744,-0.0313174,0.987300</row2>
        </orientation>
      </transform>
      <snapped>false</snapped>
    </blockref>
    <blockref>
      <blockid>flora_parts~, fe_cap_01a</blockid>
      <transform>
        <scale>0,509156</scale>
        <position>0.527122,0.108696,4.116969</position>
        <triangledirection>0.341333,-0.936466,-0.0807570</triangledirection>
        <trianglepickorigin>0,0,0</trianglepickorigin>
        <orientation>
          <row0>-0.939535,-0.342451,9.31322e-9</row0>
          <row1>0.341333,-0.936466,-0.0807570</row1>
          <row2>0.0276554,-0.0758741,0.996733</row2>
        </orientation>
      </transform>
      <snapped>false</snapped>
    </blockref>
    <blockref>
      <blockid>flora_parts~, fe_cap_01a</blockid>
      <transform>
        <scale>0,509156</scale>
        <position>0.484241,-0.0138734,4.185087</position>
        <triangledirection>-0.344785,0.938424,0.0219529</triangledirection>
        <trianglepickorigin>0,0,0</trianglepickorigin>
        <orientation>
          <row0>0.938651,0.344868,-3.07336e-8</row0>
          <row1>-0.344785,0.938424,0.0219529</row1>
          <row2>0.00757089,-0.0206061,0.999759</row2>
        </orientation>
      </transform>
      <snapped>false</snapped>
    </blockref>
    <blockref>
      <blockid>flora_parts~, fe_cap_01a</blockid>
      <transform>
        <scale>0,509156</scale>
        <position>0.527932,0.0160381,4.101858</position>
        <triangledirection>-0.350851,0.903934,0.244551</triangledirection>
        <trianglepickorigin>0,0,0</trianglepickorigin>
        <orientation>
          <row0>0.932240,0.361838,-2.98023e-7</row0>
          <row1>-0.350851,0.903934,0.244551</row1>
          <row2>0.0884882,-0.227980,0.969636</row2>
        </orientation>
      </transform>
      <snapped>false</snapped>
    </blockref>
  </blocks></sporemodel>