spore0006438f63474066620007785601b9fea735ffffffffffffffffffffffffffffffff0000000ec178f89e0dsporeautotestfffffffffffffffe0bVoladmixtus00006gaprop00<?xml version="1.0" encoding="UTF-8"?><sporemodel>
  <properties>
    <modeltype>PlantMedium</modeltype>
    <skineffectseed1>1234</skineffectseed1>
    <skineffectseed2>1234</skineffectseed2>
    <skineffectseed3>1234</skineffectseed3>
    <skincolor1>0.694117,0.286274,0.129411</skincolor1>
    <skincolor2>0.674509,0.850979,0.427451</skincolor2>
    <skincolor3>1,0.929411,0.0509802</skincolor3>
    <zcorpscore>26</zcorpscore>
  </properties>
  <blocks count="28">
    <blockref>
      <blockid>flora_parts~, fe_root_dummy</blockid>
      <transform>
        <scale>1</scale>
        <position>0.0219304,0.00143325,0.600000</position>
        <triangledirection>0,1,0</triangledirection>
        <trianglepickorigin>0,0,0</trianglepickorigin>
        <orientation>
          <row0>1,0,0</row0>
          <row1>0,1,0</row1>
          <row2>0,0,1</row2>
        </orientation>
      </transform>
      <snapped>false</snapped>
      <childlist count="3">
        <childid>14</childid>
        <childid>10</childid>
        <childid>5</childid>
      </childlist>
    </blockref>
    <blockref>
      <blockid>Creature_parts~, ce_grasper_null</blockid>
      <transform>
        <basemusclescale>1.100000</basemusclescale>
        <scale>1</scale>
        <position>-2.640135,1.650595,3.122989</position>
        <triangledirection>0.240942,-0.239479,-0.940530</triangledirection>
        <trianglepickorigin>0,0,0</trianglepickorigin>
        <orientation>
          <row0>-0.784656,-0.618398,-0.0435534</row0>
          <row1>0.240942,-0.239479,-0.940530</row1>
          <row2>0.571192,-0.748487,0.336906</row2>
        </orientation>
      </transform>
      <snapped>false</snapped>
    </blockref>
    <blockref>
      <blockid>Creature_parts~, ce_grasper_null</blockid>
      <transform>
        <basemusclescale>1</basemusclescale>
        <scale>1</scale>
        <position>-2.281733,-0.156526,2.944823</position>
        <triangledirection>0.240960,-0.239477,-0.940525</triangledirection>
        <trianglepickorigin>0,0,0</trianglepickorigin>
        <orientation>
          <row0>-0.784640,-0.618419,-0.0435605</row0>
          <row1>0.240960,-0.239477,-0.940525</row1>
          <row2>0.571207,-0.748470,0.336917</row2>
        </orientation>
      </transform>
      <snapped>false</snapped>
    </blockref>
    <blockref>
      <blockid>Creature_parts~, ce_grasper_null</blockid>
      <transform>
        <basemusclescale>1</basemusclescale>
        <scale>1</scale>
        <position>0.203314,-1.786732,3.307368</position>
        <triangledirection>0,0,-1</triangledirection>
        <trianglepickorigin>0,0,0</trianglepickorigin>
        <orientation>
          <row0>1,0,0</row0>
          <row1>0,0,-1</row1>
          <row2>0,1,0</row2>
        </orientation>
      </transform>
      <snapped>false</snapped>
    </blockref>
    <blockref>
      <blockid>Creature_parts~, ce_grasper_null</blockid>
      <transform>
        <basemusclescale>1</basemusclescale>
        <scale>1</scale>
        <position>0.0219304,0.00143325,3.150254</position>
        <triangledirection>-0.100535,0.991115,-0.0870820</triangledirection>
        <trianglepickorigin>0,0,0</trianglepickorigin>
        <orientation>
          <row0>0.987913,0.109821,0.109388</row0>
          <row1>-0.100535,0.991115,-0.0870820</row1>
          <row2>-0.117980,0.0750321,0.990177</row2>
        </orientation>
      </transform>
      <snapped>false</snapped>
    </blockref>
    <blockref>
      <blockid>flora_parts~, fe_muscle_branch_01</blockid>
      <transform>
        <limbtype>0</limbtype>
        <musclescale>1</musclescale>
        <basemusclescale>2.200000</basemusclescale>
        <scale>1</scale>
        <position>0.0219304,0.00143325,0.600000</position>
        <triangledirection>0,-1.19209e-7,-1</triangledirection>
        <trianglepickorigin>0,0,0</trianglepickorigin>
        <orientation>
          <row0>0.997901,0.0647540,-7.71926e-9</row0>
          <row1>0,-1.19209e-7,-1</row1>
          <row2>-0.0647540,0.997901,-1.18958e-7</row2>
        </orientation>
      </transform>
      <snapped>true</snapped>
      <childlist count="3">
        <childid>12</childid>
        <childid>8</childid>
        <childid>6</childid>
      </childlist>
      <handles count="1">
        <weight channel="longer">0.00555498</weight>
      </handles>
    </blockref>
    <blockref>
      <blockid>flora_parts~, fe_muscle_branch_06</blockid>
      <transform>
        <limbtype>0</limbtype>
        <musclescale>0.5</musclescale>
        <basemusclescale>1.25</basemusclescale>
        <scale>1</scale>
        <position>0.0219304,0.00143329,0.868863</position>
        <triangledirection>-0.683503,-0.484142,0.546286</triangledirection>
        <trianglepickorigin>0,0,0</trianglepickorigin>
        <orientation>
          <row0>0.293161,-0.867451,-0.401974</row0>
          <row1>-0.683503,-0.484142,0.546286</row1>
          <row2>-0.668490,0.114600,-0.734838</row2>
        </orientation>
      </transform>
      <snapped>true</snapped>
      <childlist count="2">
        <childid>20</childid>
        <childid>7</childid>
      </childlist>
      <handles count="1">
        <weight channel="longer">0.162245</weight>
      </handles>
    </blockref>
    <blockref>
      <blockid>Creature_parts~, ce_grasper_null</blockid>
      <transform>
        <basemusclescale>1</basemusclescale>
        <scale>1</scale>
        <position>0.877847,0.607699,0.184776</position>
        <triangledirection>0,-1.19209e-7,-1</triangledirection>
        <trianglepickorigin>0,0,0</trianglepickorigin>
        <orientation>
          <row0>0.997901,0.0647540,-7.71926e-9</row0>
          <row1>0,-1.19209e-7,-1</row1>
          <row2>-0.0647540,0.997901,-1.18958e-7</row2>
        </orientation>
      </transform>
      <snapped>true</snapped>
    </blockref>
    <blockref>
      <blockid>flora_parts~, fe_muscle_branch_06</blockid>
      <transform>
        <limbtype>0</limbtype>
        <musclescale>0.5</musclescale>
        <basemusclescale>1.25</basemusclescale>
        <scale>1</scale>
        <position>0.0219304,0.00143329,0.868863</position>
        <triangledirection>0.792222,0.0917450,0.603296</triangledirection>
        <trianglepickorigin>0,0,0</trianglepickorigin>
        <orientation>
          <row0>-0.393871,-0.678248,0.620358</row0>
          <row1>0.792222,0.0917450,0.603296</row1>
          <row2>-0.466099,0.729083,0.501187</row2>
        </orientation>
      </transform>
      <snapped>true</snapped>
      <childlist count="2">
        <childid>19</childid>
        <childid>9</childid>
      </childlist>
      <handles count="1">
        <weight channel="longer">0.162245</weight>
      </handles>
    </blockref>
    <blockref>
      <blockid>Creature_parts~, ce_grasper_null</blockid>
      <transform>
        <basemusclescale>1</basemusclescale>
        <scale>1</scale>
        <position>-0.970129,-0.113453,0.113383</position>
        <triangledirection>0.438326,0.172561,0.882095</triangledirection>
        <trianglepickorigin>0,0,0</trianglepickorigin>
        <orientation>
          <row0>0.350645,-0.936465,0.00895631</row0>
          <row1>0.438326,0.172561,0.882095</row1>
          <row2>-0.827597,-0.305377,0.470985</row2>
        </orientation>
      </transform>
      <snapped>true</snapped>
    </blockref>
    <blockref>
      <blockid>flora_parts~, fe_trunk_02</blockid>
      <transform>
        <limbtype>2</limbtype>
        <musclescale>0.5</musclescale>
        <basemusclescale>2.200000</basemusclescale>
        <scale>1</scale>
        <position>0.0219304,0.00143325,0.600000</position>
        <triangledirection>0,-1.19209e-7,-1</triangledirection>
        <trianglepickorigin>0,0,0</trianglepickorigin>
        <orientation>
          <row0>1,0,0</row0>
          <row1>0,-1.19209e-7,-1</row1>
          <row2>0,1,-1.19209e-7</row2>
        </orientation>
      </transform>
      <snapped>true</snapped>
      <childlist count="8">
        <childid>25</childid>
        <childid>23</childid>
        <childid>22</childid>
        <childid>21</childid>
        <childid>18</childid>
        <childid>17</childid>
        <childid>16</childid>
        <childid>11</childid>
      </childlist>
      <handles count="3">
        <weight channel="DeformAxisForward">1</weight>
        <weight channel="DeformAxisLeft">1</weight>
        <weight channel="DeformAxisUp">1</weight>
      </handles>
    </blockref>
    <blockref>
      <blockid>Creature_parts~, ce_grasper_null</blockid>
      <transform>
        <basemusclescale>1</basemusclescale>
        <scale>1</scale>
        <position>0.0219304,0.00143370,4.300000</position>
        <triangledirection>0,-1.19209e-7,-1</triangledirection>
        <trianglepickorigin>0,0,0</trianglepickorigin>
        <orientation>
          <row0>1,0,0</row0>
          <row1>0,-1.19209e-7,-1</row1>
          <row2>0,1,-1.19209e-7</row2>
        </orientation>
      </transform>
      <snapped>true</snapped>
    </blockref>
    <blockref>
      <blockid>flora_parts~, fe_muscle_branch_06</blockid>
      <transform>
        <limbtype>0</limbtype>
        <musclescale>0.5</musclescale>
        <basemusclescale>1.25</basemusclescale>
        <scale>1</scale>
        <position>0.0219304,0.00143329,0.868863</position>
        <triangledirection>-0.361026,0.752067,0.551411</triangledirection>
        <trianglepickorigin>0,0,0</trianglepickorigin>
        <orientation>
          <row0>0.846661,0.0164657,0.531877</row0>
          <row1>-0.361026,0.752067,0.551411</row1>
          <row2>-0.390928,-0.658880,0.642690</row2>
        </orientation>
      </transform>
      <snapped>true</snapped>
      <childlist count="2">
        <childid>27</childid>
        <childid>13</childid>
      </childlist>
      <handles count="1">
        <weight channel="longer">0.162245</weight>
      </handles>
    </blockref>
    <blockref>
      <blockid>Creature_parts~, ce_grasper_null</blockid>
      <transform>
        <basemusclescale>1</basemusclescale>
        <scale>1</scale>
        <position>0.474025,-0.940343,0.178358</position>
        <triangledirection>0.0572953,0.446177,-0.893108</triangledirection>
        <trianglepickorigin>0,0,0</trianglepickorigin>
        <orientation>
          <row0>0.502937,-0.785672,-0.360239</row0>
          <row1>0.0572953,0.446177,-0.893108</row1>
          <row2>0.862421,0.428537,0.269414</row2>
        </orientation>
      </transform>
      <snapped>true</snapped>
    </blockref>
    <blockref>
      <blockid>flora_parts~, fe_muscle_branch_06</blockid>
      <transform>
        <limbtype>0</limbtype>
        <musclescale>0.5</musclescale>
        <basemusclescale>2.200000</basemusclescale>
        <scale>1</scale>
        <position>0.0219304,0.00143325,0.600000</position>
        <triangledirection>0,-1.19209e-7,-1</triangledirection>
        <trianglepickorigin>0,0,0</trianglepickorigin>
        <orientation>
          <row0>1,0,0</row0>
          <row1>0,-1.19209e-7,-1</row1>
          <row2>0,1,-1.19209e-7</row2>
        </orientation>
      </transform>
      <snapped>true</snapped>
      <childlist count="2">
        <childid>26</childid>
        <childid>15</childid>
      </childlist>
      <handles count="1">
        <weight channel="longer">0.162245</weight>
      </handles>
    </blockref>
    <blockref>
      <blockid>Creature_parts~, ce_grasper_null</blockid>
      <transform>
        <basemusclescale>1</basemusclescale>
        <scale>1</scale>
        <position>0.0219311,0.00143296,1.852249</position>
        <triangledirection>-0.451410,-0.875060,0.174638</triangledirection>
        <trianglepickorigin>0,0,0</trianglepickorigin>
        <orientation>
          <row0>0.257575,0.0595979,0.964418</row0>
          <row1>-0.451410,-0.875060,0.174638</row1>
          <row2>0.854332,-0.480331,-0.198491</row2>
        </orientation>
      </transform>
      <snapped>true</snapped>
    </blockref>
    <blockref>
      <blockid>flora_parts~, FE_leaf_15</blockid>
      <transform>
        <scale>2,857651</scale>
        <position>0.0571814,-0.0312202,3.954726</position>
        <triangledirection>0.0866035,0.0522904,-0.994868</triangledirection>
        <trianglepickorigin>0,0,0</trianglepickorigin>
        <orientation>
          <row0>0.996361,0.0852242,1.02445e-8</row0>
          <row1>-0.00838966,0.0980841,-0.995142</row1>
          <row2>-0.0848103,0.991522,0.0984423</row2>
        </orientation>
        <userorientation>
          <userorientation_row0>0.995862,-0.0908746,1.53667e-8</userorientation_row0>
          <userorientation_row1>0.0907448,0.994439,-0.0534348</userorientation_row1>
          <userorientation_row2>0.00485585,0.0532137,0.998571</userorientation_row2>
        </userorientation>
      </transform>
      <snapped>false</snapped>
      <handles count="3">
        <weight channel="DeformAxisForward">0</weight>
        <weight channel="DeformAxisUp">0.468315</weight>
        <weight channel="0x7c184950">0.680189</weight>
      </handles>
    </blockref>
    <blockref>
      <blockid>flora_parts~, FE_leaf_12</blockid>
      <transform>
        <scale>1,568312</scale>
        <position>-0.242528,0.0484497,3.931638</position>
        <triangledirection>0.247642,-0.0529197,-0.967405</triangledirection>
        <trianglepickorigin>0,0,0</trianglepickorigin>
        <orientation>
          <row0>-0.208974,-0.977921,2.53319e-7</row0>
          <row1>0.247642,-0.0529197,-0.967405</row1>
          <row2>0.946045,-0.202163,0.253234</row2>
        </orientation>
      </transform>
      <snapped>false</snapped>
      <handles count="3">
        <weight channel="DeformAxisForwardb">0.5</weight>
        <weight channel="DeformAxisForward">0</weight>
        <weight channel="DeformAxisLeft">0.374270</weight>
      </handles>
    </blockref>
    <blockref>
      <blockid>flora_parts~, FE_leaf_12</blockid>
      <transform>
        <scale>1,568312</scale>
        <position>0.236709,0.0231924,3.942809</position>
        <triangledirection>-0.483901,-0.0970396,-0.869725</triangledirection>
        <trianglepickorigin>0,0,0</trianglepickorigin>
        <orientation>
          <row0>-0.196620,0.980479,-4.73111e-7</row0>
          <row1>-0.134744,-0.0270214,-0.990512</row1>
          <row2>-0.971176,-0.194755,0.137426</row2>
        </orientation>
        <userorientation>
          <userorientation_row0>1,0,0</userorientation_row0>
          <userorientation_row1>0,0.929297,0.369329</userorientation_row1>
          <userorientation_row2>0,-0.369329,0.929297</userorientation_row2>
        </userorientation>
      </transform>
      <snapped>false</snapped>
      <handles count="3">
        <weight channel="DeformAxisForwardb">0.5</weight>
        <weight channel="DeformAxisForward">0</weight>
        <weight channel="DeformAxisLeft">0.374270</weight>
      </handles>
    </blockref>
    <blockref>
      <blockid>flora_parts~, FE_leaf_15</blockid>
      <transform>
        <scale>1,822118</scale>
        <position>-0.921330,-0.278391,0.571895</position>
        <triangledirection>0.323566,-0.131103,-0.937077</triangledirection>
        <trianglepickorigin>0,0,0</trianglepickorigin>
        <orientation>
          <row0>0.452986,-0.891517,2.75671e-7</row0>
          <row1>0.853650,0.433746,-0.288348</row1>
          <row2>0.257067,0.130618,0.957525</row2>
        </orientation>
        <userorientation>
          <userorientation_row0>0.893873,-0.447892,0.0195213</userorientation_row0>
          <userorientation_row1>0.263451,0.489552,-0.831221</userorientation_row1>
          <userorientation_row2>0.362742,0.748151,0.555596</userorientation_row2>
        </userorientation>
      </transform>
      <snapped>false</snapped>
      <handles count="3">
        <weight channel="DeformAxisForward">0.373647</weight>
        <weight channel="DeformAxisUp">0.468315</weight>
        <weight channel="0x7c184950">0.680189</weight>
      </handles>
    </blockref>
    <blockref>
      <blockid>flora_parts~, FE_leaf_15</blockid>
      <transform>
        <scale>1,822118</scale>
        <position>1.051274,0.511309,0.382290</position>
        <triangledirection>-0.259273,-0.198201,-0.945247</triangledirection>
        <trianglepickorigin>0,0,0</trianglepickorigin>
        <orientation>
          <row0>-0.249300,0.968426,0</row0>
          <row1>-0.834407,-0.214800,-0.507568</row1>
          <row2>-0.491542,-0.126537,0.861611</row2>
        </orientation>
        <userorientation>
          <userorientation_row0>0.102623,0.673570,0.731962</userorientation_row0>
          <userorientation_row1>-0.127307,0.738690,-0.661912</userorientation_row1>
          <userorientation_row2>-0.986539,-0.0252561,0.161556</userorientation_row2>
        </userorientation>
      </transform>
      <snapped>false</snapped>
      <handles count="3">
        <weight channel="DeformAxisForward">0.373647</weight>
        <weight channel="DeformAxisUp">0.808367</weight>
        <weight channel="0x7c184950">0.680189</weight>
      </handles>
    </blockref>
    <blockref>
      <blockid>flora_parts~, fe_cap_01a</blockid>
      <transform>
        <scale>1</scale>
        <position>-0.463733,-0.195386,3.351683</position>
        <triangledirection>0.855896,0.487219,-0.173374</triangledirection>
        <trianglepickorigin>0,0,0</trianglepickorigin>
        <orientation>
          <row0>0.494711,-0.869057,1.78813e-7</row0>
          <row1>0.855896,0.487219,-0.173374</row1>
          <row2>0.150671,0.0857702,0.984856</row2>
        </orientation>
      </transform>
      <snapped>false</snapped>
    </blockref>
    <blockref>
      <blockid>flora_parts~, fe_cap_01a</blockid>
      <transform>
        <scale>1</scale>
        <position>-0.232465,-0.455279,3.362388</position>
        <triangledirection>0.516343,0.838531,-0.173939</triangledirection>
        <trianglepickorigin>0,0,0</trianglepickorigin>
        <orientation>
          <row0>0.851511,-0.524335,-1.49011e-7</row0>
          <row1>0.516343,0.838531,-0.173939</row1>
          <row2>0.0912026,0.148111,0.984756</row2>
        </orientation>
      </transform>
      <snapped>false</snapped>
      <childlist count="1">
        <childid>24</childid>
      </childlist>
    </blockref>
    <blockref>
      <blockid>flora_parts~, fe_cap_01a</blockid>
      <transform>
        <scale>1</scale>
        <position>-0.205170,0.478679,3.308083</position>
        <triangledirection>0.485013,-0.857574,-0.171252</triangledirection>
        <trianglepickorigin>0,0,0</trianglepickorigin>
        <orientation>
          <row0>-0.870433,-0.492285,4.47034e-8</row0>
          <row1>0.485013,-0.857574,-0.171252</row1>
          <row2>0.0843050,-0.149063,0.985227</row2>
        </orientation>
      </transform>
      <snapped>false</snapped>
    </blockref>
    <blockref>
      <blockid>flora_parts~, fe_cap_01a</blockid>
      <transform>
        <scale>1</scale>
        <position>-0.338443,-0.556850,3.337921</position>
        <triangledirection>0.681656,-0.519653,0.515077</triangledirection>
        <trianglepickorigin>0,0,0</trianglepickorigin>
        <orientation>
          <row0>-0.606261,-0.795265,-3.72529e-7</row0>
          <row1>0.681656,-0.519653,0.515077</row1>
          <row2>-0.409623,0.312271,0.857143</row2>
        </orientation>
      </transform>
      <snapped>false</snapped>
    </blockref>
    <blockref>
      <blockid>flora_parts~, fe_cap_01a</blockid>
      <transform>
        <scale>1</scale>
        <position>-0.496191,0.178723,3.288286</position>
        <triangledirection>0.840857,-0.511801,-0.176120</triangledirection>
        <trianglepickorigin>0,0,0</trianglepickorigin>
        <orientation>
          <row0>-0.519928,-0.854209,-3.94880e-7</row0>
          <row1>0.840857,-0.511801,-0.176120</row1>
          <row2>0.150443,-0.0915701,0.984368</row2>
        </orientation>
      </transform>
      <snapped>false</snapped>
    </blockref>
    <blockref>
      <blockid>flora_parts~, FE_leaf_15</blockid>
      <transform>
        <scale>1,161834</scale>
        <position>0.00241876,0.549928,0.873842</position>
        <triangledirection>-0.158067,-0.987424,-0.00223233</triangledirection>
        <trianglepickorigin>0,0,0</trianglepickorigin>
        <orientation>
          <row0>-0.930318,-0.366753,-3.53902e-8</row0>
          <row1>0.365220,-0.926427,-0.0913556</row1>
          <row2>0.0335050,-0.0849898,0.995818</row2>
        </orientation>
        <userorientation>
          <userorientation_row0>0.845574,-0.514842,0.141209</userorientation_row0>
          <userorientation_row1>0.509195,0.857252,0.0764019</userorientation_row1>
          <userorientation_row2>-0.160387,0.00729976,0.987026</userorientation_row2>
        </userorientation>
      </transform>
      <snapped>false</snapped>
      <handles count="3">
        <weight channel="DeformAxisForward">0.795139</weight>
        <weight channel="DeformAxisUp">0.796649</weight>
        <weight channel="0x7c184950">1</weight>
      </handles>
    </blockref>
    <blockref>
      <blockid>flora_parts~, FE_leaf_15</blockid>
      <transform>
        <scale>1,161834</scale>
        <position>0.145046,-0.979952,0.344943</position>
        <triangledirection>0.547353,0.798020,-0.252123</triangledirection>
        <trianglepickorigin>0,0,0</trianglepickorigin>
        <orientation>
          <row0>0.535095,-0.844791,-8.94069e-8</row0>
          <row1>0.819897,0.519326,-0.240974</row1>
          <row2>0.203573,0.128944,0.970531</row2>
        </orientation>
        <userorientation>
          <userorientation_row0>0.912854,0.381473,0.145512</userorientation_row0>
          <userorientation_row1>-0.381274,0.923962,-0.0303676</userorientation_row1>
          <userorientation_row2>-0.146032,-0.0277593,0.988890</userorientation_row2>
        </userorientation>
      </transform>
      <snapped>false</snapped>
      <handles count="3">
        <weight channel="DeformAxisForward">0.795139</weight>
        <weight channel="DeformAxisUp">0.796649</weight>
        <weight channel="0x7c184950">1</weight>
      </handles>
    </blockref>
  </blocks></sporemodel>