spore0006438f634740666200077041cfb9fea735ffffffffffffffffffffffffffffffff0000000ec178f73d0dsporeautotestfffffffffffffffe0bAntali Reed00006gaprop00<?xml version="1.0" encoding="UTF-8"?><sporemodel>
  <properties>
    <modeltype>PlantLarge</modeltype>
    <skineffectseed1>1234</skineffectseed1>
    <skineffectseed2>1234</skineffectseed2>
    <skineffectseed3>1234</skineffectseed3>
    <skincolor1>0.345097,0.443136,0.203921</skincolor1>
    <skincolor2>0.274509,0.443136,0.262744</skincolor2>
    <skincolor3>0.541176,0.694117,0.317647</skincolor3>
    <zcorpscore>6</zcorpscore>
  </properties>
  <blocks count="26">
    <blockref>
      <blockid>flora_parts~, fe_root_dummy</blockid>
      <transform>
        <scale>0,927743</scale>
        <position>0,0,0.349999</position>
        <triangledirection>0,1,0</triangledirection>
        <trianglepickorigin>0,0,0</trianglepickorigin>
        <orientation>
          <row0>1,0,0</row0>
          <row1>0,1,0</row1>
          <row2>0,0,1</row2>
        </orientation>
      </transform>
      <snapped>false</snapped>
      <childlist count="2">
        <childid>3</childid>
        <childid>1</childid>
      </childlist>
    </blockref>
    <blockref>
      <blockid>flora_parts~, FE_muscle_branch_04</blockid>
      <transform>
        <limbtype>0</limbtype>
        <musclescale>0.425000</musclescale>
        <basemusclescale>3</basemusclescale>
        <scale>1</scale>
        <position>0,0,0.349999</position>
        <triangledirection>-0.00436395,0.0160355,0.999861</triangledirection>
        <trianglepickorigin>0,0,0</trianglepickorigin>
        <orientation>
          <row0>-0.0934407,-0.995503,0.0155577</row0>
          <row1>-0.00436395,0.0160355,0.999861</row1>
          <row2>-0.995615,0.0933599,-0.00584269</row2>
        </orientation>
      </transform>
      <snapped>true</snapped>
      <childlist count="1">
        <childid>2</childid>
      </childlist>
      <handles count="1">
        <weight channel="longer">0.317331</weight>
      </handles>
    </blockref>
    <blockref>
      <blockid>Creature_parts~, ce_grasper_null</blockid>
      <transform>
        <basemusclescale>0.5</basemusclescale>
        <scale>1</scale>
        <position>0.00971188,-0.0356891,-1.875264</position>
        <triangledirection>-3.77184e-8,4.03553e-7,-1</triangledirection>
        <trianglepickorigin>0,0,0</trianglepickorigin>
        <orientation>
          <row0>1,-2.08615e-7,-3.77185e-8</row0>
          <row1>-3.77184e-8,4.03553e-7,-1</row1>
          <row2>2.08615e-7,1,4.03553e-7</row2>
        </orientation>
      </transform>
      <snapped>true</snapped>
    </blockref>
    <blockref>
      <blockid>flora_parts~, fe_muscle_branch_01</blockid>
      <transform>
        <limbtype>0</limbtype>
        <musclescale>1</musclescale>
        <basemusclescale>3</basemusclescale>
        <scale>1</scale>
        <position>0,0,0.349999</position>
        <triangledirection>0,-1.19209e-7,-1</triangledirection>
        <trianglepickorigin>0,0,0</trianglepickorigin>
        <orientation>
          <row0>0.997901,0.0647540,-7.71926e-9</row0>
          <row1>0,-1.19209e-7,-1</row1>
          <row2>-0.0647540,0.997901,-1.18958e-7</row2>
        </orientation>
      </transform>
      <snapped>true</snapped>
      <childlist count="6">
        <childid>16</childid>
        <childid>15</childid>
        <childid>14</childid>
        <childid>6</childid>
        <childid>5</childid>
        <childid>4</childid>
      </childlist>
      <handles count="1">
        <weight channel="longer">0.00555498</weight>
      </handles>
    </blockref>
    <blockref>
      <blockid>flora_parts~, fe_muscle_branch_01</blockid>
      <transform>
        <limbtype>0</limbtype>
        <musclescale>1</musclescale>
        <basemusclescale>1.25</basemusclescale>
        <scale>1</scale>
        <position>0,0,0.618863</position>
        <triangledirection>-0.568168,0.468968,-0.676205</triangledirection>
        <trianglepickorigin>0,0,0</trianglepickorigin>
        <orientation>
          <row0>0.813772,0.198064,-0.546392</row0>
          <row1>-0.568168,0.468968,-0.676205</row1>
          <row2>0.122308,0.860720,0.494167</row2>
        </orientation>
      </transform>
      <snapped>true</snapped>
      <childlist count="1">
        <childid>9</childid>
      </childlist>
      <handles count="1">
        <weight channel="longer">0.0967068</weight>
      </handles>
    </blockref>
    <blockref>
      <blockid>flora_parts~, fe_muscle_branch_01</blockid>
      <transform>
        <limbtype>0</limbtype>
        <musclescale>1</musclescale>
        <basemusclescale>1.25</basemusclescale>
        <scale>1</scale>
        <position>0,0,0.618863</position>
        <triangledirection>-0.156026,-0.741802,-0.652215</triangledirection>
        <trianglepickorigin>0,0,0</trianglepickorigin>
        <orientation>
          <row0>0.980054,-0.0339838,-0.195801</row0>
          <row1>-0.156026,-0.741802,-0.652215</row1>
          <row2>-0.123081,0.669757,-0.732308</row2>
        </orientation>
      </transform>
      <snapped>true</snapped>
      <childlist count="1">
        <childid>11</childid>
      </childlist>
      <handles count="1">
        <weight channel="longer">0.0967068</weight>
      </handles>
    </blockref>
    <blockref>
      <blockid>flora_parts~, fe_muscle_branch_01</blockid>
      <transform>
        <limbtype>0</limbtype>
        <musclescale>1</musclescale>
        <basemusclescale>1.25</basemusclescale>
        <scale>1</scale>
        <position>0,0,0.618863</position>
        <triangledirection>0.596956,0.342565,-0.725460</triangledirection>
        <trianglepickorigin>0,0,0</trianglepickorigin>
        <orientation>
          <row0>0.781488,-0.0437935,0.622380</row0>
          <row1>0.596956,0.342565,-0.725460</row1>
          <row2>-0.181435,0.938472,0.293853</row2>
        </orientation>
      </transform>
      <snapped>true</snapped>
      <childlist count="2">
        <childid>13</childid>
        <childid>7</childid>
      </childlist>
      <handles count="1">
        <weight channel="longer">0.0967068</weight>
      </handles>
    </blockref>
    <blockref>
      <blockid>flora_parts~, fe_muscle_branch_01</blockid>
      <transform>
        <limbtype>0</limbtype>
        <musclescale>1</musclescale>
        <basemusclescale>0.800000</basemusclescale>
        <scale>1</scale>
        <position>-0.501997,-0.288073,1.228926</position>
        <triangledirection>0,-1.19209e-7,-1</triangledirection>
        <trianglepickorigin>0,0,0</trianglepickorigin>
        <orientation>
          <row0>0.992234,0.124380,-1.48272e-8</row0>
          <row1>0,-1.19209e-7,-1</row1>
          <row2>-0.124380,0.992234,-1.18283e-7</row2>
        </orientation>
      </transform>
      <snapped>true</snapped>
      <childlist count="1">
        <childid>8</childid>
      </childlist>
      <handles count="1">
        <weight channel="longer">0.0967068</weight>
      </handles>
    </blockref>
    <blockref>
      <blockid>Creature_parts~, ce_grasper_null</blockid>
      <transform>
        <basemusclescale>0.400000</basemusclescale>
        <scale>1</scale>
        <position>-0.501997,-0.288073,2.069859</position>
        <triangledirection>-0.564659,0.779420,-0.271408</triangledirection>
        <trianglepickorigin>0,0,0</trianglepickorigin>
        <orientation>
          <row0>0.340904,0.519749,0.783354</row0>
          <row1>-0.564659,0.779420,-0.271408</row1>
          <row2>-0.751627,-0.349804,0.559189</row2>
        </orientation>
      </transform>
      <snapped>true</snapped>
    </blockref>
    <blockref>
      <blockid>flora_parts~, fe_muscle_branch_01</blockid>
      <transform>
        <limbtype>0</limbtype>
        <musclescale>1</musclescale>
        <basemusclescale>0.699998</basemusclescale>
        <scale>1</scale>
        <position>0.477791,-0.394372,1.187505</position>
        <triangledirection>0,-1.19209e-7,-1</triangledirection>
        <trianglepickorigin>0,0,0</trianglepickorigin>
        <orientation>
          <row0>0.993480,0.114007,-1.35906e-8</row0>
          <row1>0,-1.19209e-7,-1</row1>
          <row2>-0.114007,0.993480,-1.18431e-7</row2>
        </orientation>
      </transform>
      <snapped>true</snapped>
      <childlist count="1">
        <childid>10</childid>
      </childlist>
      <handles count="1">
        <weight channel="longer">0.0967068</weight>
      </handles>
    </blockref>
    <blockref>
      <blockid>Creature_parts~, ce_grasper_null</blockid>
      <transform>
        <basemusclescale>0.350000</basemusclescale>
        <scale>1</scale>
        <position>0.477791,-0.394372,2.028448</position>
        <triangledirection>-0.644722,0.256967,0.719930</triangledirection>
        <trianglepickorigin>0,0,0</trianglepickorigin>
        <orientation>
          <row0>0.511387,0.845006,0.156354</row0>
          <row1>-0.644722,0.256967,0.719930</row1>
          <row2>0.568168,-0.468968,0.676204</row2>
        </orientation>
      </transform>
      <snapped>true</snapped>
    </blockref>
    <blockref>
      <blockid>flora_parts~, fe_muscle_branch_01</blockid>
      <transform>
        <limbtype>0</limbtype>
        <musclescale>1</musclescale>
        <basemusclescale>0.699998</basemusclescale>
        <scale>1</scale>
        <position>0.131208,0.623804,1.167333</position>
        <triangledirection>0,-1.19209e-7,-1</triangledirection>
        <trianglepickorigin>0,0,0</trianglepickorigin>
        <orientation>
          <row0>0.993791,0.111256,-1.32627e-8</row0>
          <row1>0,-1.19209e-7,-1</row1>
          <row2>-0.111256,0.993791,-1.18468e-7</row2>
        </orientation>
      </transform>
      <snapped>true</snapped>
      <childlist count="1">
        <childid>12</childid>
      </childlist>
      <handles count="1">
        <weight channel="longer">0.0967068</weight>
      </handles>
    </blockref>
    <blockref>
      <blockid>Creature_parts~, ce_grasper_null</blockid>
      <transform>
        <basemusclescale>0.400000</basemusclescale>
        <scale>1</scale>
        <position>0.131208,0.623804,2.008268</position>
        <triangledirection>-0.911136,0.363066,-0.194968</triangledirection>
        <trianglepickorigin>0,0,0</trianglepickorigin>
        <orientation>
          <row0>0.381425,0.563837,-0.732531</row0>
          <row1>-0.911136,0.363066,-0.194968</row1>
          <row2>0.156026,0.741801,0.652216</row2>
        </orientation>
      </transform>
      <snapped>true</snapped>
    </blockref>
    <blockref>
      <blockid>flora_parts~, FE_leaf_21</blockid>
      <transform>
        <scale>3,578701</scale>
        <position>-0.457339,-0.00714532,0.863461</position>
        <triangledirection>-0.0638720,0.0826843,-0.994526</triangledirection>
        <trianglepickorigin>0,0,0</trianglepickorigin>
        <orientation>
          <row0>-0.791379,-0.611325,9.31322e-9</row0>
          <row1>0.610998,-0.790956,0.0327006</row1>
          <row2>-0.0199907,0.0258786,0.999465</row2>
        </orientation>
        <userorientation>
          <userorientation_row0>1,0,0</userorientation_row0>
          <userorientation_row1>0,-0.136946,-0.990577</userorientation_row1>
          <userorientation_row2>0,0.990577,-0.136946</userorientation_row2>
        </userorientation>
      </transform>
      <snapped>false</snapped>
      <childlist count="2">
        <childid>25</childid>
        <childid>17</childid>
      </childlist>
      <handles count="4">
        <weight channel="Bend_vert">0.521373</weight>
        <weight channel="Length">1</weight>
        <weight channel="tweak_sideways">0.521175</weight>
        <weight channel="WidthHeight">0</weight>
      </handles>
    </blockref>
    <blockref>
      <blockid>flora_parts~, FE_leaf_21</blockid>
      <transform>
        <scale>3,578701</scale>
        <position>0.557848,-0.170200,0.448329</position>
        <triangledirection>0.0510579,-0.124695,-0.990879</triangledirection>
        <trianglepickorigin>0,0,0</trianglepickorigin>
        <orientation>
          <row0>0.452735,0.891644,-2.60770e-8</row0>
          <row1>-0.888179,0.450976,-0.0880779</row1>
          <row2>-0.0785342,0.0398760,0.996113</row2>
        </orientation>
        <userorientation>
          <userorientation_row0>0.996113,-6.40284e-9,-0.0880777</userorientation_row0>
          <userorientation_row1>-0.0880687,-0.0143088,-0.996011</userorientation_row1>
          <userorientation_row2>-0.00126028,0.999897,-0.0142532</userorientation_row2>
        </userorientation>
      </transform>
      <snapped>false</snapped>
      <handles count="4">
        <weight channel="Bend_vert">0.521373</weight>
        <weight channel="Length">1</weight>
        <weight channel="tweak_sideways">0.983175</weight>
        <weight channel="WidthHeight">0</weight>
      </handles>
    </blockref>
    <blockref>
      <blockid>flora_parts~, FE_leaf_21</blockid>
      <transform>
        <scale>3,578701</scale>
        <position>0.503229,0.00404070,0.702253</position>
        <triangledirection>-0.0621809,-0.0113542,-0.997999</triangledirection>
        <trianglepickorigin>0,0,0</trianglepickorigin>
        <orientation>
          <row0>0.114420,0.993432,-9.68575e-8</row0>
          <row1>-0.779571,0.0897889,-0.619844</row1>
          <row2>-0.615773,0.0709232,0.784725</row2>
        </orientation>
        <userorientation>
          <userorientation_row0>0.999829,0.0112485,-0.0146163</userorientation_row0>
          <userorientation_row1>-0.0183943,0.666059,-0.745670</userorientation_row1>
          <userorientation_row2>0.00134763,0.745813,0.666153</userorientation_row2>
        </userorientation>
      </transform>
      <snapped>false</snapped>
      <childlist count="5">
        <childid>22</childid>
        <childid>21</childid>
        <childid>20</childid>
        <childid>19</childid>
        <childid>18</childid>
      </childlist>
      <handles count="4">
        <weight channel="Bend_vert">0.521373</weight>
        <weight channel="Length">1</weight>
        <weight channel="tweak_sideways">0.592482</weight>
        <weight channel="WidthHeight">0</weight>
      </handles>
    </blockref>
    <blockref>
      <blockid>flora_parts~, FE_leaf_21</blockid>
      <transform>
        <scale>3,578701</scale>
        <position>0.425695,0.318210,0.652956</position>
        <triangledirection>0.0304031,0.0297558,-0.999094</triangledirection>
        <trianglepickorigin>0,0,0</trianglepickorigin>
        <orientation>
          <row0>-0.699456,0.714675,2.98023e-8</row0>
          <row1>-0.611152,-0.598138,-0.518384</row1>
          <row2>-0.370476,-0.362587,0.855147</row2>
        </orientation>
        <userorientation>
          <userorientation_row0>1,0,0</userorientation_row0>
          <userorientation_row1>0,0.481536,-0.876426</userorientation_row1>
          <userorientation_row2>0,0.876426,0.481536</userorientation_row2>
        </userorientation>
      </transform>
      <snapped>false</snapped>
      <childlist count="2">
        <childid>24</childid>
        <childid>23</childid>
      </childlist>
      <handles count="4">
        <weight channel="Bend_vert">0.521373</weight>
        <weight channel="Length">0.875563</weight>
        <weight channel="tweak_sideways">0.592482</weight>
        <weight channel="WidthHeight">0</weight>
      </handles>
    </blockref>
    <blockref>
      <blockid>flora_parts~, FE_leaf_21</blockid>
      <transform>
        <scale>3,578701</scale>
        <position>-0.648107,-0.0334115,0.889995</position>
        <triangledirection>0.0660701,-0.0849626,-0.994190</triangledirection>
        <trianglepickorigin>0,0,0</trianglepickorigin>
        <orientation>
          <row0>-0.789406,-0.613871,-1.11758e-7</row0>
          <row1>0.601480,-0.773472,-0.199903</row1>
          <row2>0.122714,-0.157804,0.979815</row2>
        </orientation>
        <userorientation>
          <userorientation_row0>0.00320195,0.952602,0.304197</userorientation_row0>
          <userorientation_row1>0,0.304197,-0.952607</userorientation_row1>
          <userorientation_row2>-0.999993,0.00305021,0.000974034</userorientation_row2>
        </userorientation>
      </transform>
      <snapped>false</snapped>
      <handles count="4">
        <weight channel="Bend_vert">0.521373</weight>
        <weight channel="Length">1</weight>
        <weight channel="tweak_sideways">0.521175</weight>
        <weight channel="WidthHeight">0</weight>
      </handles>
    </blockref>
    <blockref>
      <blockid>flora_parts~, fe_cap_01a</blockid>
      <transform>
        <scale>0,591554</scale>
        <position>0.613451,0.446321,5.721077</position>
        <triangledirection>0.985265,-0.114904,-0.126688</triangledirection>
        <trianglepickorigin>0,0,0</trianglepickorigin>
        <orientation>
          <row0>-0.115837,-0.993268,-9.87201e-8</row0>
          <row1>0.985265,-0.114904,-0.126688</row1>
          <row2>0.125835,-0.0146753,0.991942</row2>
        </orientation>
      </transform>
      <snapped>false</snapped>
    </blockref>
    <blockref>
      <blockid>flora_parts~, fe_cap_01a</blockid>
      <transform>
        <scale>0,591554</scale>
        <position>0.613422,0.547241,5.444532</position>
        <triangledirection>0.512347,-0.858766,0.00447776</triangledirection>
        <trianglepickorigin>0,0,0</trianglepickorigin>
        <orientation>
          <row0>-0.858775,-0.512352,1.16415e-9</row0>
          <row1>0.512347,-0.858766,0.00447776</row1>
          <row2>-0.00229419,0.00384539,0.999990</row2>
        </orientation>
      </transform>
      <snapped>false</snapped>
    </blockref>
    <blockref>
      <blockid>flora_parts~, fe_cap_01a</blockid>
      <transform>
        <scale>0,591554</scale>
        <position>0.540443,0.0467416,5.515706</position>
        <triangledirection>0.985265,-0.114904,-0.126688</triangledirection>
        <trianglepickorigin>0,0,0</trianglepickorigin>
        <orientation>
          <row0>-0.115837,-0.993268,-9.87201e-8</row0>
          <row1>0.985265,-0.114904,-0.126688</row1>
          <row2>0.125835,-0.0146753,0.991942</row2>
        </orientation>
      </transform>
      <snapped>false</snapped>
    </blockref>
    <blockref>
      <blockid>flora_parts~, fe_cap_01a</blockid>
      <transform>
        <scale>0,591554</scale>
        <position>0.636999,0.561592,5.498465</position>
        <triangledirection>0.512347,-0.858766,0.00447776</triangledirection>
        <trianglepickorigin>0,0,0</trianglepickorigin>
        <orientation>
          <row0>-0.858775,-0.512352,1.16415e-9</row0>
          <row1>0.512347,-0.858766,0.00447776</row1>
          <row2>-0.00229419,0.00384539,0.999990</row2>
        </orientation>
      </transform>
      <snapped>false</snapped>
    </blockref>
    <blockref>
      <blockid>flora_parts~, fe_cap_01a</blockid>
      <transform>
        <scale>0,591554</scale>
        <position>0.583056,0.439704,5.490707</position>
        <triangledirection>0.985265,-0.114904,-0.126688</triangledirection>
        <trianglepickorigin>0,0,0</trianglepickorigin>
        <orientation>
          <row0>-0.115837,-0.993268,-9.87201e-8</row0>
          <row1>0.985265,-0.114904,-0.126688</row1>
          <row2>0.125835,-0.0146753,0.991942</row2>
        </orientation>
      </transform>
      <snapped>false</snapped>
    </blockref>
    <blockref>
      <blockid>flora_parts~, fe_cap_01a</blockid>
      <transform>
        <scale>0,591554</scale>
        <position>-0.153651,0.561980,5.547973</position>
        <triangledirection>0.114569,-0.991436,0.0626631</triangledirection>
        <trianglepickorigin>0,0,0</trianglepickorigin>
        <orientation>
          <row0>-0.993389,-0.114794,-1.07102e-8</row0>
          <row1>0.114569,-0.991436,0.0626631</row1>
          <row2>-0.00719341,0.0622489,0.998034</row2>
        </orientation>
      </transform>
      <snapped>false</snapped>
    </blockref>
    <blockref>
      <blockid>flora_parts~, fe_cap_01a</blockid>
      <transform>
        <scale>0,591554</scale>
        <position>-0.0899643,0.573659,5.616266</position>
        <triangledirection>0.114569,-0.991436,0.0626631</triangledirection>
        <trianglepickorigin>0,0,0</trianglepickorigin>
        <orientation>
          <row0>-0.993389,-0.114794,-1.07102e-8</row0>
          <row1>0.114569,-0.991436,0.0626631</row1>
          <row2>-0.00719341,0.0622489,0.998034</row2>
        </orientation>
      </transform>
      <snapped>false</snapped>
    </blockref>
    <blockref>
      <blockid>flora_parts~, fe_cap_01a</blockid>
      <transform>
        <scale>0,591554</scale>
        <position>-0.170343,-0.337383,5.340762</position>
        <triangledirection>0.618044,-0.784791,-0.0460870</triangledirection>
        <trianglepickorigin>0,0,0</trianglepickorigin>
        <orientation>
          <row0>-0.785626,-0.618701,2.42143e-8</row0>
          <row1>0.618044,-0.784791,-0.0460870</row1>
          <row2>0.0285141,-0.0362071,0.998937</row2>
        </orientation>
      </transform>
      <snapped>false</snapped>
    </blockref>
  </blocks></sporemodel>