spore0006438f63474066620007719000b9fea735ffffffffffffffffffffffffffffffff0000000ec178f7990dsporeautotestfffffffffffffffe0aCrag Mable00006gaprop00<?xml version="1.0" encoding="UTF-8"?><sporemodel>
  <properties>
    <modeltype>PlantMedium</modeltype>
    <skineffectseed1>1234</skineffectseed1>
    <skineffectseed2>1234</skineffectseed2>
    <skineffectseed3>1234</skineffectseed3>
    <skincolor1>0.694117,0.352941,0.223528</skincolor1>
    <skincolor2>0.501959,0.694117,0.223528</skincolor2>
    <skincolor3>0.576469,0.474509,0.262744</skincolor3>
    <zcorpscore>14</zcorpscore>
  </properties>
  <blocks count="26">
    <blockref>
      <blockid>flora_parts~, fe_root_dummy</blockid>
      <transform>
        <scale>1</scale>
        <position>0.0219304,0.00143325,0.600000</position>
        <triangledirection>0,1,0</triangledirection>
        <trianglepickorigin>0,0,0</trianglepickorigin>
        <orientation>
          <row0>1,0,0</row0>
          <row1>0,1,0</row1>
          <row2>0,0,1</row2>
        </orientation>
      </transform>
      <snapped>false</snapped>
      <childlist count="2">
        <childid>18</childid>
        <childid>5</childid>
      </childlist>
    </blockref>
    <blockref>
      <blockid>Creature_parts~, ce_grasper_null</blockid>
      <transform>
        <basemusclescale>1.100000</basemusclescale>
        <scale>1</scale>
        <position>-2.640135,1.650595,3.122989</position>
        <triangledirection>0.240942,-0.239479,-0.940530</triangledirection>
        <trianglepickorigin>0,0,0</trianglepickorigin>
        <orientation>
          <row0>-0.784656,-0.618398,-0.0435534</row0>
          <row1>0.240942,-0.239479,-0.940530</row1>
          <row2>0.571192,-0.748487,0.336906</row2>
        </orientation>
      </transform>
      <snapped>false</snapped>
    </blockref>
    <blockref>
      <blockid>Creature_parts~, ce_grasper_null</blockid>
      <transform>
        <basemusclescale>1</basemusclescale>
        <scale>1</scale>
        <position>-2.281733,-0.156526,2.944823</position>
        <triangledirection>0.240960,-0.239477,-0.940525</triangledirection>
        <trianglepickorigin>0,0,0</trianglepickorigin>
        <orientation>
          <row0>-0.784640,-0.618419,-0.0435605</row0>
          <row1>0.240960,-0.239477,-0.940525</row1>
          <row2>0.571207,-0.748470,0.336917</row2>
        </orientation>
      </transform>
      <snapped>false</snapped>
    </blockref>
    <blockref>
      <blockid>Creature_parts~, ce_grasper_null</blockid>
      <transform>
        <basemusclescale>1</basemusclescale>
        <scale>1</scale>
        <position>0.203314,-1.786732,3.307368</position>
        <triangledirection>0,0,-1</triangledirection>
        <trianglepickorigin>0,0,0</trianglepickorigin>
        <orientation>
          <row0>1,0,0</row0>
          <row1>0,0,-1</row1>
          <row2>0,1,0</row2>
        </orientation>
      </transform>
      <snapped>false</snapped>
    </blockref>
    <blockref>
      <blockid>Creature_parts~, ce_grasper_null</blockid>
      <transform>
        <basemusclescale>1</basemusclescale>
        <scale>1</scale>
        <position>0.0219304,0.00143325,3.150254</position>
        <triangledirection>-0.100535,0.991115,-0.0870820</triangledirection>
        <trianglepickorigin>0,0,0</trianglepickorigin>
        <orientation>
          <row0>0.987913,0.109821,0.109388</row0>
          <row1>-0.100535,0.991115,-0.0870820</row1>
          <row2>-0.117980,0.0750321,0.990177</row2>
        </orientation>
      </transform>
      <snapped>false</snapped>
    </blockref>
    <blockref>
      <blockid>flora_parts~, fe_muscle_branch_01</blockid>
      <transform>
        <limbtype>0</limbtype>
        <musclescale>1</musclescale>
        <basemusclescale>2.200000</basemusclescale>
        <scale>1</scale>
        <position>0.0219304,0.00143325,0.600000</position>
        <triangledirection>0,-1.19209e-7,-1</triangledirection>
        <trianglepickorigin>0,0,0</trianglepickorigin>
        <orientation>
          <row0>0.997901,0.0647540,-7.71926e-9</row0>
          <row1>0,-1.19209e-7,-1</row1>
          <row2>-0.0647540,0.997901,-1.18958e-7</row2>
        </orientation>
      </transform>
      <snapped>true</snapped>
      <childlist count="2">
        <childid>8</childid>
        <childid>6</childid>
      </childlist>
      <handles count="1">
        <weight channel="longer">0.00555498</weight>
      </handles>
    </blockref>
    <blockref>
      <blockid>flora_parts~, fe_muscle_branch_06</blockid>
      <transform>
        <limbtype>0</limbtype>
        <musclescale>0.5</musclescale>
        <basemusclescale>1.25</basemusclescale>
        <scale>1</scale>
        <position>0.0219304,0.00143329,0.868863</position>
        <triangledirection>0.0215602,-0.470576,0.882095</triangledirection>
        <trianglepickorigin>0,0,0</trianglepickorigin>
        <orientation>
          <row0>0.343420,-0.825129,-0.448580</row0>
          <row1>0.0215602,-0.470576,0.882095</row1>
          <row2>-0.938934,-0.312600,-0.143815</row2>
        </orientation>
      </transform>
      <snapped>true</snapped>
      <childlist count="1">
        <childid>7</childid>
      </childlist>
      <handles count="1">
        <weight channel="longer">0.162245</weight>
      </handles>
    </blockref>
    <blockref>
      <blockid>Creature_parts~, ce_grasper_null</blockid>
      <transform>
        <basemusclescale>1</basemusclescale>
        <scale>1</scale>
        <position>-0.00506821,0.590712,-0.235740</position>
        <triangledirection>0,-1.19209e-7,-1</triangledirection>
        <trianglepickorigin>0,0,0</trianglepickorigin>
        <orientation>
          <row0>0.997901,0.0647540,-7.71926e-9</row0>
          <row1>0,-1.19209e-7,-1</row1>
          <row2>-0.0647540,0.997901,-1.18958e-7</row2>
        </orientation>
      </transform>
      <snapped>true</snapped>
    </blockref>
    <blockref>
      <blockid>flora_parts~, fe_muscle_branch_06</blockid>
      <transform>
        <limbtype>0</limbtype>
        <musclescale>0.5</musclescale>
        <basemusclescale>1.25</basemusclescale>
        <scale>1</scale>
        <position>0.0219304,0.00143329,0.868863</position>
        <triangledirection>0.240856,0.567962,0.787024</triangledirection>
        <trianglepickorigin>0,0,0</trianglepickorigin>
        <orientation>
          <row0>-0.197630,-0.765206,0.612699</row0>
          <row1>0.240856,0.567962,0.787024</row1>
          <row2>-0.950226,0.303112,0.0720578</row2>
        </orientation>
      </transform>
      <snapped>true</snapped>
      <childlist count="3">
        <childid>12</childid>
        <childid>11</childid>
        <childid>9</childid>
      </childlist>
      <handles count="1">
        <weight channel="longer">0.162245</weight>
      </handles>
    </blockref>
    <blockref>
      <blockid>Creature_parts~, ce_grasper_null</blockid>
      <transform>
        <basemusclescale>1</basemusclescale>
        <scale>1</scale>
        <position>-0.279682,-0.709796,-0.116687</position>
        <triangledirection>0.438326,0.172561,0.882095</triangledirection>
        <trianglepickorigin>0,0,0</trianglepickorigin>
        <orientation>
          <row0>0.350645,-0.936465,0.00895631</row0>
          <row1>0.438326,0.172561,0.882095</row1>
          <row2>-0.827597,-0.305377,0.470985</row2>
        </orientation>
      </transform>
      <snapped>true</snapped>
    </blockref>
    <blockref>
      <blockid>flora_parts~, fe_leaf_04</blockid>
      <transform>
        <scale>1,252323</scale>
        <position>-0.0801784,0.0314209,3.189755</position>
        <triangledirection>-0.0346179,0.00998103,-0.999349</triangledirection>
        <trianglepickorigin>0,0,0</trianglepickorigin>
        <orientation>
          <row0>-0.277029,-0.960861,-2.08616e-7</row0>
          <row1>0.746246,-0.215153,-0.629940</row1>
          <row2>0.605285,-0.174512,0.776643</row2>
        </orientation>
        <userorientation>
          <userorientation_row0>1,0,0</userorientation_row0>
          <userorientation_row1>0,0.601550,-0.798833</userorientation_row1>
          <userorientation_row2>0,0.798833,0.601550</userorientation_row2>
        </userorientation>
      </transform>
      <snapped>false</snapped>
      <childlist count="10">
        <childid>25</childid>
        <childid>24</childid>
        <childid>23</childid>
        <childid>22</childid>
        <childid>21</childid>
        <childid>17</childid>
        <childid>16</childid>
        <childid>15</childid>
        <childid>14</childid>
        <childid>13</childid>
      </childlist>
      <handles count="2">
        <weight channel="DeformAxisLeft">0.937916</weight>
        <weight channel="DeformAxisForward">0.297609</weight>
      </handles>
    </blockref>
    <blockref>
      <blockid>flora_parts~, fe_leaf_04</blockid>
      <transform>
        <scale>1</scale>
        <position>-0.374816,-0.253348,0.0299998</position>
        <triangledirection>0.0940728,-0.147916,-0.984515</triangledirection>
        <trianglepickorigin>0,0,0</trianglepickorigin>
        <orientation>
          <row0>-0.843805,-0.536648,-1.11758e-7</row0>
          <row1>0.523522,-0.823166,0.219820</row1>
          <row2>-0.117966,0.185485,0.975540</row2>
        </orientation>
        <userorientation>
          <userorientation_row0>1,0,0</userorientation_row0>
          <userorientation_row1>0,-0.0454072,-0.998968</userorientation_row1>
          <userorientation_row2>0,0.998968,-0.0454072</userorientation_row2>
        </userorientation>
      </transform>
      <snapped>false</snapped>
      <handles count="2">
        <weight channel="DeformAxisLeft">0.981872</weight>
        <weight channel="DeformAxisForward">0</weight>
      </handles>
    </blockref>
    <blockref>
      <blockid>flora_parts~, fe_leaf_04</blockid>
      <transform>
        <scale>1</scale>
        <position>0.0618403,-0.733847,0.0299998</position>
        <triangledirection>-0.546309,0.282483,-0.788510</triangledirection>
        <trianglepickorigin>0,0,0</trianglepickorigin>
        <orientation>
          <row0>0.459307,0.888277,-3.57627e-7</row0>
          <row1>-0.783377,0.405066,0.471424</row1>
          <row2>0.418755,-0.216528,0.881906</row2>
        </orientation>
        <userorientation>
          <userorientation_row0>1,0,0</userorientation_row0>
          <userorientation_row1>0,0.170668,-0.985328</userorientation_row1>
          <userorientation_row2>0,0.985328,0.170668</userorientation_row2>
        </userorientation>
      </transform>
      <snapped>false</snapped>
      <handles count="2">
        <weight channel="DeformAxisLeft">0.981872</weight>
        <weight channel="DeformAxisForward">0</weight>
      </handles>
    </blockref>
    <blockref>
      <blockid>flora_parts~, fe_cap_01a</blockid>
      <transform>
        <scale>1</scale>
        <position>-0.302915,0.263989,5.712538</position>
        <triangledirection>0.758164,-0.419678,0.499055</triangledirection>
        <trianglepickorigin>0,0,0</trianglepickorigin>
        <orientation>
          <row0>-0.484298,-0.874903,-4.76837e-7</row0>
          <row1>0.758164,-0.419678,0.499055</row1>
          <row2>-0.436625,0.241691,0.866570</row2>
        </orientation>
      </transform>
      <snapped>false</snapped>
    </blockref>
    <blockref>
      <blockid>flora_parts~, fe_cap_01a</blockid>
      <transform>
        <scale>1</scale>
        <position>-0.479642,-0.0882470,5.681883</position>
        <triangledirection>0.758164,-0.419678,0.499055</triangledirection>
        <trianglepickorigin>0,0,0</trianglepickorigin>
        <orientation>
          <row0>-0.484298,-0.874903,-4.76837e-7</row0>
          <row1>0.758164,-0.419678,0.499055</row1>
          <row2>-0.436625,0.241691,0.866570</row2>
        </orientation>
      </transform>
      <snapped>false</snapped>
    </blockref>
    <blockref>
      <blockid>flora_parts~, fe_cap_01a</blockid>
      <transform>
        <scale>1</scale>
        <position>-0.472216,-0.511418,5.613784</position>
        <triangledirection>0.708458,-0.210111,0.673750</triangledirection>
        <trianglepickorigin>0,0,0</trianglepickorigin>
        <orientation>
          <row0>-0.284334,-0.958725,0</row0>
          <row1>0.708458,-0.210111,0.673750</row1>
          <row2>-0.645941,0.191570,0.738958</row2>
        </orientation>
      </transform>
      <snapped>false</snapped>
    </blockref>
    <blockref>
      <blockid>flora_parts~, fe_cap_01a</blockid>
      <transform>
        <scale>1</scale>
        <position>0.276857,-0.652242,4.732494</position>
        <triangledirection>-0.736557,0.463817,0.492297</triangledirection>
        <trianglepickorigin>0,0,0</trianglepickorigin>
        <orientation>
          <row0>0.532861,0.846202,-2.53319e-7</row0>
          <row1>-0.736557,0.463817,0.492297</row1>
          <row2>0.416583,-0.262326,0.870427</row2>
        </orientation>
      </transform>
      <snapped>false</snapped>
    </blockref>
    <blockref>
      <blockid>flora_parts~, fe_cap_01a</blockid>
      <transform>
        <scale>1</scale>
        <position>0.473367,-0.494971,5.125542</position>
        <triangledirection>0.113716,0.991678,0.0603464</triangledirection>
        <trianglepickorigin>0,0,0</trianglepickorigin>
        <orientation>
          <row0>0.993489,-0.113923,3.49245e-8</row0>
          <row1>0.113716,0.991678,0.0603464</row1>
          <row2>-0.00687492,-0.0599535,0.998177</row2>
        </orientation>
      </transform>
      <snapped>false</snapped>
    </blockref>
    <blockref>
      <blockid>flora_parts~, FE_muscle_branch_04</blockid>
      <transform>
        <limbtype>0</limbtype>
        <musclescale>0.5</musclescale>
        <basemusclescale>2.200000</basemusclescale>
        <scale>1</scale>
        <position>0.0219304,0.00143325,0.600000</position>
        <triangledirection>0,-1.19209e-7,-1</triangledirection>
        <trianglepickorigin>0,0,0</trianglepickorigin>
        <orientation>
          <row0>1,0,0</row0>
          <row1>0,-1.19209e-7,-1</row1>
          <row2>0,1,-1.19209e-7</row2>
        </orientation>
      </transform>
      <snapped>true</snapped>
      <childlist count="1">
        <childid>19</childid>
      </childlist>
      <handles count="1">
        <weight channel="longer">0.162245</weight>
      </handles>
    </blockref>
    <blockref>
      <blockid>flora_parts~, FE_muscle_branch_04</blockid>
      <transform>
        <limbtype>0</limbtype>
        <musclescale>0.5</musclescale>
        <basemusclescale>1</basemusclescale>
        <scale>1</scale>
        <position>0.0219304,0.00143340,1.852249</position>
        <triangledirection>0,-1.19209e-7,-1</triangledirection>
        <trianglepickorigin>0,0,0</trianglepickorigin>
        <orientation>
          <row0>1,0,0</row0>
          <row1>0,-1.19209e-7,-1</row1>
          <row2>0,1,-1.19209e-7</row2>
        </orientation>
      </transform>
      <snapped>true</snapped>
      <childlist count="2">
        <childid>20</childid>
        <childid>10</childid>
      </childlist>
      <handles count="1">
        <weight channel="longer">0.162245</weight>
      </handles>
    </blockref>
    <blockref>
      <blockid>Creature_parts~, ce_grasper_null</blockid>
      <transform>
        <basemusclescale>1</basemusclescale>
        <scale>1</scale>
        <position>0.0219304,0.00143358,3.104498</position>
        <triangledirection>0,-1.19209e-7,-1</triangledirection>
        <trianglepickorigin>0,0,0</trianglepickorigin>
        <orientation>
          <row0>1,0,0</row0>
          <row1>0,-1.19209e-7,-1</row1>
          <row2>0,1,-1.19209e-7</row2>
        </orientation>
      </transform>
      <snapped>true</snapped>
    </blockref>
    <blockref>
      <blockid>flora_parts~, fe_cap_01a</blockid>
      <transform>
        <scale>0,509156</scale>
        <position>-0.149149,0.114776,3.557506</position>
        <triangledirection>0.998660,0.00191533,0.0517015</triangledirection>
        <trianglepickorigin>0,0,0</trianglepickorigin>
        <orientation>
          <row0>0.00191789,-0.999998,-9.09494e-9</row0>
          <row1>0.998660,0.00191533,0.0517015</row1>
          <row2>-0.0517014,-9.91672e-5,0.998662</row2>
        </orientation>
      </transform>
      <snapped>false</snapped>
    </blockref>
    <blockref>
      <blockid>flora_parts~, fe_cap_01a</blockid>
      <transform>
        <scale>0,509156</scale>
        <position>-0.0925867,-0.222577,3.811631</position>
        <triangledirection>0.348118,0.356284,0.867107</triangledirection>
        <trianglepickorigin>0,0,0</trianglepickorigin>
        <orientation>
          <row0>0.715256,-0.698862,4.47034e-8</row0>
          <row1>0.348118,0.356284,0.867107</row1>
          <row2>-0.605988,-0.620203,0.498121</row2>
        </orientation>
      </transform>
      <snapped>false</snapped>
    </blockref>
    <blockref>
      <blockid>flora_parts~, fe_cap_01a</blockid>
      <transform>
        <scale>0,509156</scale>
        <position>-0.0687638,0.0719230,4.246368</position>
        <triangledirection>0.833785,-0.371013,-0.408840</triangledirection>
        <trianglepickorigin>0,0,0</trianglepickorigin>
        <orientation>
          <row0>-0.406542,-0.913631,-1.04308e-7</row0>
          <row1>0.833785,-0.371013,-0.408840</row1>
          <row2>0.373529,-0.166211,0.912606</row2>
        </orientation>
      </transform>
      <snapped>false</snapped>
    </blockref>
    <blockref>
      <blockid>flora_parts~, fe_cap_01a</blockid>
      <transform>
        <scale>0,509156</scale>
        <position>-1.216194,-1.201307,4.597043</position>
        <triangledirection>0.384005,0.676670,-0.628217</triangledirection>
        <trianglepickorigin>0,0,0</trianglepickorigin>
        <orientation>
          <row0>0.869714,-0.493555,1.63912e-7</row0>
          <row1>0.384005,0.676670,-0.628217</row1>
          <row2>0.310060,0.546369,0.778037</row2>
        </orientation>
      </transform>
      <snapped>false</snapped>
    </blockref>
    <blockref>
      <blockid>flora_parts~, fe_cap_01a</blockid>
      <transform>
        <scale>0,509156</scale>
        <position>-1.530549,-0.848710,4.600800</position>
        <triangledirection>0.689632,0.0530968,-0.722210</triangledirection>
        <trianglepickorigin>0,0,0</trianglepickorigin>
        <orientation>
          <row0>0.0767658,-0.997049,6.70552e-8</row0>
          <row1>0.689632,0.0530968,-0.722210</row1>
          <row2>0.720079,0.0554411,0.691673</row2>
        </orientation>
      </transform>
      <snapped>false</snapped>
    </blockref>
  </blocks></sporemodel>