spore0006438f63474066620007730cdbb9fea735ffffffffffffffffffffffffffffffff0000000ec178f7e60dsporeautotestfffffffffffffffe08Isoslaya00006gaprop00<?xml version="1.0" encoding="UTF-8"?><sporemodel>
  <properties>
    <modeltype>PlantMedium</modeltype>
    <skineffectseed1>1234</skineffectseed1>
    <skineffectseed2>1234</skineffectseed2>
    <skineffectseed3>1234</skineffectseed3>
    <skincolor1>0.443136,0.364705,0.203921</skincolor1>
    <skincolor2>0.317647,0.443136,0.141176</skincolor2>
    <skincolor3>0.541176,0.694117,0.317647</skincolor3>
    <zcorpscore>28</zcorpscore>
  </properties>
  <blocks count="22">
    <blockref>
      <blockid>flora_parts~, fe_root_dummy</blockid>
      <transform>
        <scale>1</scale>
        <position>0.0219304,0.00143325,0.600000</position>
        <triangledirection>0,1,0</triangledirection>
        <trianglepickorigin>0,0,0</trianglepickorigin>
        <orientation>
          <row0>1,0,0</row0>
          <row1>0,1,0</row1>
          <row2>0,0,1</row2>
        </orientation>
      </transform>
      <snapped>false</snapped>
      <childlist count="1">
        <childid>5</childid>
      </childlist>
    </blockref>
    <blockref>
      <blockid>Creature_parts~, ce_grasper_null</blockid>
      <transform>
        <basemusclescale>1.100000</basemusclescale>
        <scale>1</scale>
        <position>-2.640135,1.650595,3.122989</position>
        <triangledirection>0.240942,-0.239479,-0.940530</triangledirection>
        <trianglepickorigin>0,0,0</trianglepickorigin>
        <orientation>
          <row0>-0.784656,-0.618398,-0.0435534</row0>
          <row1>0.240942,-0.239479,-0.940530</row1>
          <row2>0.571192,-0.748487,0.336906</row2>
        </orientation>
      </transform>
      <snapped>false</snapped>
    </blockref>
    <blockref>
      <blockid>Creature_parts~, ce_grasper_null</blockid>
      <transform>
        <basemusclescale>1</basemusclescale>
        <scale>1</scale>
        <position>-2.281733,-0.156526,2.944823</position>
        <triangledirection>0.240960,-0.239477,-0.940525</triangledirection>
        <trianglepickorigin>0,0,0</trianglepickorigin>
        <orientation>
          <row0>-0.784640,-0.618419,-0.0435605</row0>
          <row1>0.240960,-0.239477,-0.940525</row1>
          <row2>0.571207,-0.748470,0.336917</row2>
        </orientation>
      </transform>
      <snapped>false</snapped>
    </blockref>
    <blockref>
      <blockid>Creature_parts~, ce_grasper_null</blockid>
      <transform>
        <basemusclescale>1</basemusclescale>
        <scale>1</scale>
        <position>0.203314,-1.786732,3.307368</position>
        <triangledirection>0,0,-1</triangledirection>
        <trianglepickorigin>0,0,0</trianglepickorigin>
        <orientation>
          <row0>1,0,0</row0>
          <row1>0,0,-1</row1>
          <row2>0,1,0</row2>
        </orientation>
      </transform>
      <snapped>false</snapped>
    </blockref>
    <blockref>
      <blockid>Creature_parts~, ce_grasper_null</blockid>
      <transform>
        <basemusclescale>1</basemusclescale>
        <scale>1</scale>
        <position>0.0219304,0.00143325,3.150254</position>
        <triangledirection>-0.100535,0.991115,-0.0870820</triangledirection>
        <trianglepickorigin>0,0,0</trianglepickorigin>
        <orientation>
          <row0>0.987913,0.109821,0.109388</row0>
          <row1>-0.100535,0.991115,-0.0870820</row1>
          <row2>-0.117980,0.0750321,0.990177</row2>
        </orientation>
      </transform>
      <snapped>false</snapped>
    </blockref>
    <blockref>
      <blockid>flora_parts~, fe_muscle_branch_01</blockid>
      <transform>
        <limbtype>0</limbtype>
        <musclescale>1</musclescale>
        <basemusclescale>2.200000</basemusclescale>
        <scale>1</scale>
        <position>0.0219304,0.00143325,0.600000</position>
        <triangledirection>-0.109427,0.255679,0.960548</triangledirection>
        <trianglepickorigin>0,0,0</trianglepickorigin>
        <orientation>
          <row0>0.439005,0.879426,-0.184073</row0>
          <row1>-0.109427,0.255679,0.960548</row1>
          <row2>0.891795,-0.401543,0.208477</row2>
        </orientation>
      </transform>
      <snapped>true</snapped>
      <childlist count="3">
        <childid>10</childid>
        <childid>8</childid>
        <childid>6</childid>
      </childlist>
      <handles count="1">
        <weight channel="longer">0.00555498</weight>
      </handles>
    </blockref>
    <blockref>
      <blockid>flora_parts~, fe_muscle_branch_06</blockid>
      <transform>
        <limbtype>0</limbtype>
        <musclescale>0.5</musclescale>
        <basemusclescale>1.25</basemusclescale>
        <scale>1</scale>
        <position>0.0513514,-0.0673094,0.341742</position>
        <triangledirection>-0.419732,-0.872475,0.250224</triangledirection>
        <trianglepickorigin>0,0,0</trianglepickorigin>
        <orientation>
          <row0>0.537536,-0.461082,-0.706014</row0>
          <row1>-0.419732,-0.872475,0.250224</row1>
          <row2>-0.731354,0.161832,-0.662518</row2>
        </orientation>
      </transform>
      <snapped>true</snapped>
      <childlist count="4">
        <childid>16</childid>
        <childid>12</childid>
        <childid>11</childid>
        <childid>7</childid>
      </childlist>
      <handles count="1">
        <weight channel="longer">0.162245</weight>
      </handles>
    </blockref>
    <blockref>
      <blockid>Creature_parts~, ce_grasper_null</blockid>
      <transform>
        <basemusclescale>1</basemusclescale>
        <scale>1</scale>
        <position>0.576960,1.025247,0.0284005</position>
        <triangledirection>0,-1.19209e-7,-1</triangledirection>
        <trianglepickorigin>0,0,0</trianglepickorigin>
        <orientation>
          <row0>0.997901,0.0647540,-7.71926e-9</row0>
          <row1>0,-1.19209e-7,-1</row1>
          <row2>-0.0647540,0.997901,-1.18958e-7</row2>
        </orientation>
      </transform>
      <snapped>true</snapped>
    </blockref>
    <blockref>
      <blockid>flora_parts~, fe_muscle_branch_06</blockid>
      <transform>
        <limbtype>0</limbtype>
        <musclescale>0.5</musclescale>
        <basemusclescale>1.25</basemusclescale>
        <scale>1</scale>
        <position>0.0513514,-0.0673094,0.341742</position>
        <triangledirection>0.0325903,0.981357,0.189409</triangledirection>
        <trianglepickorigin>0,0,0</trianglepickorigin>
        <orientation>
          <row0>-0.115076,-0.184565,0.976060</row0>
          <row1>0.0325903,0.981357,0.189409</row1>
          <row2>-0.992821,0.0536066,-0.106916</row2>
        </orientation>
      </transform>
      <snapped>true</snapped>
      <childlist count="4">
        <childid>15</childid>
        <childid>14</childid>
        <childid>13</childid>
        <childid>9</childid>
      </childlist>
      <handles count="1">
        <weight channel="longer">0.162245</weight>
      </handles>
    </blockref>
    <blockref>
      <blockid>Creature_parts~, ce_grasper_null</blockid>
      <transform>
        <basemusclescale>1</basemusclescale>
        <scale>1</scale>
        <position>0.0105402,-1.296214,0.104555</position>
        <triangledirection>0.438326,0.172561,0.882095</triangledirection>
        <trianglepickorigin>0,0,0</trianglepickorigin>
        <orientation>
          <row0>0.350645,-0.936465,0.00895631</row0>
          <row1>0.438326,0.172561,0.882095</row1>
          <row2>-0.827597,-0.305377,0.470985</row2>
        </orientation>
      </transform>
      <snapped>true</snapped>
    </blockref>
    <blockref>
      <blockid>flora_parts~, FE_leaf_16</blockid>
      <transform>
        <scale>0,860706</scale>
        <position>0.171422,-0.103327,0.934485</position>
        <triangledirection>0.0978071,-0.175034,-0.979691</triangledirection>
        <trianglepickorigin>0,0,0</trianglepickorigin>
        <orientation>
          <row0>0.380315,0.924857,-2.83122e-7</row0>
          <row1>-0.438922,0.180491,-0.880210</row1>
          <row2>-0.814068,0.334757,0.474584</row2>
        </orientation>
        <userorientation>
          <userorientation_row0>0.991836,0.115350,-0.0543656</userorientation_row0>
          <userorientation_row1>-0.124684,0.787812,-0.603162</userorientation_row1>
          <userorientation_row2>-0.0267455,0.605016,0.795762</userorientation_row2>
        </userorientation>
      </transform>
      <snapped>false</snapped>
      <childlist count="3">
        <childid>21</childid>
        <childid>20</childid>
        <childid>17</childid>
      </childlist>
      <handles count="3">
        <weight channel="DeformAxisLeft">1</weight>
        <weight channel="DeformAxisForward">0</weight>
        <weight channel="DeformAxisUp">0.706923</weight>
      </handles>
    </blockref>
    <blockref>
      <blockid>flora_parts~, FE_leaf_16</blockid>
      <transform>
        <scale>0,860706</scale>
        <position>0.611736,0.398087,-0.129810</position>
        <triangledirection>-0.237748,0.0862217,-0.967492</triangledirection>
        <trianglepickorigin>0,0,0</trianglepickorigin>
        <orientation>
          <row0>0.377786,0.925893,1.78813e-7</row0>
          <row1>-0.802808,0.327564,0.498197</row1>
          <row2>0.461277,-0.188212,0.867063</row2>
        </orientation>
        <userorientation>
          <userorientation_row0>0.993912,-0.108475,0.0192712</userorientation_row0>
          <userorientation_row1>-0.00998594,-0.262893,-0.964772</userorientation_row1>
          <userorientation_row2>0.109720,0.958707,-0.262375</userorientation_row2>
        </userorientation>
      </transform>
      <snapped>false</snapped>
      <handles count="3">
        <weight channel="DeformAxisLeft">1</weight>
        <weight channel="DeformAxisForward">0</weight>
        <weight channel="DeformAxisUp">1</weight>
      </handles>
    </blockref>
    <blockref>
      <blockid>flora_parts~, FE_leaf_16</blockid>
      <transform>
        <scale>0,860706</scale>
        <position>0.552428,1.187931,0.101841</position>
        <triangledirection>-0.0624260,-0.0988148,-0.993145</triangledirection>
        <trianglepickorigin>0,0,0</trianglepickorigin>
        <orientation>
          <row0>-0.995474,0.0950301,-1.86264e-8</row0>
          <row1>-0.0881560,-0.923466,-0.373415</row1>
          <row2>-0.0354857,-0.371725,0.927664</row2>
        </orientation>
        <userorientation>
          <userorientation_row0>0.994835,-0.101335,0.00577480</userorientation_row0>
          <userorientation_row1>0.0527531,0.467611,-0.882357</userorientation_row1>
          <userorientation_row2>0.0867133,0.878106,0.470541</userorientation_row2>
        </userorientation>
      </transform>
      <snapped>false</snapped>
      <handles count="3">
        <weight channel="DeformAxisLeft">1</weight>
        <weight channel="DeformAxisForward">0</weight>
        <weight channel="DeformAxisUp">1</weight>
      </handles>
    </blockref>
    <blockref>
      <blockid>flora_parts~, FE_leaf_16</blockid>
      <transform>
        <scale>1,161834</scale>
        <position>0.380751,-0.696712,0.121981</position>
        <triangledirection>-0.212202,0.127454,-0.968878</triangledirection>
        <trianglepickorigin>0,0,0</trianglepickorigin>
        <orientation>
          <row0>0.268381,0.963312,2.38418e-7</row0>
          <row1>-0.914327,0.254734,0.314825</row1>
          <row2>0.303275,-0.0844935,0.949149</row2>
        </orientation>
        <userorientation>
          <userorientation_row0>0.987437,-0.138380,0.0762700</userorientation_row0>
          <userorientation_row1>0.0658274,-0.0785377,-0.994735</userorientation_row1>
          <userorientation_row2>0.143640,0.987259,-0.0684417</userorientation_row2>
        </userorientation>
      </transform>
      <snapped>false</snapped>
      <handles count="3">
        <weight channel="DeformAxisLeft">1</weight>
        <weight channel="DeformAxisForward">0</weight>
        <weight channel="DeformAxisUp">1</weight>
      </handles>
    </blockref>
    <blockref>
      <blockid>flora_parts~, FE_leaf_16</blockid>
      <transform>
        <scale>1,161834</scale>
        <position>-0.239210,-0.371615,0.0687688</position>
        <triangledirection>0.213936,-0.214967,-0.952900</triangledirection>
        <trianglepickorigin>0,0,0</trianglepickorigin>
        <orientation>
          <row0>-0.538797,-0.842435,-2.98023e-8</row0>
          <row1>0.782333,-0.500358,0.370939</row1>
          <row2>-0.312492,0.199861,0.928657</row2>
        </orientation>
        <userorientation>
          <userorientation_row0>0.987437,-0.138380,0.0762700</userorientation_row0>
          <userorientation_row1>0.0658274,-0.0785377,-0.994735</userorientation_row1>
          <userorientation_row2>0.143640,0.987259,-0.0684417</userorientation_row2>
        </userorientation>
      </transform>
      <snapped>false</snapped>
      <childlist count="2">
        <childid>19</childid>
        <childid>18</childid>
      </childlist>
      <handles count="3">
        <weight channel="DeformAxisLeft">1</weight>
        <weight channel="DeformAxisForward">0</weight>
        <weight channel="DeformAxisUp">1</weight>
      </handles>
    </blockref>
    <blockref>
      <blockid>flora_parts~, FE_leaf_16</blockid>
      <transform>
        <scale>0,860706</scale>
        <position>0.252267,-1.265112,0.151698</position>
        <triangledirection>-0.0545633,0.228694,-0.971967</triangledirection>
        <trianglepickorigin>0,0,0</trianglepickorigin>
        <orientation>
          <row0>0.492161,0.870503,1.93715e-7</row0>
          <row1>-0.822050,0.464767,0.328973</row1>
          <row2>0.286372,-0.161908,0.944339</row2>
        </orientation>
        <userorientation>
          <userorientation_row0>0.449527,-0.863216,0.229737</userorientation_row0>
          <userorientation_row1>0.172225,-0.168607,-0.970520</userorientation_row1>
          <userorientation_row2>0.876505,0.475843,0.0728733</userorientation_row2>
        </userorientation>
      </transform>
      <snapped>false</snapped>
      <handles count="3">
        <weight channel="DeformAxisLeft">1</weight>
        <weight channel="DeformAxisForward">0</weight>
        <weight channel="DeformAxisUp">1</weight>
      </handles>
    </blockref>
    <blockref>
      <blockid>flora_parts~, FE_leaf_16</blockid>
      <transform>
        <scale>0,860706</scale>
        <position>-0.00381047,0.580410,0.0373129</position>
        <triangledirection>0.0900675,-0.220566,-0.971203</triangledirection>
        <trianglepickorigin>0,0,0</trianglepickorigin>
        <orientation>
          <row0>-0.507247,-0.861800,1.04308e-7</row0>
          <row1>0.742757,-0.437180,0.507133</row1>
          <row2>-0.437047,0.257242,0.861867</row2>
        </orientation>
        <userorientation>
          <userorientation_row0>0.951372,-0.213127,0.222407</userorientation_row0>
          <userorientation_row1>0.144398,-0.329204,-0.933152</userorientation_row1>
          <userorientation_row2>0.272098,0.919891,-0.282421</userorientation_row2>
        </userorientation>
      </transform>
      <snapped>false</snapped>
      <handles count="3">
        <weight channel="DeformAxisLeft">1</weight>
        <weight channel="DeformAxisForward">0</weight>
        <weight channel="DeformAxisUp">1</weight>
      </handles>
    </blockref>
    <blockref>
      <blockid>flora_parts~, fe_cap_01a</blockid>
      <transform>
        <scale>0,687288</scale>
        <position>-0.451546,-0.105087,1.933472</position>
        <triangledirection>-0.813194,-0.299438,-0.499050</triangledirection>
        <trianglepickorigin>0,0,0</trianglepickorigin>
        <orientation>
          <row0>-0.345542,0.938403,-1.93715e-7</row0>
          <row1>-0.813194,-0.299438,-0.499050</row1>
          <row2>-0.468310,-0.172443,0.866573</row2>
        </orientation>
      </transform>
      <snapped>false</snapped>
    </blockref>
    <blockref>
      <blockid>flora_parts~, fe_cap_01a</blockid>
      <transform>
        <scale>0,687288</scale>
        <position>-0.175637,0.0235584,1.955450</position>
        <triangledirection>-0.946770,0.0438321,-0.318912</triangledirection>
        <trianglepickorigin>0,0,0</trianglepickorigin>
        <orientation>
          <row0>0.0462469,0.998930,7.45058e-9</row0>
          <row1>-0.946770,0.0438321,-0.318912</row1>
          <row2>-0.318570,0.0147486,0.947784</row2>
        </orientation>
      </transform>
      <snapped>false</snapped>
    </blockref>
    <blockref>
      <blockid>flora_parts~, fe_cap_01a</blockid>
      <transform>
        <scale>0,687288</scale>
        <position>-0.562867,-0.284867,1.931243</position>
        <triangledirection>-0.157425,0.887200,-0.433695</triangledirection>
        <trianglepickorigin>0,0,0</trianglepickorigin>
        <orientation>
          <row0>0.984619,0.174711,1.34110e-7</row0>
          <row1>-0.157425,0.887201,-0.433695</row1>
          <row2>-0.0757716,0.427025,0.901059</row2>
        </orientation>
      </transform>
      <snapped>false</snapped>
    </blockref>
    <blockref>
      <blockid>flora_parts~, fe_cap_01a</blockid>
      <transform>
        <scale>0,687288</scale>
        <position>-0.178241,0.592701,1.942119</position>
        <triangledirection>-0.817701,-0.575636,0.00249837</triangledirection>
        <trianglepickorigin>0,0,0</trianglepickorigin>
        <orientation>
          <row0>-0.575638,0.817704,1.51339e-9</row0>
          <row1>-0.817701,-0.575636,0.00249837</row1>
          <row2>0.00204293,0.00143815,0.999996</row2>
        </orientation>
      </transform>
      <snapped>false</snapped>
    </blockref>
    <blockref>
      <blockid>flora_parts~, fe_cap_01a</blockid>
      <transform>
        <scale>0,687288</scale>
        <position>0.550368,0.674156,2.273139</position>
        <triangledirection>-0.619412,-0.697682,0.359955</triangledirection>
        <trianglepickorigin>0,0,0</trianglepickorigin>
        <orientation>
          <row0>-0.747808,0.663914,-1.04308e-7</row0>
          <row1>-0.619412,-0.697682,0.359955</row1>
          <row2>0.238979,0.269177,0.932969</row2>
        </orientation>
      </transform>
      <snapped>false</snapped>
    </blockref>
  </blocks></sporemodel>