spore0006438f6347406662000770df8cb9fea735ffffffffffffffffffffffffffffffff0000000ec178f7750dsporeautotestfffffffffffffffe0bCiminestris00006gaprop00<?xml version="1.0" encoding="UTF-8"?><sporemodel>
  <properties>
    <modeltype>PlantMedium</modeltype>
    <skineffectseed1>1234</skineffectseed1>
    <skineffectseed2>1234</skineffectseed2>
    <skineffectseed3>1234</skineffectseed3>
    <skincolor1>0.576469,0.501959,0.341175</skincolor1>
    <skincolor2>0.541176,0.694117,0.317647</skincolor2>
    <skincolor3>0.674509,0.850979,0.427451</skincolor3>
    <zcorpscore>17</zcorpscore>
  </properties>
  <blocks count="30">
    <blockref>
      <blockid>flora_parts~, fe_root_dummy</blockid>
      <transform>
        <scale>1</scale>
        <position>0.0219304,0.00143325,0.600000</position>
        <triangledirection>0,1,0</triangledirection>
        <trianglepickorigin>0,0,0</trianglepickorigin>
        <orientation>
          <row0>1,0,0</row0>
          <row1>0,1,0</row1>
          <row2>0,0,1</row2>
        </orientation>
      </transform>
      <snapped>false</snapped>
      <childlist count="3">
        <childid>20</childid>
        <childid>10</childid>
        <childid>5</childid>
      </childlist>
    </blockref>
    <blockref>
      <blockid>Creature_parts~, ce_grasper_null</blockid>
      <transform>
        <basemusclescale>1.100000</basemusclescale>
        <scale>1</scale>
        <position>-2.640135,1.650595,3.122989</position>
        <triangledirection>0.240942,-0.239479,-0.940530</triangledirection>
        <trianglepickorigin>0,0,0</trianglepickorigin>
        <orientation>
          <row0>-0.784656,-0.618398,-0.0435534</row0>
          <row1>0.240942,-0.239479,-0.940530</row1>
          <row2>0.571192,-0.748487,0.336906</row2>
        </orientation>
      </transform>
      <snapped>false</snapped>
    </blockref>
    <blockref>
      <blockid>Creature_parts~, ce_grasper_null</blockid>
      <transform>
        <basemusclescale>1</basemusclescale>
        <scale>1</scale>
        <position>-2.281733,-0.156526,2.944823</position>
        <triangledirection>0.240960,-0.239477,-0.940525</triangledirection>
        <trianglepickorigin>0,0,0</trianglepickorigin>
        <orientation>
          <row0>-0.784640,-0.618419,-0.0435605</row0>
          <row1>0.240960,-0.239477,-0.940525</row1>
          <row2>0.571207,-0.748470,0.336917</row2>
        </orientation>
      </transform>
      <snapped>false</snapped>
    </blockref>
    <blockref>
      <blockid>Creature_parts~, ce_grasper_null</blockid>
      <transform>
        <basemusclescale>1</basemusclescale>
        <scale>1</scale>
        <position>0.203314,-1.786732,3.307368</position>
        <triangledirection>0,0,-1</triangledirection>
        <trianglepickorigin>0,0,0</trianglepickorigin>
        <orientation>
          <row0>1,0,0</row0>
          <row1>0,0,-1</row1>
          <row2>0,1,0</row2>
        </orientation>
      </transform>
      <snapped>false</snapped>
    </blockref>
    <blockref>
      <blockid>Creature_parts~, ce_grasper_null</blockid>
      <transform>
        <basemusclescale>1</basemusclescale>
        <scale>1</scale>
        <position>0.0219304,0.00143325,3.150254</position>
        <triangledirection>-0.100535,0.991115,-0.0870820</triangledirection>
        <trianglepickorigin>0,0,0</trianglepickorigin>
        <orientation>
          <row0>0.987913,0.109821,0.109388</row0>
          <row1>-0.100535,0.991115,-0.0870820</row1>
          <row2>-0.117980,0.0750321,0.990177</row2>
        </orientation>
      </transform>
      <snapped>false</snapped>
    </blockref>
    <blockref>
      <blockid>flora_parts~, fe_muscle_branch_01</blockid>
      <transform>
        <limbtype>0</limbtype>
        <musclescale>1</musclescale>
        <basemusclescale>2.200000</basemusclescale>
        <scale>1</scale>
        <position>0.0219304,0.00143325,0.600000</position>
        <triangledirection>0,-1.19209e-7,-1</triangledirection>
        <trianglepickorigin>0,0,0</trianglepickorigin>
        <orientation>
          <row0>0.997901,0.0647540,-7.71926e-9</row0>
          <row1>0,-1.19209e-7,-1</row1>
          <row2>-0.0647540,0.997901,-1.18958e-7</row2>
        </orientation>
      </transform>
      <snapped>true</snapped>
      <childlist count="2">
        <childid>8</childid>
        <childid>6</childid>
      </childlist>
      <handles count="1">
        <weight channel="longer">0.00555498</weight>
      </handles>
    </blockref>
    <blockref>
      <blockid>flora_parts~, fe_muscle_branch_06</blockid>
      <transform>
        <limbtype>0</limbtype>
        <musclescale>0.5</musclescale>
        <basemusclescale>1.25</basemusclescale>
        <scale>1</scale>
        <position>0.0219304,0.00143329,0.868863</position>
        <triangledirection>0.0215602,-0.470576,0.882095</triangledirection>
        <trianglepickorigin>0,0,0</trianglepickorigin>
        <orientation>
          <row0>0.343420,-0.825129,-0.448580</row0>
          <row1>0.0215602,-0.470576,0.882095</row1>
          <row2>-0.938934,-0.312600,-0.143815</row2>
        </orientation>
      </transform>
      <snapped>true</snapped>
      <childlist count="1">
        <childid>7</childid>
      </childlist>
      <handles count="1">
        <weight channel="longer">0.162245</weight>
      </handles>
    </blockref>
    <blockref>
      <blockid>Creature_parts~, ce_grasper_null</blockid>
      <transform>
        <basemusclescale>1</basemusclescale>
        <scale>1</scale>
        <position>-0.00506821,0.590712,-0.235740</position>
        <triangledirection>0,-1.19209e-7,-1</triangledirection>
        <trianglepickorigin>0,0,0</trianglepickorigin>
        <orientation>
          <row0>0.997901,0.0647540,-7.71926e-9</row0>
          <row1>0,-1.19209e-7,-1</row1>
          <row2>-0.0647540,0.997901,-1.18958e-7</row2>
        </orientation>
      </transform>
      <snapped>true</snapped>
    </blockref>
    <blockref>
      <blockid>flora_parts~, fe_muscle_branch_06</blockid>
      <transform>
        <limbtype>0</limbtype>
        <musclescale>0.5</musclescale>
        <basemusclescale>1.25</basemusclescale>
        <scale>1</scale>
        <position>0.0219304,0.00143329,0.868863</position>
        <triangledirection>0.240856,0.567962,0.787024</triangledirection>
        <trianglepickorigin>0,0,0</trianglepickorigin>
        <orientation>
          <row0>-0.197630,-0.765206,0.612699</row0>
          <row1>0.240856,0.567962,0.787024</row1>
          <row2>-0.950226,0.303112,0.0720578</row2>
        </orientation>
      </transform>
      <snapped>true</snapped>
      <childlist count="1">
        <childid>9</childid>
      </childlist>
      <handles count="1">
        <weight channel="longer">0.162245</weight>
      </handles>
    </blockref>
    <blockref>
      <blockid>Creature_parts~, ce_grasper_null</blockid>
      <transform>
        <basemusclescale>1</basemusclescale>
        <scale>1</scale>
        <position>-0.279682,-0.709796,-0.116687</position>
        <triangledirection>0.438326,0.172561,0.882095</triangledirection>
        <trianglepickorigin>0,0,0</trianglepickorigin>
        <orientation>
          <row0>0.350645,-0.936465,0.00895631</row0>
          <row1>0.438326,0.172561,0.882095</row1>
          <row2>-0.827597,-0.305377,0.470985</row2>
        </orientation>
      </transform>
      <snapped>true</snapped>
    </blockref>
    <blockref>
      <blockid>flora_parts~, fe_muscle_branch_02</blockid>
      <transform>
        <limbtype>0</limbtype>
        <musclescale>0.5</musclescale>
        <basemusclescale>2.200000</basemusclescale>
        <scale>1</scale>
        <position>0.0219304,0.00143325,0.600000</position>
        <triangledirection>0,0,-1</triangledirection>
        <trianglepickorigin>0,0,0</trianglepickorigin>
        <orientation>
          <row0>0.999609,0.0279475,0</row0>
          <row1>0,0,-1</row1>
          <row2>-0.0279475,0.999609,0</row2>
        </orientation>
      </transform>
      <snapped>true</snapped>
      <childlist count="2">
        <childid>16</childid>
        <childid>11</childid>
      </childlist>
      <handles count="1">
        <weight channel="longer">0.162245</weight>
      </handles>
    </blockref>
    <blockref>
      <blockid>flora_parts~, fe_muscle_branch_02</blockid>
      <transform>
        <limbtype>0</limbtype>
        <musclescale>0.5</musclescale>
        <basemusclescale>1</basemusclescale>
        <scale>1</scale>
        <position>0.0219304,0.00143325,1.852249</position>
        <triangledirection>0,-1.19209e-7,-1</triangledirection>
        <trianglepickorigin>0,0,0</trianglepickorigin>
        <orientation>
          <row0>1,0,0</row0>
          <row1>0,-1.19209e-7,-1</row1>
          <row2>0,1,-1.19209e-7</row2>
        </orientation>
      </transform>
      <snapped>true</snapped>
      <childlist count="1">
        <childid>12</childid>
      </childlist>
      <handles count="1">
        <weight channel="longer">0.162245</weight>
      </handles>
    </blockref>
    <blockref>
      <blockid>flora_parts~, fe_muscle_branch_02</blockid>
      <transform>
        <limbtype>0</limbtype>
        <musclescale>0.5</musclescale>
        <basemusclescale>1</basemusclescale>
        <scale>1</scale>
        <position>0.0219304,0.00143340,3.104499</position>
        <triangledirection>0,-1.19209e-7,-1</triangledirection>
        <trianglepickorigin>0,0,0</trianglepickorigin>
        <orientation>
          <row0>1,0,0</row0>
          <row1>0,-1.19209e-7,-1</row1>
          <row2>0,1,-1.19209e-7</row2>
        </orientation>
      </transform>
      <snapped>true</snapped>
      <childlist count="6">
        <childid>29</childid>
        <childid>28</childid>
        <childid>27</childid>
        <childid>26</childid>
        <childid>25</childid>
        <childid>13</childid>
      </childlist>
      <handles count="1">
        <weight channel="longer">0.162245</weight>
      </handles>
    </blockref>
    <blockref>
      <blockid>flora_parts~, fe_muscle_branch_02</blockid>
      <transform>
        <limbtype>0</limbtype>
        <musclescale>0.5</musclescale>
        <basemusclescale>1</basemusclescale>
        <scale>1</scale>
        <position>0.0219304,0.00143355,4.356750</position>
        <triangledirection>0,-1.19209e-7,-1</triangledirection>
        <trianglepickorigin>0,0,0</trianglepickorigin>
        <orientation>
          <row0>1,0,0</row0>
          <row1>0,-1.19209e-7,-1</row1>
          <row2>0,1,-1.19209e-7</row2>
        </orientation>
      </transform>
      <snapped>true</snapped>
      <childlist count="2">
        <childid>17</childid>
        <childid>14</childid>
      </childlist>
      <handles count="1">
        <weight channel="longer">0.162245</weight>
      </handles>
    </blockref>
    <blockref>
      <blockid>flora_parts~, fe_muscle_branch_02</blockid>
      <transform>
        <limbtype>0</limbtype>
        <musclescale>0.5</musclescale>
        <basemusclescale>1</basemusclescale>
        <scale>1</scale>
        <position>0.0219304,0.00143370,5.609000</position>
        <triangledirection>0,-1.19209e-7,-1</triangledirection>
        <trianglepickorigin>0,0,0</trianglepickorigin>
        <orientation>
          <row0>1,0,0</row0>
          <row1>0,-1.19209e-7,-1</row1>
          <row2>0,1,-1.19209e-7</row2>
        </orientation>
      </transform>
      <snapped>true</snapped>
      <childlist count="1">
        <childid>15</childid>
      </childlist>
      <handles count="1">
        <weight channel="longer">0.162245</weight>
      </handles>
    </blockref>
    <blockref>
      <blockid>Creature_parts~, ce_grasper_null</blockid>
      <transform>
        <basemusclescale>1</basemusclescale>
        <scale>1</scale>
        <position>0.0219304,0.00143385,6.861250</position>
        <triangledirection>0,-1.19209e-7,-1</triangledirection>
        <trianglepickorigin>0,0,0</trianglepickorigin>
        <orientation>
          <row0>1,-9.18284e-16,1.09467e-22</row0>
          <row1>0,-1.19209e-7,-1</row1>
          <row2>9.18284e-16,1,-1.19209e-7</row2>
        </orientation>
      </transform>
      <snapped>true</snapped>
    </blockref>
    <blockref>
      <blockid>flora_parts~, FE_leaf_27</blockid>
      <transform>
        <scale>1</scale>
        <position>0.217032,0.0560571,1.810920</position>
        <triangledirection>0.175799,0.0275396,-0.984039</triangledirection>
        <trianglepickorigin>0,0,0</trianglepickorigin>
        <orientation>
          <row0>-0.224357,0.974507,6.70552e-8</row0>
          <row1>-0.777504,-0.179002,-0.602864</row1>
          <row2>-0.587495,-0.135257,0.797843</row2>
        </orientation>
        <userorientation>
          <userorientation_row0>0.999610,0.0278977,-4.65660e-9</userorientation_row0>
          <userorientation_row1>-0.0126042,0.451627,-0.892116</userorientation_row1>
          <userorientation_row2>-0.0248881,0.891768,0.451803</userorientation_row2>
        </userorientation>
      </transform>
      <snapped>false</snapped>
      <childlist count="1">
        <childid>18</childid>
      </childlist>
      <handles count="3">
        <weight channel="DeformAxisLeft">0.472627</weight>
        <weight channel="DeformAxisForward">0.439402</weight>
        <weight channel="DeformAxisUp">0.500066</weight>
      </handles>
    </blockref>
    <blockref>
      <blockid>flora_parts~, FE_leaf_27</blockid>
      <transform>
        <scale>1</scale>
        <position>0.146190,0.124431,4.543034</position>
        <triangledirection>0.157718,0.195849,-0.967867</triangledirection>
        <trianglepickorigin>0,0,0</trianglepickorigin>
        <orientation>
          <row0>-0.670196,0.742184,3.79979e-7</row0>
          <row1>-0.728820,-0.658128,0.188913</row1>
          <row2>0.140208,0.126608,0.981993</row2>
        </orientation>
        <userorientation>
          <userorientation_row0>0.999158,0.00745191,0.0403310</userorientation_row0>
          <userorientation_row1>0.0396533,-0.426685,-0.903530</userorientation_row1>
          <userorientation_row2>0.0104756,0.904369,-0.426622</userorientation_row2>
        </userorientation>
      </transform>
      <snapped>false</snapped>
      <childlist count="1">
        <childid>19</childid>
      </childlist>
      <handles count="3">
        <weight channel="DeformAxisLeft">0.472627</weight>
        <weight channel="DeformAxisForward">0.235489</weight>
        <weight channel="DeformAxisUp">0.500066</weight>
      </handles>
    </blockref>
    <blockref>
      <blockid>flora_parts~, fe_detail_02</blockid>
      <transform>
        <scale>0,798516</scale>
        <position>0.246964,0.124906,1.845930</position>
        <triangledirection>-0.817446,-0.424860,-0.388938</triangledirection>
        <trianglepickorigin>0,0,0</trianglepickorigin>
        <orientation>
          <row0>-0.630265,0.776379,2.23517e-7</row0>
          <row1>-0.724076,-0.587805,-0.360829</row1>
          <row2>-0.280140,-0.227418,0.932631</row2>
        </orientation>
        <userorientation>
          <userorientation_row0>0.982646,-0.185483,-2.79395e-9</userorientation_row0>
          <userorientation_row1>0.185355,0.981969,-0.0371153</userorientation_row1>
          <userorientation_row2>0.00688427,0.0364712,0.999311</userorientation_row2>
        </userorientation>
      </transform>
      <snapped>false</snapped>
      <handles count="3">
        <weight channel="DeformAxisUp">0.5</weight>
        <weight channel="DeformAxisForward">0.400000</weight>
        <weight channel="DeformAxisLeft">0.530466</weight>
      </handles>
    </blockref>
    <blockref>
      <blockid>flora_parts~, fe_detail_02</blockid>
      <transform>
        <scale>0,637627</scale>
        <position>0.207607,0.172083,4.453201</position>
        <triangledirection>-0.550251,-0.645268,0.529953</triangledirection>
        <trianglepickorigin>0,0,0</trianglepickorigin>
        <orientation>
          <row0>-0.884331,0.466859,4.47034e-8</row0>
          <row1>-0.383359,-0.726163,0.570720</row1>
          <row2>0.266446,0.504706,0.821144</row2>
        </orientation>
        <userorientation>
          <userorientation_row0>0.982646,-0.185483,-2.32829e-9</userorientation_row0>
          <userorientation_row1>0.185355,0.981969,-0.0371153</userorientation_row1>
          <userorientation_row2>0.00688427,0.0364712,0.999310</userorientation_row2>
        </userorientation>
      </transform>
      <snapped>false</snapped>
      <handles count="3">
        <weight channel="DeformAxisUp">0.5</weight>
        <weight channel="DeformAxisForward">0.400000</weight>
        <weight channel="DeformAxisLeft">0.530466</weight>
      </handles>
    </blockref>
    <blockref>
      <blockid>flora_parts~, fe_muscle_branch_02</blockid>
      <transform>
        <limbtype>0</limbtype>
        <musclescale>0.5</musclescale>
        <basemusclescale>2.200000</basemusclescale>
        <scale>1</scale>
        <position>0.0219304,0.00143325,0.600000</position>
        <triangledirection>-0.491328,0.617058,-0.614682</triangledirection>
        <trianglepickorigin>0,0,0</trianglepickorigin>
        <orientation>
          <row0>0.870102,0.379309,-0.314715</row0>
          <row1>-0.491328,0.617058,-0.614682</row1>
          <row2>-0.0389569,0.689465,0.723269</row2>
        </orientation>
      </transform>
      <snapped>true</snapped>
      <childlist count="2">
        <childid>23</childid>
        <childid>21</childid>
      </childlist>
      <handles count="1">
        <weight channel="longer">0.162245</weight>
      </handles>
    </blockref>
    <blockref>
      <blockid>flora_parts~, fe_muscle_branch_02</blockid>
      <transform>
        <limbtype>0</limbtype>
        <musclescale>0.5</musclescale>
        <basemusclescale>1</basemusclescale>
        <scale>1</scale>
        <position>0.637196,-0.771277,1.369735</position>
        <triangledirection>0,-1.19209e-7,-1</triangledirection>
        <trianglepickorigin>0,0,0</trianglepickorigin>
        <orientation>
          <row0>1,0,0</row0>
          <row1>0,-1.19209e-7,-1</row1>
          <row2>0,1,-1.19209e-7</row2>
        </orientation>
      </transform>
      <snapped>true</snapped>
      <childlist count="1">
        <childid>22</childid>
      </childlist>
      <handles count="1">
        <weight channel="longer">0.162245</weight>
      </handles>
    </blockref>
    <blockref>
      <blockid>Creature_parts~, ce_grasper_null</blockid>
      <transform>
        <basemusclescale>1</basemusclescale>
        <scale>1</scale>
        <position>0.637196,-0.771277,2.621985</position>
        <triangledirection>0,-1.19209e-7,-1</triangledirection>
        <trianglepickorigin>0,0,0</trianglepickorigin>
        <orientation>
          <row0>1,-9.18297e-16,1.09469e-22</row0>
          <row1>0,-1.19209e-7,-1</row1>
          <row2>9.18297e-16,1,-1.19209e-7</row2>
        </orientation>
      </transform>
      <snapped>true</snapped>
    </blockref>
    <blockref>
      <blockid>flora_parts~, FE_leaf_27</blockid>
      <transform>
        <scale>1</scale>
        <position>0.216783,0.0184214,0.764357</position>
        <triangledirection>-0.345938,0.792086,-0.502916</triangledirection>
        <trianglepickorigin>0,0,0</trianglepickorigin>
        <orientation>
          <row0>-0.612048,0.257502,0.747722</row0>
          <row1>-0.515694,-0.846774,-0.130508</row1>
          <row2>0.599546,-0.465473,0.651059</row2>
        </orientation>
        <userorientation>
          <userorientation_row0>0.999158,0.00745191,0.0403310</userorientation_row0>
          <userorientation_row1>0.0396533,-0.426685,-0.903530</userorientation_row1>
          <userorientation_row2>0.0104756,0.904369,-0.426622</userorientation_row2>
        </userorientation>
      </transform>
      <snapped>false</snapped>
      <childlist count="1">
        <childid>24</childid>
      </childlist>
      <handles count="3">
        <weight channel="DeformAxisLeft">0.472627</weight>
        <weight channel="DeformAxisForward">0.235489</weight>
        <weight channel="DeformAxisUp">0.500066</weight>
      </handles>
    </blockref>
    <blockref>
      <blockid>flora_parts~, fe_detail_02</blockid>
      <transform>
        <scale>0,637627</scale>
        <position>0.224229,0.130002,0.724276</position>
        <triangledirection>-0.193262,-0.980617,0.0322246</triangledirection>
        <trianglepickorigin>0,0,0</trianglepickorigin>
        <orientation>
          <row0>-0.787644,-0.0135458,0.615981</row0>
          <row1>-0.0248677,-0.998244,-0.0537499</row1>
          <row2>0.615628,-0.0576538,0.785924</row2>
        </orientation>
        <userorientation>
          <userorientation_row0>0.982646,-0.185483,-2.32829e-9</userorientation_row0>
          <userorientation_row1>0.185355,0.981969,-0.0371153</userorientation_row1>
          <userorientation_row2>0.00688427,0.0364712,0.999310</userorientation_row2>
        </userorientation>
      </transform>
      <snapped>false</snapped>
      <handles count="3">
        <weight channel="DeformAxisUp">0.5</weight>
        <weight channel="DeformAxisForward">0.400000</weight>
        <weight channel="DeformAxisLeft">0.530466</weight>
      </handles>
    </blockref>
    <blockref>
      <blockid>flora_parts~, fe_cap_02a</blockid>
      <transform>
        <scale>0,637627</scale>
        <position>-0.219602,-0.0601489,3.907121</position>
        <triangledirection>0.936946,0.239783,-0.254235</triangledirection>
        <trianglepickorigin>0,0,0</trianglepickorigin>
        <orientation>
          <row0>0.247929,-0.968778,2.04890e-7</row0>
          <row1>0.936946,0.239783,-0.254235</row1>
          <row2>0.246297,0.0630325,0.967142</row2>
        </orientation>
      </transform>
      <snapped>false</snapped>
    </blockref>
    <blockref>
      <blockid>flora_parts~, fe_cap_02a</blockid>
      <transform>
        <scale>0,637627</scale>
        <position>-0.0635358,0.254335,3.811353</position>
        <triangledirection>0.319371,-0.941054,0.111434</triangledirection>
        <trianglepickorigin>0,0,0</trianglepickorigin>
        <orientation>
          <row0>-0.946952,-0.321372,-3.72529e-8</row0>
          <row1>0.319371,-0.941054,0.111434</row1>
          <row2>-0.0358119,0.105522,0.993771</row2>
        </orientation>
      </transform>
      <snapped>false</snapped>
    </blockref>
    <blockref>
      <blockid>flora_parts~, fe_cap_02a</blockid>
      <transform>
        <scale>0,637627</scale>
        <position>-0.158015,0.0624589,3.591759</position>
        <triangledirection>0.943957,-0.303026,-0.130843</triangledirection>
        <trianglepickorigin>0,0,0</trianglepickorigin>
        <orientation>
          <row0>-0.305653,-0.952142,-1.11758e-7</row0>
          <row1>0.943957,-0.303026,-0.130843</row1>
          <row2>0.124581,-0.0399927,0.991403</row2>
        </orientation>
      </transform>
      <snapped>false</snapped>
    </blockref>
    <blockref>
      <blockid>flora_parts~, fe_cap_02a</blockid>
      <transform>
        <scale>0,637627</scale>
        <position>0.266297,0.00618435,3.636144</position>
        <triangledirection>-0.976322,-0.0162220,-0.215711</triangledirection>
        <trianglepickorigin>0,0,0</trianglepickorigin>
        <orientation>
          <row0>-0.0166131,0.999862,9.77888e-9</row0>
          <row1>-0.976322,-0.0162220,-0.215711</row1>
          <row2>-0.215681,-0.00358364,0.976457</row2>
        </orientation>
      </transform>
      <snapped>false</snapped>
    </blockref>
    <blockref>
      <blockid>flora_parts~, fe_cap_02a</blockid>
      <transform>
        <scale>0,637627</scale>
        <position>0.146752,-0.228283,3.828621</position>
        <triangledirection>-0.477797,0.877057,0.0497962</triangledirection>
        <trianglepickorigin>0,0,0</trianglepickorigin>
        <orientation>
          <row0>0.878147,0.478390,4.47034e-8</row0>
          <row1>-0.477797,0.877057,0.0497962</row1>
          <row2>0.0238220,-0.0437284,0.998759</row2>
        </orientation>
      </transform>
      <snapped>false</snapped>
    </blockref>
  </blocks></sporemodel>