spore0006438f63474066620007730cddb9fea735ffffffffffffffffffffffffffffffff0000000ec178f7eb0dsporeautotestfffffffffffffffe07Hymacus00006gaprop00<?xml version="1.0" encoding="UTF-8"?><sporemodel>
  <properties>
    <modeltype>PlantMedium</modeltype>
    <skineffectseed1>1234</skineffectseed1>
    <skineffectseed2>1234</skineffectseed2>
    <skineffectseed3>1234</skineffectseed3>
    <skincolor1>0.443136,0.364705,0.203921</skincolor1>
    <skincolor2>0.576469,0.349019,0.262744</skincolor2>
    <skincolor3>0.694117,0.572548,0.317647</skincolor3>
    <zcorpscore>14</zcorpscore>
  </properties>
  <blocks count="23">
    <blockref>
      <blockid>flora_parts~, fe_root_dummy</blockid>
      <transform>
        <scale>1</scale>
        <position>0.0219304,0.00143325,0.600000</position>
        <triangledirection>0,1,0</triangledirection>
        <trianglepickorigin>0,0,0</trianglepickorigin>
        <orientation>
          <row0>1,0,0</row0>
          <row1>0,1,0</row1>
          <row2>0,0,1</row2>
        </orientation>
      </transform>
      <snapped>false</snapped>
      <childlist count="1">
        <childid>5</childid>
      </childlist>
    </blockref>
    <blockref>
      <blockid>Creature_parts~, ce_grasper_null</blockid>
      <transform>
        <basemusclescale>1.100000</basemusclescale>
        <scale>1</scale>
        <position>-2.640135,1.650595,3.122989</position>
        <triangledirection>0.240942,-0.239479,-0.940530</triangledirection>
        <trianglepickorigin>0,0,0</trianglepickorigin>
        <orientation>
          <row0>-0.784656,-0.618398,-0.0435534</row0>
          <row1>0.240942,-0.239479,-0.940530</row1>
          <row2>0.571192,-0.748487,0.336906</row2>
        </orientation>
      </transform>
      <snapped>false</snapped>
    </blockref>
    <blockref>
      <blockid>Creature_parts~, ce_grasper_null</blockid>
      <transform>
        <basemusclescale>1</basemusclescale>
        <scale>1</scale>
        <position>-2.281733,-0.156526,2.944823</position>
        <triangledirection>0.240960,-0.239477,-0.940525</triangledirection>
        <trianglepickorigin>0,0,0</trianglepickorigin>
        <orientation>
          <row0>-0.784640,-0.618419,-0.0435605</row0>
          <row1>0.240960,-0.239477,-0.940525</row1>
          <row2>0.571207,-0.748470,0.336917</row2>
        </orientation>
      </transform>
      <snapped>false</snapped>
    </blockref>
    <blockref>
      <blockid>Creature_parts~, ce_grasper_null</blockid>
      <transform>
        <basemusclescale>1</basemusclescale>
        <scale>1</scale>
        <position>0.203314,-1.786732,3.307368</position>
        <triangledirection>0,0,-1</triangledirection>
        <trianglepickorigin>0,0,0</trianglepickorigin>
        <orientation>
          <row0>1,0,0</row0>
          <row1>0,0,-1</row1>
          <row2>0,1,0</row2>
        </orientation>
      </transform>
      <snapped>false</snapped>
    </blockref>
    <blockref>
      <blockid>Creature_parts~, ce_grasper_null</blockid>
      <transform>
        <basemusclescale>1</basemusclescale>
        <scale>1</scale>
        <position>0.0219304,0.00143325,3.150254</position>
        <triangledirection>-0.100535,0.991115,-0.0870820</triangledirection>
        <trianglepickorigin>0,0,0</trianglepickorigin>
        <orientation>
          <row0>0.987913,0.109821,0.109388</row0>
          <row1>-0.100535,0.991115,-0.0870820</row1>
          <row2>-0.117980,0.0750321,0.990177</row2>
        </orientation>
      </transform>
      <snapped>false</snapped>
    </blockref>
    <blockref>
      <blockid>flora_parts~, fe_muscle_branch_01</blockid>
      <transform>
        <limbtype>0</limbtype>
        <musclescale>1</musclescale>
        <basemusclescale>2.200000</basemusclescale>
        <scale>1</scale>
        <position>0.0219304,0.00143325,0.600000</position>
        <triangledirection>-0.109427,0.255679,0.960548</triangledirection>
        <trianglepickorigin>0,0,0</trianglepickorigin>
        <orientation>
          <row0>0.439005,0.879426,-0.184073</row0>
          <row1>-0.109427,0.255679,0.960548</row1>
          <row2>0.891795,-0.401543,0.208477</row2>
        </orientation>
      </transform>
      <snapped>true</snapped>
      <childlist count="4">
        <childid>15</childid>
        <childid>10</childid>
        <childid>8</childid>
        <childid>6</childid>
      </childlist>
      <handles count="1">
        <weight channel="longer">0.00555498</weight>
      </handles>
    </blockref>
    <blockref>
      <blockid>flora_parts~, fe_muscle_branch_06</blockid>
      <transform>
        <limbtype>0</limbtype>
        <musclescale>0.5</musclescale>
        <basemusclescale>1.25</basemusclescale>
        <scale>1</scale>
        <position>0.0513514,-0.0673094,0.341742</position>
        <triangledirection>-0.286542,-0.622783,0.728034</triangledirection>
        <trianglepickorigin>0,0,0</trianglepickorigin>
        <orientation>
          <row0>0.278207,-0.781243,-0.558802</row0>
          <row1>-0.286542,-0.622783,0.728034</row1>
          <row2>-0.916784,-0.0424241,-0.397122</row2>
        </orientation>
      </transform>
      <snapped>true</snapped>
      <childlist count="3">
        <childid>14</childid>
        <childid>11</childid>
        <childid>7</childid>
      </childlist>
      <handles count="1">
        <weight channel="longer">0.162245</weight>
      </handles>
    </blockref>
    <blockref>
      <blockid>Creature_parts~, ce_grasper_null</blockid>
      <transform>
        <basemusclescale>1</basemusclescale>
        <scale>1</scale>
        <position>0.410173,0.712570,-0.569936</position>
        <triangledirection>-2.08615e-7,-1.37835e-7,-1</triangledirection>
        <trianglepickorigin>0,0,0</trianglepickorigin>
        <orientation>
          <row0>0.997901,0.0647538,-2.17103e-7</row0>
          <row1>-2.08615e-7,-1.37835e-7,-1</row1>
          <row2>-0.0647538,0.997901,-1.24037e-7</row2>
        </orientation>
      </transform>
      <snapped>true</snapped>
    </blockref>
    <blockref>
      <blockid>flora_parts~, fe_muscle_branch_06</blockid>
      <transform>
        <limbtype>0</limbtype>
        <musclescale>0.5</musclescale>
        <basemusclescale>1.25</basemusclescale>
        <scale>1</scale>
        <position>0.0513514,-0.0673094,0.341742</position>
        <triangledirection>-0.230983,0.533056,0.813939</triangledirection>
        <trianglepickorigin>0,0,0</trianglepickorigin>
        <orientation>
          <row0>-0.0795550,-0.844108,0.530237</row0>
          <row1>-0.230983,0.533056,0.813939</row1>
          <row2>-0.969699,-0.0577230,-0.237382</row2>
        </orientation>
      </transform>
      <snapped>true</snapped>
      <childlist count="3">
        <childid>13</childid>
        <childid>12</childid>
        <childid>9</childid>
      </childlist>
      <handles count="1">
        <weight channel="longer">0.162245</weight>
      </handles>
    </blockref>
    <blockref>
      <blockid>Creature_parts~, ce_grasper_null</blockid>
      <transform>
        <basemusclescale>1</basemusclescale>
        <scale>1</scale>
        <position>0.340601,-0.734829,-0.677511</position>
        <triangledirection>0.438325,0.172561,0.882096</triangledirection>
        <trianglepickorigin>0,0,0</trianglepickorigin>
        <orientation>
          <row0>0.350645,-0.936465,0.00895661</row0>
          <row1>0.438325,0.172561,0.882096</row1>
          <row2>-0.827597,-0.305377,0.470984</row2>
        </orientation>
      </transform>
      <snapped>true</snapped>
    </blockref>
    <blockref>
      <blockid>flora_parts~, FE_leaf_03</blockid>
      <transform>
        <scale>1</scale>
        <position>0.0294031,0.0176701,0.992177</position>
        <triangledirection>-0.0514879,-0.112056,-0.992367</triangledirection>
        <trianglepickorigin>0,0,0</trianglepickorigin>
        <orientation>
          <row0>-0.908669,0.417516,2.86847e-7</row0>
          <row1>-0.0514879,-0.112056,-0.992367</row1>
          <row2>-0.414329,-0.901733,0.123318</row2>
        </orientation>
      </transform>
      <snapped>false</snapped>
      <childlist count="5">
        <childid>22</childid>
        <childid>21</childid>
        <childid>20</childid>
        <childid>19</childid>
        <childid>18</childid>
      </childlist>
      <handles count="3">
        <weight channel="DeformAxisForward">1</weight>
        <weight channel="DeformAxisLeft">0.141742</weight>
        <weight channel="DeformAxisUp">0.621116</weight>
      </handles>
    </blockref>
    <blockref>
      <blockid>flora_parts~, FE_leaf_03</blockid>
      <transform>
        <scale>1</scale>
        <position>0.252258,0.532533,0.164290</position>
        <triangledirection>0.233355,-0.431401,-0.871456</triangledirection>
        <trianglepickorigin>0,0,0</trianglepickorigin>
        <orientation>
          <row0>-0.622818,0.724082,-0.296313</row0>
          <row1>-0.248788,-0.542379,-0.802451</row1>
          <row2>-0.741755,-0.426062,0.517947</row2>
        </orientation>
        <userorientation>
          <userorientation_row0>-0.979400,-0.163719,0.118193</userorientation_row0>
          <userorientation_row1>-0.199484,0.875229,-0.440657</userorientation_row1>
          <userorientation_row2>-0.0313020,-0.455156,-0.889860</userorientation_row2>
        </userorientation>
      </transform>
      <snapped>false</snapped>
      <handles count="3">
        <weight channel="DeformAxisForward">1</weight>
        <weight channel="DeformAxisLeft">0.141742</weight>
        <weight channel="DeformAxisUp">0.621116</weight>
      </handles>
    </blockref>
    <blockref>
      <blockid>flora_parts~, FE_leaf_03</blockid>
      <transform>
        <scale>1</scale>
        <position>-0.0258731,-0.568765,0.363600</position>
        <triangledirection>0.111762,0.276733,-0.954424</triangledirection>
        <trianglepickorigin>0,0,0</trianglepickorigin>
        <orientation>
          <row0>0.989331,-0.145679,-1.67638e-7</row0>
          <row1>0.133700,0.907976,-0.397117</row1>
          <row2>0.0578521,0.392880,0.917767</row2>
        </orientation>
        <userorientation>
          <userorientation_row0>0.912693,0.266186,0.310053</userorientation_row0>
          <userorientation_row1>0.0702555,0.645229,-0.760751</userorientation_row1>
          <userorientation_row2>-0.402557,0.716116,0.570195</userorientation_row2>
        </userorientation>
      </transform>
      <snapped>false</snapped>
      <handles count="3">
        <weight channel="DeformAxisForward">1</weight>
        <weight channel="DeformAxisLeft">0.141742</weight>
        <weight channel="DeformAxisUp">0.621116</weight>
      </handles>
    </blockref>
    <blockref>
      <blockid>flora_parts~, FE_leaf_11</blockid>
      <transform>
        <scale>0,637627</scale>
        <position>0.422785,-0.395747,-0.621730</position>
        <triangledirection>-0.0772809,0.0555126,-0.995462</triangledirection>
        <trianglepickorigin>0,0,0</trianglepickorigin>
        <orientation>
          <row0>-0.518975,0.854789,-3.87430e-7</row0>
          <row1>-0.562916,-0.341768,0.752542</row1>
          <row2>0.643264,0.390551,0.658543</row2>
        </orientation>
        <userorientation>
          <userorientation_row0>0.992777,0.119965,-5.21540e-8</userorientation_row0>
          <userorientation_row1>0.0875589,-0.724596,-0.683587</userorientation_row1>
          <userorientation_row2>-0.0820068,0.678650,-0.729867</userorientation_row2>
        </userorientation>
      </transform>
      <snapped>false</snapped>
      <handles count="3">
        <weight channel="DeformAxisUp">0.660939</weight>
        <weight channel="DeformAxisForward">0.912383</weight>
        <weight channel="DeformAxisLeft">0.677745</weight>
      </handles>
    </blockref>
    <blockref>
      <blockid>flora_parts~, FE_leaf_11</blockid>
      <transform>
        <scale>0,637627</scale>
        <position>0.306674,0.458388,-0.671526</position>
        <triangledirection>0.0940751,-0.0998143,-0.990548</triangledirection>
        <trianglepickorigin>0,0,0</trianglepickorigin>
        <orientation>
          <row0>0.671177,-0.741297,2.38418e-7</row0>
          <row1>0.353619,0.320170,0.878888</row1>
          <row2>-0.651517,-0.589889,0.477027</row2>
        </orientation>
        <userorientation>
          <userorientation_row0>0.989354,0.143773,0.0225212</userorientation_row0>
          <userorientation_row1>0.137132,-0.869271,-0.474931</userorientation_row1>
          <userorientation_row2>-0.0487052,0.472963,-0.879733</userorientation_row2>
        </userorientation>
      </transform>
      <snapped>false</snapped>
      <handles count="3">
        <weight channel="DeformAxisUp">0.660939</weight>
        <weight channel="DeformAxisForward">0.912383</weight>
        <weight channel="DeformAxisLeft">0.677745</weight>
      </handles>
    </blockref>
    <blockref>
      <blockid>flora_parts~, fe_muscle_branch_06</blockid>
      <transform>
        <limbtype>0</limbtype>
        <musclescale>0.5</musclescale>
        <basemusclescale>1.25</basemusclescale>
        <scale>1</scale>
        <position>0.0513514,-0.0673094,0.341742</position>
        <triangledirection>0.387365,-0.378303,0.840734</triangledirection>
        <trianglepickorigin>0,0,0</trianglepickorigin>
        <orientation>
          <row0>0.581083,0.808171,0.0959187</row0>
          <row1>0.387365,-0.378303,0.840734</row1>
          <row2>0.715744,-0.451381,-0.532883</row2>
        </orientation>
      </transform>
      <snapped>true</snapped>
      <childlist count="2">
        <childid>17</childid>
        <childid>16</childid>
      </childlist>
      <handles count="1">
        <weight channel="longer">0.162245</weight>
      </handles>
    </blockref>
    <blockref>
      <blockid>Creature_parts~, ce_grasper_null</blockid>
      <transform>
        <basemusclescale>1</basemusclescale>
        <scale>1</scale>
        <position>-0.433725,0.406421,-0.711064</position>
        <triangledirection>-0.526148,0.692518,0.493544</triangledirection>
        <trianglepickorigin>0,0,0</trianglepickorigin>
        <orientation>
          <row0>0.142633,0.644016,-0.751597</row0>
          <row1>-0.526148,0.692518,0.493544</row1>
          <row2>0.838345,0.325055,0.437624</row2>
        </orientation>
      </transform>
      <snapped>true</snapped>
    </blockref>
    <blockref>
      <blockid>flora_parts~, FE_leaf_11</blockid>
      <transform>
        <scale>0,637627</scale>
        <position>-0.534965,0.141971,-0.695156</position>
        <triangledirection>0.0774071,-0.121872,-0.989522</triangledirection>
        <trianglepickorigin>0,0,0</trianglepickorigin>
        <orientation>
          <row0>0.615712,-0.770060,-0.167047</row0>
          <row1>0.728620,0.475679,0.492788</row1>
          <row2>-0.300015,-0.425130,0.853964</row2>
        </orientation>
        <userorientation>
          <userorientation_row0>0.937488,0.303379,0.170516</userorientation_row0>
          <userorientation_row1>0.306807,-0.489197,-0.816428</userorientation_row1>
          <userorientation_row2>-0.164270,0.817707,-0.551696</userorientation_row2>
        </userorientation>
      </transform>
      <snapped>false</snapped>
      <handles count="3">
        <weight channel="DeformAxisUp">0.660939</weight>
        <weight channel="DeformAxisForward">0.912383</weight>
        <weight channel="DeformAxisLeft">0.677745</weight>
      </handles>
    </blockref>
    <blockref>
      <blockid>flora_parts~, fe_cap_01a</blockid>
      <transform>
        <scale>0,377191</scale>
        <position>0.0284184,0.0880744,2.799554</position>
        <triangledirection>-0.889614,-0.417843,-0.184370</triangledirection>
        <trianglepickorigin>0,0,0</trianglepickorigin>
        <orientation>
          <row0>-0.425131,0.905131,5.21540e-8</row0>
          <row1>-0.889614,-0.417843,-0.184370</row1>
          <row2>-0.166879,-0.0783816,0.982856</row2>
        </orientation>
      </transform>
      <snapped>false</snapped>
    </blockref>
    <blockref>
      <blockid>flora_parts~, fe_cap_01a</blockid>
      <transform>
        <scale>0,377191</scale>
        <position>-0.00567202,0.0137391,2.982908</position>
        <triangledirection>-0.282663,0.912401,0.296016</triangledirection>
        <trianglepickorigin>0,0,0</trianglepickorigin>
        <orientation>
          <row0>0.955210,0.295925,-1.04308e-7</row0>
          <row1>-0.282663,0.912401,0.296016</row1>
          <row2>0.0875990,-0.282758,0.955182</row2>
        </orientation>
      </transform>
      <snapped>false</snapped>
    </blockref>
    <blockref>
      <blockid>flora_parts~, fe_cap_01a</blockid>
      <transform>
        <scale>0,377191</scale>
        <position>-0.104640,-0.228358,3.350361</position>
        <triangledirection>-0.821975,-0.228269,-0.521775</triangledirection>
        <trianglepickorigin>0,0,0</trianglepickorigin>
        <orientation>
          <row0>-0.267581,0.963535,-3.35276e-7</row0>
          <row1>-0.821975,-0.228269,-0.521775</row1>
          <row2>-0.502749,-0.139617,0.853083</row2>
        </orientation>
      </transform>
      <snapped>false</snapped>
    </blockref>
    <blockref>
      <blockid>flora_parts~, fe_cap_01a</blockid>
      <transform>
        <scale>0,377191</scale>
        <position>-0.0735884,-0.117501,3.252995</position>
        <triangledirection>-0.822817,-0.226465,-0.521233</triangledirection>
        <trianglepickorigin>0,0,0</trianglepickorigin>
        <orientation>
          <row0>-0.265364,0.964148,4.99188e-7</row0>
          <row1>-0.822817,-0.226465,-0.521233</row1>
          <row2>-0.502546,-0.138317,0.853414</row2>
        </orientation>
      </transform>
      <snapped>false</snapped>
    </blockref>
    <blockref>
      <blockid>flora_parts~, fe_cap_01a</blockid>
      <transform>
        <scale>0,377191</scale>
        <position>-0.379605,-0.748469,3.509311</position>
        <triangledirection>0.662015,-0.244163,0.708603</triangledirection>
        <trianglepickorigin>0,0,0</trianglepickorigin>
        <orientation>
          <row0>-0.346032,-0.938222,-3.27825e-7</row0>
          <row1>0.662015,-0.244163,0.708603</row1>
          <row2>-0.664828,0.245200,0.705606</row2>
        </orientation>
      </transform>
      <snapped>false</snapped>
    </blockref>
  </blocks></sporemodel>