spore0006438f6347406662000771900bb9fea735ffffffffffffffffffffffffffffffff0000000ec178f7b40dsporeautotestfffffffffffffffe0cCheckreticus00006gaprop00<?xml version="1.0" encoding="UTF-8"?><sporemodel>
  <properties>
    <modeltype>PlantLarge</modeltype>
    <skineffectseed1>1234</skineffectseed1>
    <skineffectseed2>1234</skineffectseed2>
    <skineffectseed3>1234</skineffectseed3>
    <skincolor1>0.905882,0.894116,0.780391</skincolor1>
    <skincolor2>0.972549,0.749019,0.262744</skincolor2>
    <skincolor3>0.282352,0.196078,0.0156861</skincolor3>
    <zcorpscore>9</zcorpscore>
  </properties>
  <blocks count="29">
    <blockref>
      <blockid>flora_parts~, fe_root_dummy</blockid>
      <transform>
        <scale>1</scale>
        <position>0,0,0.600000</position>
        <triangledirection>0,1,0</triangledirection>
        <trianglepickorigin>0,0,0</trianglepickorigin>
        <orientation>
          <row0>1,0,0</row0>
          <row1>0,1,0</row1>
          <row2>0,0,1</row2>
        </orientation>
      </transform>
      <snapped>false</snapped>
      <childlist count="5">
        <childid>9</childid>
        <childid>7</childid>
        <childid>5</childid>
        <childid>3</childid>
        <childid>1</childid>
      </childlist>
    </blockref>
    <blockref>
      <blockid>flora_parts~, FE_muscle_branch_04</blockid>
      <transform>
        <limbtype>0</limbtype>
        <musclescale>0.524996</musclescale>
        <basemusclescale>2.099996</basemusclescale>
        <scale>1</scale>
        <position>0,0,0.600000</position>
        <triangledirection>-0.353940,0.716074,0.601633</triangledirection>
        <trianglepickorigin>0,0,0</trianglepickorigin>
        <orientation>
          <row0>0.292510,0.695756,-0.656018</row0>
          <row1>-0.353940,0.716074,0.601633</row1>
          <row2>0.888348,0.0562070,0.455716</row2>
        </orientation>
      </transform>
      <snapped>true</snapped>
      <childlist count="1">
        <childid>2</childid>
      </childlist>
      <handles count="1">
        <weight channel="longer">0.216649</weight>
      </handles>
    </blockref>
    <blockref>
      <blockid>Creature_parts~, ce_grasper_null</blockid>
      <transform>
        <basemusclescale>0.5</basemusclescale>
        <scale>1</scale>
        <position>0.564076,-1.141218,-0.358833</position>
        <triangledirection>0,0,-1</triangledirection>
        <trianglepickorigin>0,0,0</trianglepickorigin>
        <orientation>
          <row0>1,0,0</row0>
          <row1>0,0,-1</row1>
          <row2>0,1,0</row2>
        </orientation>
      </transform>
      <snapped>true</snapped>
    </blockref>
    <blockref>
      <blockid>flora_parts~, fe_muscle_branch_01</blockid>
      <transform>
        <limbtype>0</limbtype>
        <musclescale>0.75</musclescale>
        <basemusclescale>2.099996</basemusclescale>
        <scale>1</scale>
        <position>0,0,0.600000</position>
        <triangledirection>-0.484347,-0.579931,0.655046</triangledirection>
        <trianglepickorigin>0,0,0</trianglepickorigin>
        <orientation>
          <row0>0.105375,-0.781951,-0.614368</row0>
          <row1>-0.484347,-0.579931,0.655046</row1>
          <row2>-0.868506,0.228542,-0.439846</row2>
        </orientation>
      </transform>
      <snapped>true</snapped>
      <childlist count="1">
        <childid>4</childid>
      </childlist>
      <handles count="1">
        <weight channel="longer">0.202262</weight>
      </handles>
    </blockref>
    <blockref>
      <blockid>Creature_parts~, ce_grasper_null</blockid>
      <transform>
        <basemusclescale>0.75</basemusclescale>
        <scale>1</scale>
        <position>0.728166,0.871869,-0.384793</position>
        <triangledirection>0,0,-1</triangledirection>
        <trianglepickorigin>0,0,0</trianglepickorigin>
        <orientation>
          <row0>1,0,0</row0>
          <row1>0,0,-1</row1>
          <row2>0,1,0</row2>
        </orientation>
      </transform>
      <snapped>true</snapped>
    </blockref>
    <blockref>
      <blockid>flora_parts~, fe_muscle_branch_01</blockid>
      <transform>
        <limbtype>0</limbtype>
        <musclescale>0.824996</musclescale>
        <basemusclescale>2.099996</basemusclescale>
        <scale>1</scale>
        <position>0,0,0.600000</position>
        <triangledirection>0.704647,-0.400266,0.585883</triangledirection>
        <trianglepickorigin>0,0,0</trianglepickorigin>
        <orientation>
          <row0>0.500682,0.865563,-0.0108371</row0>
          <row1>0.704647,-0.400266,0.585883</row1>
          <row2>0.502781,-0.300978,-0.810323</row2>
        </orientation>
      </transform>
      <snapped>true</snapped>
      <childlist count="1">
        <childid>6</childid>
      </childlist>
      <handles count="1">
        <weight channel="longer">0.202728</weight>
      </handles>
    </blockref>
    <blockref>
      <blockid>Creature_parts~, ce_grasper_null</blockid>
      <transform>
        <basemusclescale>0.699996</basemusclescale>
        <scale>1</scale>
        <position>-1.061424,0.602926,-0.282530</position>
        <triangledirection>0,0,-1</triangledirection>
        <trianglepickorigin>0,0,0</trianglepickorigin>
        <orientation>
          <row0>1,-10e-7,0</row0>
          <row1>0,0,-1</row1>
          <row2>10e-7,1,0</row2>
        </orientation>
      </transform>
      <snapped>true</snapped>
    </blockref>
    <blockref>
      <blockid>flora_parts~, fe_branch_01</blockid>
      <transform>
        <limbtype>2</limbtype>
        <musclescale>0.5</musclescale>
        <basemusclescale>2.099996</basemusclescale>
        <scale>1</scale>
        <position>0,0,0.600000</position>
        <triangledirection>-0.192036,-0.361946,-0.912204</triangledirection>
        <trianglepickorigin>0,0,0</trianglepickorigin>
        <orientation>
          <row0>0.980280,-0.0266092,-0.195809</row0>
          <row1>-0.192036,-0.361946,-0.912204</row1>
          <row2>-0.0465993,0.931819,-0.359918</row2>
        </orientation>
      </transform>
      <snapped>true</snapped>
      <childlist count="1">
        <childid>8</childid>
      </childlist>
      <handles count="3">
        <weight channel="DeformAxisForward">0.214776</weight>
        <weight channel="DeformAxisLeft">1</weight>
        <weight channel="0x5e6f7e87">1</weight>
      </handles>
    </blockref>
    <blockref>
      <blockid>flora_parts~, fe_branch_01</blockid>
      <transform>
        <limbtype>2</limbtype>
        <musclescale>0.5</musclescale>
        <basemusclescale>1</basemusclescale>
        <scale>1</scale>
        <position>0.186627,0.351752,1.486514</position>
        <triangledirection>-0.266786,-0.201582,-0.942438</triangledirection>
        <trianglepickorigin>0,0,0</trianglepickorigin>
        <orientation>
          <row0>0.961503,0.0111500,-0.274567</row0>
          <row1>-0.266786,-0.201582,-0.942438</row1>
          <row2>-0.0658562,0.979408,-0.190847</row2>
        </orientation>
      </transform>
      <snapped>true</snapped>
      <childlist count="2">
        <childid>19</childid>
        <childid>16</childid>
      </childlist>
      <handles count="3">
        <weight channel="DeformAxisForward">0.600000</weight>
        <weight channel="DeformAxisLeft">0.472887</weight>
        <weight channel="0x5e6f7e87">1</weight>
      </handles>
    </blockref>
    <blockref>
      <blockid>flora_parts~, fe_branch_01</blockid>
      <transform>
        <limbtype>2</limbtype>
        <musclescale>0.5</musclescale>
        <basemusclescale>2.099996</basemusclescale>
        <scale>1</scale>
        <position>0,0,0.600000</position>
        <triangledirection>0,-1.19209e-7,-1</triangledirection>
        <trianglepickorigin>0,0,0</trianglepickorigin>
        <orientation>
          <row0>1,0,0</row0>
          <row1>0,-1.19209e-7,-1</row1>
          <row2>0,1,-1.19209e-7</row2>
        </orientation>
      </transform>
      <snapped>true</snapped>
      <childlist count="2">
        <childid>20</childid>
        <childid>10</childid>
      </childlist>
      <handles count="3">
        <weight channel="DeformAxisForward">0.600000</weight>
        <weight channel="DeformAxisLeft">1</weight>
        <weight channel="0x5e6f7e87">1</weight>
      </handles>
    </blockref>
    <blockref>
      <blockid>flora_parts~, fe_branch_01</blockid>
      <transform>
        <limbtype>2</limbtype>
        <musclescale>0.5</musclescale>
        <basemusclescale>1</basemusclescale>
        <scale>1</scale>
        <position>0,2.21013e-7,2.453999</position>
        <triangledirection>-9.31322e-10,1.19209e-7,-1</triangledirection>
        <trianglepickorigin>0,0,0</trianglepickorigin>
        <orientation>
          <row0>0.999671,0.0256463,2.12625e-9</row0>
          <row1>-9.31322e-10,1.19209e-7,-1</row1>
          <row2>-0.0256463,0.999671,1.19193e-7</row2>
        </orientation>
      </transform>
      <snapped>true</snapped>
      <childlist count="2">
        <childid>13</childid>
        <childid>11</childid>
      </childlist>
      <handles count="3">
        <weight channel="DeformAxisForward">0.600000</weight>
        <weight channel="DeformAxisLeft">0.472887</weight>
        <weight channel="0x5e6f7e87">1</weight>
      </handles>
    </blockref>
    <blockref>
      <blockid>flora_parts~, fe_branch_01</blockid>
      <transform>
        <limbtype>2</limbtype>
        <musclescale>0.5</musclescale>
        <basemusclescale>1</basemusclescale>
        <scale>1</scale>
        <position>1.72667e-9,2.84217e-14,4.308000</position>
        <triangledirection>0.734284,-0.0412365,-0.677587</triangledirection>
        <trianglepickorigin>0,0,0</trianglepickorigin>
        <orientation>
          <row0>0.671503,0.190486,0.716099</row0>
          <row1>0.734284,-0.0412365,-0.677587</row1>
          <row2>-0.0995415,0.980823,-0.167561</row2>
        </orientation>
      </transform>
      <snapped>true</snapped>
      <childlist count="1">
        <childid>12</childid>
      </childlist>
      <handles count="3">
        <weight channel="DeformAxisForward">0.416777</weight>
        <weight channel="DeformAxisLeft">0</weight>
        <weight channel="0x5e6f7e87">1</weight>
      </handles>
    </blockref>
    <blockref>
      <blockid>Creature_parts~, ce_grasper_null</blockid>
      <transform>
        <basemusclescale>1</basemusclescale>
        <scale>1</scale>
        <position>-1.053272,0.0591504,5.279944</position>
        <triangledirection>1.39698e-8,-8.94068e-8,-1</triangledirection>
        <trianglepickorigin>0,0,0</trianglepickorigin>
        <orientation>
          <row0>1,3.72529e-8,1.39697e-8</row0>
          <row1>1.39698e-8,-8.94068e-8,-1</row1>
          <row2>-3.72529e-8,1,-8.94068e-8</row2>
        </orientation>
      </transform>
      <snapped>true</snapped>
    </blockref>
    <blockref>
      <blockid>flora_parts~, fe_branch_01</blockid>
      <transform>
        <limbtype>2</limbtype>
        <musclescale>0.5</musclescale>
        <basemusclescale>1</basemusclescale>
        <scale>1</scale>
        <position>1.72667e-9,0,4.308000</position>
        <triangledirection>-1.86263e-9,1.19209e-7,-1</triangledirection>
        <trianglepickorigin>0,0,0</trianglepickorigin>
        <orientation>
          <row0>0.999671,0.0256463,1.19524e-9</row0>
          <row1>-1.86263e-9,1.19209e-7,-1</row1>
          <row2>-0.0256463,0.999671,1.19217e-7</row2>
        </orientation>
      </transform>
      <snapped>true</snapped>
      <childlist count="2">
        <childid>15</childid>
        <childid>14</childid>
      </childlist>
      <handles count="3">
        <weight channel="DeformAxisForward">0.600000</weight>
        <weight channel="DeformAxisLeft">0.132121</weight>
        <weight channel="0x5e6f7e87">1</weight>
      </handles>
    </blockref>
    <blockref>
      <blockid>Creature_parts~, ce_grasper_null</blockid>
      <transform>
        <basemusclescale>1</basemusclescale>
        <scale>1</scale>
        <position>6.26228e-9,-2.63198e-7,6.161997</position>
        <triangledirection>0.454993,-0.480636,-0.749646</triangledirection>
        <trianglepickorigin>0,0,0</trianglepickorigin>
        <orientation>
          <row0>0.825860,-0.0871140,0.557104</row0>
          <row1>0.454993,-0.480636,-0.749646</row1>
          <row2>0.333069,0.872582,-0.357302</row2>
        </orientation>
      </transform>
      <snapped>true</snapped>
    </blockref>
    <blockref>
      <blockid>flora_parts~, fe_leaf_04</blockid>
      <transform>
        <scale>1,690458</scale>
        <position>0.0417590,-0.0409833,4.809160</position>
        <triangledirection>0.149280,0.123715,-0.981024</triangledirection>
        <trianglepickorigin>0,0,0</trianglepickorigin>
        <orientation>
          <row0>0.741391,0.671073,-5.96046e-8</row0>
          <row1>-0.670321,0.740560,-0.0473296</row1>
          <row2>-0.0317615,0.0350897,0.998879</row2>
        </orientation>
        <userorientation>
          <userorientation_row0>0.192437,-0.981308,-7.45058e-9</userorientation_row0>
          <userorientation_row1>0.193697,0.0379846,-0.980325</userorientation_row1>
          <userorientation_row2>0.962002,0.188650,0.197386</userorientation_row2>
        </userorientation>
      </transform>
      <snapped>false</snapped>
      <childlist count="6">
        <childid>24</childid>
        <childid>23</childid>
        <childid>22</childid>
        <childid>21</childid>
        <childid>18</childid>
        <childid>17</childid>
      </childlist>
      <handles count="2">
        <weight channel="DeformAxisLeft">0</weight>
        <weight channel="DeformAxisForward">0.332762</weight>
      </handles>
    </blockref>
    <blockref>
      <blockid>flora_parts~, fe_leaf_04</blockid>
      <transform>
        <scale>1,349858</scale>
        <position>0.543403,0.528738,2.510320</position>
        <triangledirection>-0.274459,-0.228847,-0.933970</triangledirection>
        <trianglepickorigin>0,0,0</trianglepickorigin>
        <orientation>
          <row0>0.684381,0.729124,-7.45058e-9</row0>
          <row1>-0.727263,0.682634,0.0714006</row1>
          <row2>0.0520599,-0.0488652,0.997447</row2>
        </orientation>
        <userorientation>
          <userorientation_row0>0.353375,-0.928879,-0.110941</userorientation_row0>
          <userorientation_row1>-0.354693,-0.0233005,-0.934692</userorientation_row1>
          <userorientation_row2>0.865630,0.369647,-0.337701</userorientation_row2>
        </userorientation>
      </transform>
      <snapped>false</snapped>
      <childlist count="2">
        <childid>28</childid>
        <childid>27</childid>
      </childlist>
      <handles count="2">
        <weight channel="DeformAxisLeft">0.510786</weight>
        <weight channel="DeformAxisForward">0.765807</weight>
      </handles>
    </blockref>
    <blockref>
      <blockid>flora_parts~, fe_cap_01a</blockid>
      <transform>
        <scale>0,438235</scale>
        <position>-0.161534,-0.123201,5.789216</position>
        <triangledirection>0.910585,-0.412266,0.0295157</triangledirection>
        <trianglepickorigin>0,0,0</trianglepickorigin>
        <orientation>
          <row0>-0.412446,-0.910982,-3.72529e-9</row0>
          <row1>0.910585,-0.412266,0.0295157</row1>
          <row2>-0.0268883,0.0121736,0.999564</row2>
        </orientation>
      </transform>
      <snapped>false</snapped>
    </blockref>
    <blockref>
      <blockid>flora_parts~, fe_cap_01a</blockid>
      <transform>
        <scale>0,438235</scale>
        <position>-0.712154,0.145802,5.630624</position>
        <triangledirection>-0.685908,-0.574661,-0.446423</triangledirection>
        <trianglepickorigin>0,0,0</trianglepickorigin>
        <orientation>
          <row0>-0.642207,0.766530,4.32133e-7</row0>
          <row1>-0.685908,-0.574661,-0.446423</row1>
          <row2>-0.342196,-0.286696,0.894821</row2>
        </orientation>
      </transform>
      <snapped>false</snapped>
    </blockref>
    <blockref>
      <blockid>Creature_parts~, ce_grasper_null</blockid>
      <transform>
        <basemusclescale>1</basemusclescale>
        <scale>1</scale>
        <position>0.681249,0.725486,3.233793</position>
        <triangledirection>0.734285,-0.0412364,-0.677587</triangledirection>
        <trianglepickorigin>0,0,0</trianglepickorigin>
        <orientation>
          <row0>0.671503,0.190485,0.716099</row0>
          <row1>0.734285,-0.0412364,-0.677587</row1>
          <row2>-0.0995415,0.980823,-0.167561</row2>
        </orientation>
      </transform>
      <snapped>true</snapped>
    </blockref>
    <blockref>
      <blockid>flora_parts~, fe_leaf_04</blockid>
      <transform>
        <scale>1,349858</scale>
        <position>0.0550126,-0.0972440,2.296795</position>
        <triangledirection>-0.0892646,0.493306,-0.865261</triangledirection>
        <trianglepickorigin>0,0,0</trianglepickorigin>
        <orientation>
          <row0>0.706771,0.707441,0</row0>
          <row1>-0.700391,0.699728,-0.140828</row1>
          <row2>-0.0996276,0.0995333,0.990034</row2>
        </orientation>
        <userorientation>
          <userorientation_row0>-0.633545,-0.520836,-0.572143</userorientation_row0>
          <userorientation_row1>0.285896,0.529554,-0.798644</userorientation_row1>
          <userorientation_row2>0.718945,-0.669552,-0.186590</userorientation_row2>
        </userorientation>
      </transform>
      <snapped>false</snapped>
      <handles count="2">
        <weight channel="DeformAxisLeft">0.510786</weight>
        <weight channel="DeformAxisForward">0.553767</weight>
      </handles>
    </blockref>
    <blockref>
      <blockid>flora_parts~, fe_cap_01a</blockid>
      <transform>
        <scale>0,509156</scale>
        <position>-1.131562,-0.238792,6.123285</position>
        <triangledirection>0.482846,-0.874742,-0.0410358</triangledirection>
        <trianglepickorigin>0,0,0</trianglepickorigin>
        <orientation>
          <row0>-0.875480,-0.483253,2.04890e-8</row0>
          <row1>0.482846,-0.874742,-0.0410358</row1>
          <row2>0.0198307,-0.0359260,0.999157</row2>
        </orientation>
      </transform>
      <snapped>false</snapped>
    </blockref>
    <blockref>
      <blockid>flora_parts~, fe_cap_01a</blockid>
      <transform>
        <scale>0,509156</scale>
        <position>-1.192727,0.429091,6.004290</position>
        <triangledirection>-0.685908,-0.574661,-0.446422</triangledirection>
        <trianglepickorigin>0,0,0</trianglepickorigin>
        <orientation>
          <row0>-0.642207,0.766530,4.02331e-7</row0>
          <row1>-0.685908,-0.574661,-0.446422</row1>
          <row2>-0.342196,-0.286696,0.894822</row2>
        </orientation>
      </transform>
      <snapped>false</snapped>
    </blockref>
    <blockref>
      <blockid>flora_parts~, fe_cap_01a</blockid>
      <transform>
        <scale>0,509156</scale>
        <position>-0.764514,-0.0377478,6.156367</position>
        <triangledirection>0.482846,-0.874743,-0.0410359</triangledirection>
        <trianglepickorigin>0,0,0</trianglepickorigin>
        <orientation>
          <row0>-0.875480,-0.483253,-9.31322e-9</row0>
          <row1>0.482846,-0.874743,-0.0410359</row1>
          <row2>0.0198307,-0.0359261,0.999157</row2>
        </orientation>
      </transform>
      <snapped>false</snapped>
      <childlist count="1">
        <childid>25</childid>
      </childlist>
    </blockref>
    <blockref>
      <blockid>flora_parts~, fe_cap_01a</blockid>
      <transform>
        <scale>0,509156</scale>
        <position>-0.824720,-0.0689807,6.113717</position>
        <triangledirection>0.482846,-0.874743,-0.0410359</triangledirection>
        <trianglepickorigin>0,0,0</trianglepickorigin>
        <orientation>
          <row0>-0.875480,-0.483253,-9.31322e-9</row0>
          <row1>0.482846,-0.874743,-0.0410359</row1>
          <row2>0.0198307,-0.0359261,0.999157</row2>
        </orientation>
      </transform>
      <snapped>false</snapped>
    </blockref>
    <blockref>
      <blockid>flora_parts~, fe_cap_01a</blockid>
      <transform>
        <scale>0,509156</scale>
        <position>-0.755567,0.00725798,6.163458</position>
        <triangledirection>-0.820652,-0.278210,0.499128</triangledirection>
        <trianglepickorigin>0,0,0</trianglepickorigin>
        <orientation>
          <row0>-0.321062,0.947057,4.02331e-7</row0>
          <row1>-0.820652,-0.278210,0.499128</row1>
          <row2>0.472703,0.160251,0.866528</row2>
        </orientation>
      </transform>
      <snapped>false</snapped>
      <childlist count="1">
        <childid>26</childid>
      </childlist>
    </blockref>
    <blockref>
      <blockid>flora_parts~, fe_cap_01a</blockid>
      <transform>
        <scale>0,509156</scale>
        <position>-0.736206,0.0491217,6.139801</position>
        <triangledirection>0.688008,-0.657095,0.308009</triangledirection>
        <trianglepickorigin>0,0,0</trianglepickorigin>
        <orientation>
          <row0>-0.690673,-0.723166,2.98023e-8</row0>
          <row1>0.688008,-0.657095,0.308009</row1>
          <row2>-0.222741,0.212733,0.951383</row2>
        </orientation>
      </transform>
      <snapped>false</snapped>
    </blockref>
    <blockref>
      <blockid>flora_parts~, fe_cap_01a</blockid>
      <transform>
        <scale>0,509156</scale>
        <position>1.305307,0.417771,6.065626</position>
        <triangledirection>0.0791435,-0.474601,0.876635</triangledirection>
        <trianglepickorigin>0,0,0</trianglepickorigin>
        <orientation>
          <row0>-0.986379,-0.164485,3.79979e-7</row0>
          <row1>0.0791435,-0.474601,0.876635</row1>
          <row2>-0.144194,0.864695,0.481155</row2>
        </orientation>
      </transform>
      <snapped>false</snapped>
    </blockref>
    <blockref>
      <blockid>flora_parts~, fe_cap_01a</blockid>
      <transform>
        <scale>0,509156</scale>
        <position>1.097660,2.875108,5.827374</position>
        <triangledirection>0.0863713,-0.464914,-0.881132</triangledirection>
        <trianglepickorigin>0,0,0</trianglepickorigin>
        <orientation>
          <row0>-0.983177,-0.182652,-4.91738e-7</row0>
          <row1>0.0863713,-0.464914,-0.881132</row1>
          <row2>0.160941,-0.866309,0.472869</row2>
        </orientation>
      </transform>
      <snapped>false</snapped>
    </blockref>
  </blocks></sporemodel>