spore0006438f63474066620007730cf4b9fea735ffffffffffffffffffffffffffffffff0000000ec178f8290dsporeautotestfffffffffffffffe0bManitalicus00006gaprop00<?xml version="1.0" encoding="UTF-8"?><sporemodel>
  <properties>
    <modeltype>PlantMedium</modeltype>
    <skineffectseed1>1234</skineffectseed1>
    <skineffectseed2>1234</skineffectseed2>
    <skineffectseed3>1234</skineffectseed3>
    <skincolor1>0.282352,0.172548,0.129411</skincolor1>
    <skincolor2>0.105881,0.443136,0.0823528</skincolor2>
    <skincolor3>0.803922,0.662742,0.368627</skincolor3>
    <zcorpscore>14</zcorpscore>
  </properties>
  <blocks count="44">
    <blockref>
      <blockid>flora_parts~, fe_root_dummy</blockid>
      <transform>
        <scale>1</scale>
        <position>0.0219304,0.00143325,0.600000</position>
        <triangledirection>0,1,0</triangledirection>
        <trianglepickorigin>0,0,0</trianglepickorigin>
        <orientation>
          <row0>1,0,0</row0>
          <row1>0,1,0</row1>
          <row2>0,0,1</row2>
        </orientation>
      </transform>
      <snapped>false</snapped>
      <childlist count="5">
        <childid>25</childid>
        <childid>10</childid>
        <childid>7</childid>
        <childid>4</childid>
        <childid>1</childid>
      </childlist>
    </blockref>
    <blockref>
      <blockid>flora_parts~, fe_muscle_branch_01</blockid>
      <transform>
        <limbtype>0</limbtype>
        <musclescale>0.5</musclescale>
        <basemusclescale>2.200000</basemusclescale>
        <scale>1</scale>
        <position>0.0219304,0.00143325,0.600000</position>
        <triangledirection>-0.411303,-0.911349,0.0165059</triangledirection>
        <trianglepickorigin>0,0,0</trianglepickorigin>
        <orientation>
          <row0>-0.0917398,0.0594063,0.994009</row0>
          <row1>-0.411303,-0.911349,0.0165059</row1>
          <row2>0.906870,-0.407324,0.108041</row2>
        </orientation>
      </transform>
      <snapped>true</snapped>
      <childlist count="2">
        <childid>16</childid>
        <childid>2</childid>
      </childlist>
      <handles count="1">
        <weight channel="longer">0.162245</weight>
      </handles>
    </blockref>
    <blockref>
      <blockid>flora_parts~, FE_muscle_branch_04</blockid>
      <transform>
        <limbtype>0</limbtype>
        <musclescale>0.5</musclescale>
        <basemusclescale>1.100000</basemusclescale>
        <scale>1</scale>
        <position>0.536983,1.142667,0.579329</position>
        <triangledirection>0.719181,-0.594473,0.359693</triangledirection>
        <trianglepickorigin>0,0,0</trianglepickorigin>
        <orientation>
          <row0>-0.150487,0.372121,0.915903</row0>
          <row1>0.719181,-0.594473,0.359693</row1>
          <row2>0.678329,0.712830,-0.178162</row2>
        </orientation>
      </transform>
      <snapped>true</snapped>
      <childlist count="1">
        <childid>3</childid>
      </childlist>
      <handles count="1">
        <weight channel="longer">0.162245</weight>
      </handles>
    </blockref>
    <blockref>
      <blockid>Creature_parts~, ce_grasper_null</blockid>
      <transform>
        <basemusclescale>0.800000</basemusclescale>
        <scale>1</scale>
        <position>-0.363608,1.887097,0.128903</position>
        <triangledirection>0.450499,-0.878580,0.158578</triangledirection>
        <trianglepickorigin>0,0,0</trianglepickorigin>
        <orientation>
          <row0>-0.00935169,0.172969,0.984882</row0>
          <row1>0.450499,-0.878580,0.158578</row1>
          <row2>0.892727,0.445171,-0.0697065</row2>
        </orientation>
      </transform>
      <snapped>true</snapped>
    </blockref>
    <blockref>
      <blockid>flora_parts~, FE_muscle_branch_04</blockid>
      <transform>
        <limbtype>0</limbtype>
        <musclescale>0.5</musclescale>
        <basemusclescale>2.200000</basemusclescale>
        <scale>1</scale>
        <position>0.0219304,0.00143325,0.600000</position>
        <triangledirection>-0.393355,0.917304,-0.0618468</triangledirection>
        <trianglepickorigin>0,0,0</trianglepickorigin>
        <orientation>
          <row0>0.485719,0.150226,-0.861109</row0>
          <row1>-0.393355,0.917304,-0.0618469</row1>
          <row2>0.780607,0.368761,0.504644</row2>
        </orientation>
      </transform>
      <snapped>true</snapped>
      <childlist count="2">
        <childid>15</childid>
        <childid>5</childid>
      </childlist>
      <handles count="1">
        <weight channel="longer">0.162245</weight>
      </handles>
    </blockref>
    <blockref>
      <blockid>flora_parts~, FE_muscle_branch_04</blockid>
      <transform>
        <limbtype>0</limbtype>
        <musclescale>0.474999</musclescale>
        <basemusclescale>1.25</basemusclescale>
        <scale>1</scale>
        <position>0.514509,-1.147258,0.677448</position>
        <triangledirection>-0.869159,-0.0213909,0.494069</triangledirection>
        <trianglepickorigin>0,0,0</trianglepickorigin>
        <orientation>
          <row0>-0.483545,-0.172659,-0.858121</row0>
          <row1>-0.869159,-0.0213909,0.494069</row1>
          <row2>-0.103661,0.984749,-0.139724</row2>
        </orientation>
      </transform>
      <snapped>true</snapped>
      <childlist count="1">
        <childid>6</childid>
      </childlist>
      <handles count="1">
        <weight channel="longer">0.162245</weight>
      </handles>
    </blockref>
    <blockref>
      <blockid>Creature_parts~, ce_grasper_null</blockid>
      <transform>
        <basemusclescale>0.850000</basemusclescale>
        <scale>1</scale>
        <position>1.602913,-1.120471,0.0587487</position>
        <triangledirection>-0.983118,0.0428229,0.177888</triangledirection>
        <trianglepickorigin>0,0,0</trianglepickorigin>
        <orientation>
          <row0>-0.182968,-0.226025,-0.956783</row0>
          <row1>-0.983118,0.0428229,0.177888</row1>
          <row2>0.000765017,0.973179,-0.230045</row2>
        </orientation>
      </transform>
      <snapped>true</snapped>
    </blockref>
    <blockref>
      <blockid>flora_parts~, FE_muscle_branch_04</blockid>
      <transform>
        <limbtype>0</limbtype>
        <musclescale>0.625</musclescale>
        <basemusclescale>2.200000</basemusclescale>
        <scale>1</scale>
        <position>0.0219304,0.00143325,0.600000</position>
        <triangledirection>0.983340,0.181717,-0.00461497</triangledirection>
        <trianglepickorigin>0,0,0</trianglepickorigin>
        <orientation>
          <row0>-0.00270485,0.0400131,0.999195</row0>
          <row1>0.983340,0.181717,-0.00461497</row1>
          <row2>-0.181755,0.982536,-0.0398380</row2>
        </orientation>
      </transform>
      <snapped>true</snapped>
      <childlist count="2">
        <childid>19</childid>
        <childid>8</childid>
      </childlist>
      <handles count="1">
        <weight channel="longer">0.179371</weight>
      </handles>
    </blockref>
    <blockref>
      <blockid>flora_parts~, FE_muscle_branch_04</blockid>
      <transform>
        <limbtype>0</limbtype>
        <musclescale>0.524997</musclescale>
        <basemusclescale>1.100000</basemusclescale>
        <scale>1</scale>
        <position>-1.315147,-0.245651,0.606273</position>
        <triangledirection>0.853911,-0.217257,0.472899</triangledirection>
        <trianglepickorigin>0,0,0</trianglepickorigin>
        <orientation>
          <row0>-0.228167,0.660408,0.715401</row0>
          <row1>0.853911,-0.217257,0.472899</row1>
          <row2>0.467733,0.718790,-0.514360</row2>
        </orientation>
      </transform>
      <snapped>true</snapped>
      <childlist count="1">
        <childid>9</childid>
      </childlist>
      <handles count="1">
        <weight channel="longer">0.162245</weight>
      </handles>
    </blockref>
    <blockref>
      <blockid>Creature_parts~, ce_grasper_null</blockid>
      <transform>
        <basemusclescale>0.650000</basemusclescale>
        <scale>1</scale>
        <position>-2.384459,0.0264080,0.0140867</position>
        <triangledirection>0.971224,0.206330,-0.118957</triangledirection>
        <trianglepickorigin>0,0,0</trianglepickorigin>
        <orientation>
          <row0>0.156772,-0.177849,0.971489</row0>
          <row1>0.971224,0.206330,-0.118957</row1>
          <row2>-0.179291,0.962183,0.205079</row2>
        </orientation>
      </transform>
      <snapped>true</snapped>
    </blockref>
    <blockref>
      <blockid>flora_parts~, fe_muscle_branch_01</blockid>
      <transform>
        <limbtype>0</limbtype>
        <musclescale>0.774997</musclescale>
        <basemusclescale>2.200000</basemusclescale>
        <scale>1</scale>
        <position>0.0219304,0.00143325,0.600000</position>
        <triangledirection>0.260604,-0.298173,-0.918247</triangledirection>
        <trianglepickorigin>0,0,0</trianglepickorigin>
        <orientation>
          <row0>-0.698477,-0.714829,0.0338876</row0>
          <row1>0.260604,-0.298174,-0.918247</row1>
          <row2>0.666494,-0.632543,0.394555</row2>
        </orientation>
      </transform>
      <snapped>true</snapped>
      <childlist count="1">
        <childid>11</childid>
      </childlist>
      <handles count="1">
        <weight channel="longer">0.229671</weight>
      </handles>
    </blockref>
    <blockref>
      <blockid>flora_parts~, fe_muscle_branch_01</blockid>
      <transform>
        <limbtype>0</limbtype>
        <musclescale>0.524997</musclescale>
        <basemusclescale>1.75</basemusclescale>
        <scale>1</scale>
        <position>-0.414695,0.501002,2.138458</position>
        <triangledirection>0.237645,-0.740841,-0.628235</triangledirection>
        <trianglepickorigin>0,0,0</trianglepickorigin>
        <orientation>
          <row0>0.0962554,0.661540,-0.743705</row0>
          <row1>0.237645,-0.740841,-0.628235</row1>
          <row2>-0.966571,-0.116266,-0.228521</row2>
        </orientation>
      </transform>
      <snapped>true</snapped>
      <childlist count="2">
        <childid>38</childid>
        <childid>34</childid>
      </childlist>
      <handles count="1">
        <weight channel="longer">0.0639770</weight>
      </handles>
    </blockref>
    <blockref>
      <blockid>flora_parts~, fe_muscle_branch_01</blockid>
      <transform>
        <limbtype>0</limbtype>
        <musclescale>0.524997</musclescale>
        <basemusclescale>1.700000</basemusclescale>
        <scale>1</scale>
        <position>0.000286670,0.385773,1.589950</position>
        <triangledirection>-0.730766,0.533558,-0.425789</triangledirection>
        <trianglepickorigin>0,0,0</trianglepickorigin>
        <orientation>
          <row0>-0.635894,-0.758902,0.140378</row0>
          <row1>-0.730766,0.533558,-0.425789</row1>
          <row2>0.248232,-0.373340,-0.893866</row2>
        </orientation>
      </transform>
      <snapped>true</snapped>
      <childlist count="1">
        <childid>13</childid>
      </childlist>
      <handles count="1">
        <weight channel="longer">0.176275</weight>
      </handles>
    </blockref>
    <blockref>
      <blockid>flora_parts~, fe_muscle_branch_01</blockid>
      <transform>
        <limbtype>0</limbtype>
        <musclescale>0.824997</musclescale>
        <basemusclescale>1.299998</basemusclescale>
        <scale>1</scale>
        <position>0.979732,-0.329354,2.160638</position>
        <triangledirection>0.0921019,0.439645,-0.893436</triangledirection>
        <trianglepickorigin>0,0,0</trianglepickorigin>
        <orientation>
          <row0>-0.801929,-0.499137,-0.328285</row0>
          <row1>0.0921019,0.439645,-0.893436</row1>
          <row2>0.590276,-0.746708,-0.306592</row2>
        </orientation>
      </transform>
      <snapped>true</snapped>
      <childlist count="1">
        <childid>27</childid>
      </childlist>
      <handles count="1">
        <weight channel="longer">0.0680827</weight>
      </handles>
    </blockref>
    <blockref>
      <blockid>flora_parts~, fe_muscle_branch_01</blockid>
      <transform>
        <limbtype>0</limbtype>
        <musclescale>0.774997</musclescale>
        <basemusclescale>1.700000</basemusclescale>
        <scale>1</scale>
        <position>0.000286670,0.385773,1.589950</position>
        <triangledirection>0.863784,0.370233,-0.341766</triangledirection>
        <trianglepickorigin>0,0,0</trianglepickorigin>
        <orientation>
          <row0>0.0431792,-0.730189,-0.681878</row0>
          <row1>0.863784,0.370233,-0.341766</row1>
          <row2>0.502008,-0.574238,0.646712</row2>
        </orientation>
      </transform>
      <snapped>true</snapped>
      <childlist count="1">
        <childid>26</childid>
      </childlist>
      <handles count="1">
        <weight channel="longer">0.183311</weight>
      </handles>
    </blockref>
    <blockref>
      <blockid>flora_parts~, FE_muscle_branch_04</blockid>
      <transform>
        <limbtype>0</limbtype>
        <musclescale>0.550000</musclescale>
        <basemusclescale>1.25</basemusclescale>
        <scale>1</scale>
        <position>0.514509,-1.147258,0.677448</position>
        <triangledirection>0.345237,0.814607,0.466075</triangledirection>
        <trianglepickorigin>0,0,0</trianglepickorigin>
        <orientation>
          <row0>0.938253,-0.287841,-0.191905</row0>
          <row1>0.345237,0.814607,0.466075</row1>
          <row2>0.0221720,-0.503549,0.863681</row2>
        </orientation>
      </transform>
      <snapped>true</snapped>
      <childlist count="1">
        <childid>18</childid>
      </childlist>
      <handles count="1">
        <weight channel="longer">0.162245</weight>
      </handles>
    </blockref>
    <blockref>
      <blockid>flora_parts~, FE_muscle_branch_04</blockid>
      <transform>
        <limbtype>0</limbtype>
        <musclescale>0.550000</musclescale>
        <basemusclescale>1.100000</basemusclescale>
        <scale>1</scale>
        <position>0.536983,1.142667,0.579329</position>
        <triangledirection>-0.795332,-0.327757,0.509923</triangledirection>
        <trianglepickorigin>0,0,0</trianglepickorigin>
        <orientation>
          <row0>0.552183,-0.0446850,0.832524</row0>
          <row1>-0.795332,-0.327757,0.509923</row1>
          <row2>0.250079,-0.943704,-0.216521</row2>
        </orientation>
      </transform>
      <snapped>true</snapped>
      <childlist count="1">
        <childid>17</childid>
      </childlist>
      <handles count="1">
        <weight channel="longer">0.162245</weight>
      </handles>
    </blockref>
    <blockref>
      <blockid>Creature_parts~, ce_grasper_null</blockid>
      <transform>
        <basemusclescale>0.950000</basemusclescale>
        <scale>1</scale>
        <position>1.532940,1.553102,-0.0592207</position>
        <triangledirection>0.120262,-0.944767,-0.304879</triangledirection>
        <trianglepickorigin>0,0,0</trianglepickorigin>
        <orientation>
          <row0>0.0822666,-0.296567,0.951462</row0>
          <row1>0.120262,-0.944767,-0.304879</row1>
          <row2>0.989327,0.139506,-0.0420570</row2>
        </orientation>
      </transform>
      <snapped>true</snapped>
    </blockref>
    <blockref>
      <blockid>Creature_parts~, ce_grasper_null</blockid>
      <transform>
        <basemusclescale>0.600000</basemusclescale>
        <scale>1</scale>
        <position>0.0821854,-2.167349,0.0938047</position>
        <triangledirection>-0.0951470,0.989685,0.107099</triangledirection>
        <trianglepickorigin>0,0,0</trianglepickorigin>
        <orientation>
          <row0>0.938621,0.0533582,0.340797</row0>
          <row1>-0.0951470,0.989685,0.107099</row1>
          <row2>-0.331568,-0.132951,0.934016</row2>
        </orientation>
      </transform>
      <snapped>true</snapped>
    </blockref>
    <blockref>
      <blockid>flora_parts~, FE_muscle_branch_04</blockid>
      <transform>
        <limbtype>0</limbtype>
        <musclescale>0.550000</musclescale>
        <basemusclescale>1.100000</basemusclescale>
        <scale>1</scale>
        <position>-1.315147,-0.245651,0.606273</position>
        <triangledirection>0.335774,0.795761,0.504002</triangledirection>
        <trianglepickorigin>0,0,0</trianglepickorigin>
        <orientation>
          <row0>0.0146497,-0.539414,0.841912</row0>
          <row1>0.335774,0.795761,0.504002</row1>
          <row2>-0.941828,0.275309,0.192779</row2>
        </orientation>
      </transform>
      <snapped>true</snapped>
      <childlist count="1">
        <childid>20</childid>
      </childlist>
      <handles count="1">
        <weight channel="longer">0.162245</weight>
      </handles>
    </blockref>
    <blockref>
      <blockid>Creature_parts~, ce_grasper_null</blockid>
      <transform>
        <basemusclescale>0.650000</basemusclescale>
        <scale>1</scale>
        <position>-1.735622,-1.242145,-0.0248620</position>
        <triangledirection>0.0302189,0.747218,0.663890</triangledirection>
        <trianglepickorigin>0,0,0</trianglepickorigin>
        <orientation>
          <row0>-0.514214,-0.557938,0.651373</row0>
          <row1>0.0302189,0.747218,0.663890</row1>
          <row2>-0.857129,0.361066,-0.367370</row2>
        </orientation>
      </transform>
      <snapped>true</snapped>
    </blockref>
    <blockref>
      <blockid>Creature_parts~, ce_grasper_null</blockid>
      <transform>
        <basemusclescale>1.100000</basemusclescale>
        <scale>1</scale>
        <position>-2.640135,1.650595,3.122989</position>
        <triangledirection>0.240942,-0.239479,-0.940530</triangledirection>
        <trianglepickorigin>0,0,0</trianglepickorigin>
        <orientation>
          <row0>-0.784656,-0.618398,-0.0435534</row0>
          <row1>0.240942,-0.239479,-0.940530</row1>
          <row2>0.571192,-0.748487,0.336906</row2>
        </orientation>
      </transform>
      <snapped>false</snapped>
    </blockref>
    <blockref>
      <blockid>Creature_parts~, ce_grasper_null</blockid>
      <transform>
        <basemusclescale>1</basemusclescale>
        <scale>1</scale>
        <position>-2.281733,-0.156526,2.944823</position>
        <triangledirection>0.240960,-0.239477,-0.940525</triangledirection>
        <trianglepickorigin>0,0,0</trianglepickorigin>
        <orientation>
          <row0>-0.784640,-0.618419,-0.0435605</row0>
          <row1>0.240960,-0.239477,-0.940525</row1>
          <row2>0.571207,-0.748470,0.336917</row2>
        </orientation>
      </transform>
      <snapped>false</snapped>
    </blockref>
    <blockref>
      <blockid>Creature_parts~, ce_grasper_null</blockid>
      <transform>
        <basemusclescale>1</basemusclescale>
        <scale>1</scale>
        <position>0.203314,-1.786732,3.307368</position>
        <triangledirection>0,0,-1</triangledirection>
        <trianglepickorigin>0,0,0</trianglepickorigin>
        <orientation>
          <row0>1,0,0</row0>
          <row1>0,0,-1</row1>
          <row2>0,1,0</row2>
        </orientation>
      </transform>
      <snapped>false</snapped>
    </blockref>
    <blockref>
      <blockid>Creature_parts~, ce_grasper_null</blockid>
      <transform>
        <basemusclescale>1</basemusclescale>
        <scale>1</scale>
        <position>0.0219304,0.00143325,3.150254</position>
        <triangledirection>-0.100535,0.991115,-0.0870820</triangledirection>
        <trianglepickorigin>0,0,0</trianglepickorigin>
        <orientation>
          <row0>0.987913,0.109821,0.109388</row0>
          <row1>-0.100535,0.991115,-0.0870820</row1>
          <row2>-0.117980,0.0750321,0.990177</row2>
        </orientation>
      </transform>
      <snapped>false</snapped>
    </blockref>
    <blockref>
      <blockid>flora_parts~, fe_muscle_branch_06</blockid>
      <transform>
        <limbtype>0</limbtype>
        <musclescale>0.100000</musclescale>
        <basemusclescale>2.200000</basemusclescale>
        <scale>1</scale>
        <position>0.0219304,0.00143325,0.600000</position>
        <triangledirection>0.0203770,-0.361846,-0.932015</triangledirection>
        <trianglepickorigin>0,0,0</trianglepickorigin>
        <orientation>
          <row0>0.996629,0.0814392,-0.00982832</row0>
          <row1>0.0203770,-0.361846,-0.932015</row1>
          <row2>-0.0794589,0.928673,-0.362286</row2>
        </orientation>
      </transform>
      <snapped>true</snapped>
      <childlist count="2">
        <childid>14</childid>
        <childid>12</childid>
      </childlist>
      <handles count="1">
        <weight channel="longer">0.131954</weight>
      </handles>
    </blockref>
    <blockref>
      <blockid>flora_parts~, fe_muscle_branch_01</blockid>
      <transform>
        <limbtype>0</limbtype>
        <musclescale>0.650000</musclescale>
        <basemusclescale>1.25</basemusclescale>
        <scale>1</scale>
        <position>-1.195587,-0.126799,2.063112</position>
        <triangledirection>0.262882,0.380122,-0.886791</triangledirection>
        <trianglepickorigin>0,0,0</trianglepickorigin>
        <orientation>
          <row0>-0.248727,-0.861352,-0.442951</row0>
          <row1>0.262882,0.380122,-0.886791</row1>
          <row2>0.932216,-0.337013,0.131887</row2>
        </orientation>
      </transform>
      <snapped>true</snapped>
      <childlist count="1">
        <childid>30</childid>
      </childlist>
      <handles count="1">
        <weight channel="longer">0.0890059</weight>
      </handles>
    </blockref>
    <blockref>
      <blockid>flora_parts~, fe_muscle_branch_01</blockid>
      <transform>
        <limbtype>0</limbtype>
        <musclescale>0.524997</musclescale>
        <basemusclescale>1.049997</basemusclescale>
        <scale>1</scale>
        <position>0.918826,-0.620086,2.751456</position>
        <triangledirection>-0.730766,0.533557,-0.425789</triangledirection>
        <trianglepickorigin>0,0,0</trianglepickorigin>
        <orientation>
          <row0>-0.635893,-0.758902,0.140378</row0>
          <row1>-0.730766,0.533557,-0.425789</row1>
          <row2>0.248232,-0.373340,-0.893866</row2>
        </orientation>
      </transform>
      <snapped>true</snapped>
      <childlist count="2">
        <childid>35</childid>
        <childid>28</childid>
      </childlist>
      <handles count="1">
        <weight channel="longer">0.176275</weight>
      </handles>
    </blockref>
    <blockref>
      <blockid>flora_parts~, fe_muscle_branch_01</blockid>
      <transform>
        <limbtype>0</limbtype>
        <musclescale>0.824997</musclescale>
        <basemusclescale>1.299998</basemusclescale>
        <scale>1</scale>
        <position>1.898277,-1.335211,3.322144</position>
        <triangledirection>0.0921067,0.439642,-0.893437</triangledirection>
        <trianglepickorigin>0,0,0</trianglepickorigin>
        <orientation>
          <row0>-0.801930,-0.499134,-0.328286</row0>
          <row1>0.0921067,0.439642,-0.893437</row1>
          <row2>0.590274,-0.746712,-0.306588</row2>
        </orientation>
      </transform>
      <snapped>true</snapped>
      <childlist count="5">
        <childid>43</childid>
        <childid>42</childid>
        <childid>41</childid>
        <childid>37</childid>
        <childid>29</childid>
      </childlist>
      <handles count="1">
        <weight channel="longer">0.0680827</weight>
      </handles>
    </blockref>
    <blockref>
      <blockid>Creature_parts~, ce_grasper_null</blockid>
      <transform>
        <basemusclescale>1.049997</basemusclescale>
        <scale>1</scale>
        <position>1.837366,-1.625952,3.912969</position>
        <triangledirection>-0.605097,0.302537,-0.736429</triangledirection>
        <trianglepickorigin>0,0,0</trianglepickorigin>
        <orientation>
          <row0>-0.680043,-0.677400,0.280479</row0>
          <row1>-0.605097,0.302537,-0.736429</row1>
          <row2>0.414002,-0.670521,-0.615631</row2>
        </orientation>
      </transform>
      <snapped>true</snapped>
    </blockref>
    <blockref>
      <blockid>flora_parts~, fe_muscle_branch_01</blockid>
      <transform>
        <limbtype>0</limbtype>
        <musclescale>0.824997</musclescale>
        <basemusclescale>1.100000</basemusclescale>
        <scale>1</scale>
        <position>-1.403948,-0.428083,2.765985</position>
        <triangledirection>0.943366,-0.137655,-0.301845</triangledirection>
        <trianglepickorigin>0,0,0</trianglepickorigin>
        <orientation>
          <row0>-0.317184,-0.640902,-0.699026</row0>
          <row1>0.943366,-0.137655,-0.301845</row1>
          <row2>0.0972286,-0.755178,0.648267</row2>
        </orientation>
      </transform>
      <snapped>true</snapped>
      <childlist count="1">
        <childid>31</childid>
      </childlist>
      <handles count="1">
        <weight channel="longer">0.0680827</weight>
      </handles>
    </blockref>
    <blockref>
      <blockid>flora_parts~, fe_muscle_branch_01</blockid>
      <transform>
        <limbtype>0</limbtype>
        <musclescale>0.524997</musclescale>
        <basemusclescale>1.049997</basemusclescale>
        <scale>1</scale>
        <position>-2.027785,-0.337054,2.965593</position>
        <triangledirection>0.700287,-0.564715,-0.436685</triangledirection>
        <trianglepickorigin>0,0,0</trianglepickorigin>
        <orientation>
          <row0>0.367614,-0.239095,0.898717</row0>
          <row1>0.700287,-0.564715,-0.436685</row1>
          <row2>0.611929,0.789892,-0.0401617</row2>
        </orientation>
      </transform>
      <snapped>true</snapped>
      <childlist count="3">
        <childid>40</childid>
        <childid>36</childid>
        <childid>32</childid>
      </childlist>
      <handles count="1">
        <weight channel="longer">0.176275</weight>
      </handles>
    </blockref>
    <blockref>
      <blockid>flora_parts~, fe_muscle_branch_01</blockid>
      <transform>
        <limbtype>0</limbtype>
        <musclescale>0.824997</musclescale>
        <basemusclescale>1.299998</basemusclescale>
        <scale>1</scale>
        <position>-2.966382,0.419835,3.550883</position>
        <triangledirection>0.0921065,0.439640,-0.893438</triangledirection>
        <trianglepickorigin>0,0,0</trianglepickorigin>
        <orientation>
          <row0>-0.801929,-0.499137,-0.328286</row0>
          <row1>0.0921065,0.439640,-0.893438</row1>
          <row2>0.590276,-0.746711,-0.306586</row2>
        </orientation>
      </transform>
      <snapped>true</snapped>
      <childlist count="1">
        <childid>33</childid>
      </childlist>
      <handles count="1">
        <weight channel="longer">0.0680827</weight>
      </handles>
    </blockref>
    <blockref>
      <blockid>Creature_parts~, ce_grasper_null</blockid>
      <transform>
        <basemusclescale>1.049997</basemusclescale>
        <scale>1</scale>
        <position>-3.027290,0.129106,4.141702</position>
        <triangledirection>-0.605098,0.302536,-0.736429</triangledirection>
        <trianglepickorigin>0,0,0</trianglepickorigin>
        <orientation>
          <row0>-0.680042,-0.677401,0.280480</row0>
          <row1>-0.605098,0.302536,-0.736429</row1>
          <row2>0.414002,-0.670521,-0.615631</row2>
        </orientation>
      </transform>
      <snapped>true</snapped>
    </blockref>
    <blockref>
      <blockid>Creature_parts~, ce_grasper_null</blockid>
      <transform>
        <basemusclescale>1</basemusclescale>
        <scale>1</scale>
        <position>-0.565723,0.971823,2.537714</position>
        <triangledirection>0.0921020,0.439645,-0.893436</triangledirection>
        <trianglepickorigin>0,0,0</trianglepickorigin>
        <orientation>
          <row0>-0.801929,-0.499137,-0.328285</row0>
          <row1>0.0921020,0.439645,-0.893436</row1>
          <row2>0.590276,-0.746708,-0.306592</row2>
        </orientation>
      </transform>
      <snapped>true</snapped>
    </blockref>
    <blockref>
      <blockid>flora_parts~, fe_canopy_02</blockid>
      <transform>
        <scale>1</scale>
        <position>1.353548,-0.980669,3.203900</position>
        <triangledirection>0.604625,0.703255,-0.373975</triangledirection>
        <trianglepickorigin>0,0,0</trianglepickorigin>
        <orientation>
          <row0>-0.530592,-0.847627,-1.93715e-7</row0>
          <row1>0.704106,-0.440752,-0.556751</row1>
          <row2>0.471917,-0.295408,0.830679</row2>
        </orientation>
        <userorientation>
          <userorientation_row0>0.163305,0.837423,0.521586</userorientation_row0>
          <userorientation_row1>-0.916907,0.323971,-0.233068</userorientation_row1>
          <userorientation_row2>-0.364156,-0.440185,0.820746</userorientation_row2>
        </userorientation>
      </transform>
      <snapped>false</snapped>
      <handles count="2">
        <weight channel="DeformAxisLeft">1</weight>
        <weight channel="DeformAxisForward">0.502570</weight>
      </handles>
    </blockref>
    <blockref>
      <blockid>flora_parts~, fe_canopy_02</blockid>
      <transform>
        <scale>1</scale>
        <position>-2.660585,0.421038,3.505760</position>
        <triangledirection>-0.803992,-0.318368,-0.502232</triangledirection>
        <trianglepickorigin>0,0,0</trianglepickorigin>
        <orientation>
          <row0>-0.478522,0.878075,2.98023e-8</row0>
          <row1>-0.874875,-0.476779,-0.0852924</row1>
          <row2>-0.0748931,-0.0408144,0.996355</row2>
        </orientation>
        <userorientation>
          <userorientation_row0>0.988018,-0.143153,-0.0576758</userorientation_row0>
          <userorientation_row1>0.105177,0.898021,-0.427195</userorientation_row1>
          <userorientation_row2>0.112948,0.416010,0.902316</userorientation_row2>
        </userorientation>
      </transform>
      <snapped>false</snapped>
      <handles count="2">
        <weight channel="DeformAxisLeft">0.992155</weight>
        <weight channel="DeformAxisForward">0.502570</weight>
      </handles>
    </blockref>
    <blockref>
      <blockid>flora_parts~, fe_canopy_02</blockid>
      <transform>
        <scale>1,161834</scale>
        <position>2.123685,-1.509965,3.422454</position>
        <triangledirection>-0.794730,0.426993,-0.431369</triangledirection>
        <trianglepickorigin>0,0,0</trianglepickorigin>
        <orientation>
          <row0>0.473292,0.880905,3.12924e-7</row0>
          <row1>-0.872424,0.468736,0.138426</row1>
          <row2>0.121940,-0.0655163,0.990372</row2>
        </orientation>
        <userorientation>
          <userorientation_row0>1,0,0</userorientation_row0>
          <userorientation_row1>0,0.833776,-0.552101</userorientation_row1>
          <userorientation_row2>0,0.552101,0.833776</userorientation_row2>
        </userorientation>
      </transform>
      <snapped>false</snapped>
      <handles count="2">
        <weight channel="DeformAxisLeft">0.992155</weight>
        <weight channel="DeformAxisForward">0.502570</weight>
      </handles>
    </blockref>
    <blockref>
      <blockid>flora_parts~, fe_canopy_02</blockid>
      <transform>
        <scale>1</scale>
        <position>-0.689869,0.953567,2.351083</position>
        <triangledirection>0.0226953,-0.720123,-0.693473</triangledirection>
        <trianglepickorigin>0,0,0</trianglepickorigin>
        <orientation>
          <row0>-0.707373,-0.706839,-4.84287e-7</row0>
          <row1>0.694431,-0.694956,0.186549</row1>
          <row2>-0.131860,0.131959,0.982445</row2>
        </orientation>
        <userorientation>
          <userorientation_row0>0.770647,-0.609899,0.184723</userorientation_row0>
          <userorientation_row1>0.492958,0.386848,-0.779320</userorientation_row1>
          <userorientation_row2>0.403845,0.691642,0.598778</userorientation_row2>
        </userorientation>
      </transform>
      <snapped>false</snapped>
      <childlist count="1">
        <childid>39</childid>
      </childlist>
      <handles count="2">
        <weight channel="DeformAxisLeft">0.992155</weight>
        <weight channel="DeformAxisForward">0.502570</weight>
      </handles>
    </blockref>
    <blockref>
      <blockid>flora_parts~, fe_cap_01a</blockid>
      <transform>
        <scale>1</scale>
        <position>-0.855044,1.296957,3.028159</position>
        <triangledirection>-0.550875,0.755343,-0.354953</triangledirection>
        <trianglepickorigin>0,0,0</trianglepickorigin>
        <orientation>
          <row0>0.807954,0.589244,-2.23517e-7</row0>
          <row1>-0.550875,0.755343,-0.354953</row1>
          <row2>-0.209154,0.286786,0.934884</row2>
        </orientation>
      </transform>
      <snapped>false</snapped>
    </blockref>
    <blockref>
      <blockid>flora_parts~, fe_cap_01a</blockid>
      <transform>
        <scale>1</scale>
        <position>-2.529715,-0.0365893,3.511509</position>
        <triangledirection>-0.378314,0.588453,-0.714563</triangledirection>
        <trianglepickorigin>0,0,0</trianglepickorigin>
        <orientation>
          <row0>0.841163,0.540780,-3.42726e-7</row0>
          <row1>-0.378314,0.588453,-0.714563</row1>
          <row2>-0.386421,0.601065,0.699570</row2>
        </orientation>
      </transform>
      <snapped>false</snapped>
    </blockref>
    <blockref>
      <blockid>flora_parts~, fe_cap_01a</blockid>
      <transform>
        <scale>1</scale>
        <position>1.989391,-1.665632,3.594484</position>
        <triangledirection>-0.480726,0.876770,-0.0132927</triangledirection>
        <trianglepickorigin>0,0,0</trianglepickorigin>
        <orientation>
          <row0>0.876847,0.480768,3.21306e-8</row0>
          <row1>-0.480726,0.876770,-0.0132927</row1>
          <row2>-0.00639074,0.0116556,0.999911</row2>
        </orientation>
      </transform>
      <snapped>false</snapped>
    </blockref>
    <blockref>
      <blockid>flora_parts~, fe_cap_01a</blockid>
      <transform>
        <scale>1</scale>
        <position>1.856664,-1.759087,3.784753</position>
        <triangledirection>-0.0596863,0.900106,0.431561</triangledirection>
        <trianglepickorigin>0,0,0</trianglepickorigin>
        <orientation>
          <row0>0.997808,0.0661649,9.31322e-9</row0>
          <row1>-0.0596863,0.900106,0.431561</row1>
          <row2>0.0285542,-0.430615,0.902083</row2>
        </orientation>
      </transform>
      <snapped>false</snapped>
    </blockref>
    <blockref>
      <blockid>flora_parts~, fe_cap_01a</blockid>
      <transform>
        <scale>1</scale>
        <position>1.980557,-1.237300,3.498419</position>
        <triangledirection>-0.205448,-0.788284,-0.579999</triangledirection>
        <trianglepickorigin>0,0,0</trianglepickorigin>
        <orientation>
          <row0>-0.967674,0.252202,-1.41561e-7</row0>
          <row1>-0.205448,-0.788284,-0.579999</row1>
          <row2>-0.146277,-0.561250,0.814617</row2>
        </orientation>
      </transform>
      <snapped>false</snapped>
    </blockref>
  </blocks></sporemodel>