spore0006438f6347406662000764949eb9fea735ffffffffffffffffffffffffffffffff0000000ec178f6fa0dsporeautotestfffffffffffffffe04Bean00006gaprop00<?xml version="1.0" encoding="UTF-8"?><sporemodel>
  <properties>
    <modeltype>PlantLarge</modeltype>
    <skineffectseed1>1234</skineffectseed1>
    <skineffectseed2>1234</skineffectseed2>
    <skineffectseed3>1234</skineffectseed3>
    <skincolor1>0.317647,0.443136,0.141176</skincolor1>
    <skincolor2>0.694117,0.129411,0.231372</skincolor2>
    <skincolor3>0.972549,0.749019,0.262742</skincolor3>
    <zcorpscore>9</zcorpscore>
  </properties>
  <blocks count="24">
    <blockref>
      <blockid>flora_parts~, fe_root_dummy</blockid>
      <transform>
        <scale>1</scale>
        <position>0,0,0.600000</position>
        <triangledirection>0,1,0</triangledirection>
        <trianglepickorigin>0,0,0</trianglepickorigin>
        <orientation>
          <row0>1,0,0</row0>
          <row1>0,1,0</row1>
          <row2>0,0,1</row2>
        </orientation>
      </transform>
      <snapped>false</snapped>
      <childlist count="6">
        <childid>10</childid>
        <childid>8</childid>
        <childid>6</childid>
        <childid>4</childid>
        <childid>2</childid>
        <childid>1</childid>
      </childlist>
    </blockref>
    <blockref>
      <blockid>flora_parts~, fe_muscle_branch_01</blockid>
      <transform>
        <limbtype>0</limbtype>
        <musclescale>1</musclescale>
        <basemusclescale>2.099996</basemusclescale>
        <scale>1</scale>
        <position>0,0,0.600000</position>
        <triangledirection>0.159508,-0.508117,-0.846388</triangledirection>
        <trianglepickorigin>0,0,0</trianglepickorigin>
        <orientation>
          <row0>-0.493426,-0.783622,0.377446</row0>
          <row1>0.159508,-0.508117,-0.846388</row1>
          <row2>0.855036,-0.357424,0.375712</row2>
        </orientation>
      </transform>
      <snapped>true</snapped>
      <childlist count="1">
        <childid>11</childid>
      </childlist>
      <handles count="1">
        <weight channel="longer">0.374491</weight>
      </handles>
    </blockref>
    <blockref>
      <blockid>flora_parts~, FE_muscle_branch_04</blockid>
      <transform>
        <limbtype>0</limbtype>
        <musclescale>0.524996</musclescale>
        <basemusclescale>2.099996</basemusclescale>
        <scale>1</scale>
        <position>0,0,0.600000</position>
        <triangledirection>-0.353940,0.716074,0.601633</triangledirection>
        <trianglepickorigin>0,0,0</trianglepickorigin>
        <orientation>
          <row0>0.292510,0.695756,-0.656018</row0>
          <row1>-0.353940,0.716074,0.601633</row1>
          <row2>0.888348,0.0562070,0.455716</row2>
        </orientation>
      </transform>
      <snapped>true</snapped>
      <childlist count="1">
        <childid>3</childid>
      </childlist>
      <handles count="1">
        <weight channel="longer">0.216649</weight>
      </handles>
    </blockref>
    <blockref>
      <blockid>Creature_parts~, ce_grasper_null</blockid>
      <transform>
        <basemusclescale>0.5</basemusclescale>
        <scale>1</scale>
        <position>0.564076,-1.141218,-0.358833</position>
        <triangledirection>0,0,-1</triangledirection>
        <trianglepickorigin>0,0,0</trianglepickorigin>
        <orientation>
          <row0>1,0,0</row0>
          <row1>0,0,-1</row1>
          <row2>0,1,0</row2>
        </orientation>
      </transform>
      <snapped>true</snapped>
    </blockref>
    <blockref>
      <blockid>flora_parts~, fe_muscle_branch_01</blockid>
      <transform>
        <limbtype>0</limbtype>
        <musclescale>0.75</musclescale>
        <basemusclescale>2.099996</basemusclescale>
        <scale>1</scale>
        <position>0,0,0.600000</position>
        <triangledirection>-0.484347,-0.579931,0.655046</triangledirection>
        <trianglepickorigin>0,0,0</trianglepickorigin>
        <orientation>
          <row0>0.105375,-0.781951,-0.614368</row0>
          <row1>-0.484347,-0.579931,0.655046</row1>
          <row2>-0.868506,0.228542,-0.439846</row2>
        </orientation>
      </transform>
      <snapped>true</snapped>
      <childlist count="1">
        <childid>5</childid>
      </childlist>
      <handles count="1">
        <weight channel="longer">0.202262</weight>
      </handles>
    </blockref>
    <blockref>
      <blockid>Creature_parts~, ce_grasper_null</blockid>
      <transform>
        <basemusclescale>0.75</basemusclescale>
        <scale>1</scale>
        <position>0.728166,0.871869,-0.384793</position>
        <triangledirection>0,0,-1</triangledirection>
        <trianglepickorigin>0,0,0</trianglepickorigin>
        <orientation>
          <row0>1,0,0</row0>
          <row1>0,0,-1</row1>
          <row2>0,1,0</row2>
        </orientation>
      </transform>
      <snapped>true</snapped>
    </blockref>
    <blockref>
      <blockid>flora_parts~, fe_muscle_branch_01</blockid>
      <transform>
        <limbtype>0</limbtype>
        <musclescale>0.824996</musclescale>
        <basemusclescale>2.099996</basemusclescale>
        <scale>1</scale>
        <position>0,0,0.600000</position>
        <triangledirection>0.704647,-0.400266,0.585883</triangledirection>
        <trianglepickorigin>0,0,0</trianglepickorigin>
        <orientation>
          <row0>0.500682,0.865563,-0.0108371</row0>
          <row1>0.704647,-0.400266,0.585883</row1>
          <row2>0.502781,-0.300978,-0.810323</row2>
        </orientation>
      </transform>
      <snapped>true</snapped>
      <childlist count="1">
        <childid>7</childid>
      </childlist>
      <handles count="1">
        <weight channel="longer">0.202728</weight>
      </handles>
    </blockref>
    <blockref>
      <blockid>Creature_parts~, ce_grasper_null</blockid>
      <transform>
        <basemusclescale>0.699996</basemusclescale>
        <scale>1</scale>
        <position>-1.061424,0.602926,-0.282530</position>
        <triangledirection>0,0,-1</triangledirection>
        <trianglepickorigin>0,0,0</trianglepickorigin>
        <orientation>
          <row0>1,-10e-7,0</row0>
          <row1>0,0,-1</row1>
          <row2>10e-7,1,0</row2>
        </orientation>
      </transform>
      <snapped>true</snapped>
    </blockref>
    <blockref>
      <blockid>flora_parts~, fe_muscle_branch_01</blockid>
      <transform>
        <limbtype>0</limbtype>
        <musclescale>1</musclescale>
        <basemusclescale>2.099996</basemusclescale>
        <scale>1</scale>
        <position>0,0,0.600000</position>
        <triangledirection>0.124489,0.500602,-0.856679</triangledirection>
        <trianglepickorigin>0,0,0</trianglepickorigin>
        <orientation>
          <row0>0.992210,-0.0668290,0.105132</row0>
          <row1>0.124489,0.500602,-0.856679</row1>
          <row2>0.00462165,0.863094,0.505022</row2>
        </orientation>
      </transform>
      <snapped>true</snapped>
      <childlist count="1">
        <childid>9</childid>
      </childlist>
      <handles count="1">
        <weight channel="longer">0.374491</weight>
      </handles>
    </blockref>
    <blockref>
      <blockid>flora_parts~, fe_muscle_branch_01</blockid>
      <transform>
        <limbtype>0</limbtype>
        <musclescale>1</musclescale>
        <basemusclescale>1.449996</basemusclescale>
        <scale>1</scale>
        <position>-0.321717,-1.293710,2.813920</position>
        <triangledirection>0,-1.19209e-7,-1</triangledirection>
        <trianglepickorigin>0,0,0</trianglepickorigin>
        <orientation>
          <row0>1,0,0</row0>
          <row1>0,-1.19209e-7,-1</row1>
          <row2>0,1,-1.19209e-7</row2>
        </orientation>
      </transform>
      <snapped>true</snapped>
      <childlist count="1">
        <childid>18</childid>
      </childlist>
      <handles count="1">
        <weight channel="longer">0.374491</weight>
      </handles>
    </blockref>
    <blockref>
      <blockid>flora_parts~, fe_muscle_branch_01</blockid>
      <transform>
        <limbtype>0</limbtype>
        <musclescale>1</musclescale>
        <basemusclescale>2.099996</basemusclescale>
        <scale>1</scale>
        <position>0,0,0.600000</position>
        <triangledirection>0,-1.19209e-7,-1</triangledirection>
        <trianglepickorigin>0,0,0</trianglepickorigin>
        <orientation>
          <row0>1,0,0</row0>
          <row1>0,-1.19209e-7,-1</row1>
          <row2>0,1,-1.19209e-7</row2>
        </orientation>
      </transform>
      <snapped>true</snapped>
      <childlist count="1">
        <childid>12</childid>
      </childlist>
      <handles count="1">
        <weight channel="longer">0.374491</weight>
      </handles>
    </blockref>
    <blockref>
      <blockid>flora_parts~, fe_muscle_branch_01</blockid>
      <transform>
        <limbtype>0</limbtype>
        <musclescale>1</musclescale>
        <basemusclescale>1.449996</basemusclescale>
        <scale>1</scale>
        <position>-0.412217,1.313130,2.787326</position>
        <triangledirection>0,0,-1</triangledirection>
        <trianglepickorigin>0,0,0</trianglepickorigin>
        <orientation>
          <row0>-0.381160,-0.924508,0</row0>
          <row1>0,0,-1</row1>
          <row2>0.924508,-0.381160,0</row2>
        </orientation>
      </transform>
      <snapped>true</snapped>
      <childlist count="1">
        <childid>16</childid>
      </childlist>
      <handles count="1">
        <weight channel="longer">0.374491</weight>
      </handles>
    </blockref>
    <blockref>
      <blockid>flora_parts~, fe_muscle_branch_01</blockid>
      <transform>
        <limbtype>0</limbtype>
        <musclescale>1</musclescale>
        <basemusclescale>1.449996</basemusclescale>
        <scale>1</scale>
        <position>0,3.08072e-7,3.184304</position>
        <triangledirection>0,-1.19209e-7,-1</triangledirection>
        <trianglepickorigin>0,0,0</trianglepickorigin>
        <orientation>
          <row0>1,0,0</row0>
          <row1>0,-1.19209e-7,-1</row1>
          <row2>0,1,-1.19209e-7</row2>
        </orientation>
      </transform>
      <snapped>true</snapped>
      <childlist count="1">
        <childid>13</childid>
      </childlist>
      <handles count="1">
        <weight channel="longer">0.374491</weight>
      </handles>
    </blockref>
    <blockref>
      <blockid>flora_parts~, fe_muscle_branch_01</blockid>
      <transform>
        <limbtype>0</limbtype>
        <musclescale>1</musclescale>
        <basemusclescale>1.449996</basemusclescale>
        <scale>1</scale>
        <position>0,6.16145e-7,5.768610</position>
        <triangledirection>0.228970,-0.235461,-0.944526</triangledirection>
        <trianglepickorigin>0,0,0</trianglepickorigin>
        <orientation>
          <row0>-0.385793,-0.912798,0.134028</row0>
          <row1>0.228970,-0.235461,-0.944526</row1>
          <row2>0.893720,-0.333703,0.299842</row2>
        </orientation>
      </transform>
      <snapped>true</snapped>
      <childlist count="1">
        <childid>14</childid>
      </childlist>
      <handles count="1">
        <weight channel="longer">0.374491</weight>
      </handles>
    </blockref>
    <blockref>
      <blockid>flora_parts~, fe_muscle_branch_01</blockid>
      <transform>
        <limbtype>0</limbtype>
        <musclescale>1</musclescale>
        <basemusclescale>1.449996</basemusclescale>
        <scale>1</scale>
        <position>-0.591728,0.608506,8.209554</position>
        <triangledirection>3.32294e-6,5.96042e-8,-1</triangledirection>
        <trianglepickorigin>0,0,0</trianglepickorigin>
        <orientation>
          <row0>-0.381162,-0.924508,-1.32168e-6</row0>
          <row1>3.32294e-6,5.96042e-8,-1</row1>
          <row2>0.924508,-0.381162,3.04936e-6</row2>
        </orientation>
      </transform>
      <snapped>true</snapped>
      <childlist count="2">
        <childid>21</childid>
        <childid>15</childid>
      </childlist>
      <handles count="1">
        <weight channel="longer">0.374491</weight>
      </handles>
    </blockref>
    <blockref>
      <blockid>Creature_parts~, ce_grasper_null</blockid>
      <transform>
        <basemusclescale>1.449996</basemusclescale>
        <scale>1</scale>
        <position>-0.591737,0.608506,10.793862</position>
        <triangledirection>0.399833,0.609316,-0.684738</triangledirection>
        <trianglepickorigin>0,0,0</trianglepickorigin>
        <orientation>
          <row0>-0.0739048,-0.723188,-0.686685</row0>
          <row1>0.399833,0.609316,-0.684738</row1>
          <row2>0.913603,-0.325165,0.244123</row2>
        </orientation>
      </transform>
      <snapped>true</snapped>
    </blockref>
    <blockref>
      <blockid>flora_parts~, fe_muscle_branch_01</blockid>
      <transform>
        <limbtype>0</limbtype>
        <musclescale>1</musclescale>
        <basemusclescale>1.449996</basemusclescale>
        <scale>1</scale>
        <position>-0.412217,1.313130,5.371633</position>
        <triangledirection>5.96046e-8,-1.19209e-7,-1</triangledirection>
        <trianglepickorigin>0,0,0</trianglepickorigin>
        <orientation>
          <row0>-0.381160,-0.924508,8.74908e-8</row0>
          <row1>5.96046e-8,-1.19209e-7,-1</row1>
          <row2>0.924508,-0.381160,1.00542e-7</row2>
        </orientation>
      </transform>
      <snapped>true</snapped>
      <childlist count="2">
        <childid>23</childid>
        <childid>17</childid>
      </childlist>
      <handles count="1">
        <weight channel="longer">0.374491</weight>
      </handles>
    </blockref>
    <blockref>
      <blockid>Creature_parts~, ce_grasper_null</blockid>
      <transform>
        <basemusclescale>1.449996</basemusclescale>
        <scale>1</scale>
        <position>-0.412218,1.313130,7.955943</position>
        <triangledirection>0.399828,0.609318,-0.684739</triangledirection>
        <trianglepickorigin>0,0,0</trianglepickorigin>
        <orientation>
          <row0>-0.0739005,-0.723189,-0.686684</row0>
          <row1>0.399828,0.609318,-0.684739</row1>
          <row2>0.913606,-0.325158,0.244122</row2>
        </orientation>
      </transform>
      <snapped>true</snapped>
    </blockref>
    <blockref>
      <blockid>flora_parts~, fe_muscle_branch_01</blockid>
      <transform>
        <limbtype>0</limbtype>
        <musclescale>1</musclescale>
        <basemusclescale>1.449996</basemusclescale>
        <scale>1</scale>
        <position>-0.321717,-1.293710,5.398227</position>
        <triangledirection>-0.230286,-0.349928,-0.908029</triangledirection>
        <trianglepickorigin>0,0,0</trianglepickorigin>
        <orientation>
          <row0>-0.482109,-0.769519,0.418818</row0>
          <row1>-0.230286,-0.349928,-0.908029</row1>
          <row2>0.845303,-0.534218,-0.00850603</row2>
        </orientation>
      </transform>
      <snapped>true</snapped>
      <childlist count="1">
        <childid>19</childid>
      </childlist>
      <handles count="1">
        <weight channel="longer">0.374491</weight>
      </handles>
    </blockref>
    <blockref>
      <blockid>flora_parts~, fe_muscle_branch_01</blockid>
      <transform>
        <limbtype>0</limbtype>
        <musclescale>1</musclescale>
        <basemusclescale>1.449996</basemusclescale>
        <scale>1</scale>
        <position>0.273413,-0.389386,7.744853</position>
        <triangledirection>8.09126e-6,4.47026e-8,-1</triangledirection>
        <trianglepickorigin>0,0,0</trianglepickorigin>
        <orientation>
          <row0>-0.381164,-0.924507,-3.12542e-6</row0>
          <row1>8.09126e-6,4.47026e-8,-1</row1>
          <row2>0.924507,-0.381164,7.46339e-6</row2>
        </orientation>
      </transform>
      <snapped>true</snapped>
      <childlist count="2">
        <childid>22</childid>
        <childid>20</childid>
      </childlist>
      <handles count="1">
        <weight channel="longer">0.374491</weight>
      </handles>
    </blockref>
    <blockref>
      <blockid>Creature_parts~, ce_grasper_null</blockid>
      <transform>
        <basemusclescale>1.449996</basemusclescale>
        <scale>1</scale>
        <position>0.273391,-0.389386,10.329158</position>
        <triangledirection>0.399839,0.609313,-0.684737</triangledirection>
        <trianglepickorigin>0,0,0</trianglepickorigin>
        <orientation>
          <row0>-0.0739075,-0.723187,-0.686685</row0>
          <row1>0.399839,0.609313,-0.684737</row1>
          <row2>0.913600,-0.325171,0.244126</row2>
        </orientation>
      </transform>
      <snapped>true</snapped>
    </blockref>
    <blockref>
      <blockid>flora_parts~, FE_leaf_11</blockid>
      <transform>
        <scale>1</scale>
        <position>-0.581595,0.610647,10.999392</position>
        <triangledirection>-0.0435915,-0.00118708,-0.999048</triangledirection>
        <trianglepickorigin>0,0,0</trianglepickorigin>
        <orientation>
          <row0>-0.0272216,0.999629,-9.42964e-9</row0>
          <row1>-0.0435915,-0.00118708,-0.999048</row1>
          <row2>-0.998678,-0.0271957,0.0436076</row2>
        </orientation>
      </transform>
      <snapped>false</snapped>
      <handles count="3">
        <weight channel="DeformAxisUp">0.398953</weight>
        <weight channel="DeformAxisForward">0.400000</weight>
        <weight channel="DeformAxisLeft">0.400000</weight>
      </handles>
    </blockref>
    <blockref>
      <blockid>flora_parts~, FE_leaf_11</blockid>
      <transform>
        <scale>0,740818</scale>
        <position>0.266759,-0.405833,10.512960</position>
        <triangledirection>0.0398058,0.0859690,-0.995502</triangledirection>
        <trianglepickorigin>0,0,0</trianglepickorigin>
        <orientation>
          <row0>0.907445,-0.420169,1.49011e-8</row0>
          <row1>0.0398058,0.0859690,-0.995502</row1>
          <row2>0.418280,0.903364,0.0947374</row2>
        </orientation>
      </transform>
      <snapped>false</snapped>
      <handles count="3">
        <weight channel="DeformAxisUp">0.398953</weight>
        <weight channel="DeformAxisForward">0.400000</weight>
        <weight channel="DeformAxisLeft">0.400000</weight>
      </handles>
    </blockref>
    <blockref>
      <blockid>flora_parts~, FE_leaf_11</blockid>
      <transform>
        <scale>0,740818</scale>
        <position>-0.345423,1.348285,8.109340</position>
        <triangledirection>0.0276046,-0.0697346,-0.997183</triangledirection>
        <trianglepickorigin>0,0,0</trianglepickorigin>
        <orientation>
          <row0>-0.447243,0.894412,1.19209e-7</row0>
          <row1>-0.334656,-0.167342,-0.927362</row1>
          <row2>-0.829444,-0.414757,0.374163</row2>
        </orientation>
        <userorientation>
          <userorientation_row0>0.996819,0.0592146,-0.0533318</userorientation_row0>
          <userorientation_row1>-0.0747177,0.927182,-0.367083</userorientation_row1>
          <userorientation_row2>0.0277117,0.369900,0.928658</userorientation_row2>
        </userorientation>
      </transform>
      <snapped>false</snapped>
      <handles count="3">
        <weight channel="DeformAxisUp">0.398953</weight>
        <weight channel="DeformAxisForward">0.400000</weight>
        <weight channel="DeformAxisLeft">0.400000</weight>
      </handles>
    </blockref>
  </blocks></sporemodel>