spore0006438f634740666200077041cbb9fea735ffffffffffffffffffffffffffffffff0000000ec178f7310dsporeautotestfffffffffffffffe09Brodensis00006gaprop00<?xml version="1.0" encoding="UTF-8"?><sporemodel>
  <properties>
    <modeltype>PlantLarge</modeltype>
    <skineffectseed1>1234</skineffectseed1>
    <skineffectseed2>1234</skineffectseed2>
    <skineffectseed3>1234</skineffectseed3>
    <skincolor1>0.423528,0.462745,0.941176</skincolor1>
    <skincolor2>1,0.937254,0.184312</skincolor2>
    <skincolor3>0.447057,0.576469,0.262744</skincolor3>
    <zcorpscore>12</zcorpscore>
  </properties>
  <blocks count="26">
    <blockref>
      <blockid>flora_parts~, fe_root_dummy</blockid>
      <transform>
        <scale>0,927743</scale>
        <position>0,0,0.349999</position>
        <triangledirection>0,1,0</triangledirection>
        <trianglepickorigin>0,0,0</trianglepickorigin>
        <orientation>
          <row0>1,0,0</row0>
          <row1>0,1,0</row1>
          <row2>0,0,1</row2>
        </orientation>
      </transform>
      <snapped>false</snapped>
      <childlist count="2">
        <childid>3</childid>
        <childid>1</childid>
      </childlist>
    </blockref>
    <blockref>
      <blockid>flora_parts~, FE_muscle_branch_04</blockid>
      <transform>
        <limbtype>0</limbtype>
        <musclescale>0.425000</musclescale>
        <basemusclescale>3</basemusclescale>
        <scale>1</scale>
        <position>0,0,0.349999</position>
        <triangledirection>-0.00436395,0.0160355,0.999861</triangledirection>
        <trianglepickorigin>0,0,0</trianglepickorigin>
        <orientation>
          <row0>-0.0934407,-0.995503,0.0155577</row0>
          <row1>-0.00436395,0.0160355,0.999861</row1>
          <row2>-0.995615,0.0933599,-0.00584269</row2>
        </orientation>
      </transform>
      <snapped>true</snapped>
      <childlist count="1">
        <childid>2</childid>
      </childlist>
      <handles count="1">
        <weight channel="longer">0.317331</weight>
      </handles>
    </blockref>
    <blockref>
      <blockid>Creature_parts~, ce_grasper_null</blockid>
      <transform>
        <basemusclescale>0.5</basemusclescale>
        <scale>1</scale>
        <position>0.00971188,-0.0356891,-1.875264</position>
        <triangledirection>-3.77184e-8,4.03553e-7,-1</triangledirection>
        <trianglepickorigin>0,0,0</trianglepickorigin>
        <orientation>
          <row0>1,-2.08615e-7,-3.77185e-8</row0>
          <row1>-3.77184e-8,4.03553e-7,-1</row1>
          <row2>2.08615e-7,1,4.03553e-7</row2>
        </orientation>
      </transform>
      <snapped>true</snapped>
    </blockref>
    <blockref>
      <blockid>flora_parts~, fe_muscle_branch_06</blockid>
      <transform>
        <limbtype>0</limbtype>
        <musclescale>0.5</musclescale>
        <basemusclescale>3</basemusclescale>
        <scale>1</scale>
        <position>0,0,0.349999</position>
        <triangledirection>-0.763142,-0.296267,-0.574316</triangledirection>
        <trianglepickorigin>0,0,0</trianglepickorigin>
        <orientation>
          <row0>0.631918,-0.156110,-0.759150</row0>
          <row1>-0.763142,-0.296267,-0.574317</row1>
          <row2>-0.135254,0.942260,-0.306350</row2>
        </orientation>
      </transform>
      <snapped>true</snapped>
      <childlist count="1">
        <childid>4</childid>
      </childlist>
      <handles count="1">
        <weight channel="longer">0.162245</weight>
      </handles>
    </blockref>
    <blockref>
      <blockid>flora_parts~, fe_muscle_branch_06</blockid>
      <transform>
        <limbtype>0</limbtype>
        <musclescale>0.5</musclescale>
        <basemusclescale>2.799998</basemusclescale>
        <scale>1</scale>
        <position>0.955645,0.370999,1.069187</position>
        <triangledirection>0.414559,0.431086,-0.801439</triangledirection>
        <trianglepickorigin>0,0,0</trianglepickorigin>
        <orientation>
          <row0>0.888615,-0.00186502,0.458649</row0>
          <row1>0.414559,0.431086,-0.801439</row1>
          <row2>-0.196223,0.902308,0.383843</row2>
        </orientation>
      </transform>
      <snapped>true</snapped>
      <childlist count="15">
        <childid>21</childid>
        <childid>20</childid>
        <childid>19</childid>
        <childid>18</childid>
        <childid>16</childid>
        <childid>15</childid>
        <childid>14</childid>
        <childid>13</childid>
        <childid>12</childid>
        <childid>11</childid>
        <childid>10</childid>
        <childid>8</childid>
        <childid>7</childid>
        <childid>6</childid>
        <childid>5</childid>
      </childlist>
      <handles count="1">
        <weight channel="longer">0.162245</weight>
      </handles>
    </blockref>
    <blockref>
      <blockid>flora_parts~, fe_detail_01</blockid>
      <transform>
        <scale>0,5</scale>
        <position>1.299564,-0.842852,2.069036</position>
        <triangledirection>-0.565700,0.807635,-0.166457</triangledirection>
        <trianglepickorigin>0,0,0</trianglepickorigin>
        <orientation>
          <row0>0.593923,0.539091,0.597190</row0>
          <row1>-0.565700,0.807635,-0.166457</row1>
          <row2>-0.572047,-0.238968,0.784637</row2>
        </orientation>
      </transform>
      <snapped>false</snapped>
      <handles count="3">
        <weight channel="DeformAxisForward">0.264513</weight>
        <weight channel="DeformAxisUp">0.270597</weight>
        <weight channel="DeformAxisLeft">0.433126</weight>
      </handles>
    </blockref>
    <blockref>
      <blockid>flora_parts~, fe_detail_01</blockid>
      <transform>
        <scale>0,5</scale>
        <position>0.634172,-0.949018,1.808675</position>
        <triangledirection>0.154200,0.987952,-0.0131520</triangledirection>
        <trianglepickorigin>0,0,0</trianglepickorigin>
        <orientation>
          <row0>0.907943,-0.136437,0.396261</row0>
          <row1>0.154200,0.987952,-0.0131520</row1>
          <row2>-0.389693,0.0730449,0.918043</row2>
        </orientation>
      </transform>
      <snapped>false</snapped>
      <handles count="3">
        <weight channel="DeformAxisForward">0.264513</weight>
        <weight channel="DeformAxisUp">0.270597</weight>
        <weight channel="DeformAxisLeft">0.433126</weight>
      </handles>
    </blockref>
    <blockref>
      <blockid>flora_parts~, fe_detail_01</blockid>
      <transform>
        <scale>0,5</scale>
        <position>0.463719,-0.721885,1.165920</position>
        <triangledirection>0.0296650,0.841757,0.539040</triangledirection>
        <trianglepickorigin>0,0,0</trianglepickorigin>
        <orientation>
          <row0>0.908459,-0.247639,0.336714</row0>
          <row1>0.0296650,0.841757,0.539040</row1>
          <row2>-0.416919,-0.479707,0.772048</row2>
        </orientation>
      </transform>
      <snapped>false</snapped>
      <handles count="3">
        <weight channel="DeformAxisForward">0.264513</weight>
        <weight channel="DeformAxisUp">0.270597</weight>
        <weight channel="DeformAxisLeft">0.433126</weight>
      </handles>
    </blockref>
    <blockref>
      <blockid>flora_parts~, fe_detail_01</blockid>
      <transform>
        <scale>0,5</scale>
        <position>1.200162,-0.756011,1.389754</position>
        <triangledirection>-0.265157,0.930685,0.252022</triangledirection>
        <trianglepickorigin>0,0,0</trianglepickorigin>
        <orientation>
          <row0>0.857959,0.108462,0.502136</row0>
          <row1>-0.265157,0.930685,0.252022</row1>
          <row2>-0.439996,-0.349370,0.827250</row2>
        </orientation>
      </transform>
      <snapped>false</snapped>
      <handles count="3">
        <weight channel="DeformAxisForward">0.264513</weight>
        <weight channel="DeformAxisUp">0.270597</weight>
        <weight channel="DeformAxisLeft">0.433126</weight>
      </handles>
    </blockref>
    <blockref>
      <blockid>flora_parts~, fe_detail_01</blockid>
      <transform>
        <scale>0,5</scale>
        <position>0.782435,-0.637435,2.847618</position>
        <triangledirection>-0.592124,0.802514,-0.0732097</triangledirection>
        <trianglepickorigin>0,0,0</trianglepickorigin>
        <orientation>
          <row0>0.804673,0.593717,-5.58793e-8</row0>
          <row1>-0.592124,0.802514,-0.0732097</row1>
          <row2>-0.0434658,0.0589099,0.997316</row2>
        </orientation>
      </transform>
      <snapped>false</snapped>
      <handles count="3">
        <weight channel="DeformAxisForward">0.264513</weight>
        <weight channel="DeformAxisUp">0.270597</weight>
        <weight channel="DeformAxisLeft">0.433126</weight>
      </handles>
    </blockref>
    <blockref>
      <blockid>flora_parts~, fe_detail_01</blockid>
      <transform>
        <scale>0,5</scale>
        <position>1.585507,-0.154029,2.182055</position>
        <triangledirection>-0.930572,0.0944472,-0.353715</triangledirection>
        <trianglepickorigin>0,0,0</trianglepickorigin>
        <orientation>
          <row0>-0.0769344,0.894129,0.441149</row0>
          <row1>-0.930572,0.0944472,-0.353715</row1>
          <row2>-0.357932,-0.437734,0.824786</row2>
        </orientation>
      </transform>
      <snapped>false</snapped>
      <handles count="3">
        <weight channel="DeformAxisForward">0.264513</weight>
        <weight channel="DeformAxisUp">0.270597</weight>
        <weight channel="DeformAxisLeft">0.433126</weight>
      </handles>
    </blockref>
    <blockref>
      <blockid>flora_parts~, fe_detail_01</blockid>
      <transform>
        <scale>0,5</scale>
        <position>0.905704,-0.175571,2.663014</position>
        <triangledirection>-0.287750,-0.0676928,-0.955310</triangledirection>
        <trianglepickorigin>0,0,0</trianglepickorigin>
        <orientation>
          <row0>-0.592332,0.796405,0.121984</row0>
          <row1>-0.287750,-0.0676928,-0.955310</row1>
          <row2>-0.752556,-0.600962,0.269262</row2>
        </orientation>
      </transform>
      <snapped>false</snapped>
      <handles count="3">
        <weight channel="DeformAxisForward">0.264513</weight>
        <weight channel="DeformAxisUp">0.270597</weight>
        <weight channel="DeformAxisLeft">0.433126</weight>
      </handles>
    </blockref>
    <blockref>
      <blockid>flora_parts~, fe_detail_01</blockid>
      <transform>
        <scale>0,5</scale>
        <position>1.422111,0.568806,2.365328</position>
        <triangledirection>-0.593472,-0.502883,-0.628409</triangledirection>
        <trianglepickorigin>0,0,0</trianglepickorigin>
        <orientation>
          <row0>-0.674491,0.736759,0.0474028</row0>
          <row1>-0.593472,-0.502883,-0.628409</row1>
          <row2>-0.439148,-0.451989,0.776436</row2>
        </orientation>
      </transform>
      <snapped>false</snapped>
      <handles count="3">
        <weight channel="DeformAxisForward">0.264513</weight>
        <weight channel="DeformAxisUp">0.270597</weight>
        <weight channel="DeformAxisLeft">0.433126</weight>
      </handles>
    </blockref>
    <blockref>
      <blockid>flora_parts~, fe_detail_01</blockid>
      <transform>
        <scale>0,5</scale>
        <position>0.737112,0.530156,2.492153</position>
        <triangledirection>0.248872,-0.505165,-0.826359</triangledirection>
        <trianglepickorigin>0,0,0</trianglepickorigin>
        <orientation>
          <row0>-0.909648,0.171054,-0.378523</row0>
          <row1>0.248872,-0.505165,-0.826359</row1>
          <row2>-0.332569,-0.845900,0.416952</row2>
        </orientation>
      </transform>
      <snapped>false</snapped>
      <handles count="3">
        <weight channel="DeformAxisForward">0.264513</weight>
        <weight channel="DeformAxisUp">0.270597</weight>
        <weight channel="DeformAxisLeft">0.433126</weight>
      </handles>
    </blockref>
    <blockref>
      <blockid>flora_parts~, fe_detail_01</blockid>
      <transform>
        <scale>0,5</scale>
        <position>0.373234,0.898495,1.928869</position>
        <triangledirection>0.283286,-0.898170,-0.336212</triangledirection>
        <trianglepickorigin>0,0,0</trianglepickorigin>
        <orientation>
          <row0>-0.864765,-0.0876566,-0.494466</row0>
          <row1>0.283286,-0.898170,-0.336212</row1>
          <row2>-0.414643,-0.430820,0.801538</row2>
        </orientation>
      </transform>
      <snapped>false</snapped>
      <handles count="3">
        <weight channel="DeformAxisForward">0.264513</weight>
        <weight channel="DeformAxisUp">0.270597</weight>
        <weight channel="DeformAxisLeft">0.433126</weight>
      </handles>
    </blockref>
    <blockref>
      <blockid>flora_parts~, fe_detail_01</blockid>
      <transform>
        <scale>0,5</scale>
        <position>-0.127045,0.550130,2.327649</position>
        <triangledirection>0.579585,-0.579816,-0.572619</triangledirection>
        <trianglepickorigin>0,0,0</trianglepickorigin>
        <orientation>
          <row0>-0.796427,-0.254214,-0.548706</row0>
          <row1>0.579585,-0.579816,-0.572619</row1>
          <row2>-0.172581,-0.774072,0.609120</row2>
        </orientation>
      </transform>
      <snapped>false</snapped>
      <handles count="3">
        <weight channel="DeformAxisForward">0.264513</weight>
        <weight channel="DeformAxisUp">0.270597</weight>
        <weight channel="DeformAxisLeft">0.433126</weight>
      </handles>
    </blockref>
    <blockref>
      <blockid>flora_parts~, fe_detail_01</blockid>
      <transform>
        <scale>0,5</scale>
        <position>-0.191246,0.623219,1.596029</position>
        <triangledirection>0.843381,-0.535152,0.0481585</triangledirection>
        <trianglepickorigin>0,0,0</trianglepickorigin>
        <orientation>
          <row0>-0.409455,-0.698140,-0.587321</row0>
          <row1>0.843381,-0.535152,0.0481585</row1>
          <row2>-0.347927,-0.475617,0.807919</row2>
        </orientation>
      </transform>
      <snapped>false</snapped>
      <handles count="3">
        <weight channel="DeformAxisForward">0.264513</weight>
        <weight channel="DeformAxisUp">0.270597</weight>
        <weight channel="DeformAxisLeft">0.433126</weight>
      </handles>
    </blockref>
    <blockref>
      <blockid>flora_parts~, fe_detail_01</blockid>
      <transform>
        <scale>0,5</scale>
        <position>-0.125195,0.0284695,2.820600</position>
        <triangledirection>0.943096,-0.331321,-0.0281929</triangledirection>
        <trianglepickorigin>0,0,0</trianglepickorigin>
        <orientation>
          <row0>-0.331452,-0.943471,8.38190e-9</row0>
          <row1>0.943096,-0.331321,-0.0281929</row1>
          <row2>0.0265992,-0.00934461,0.999602</row2>
        </orientation>
      </transform>
      <snapped>false</snapped>
      <handles count="3">
        <weight channel="DeformAxisForward">0.264513</weight>
        <weight channel="DeformAxisUp">0.270597</weight>
        <weight channel="DeformAxisLeft">0.433126</weight>
      </handles>
    </blockref>
    <blockref>
      <blockid>flora_parts~, fe_detail_01</blockid>
      <transform>
        <scale>0,5</scale>
        <position>-0.366681,-0.0301709,1.674286</position>
        <triangledirection>0.982623,0.121935,0.139937</triangledirection>
        <trianglepickorigin>0,0,0</trianglepickorigin>
        <orientation>
          <row0>0.168570,-0.901816,-0.397882</row0>
          <row1>0.982623,0.121935,0.139937</row1>
          <row2>-0.0776818,-0.414558,0.906701</row2>
        </orientation>
      </transform>
      <snapped>false</snapped>
      <handles count="3">
        <weight channel="DeformAxisForward">0.264513</weight>
        <weight channel="DeformAxisUp">0.270597</weight>
        <weight channel="DeformAxisLeft">0.433126</weight>
      </handles>
    </blockref>
    <blockref>
      <blockid>flora_parts~, fe_detail_01</blockid>
      <transform>
        <scale>0,5</scale>
        <position>0.0389136,-0.273106,0.892757</position>
        <triangledirection>0.628936,0.339235,0.699541</triangledirection>
        <trianglepickorigin>0,0,0</trianglepickorigin>
        <orientation>
          <row0>0.580332,-0.803600,-0.132061</row0>
          <row1>0.628936,0.339235,0.699541</row1>
          <row2>-0.517351,-0.489025,0.702282</row2>
        </orientation>
      </transform>
      <snapped>false</snapped>
      <handles count="3">
        <weight channel="DeformAxisForward">0.264513</weight>
        <weight channel="DeformAxisUp">0.270597</weight>
        <weight channel="DeformAxisLeft">0.433126</weight>
      </handles>
    </blockref>
    <blockref>
      <blockid>flora_parts~, fe_detail_01</blockid>
      <transform>
        <scale>0,5</scale>
        <position>-0.0854877,-0.562094,1.830434</position>
        <triangledirection>0.672667,0.725313,-0.146420</triangledirection>
        <trianglepickorigin>0,0,0</trianglepickorigin>
        <orientation>
          <row0>0.734657,-0.678268,0.0151805</row0>
          <row1>0.672667,0.725313,-0.146420</row1>
          <row2>0.0883014,0.117780,0.989105</row2>
        </orientation>
      </transform>
      <snapped>false</snapped>
      <handles count="3">
        <weight channel="DeformAxisForward">0.264513</weight>
        <weight channel="DeformAxisUp">0.270597</weight>
        <weight channel="DeformAxisLeft">0.433126</weight>
      </handles>
    </blockref>
    <blockref>
      <blockid>flora_parts~, fe_muscle_branch_02</blockid>
      <transform>
        <limbtype>0</limbtype>
        <musclescale>0.524998</musclescale>
        <basemusclescale>2.799998</basemusclescale>
        <scale>1</scale>
        <position>0.436512,-0.168827,2.072789</position>
        <triangledirection>0,-1.19209e-7,-1</triangledirection>
        <trianglepickorigin>0,0,0</trianglepickorigin>
        <orientation>
          <row0>1,0,0</row0>
          <row1>0,-1.19209e-7,-1</row1>
          <row2>0,1,-1.19209e-7</row2>
        </orientation>
      </transform>
      <snapped>true</snapped>
      <childlist count="5">
        <childid>24</childid>
        <childid>23</childid>
        <childid>22</childid>
        <childid>17</childid>
        <childid>9</childid>
      </childlist>
      <handles count="1">
        <weight channel="longer">0.162245</weight>
      </handles>
    </blockref>
    <blockref>
      <blockid>flora_parts~, fe_detail_01</blockid>
      <transform>
        <scale>0,5</scale>
        <position>0.545072,0.344519,3.061859</position>
        <triangledirection>-0.186566,-0.882437,-0.431853</triangledirection>
        <trianglepickorigin>0,0,0</trianglepickorigin>
        <orientation>
          <row0>-0.978372,0.206849,-3.72529e-7</row0>
          <row1>-0.186566,-0.882437,-0.431853</row1>
          <row2>-0.0893287,-0.422513,0.901943</row2>
        </orientation>
      </transform>
      <snapped>false</snapped>
      <handles count="3">
        <weight channel="DeformAxisForward">0.264513</weight>
        <weight channel="DeformAxisUp">0.270597</weight>
        <weight channel="DeformAxisLeft">0.433126</weight>
      </handles>
    </blockref>
    <blockref>
      <blockid>flora_parts~, fe_detail_01</blockid>
      <transform>
        <scale>0,5</scale>
        <position>0.149782,-0.436756,3.248028</position>
        <triangledirection>0.534483,0.498131,-0.682782</triangledirection>
        <trianglepickorigin>0,0,0</trianglepickorigin>
        <orientation>
          <row0>0.681791,-0.731546,-1.04308e-7</row0>
          <row1>0.534483,0.498131,-0.682782</row1>
          <row2>0.499487,0.465515,0.730621</row2>
        </orientation>
      </transform>
      <snapped>false</snapped>
      <handles count="3">
        <weight channel="DeformAxisForward">0.264513</weight>
        <weight channel="DeformAxisUp">0.270597</weight>
        <weight channel="DeformAxisLeft">0.433126</weight>
      </handles>
    </blockref>
    <blockref>
      <blockid>flora_parts~, fe_trunk_01</blockid>
      <transform>
        <limbtype>2</limbtype>
        <musclescale>0.5</musclescale>
        <basemusclescale>1.449998</basemusclescale>
        <scale>1</scale>
        <position>0.436512,-0.168827,3.325040</position>
        <triangledirection>0,-1.19209e-7,-1</triangledirection>
        <trianglepickorigin>0,0,0</trianglepickorigin>
        <orientation>
          <row0>1,0,0</row0>
          <row1>0,-1.19209e-7,-1</row1>
          <row2>0,1,-1.19209e-7</row2>
        </orientation>
      </transform>
      <snapped>true</snapped>
      <childlist count="1">
        <childid>25</childid>
      </childlist>
      <handles count="3">
        <weight channel="DeformAxisLeft">0.0953584</weight>
        <weight channel="DeformAxisForward">0.601992</weight>
        <weight channel="DeformBoneLength">0.500090</weight>
      </handles>
    </blockref>
    <blockref>
      <blockid>Creature_parts~, ce_grasper_null</blockid>
      <transform>
        <basemusclescale>1</basemusclescale>
        <scale>1</scale>
        <position>0.436512,-0.168826,5.925293</position>
        <triangledirection>0,-1.19209e-7,-1</triangledirection>
        <trianglepickorigin>0,0,0</trianglepickorigin>
        <orientation>
          <row0>1,0,0</row0>
          <row1>0,-1.19209e-7,-1</row1>
          <row2>0,1,-1.19209e-7</row2>
        </orientation>
      </transform>
      <snapped>true</snapped>
    </blockref>
  </blocks></sporemodel>