spore0006438f6347406662000774d423b9fea735ffffffffffffffffffffffffffffffff0000000ec178f8570dsporeautotestfffffffffffffffe09Zambinops00006gaprop00<?xml version="1.0" encoding="UTF-8"?><sporemodel>
  <properties>
    <modeltype>PlantLarge</modeltype>
    <skineffectseed1>1234</skineffectseed1>
    <skineffectseed2>1234</skineffectseed2>
    <skineffectseed3>1234</skineffectseed3>
    <skincolor1>0.447057,0.576469,0.262744</skincolor1>
    <skincolor2>0.752940,0.905882,0.537253</skincolor2>
    <skincolor3>0.905882,0.788234,0.537253</skincolor3>
    <zcorpscore>9</zcorpscore>
  </properties>
  <blocks count="26">
    <blockref>
      <blockid>flora_parts~, fe_root_dummy</blockid>
      <transform>
        <scale>0,927743</scale>
        <position>0,0,0.349999</position>
        <triangledirection>0,1,0</triangledirection>
        <trianglepickorigin>0,0,0</trianglepickorigin>
        <orientation>
          <row0>1,0,0</row0>
          <row1>0,1,0</row1>
          <row2>0,0,1</row2>
        </orientation>
      </transform>
      <snapped>false</snapped>
      <childlist count="3">
        <childid>7</childid>
        <childid>3</childid>
        <childid>1</childid>
      </childlist>
    </blockref>
    <blockref>
      <blockid>flora_parts~, FE_muscle_branch_04</blockid>
      <transform>
        <limbtype>0</limbtype>
        <musclescale>0.425000</musclescale>
        <basemusclescale>3</basemusclescale>
        <scale>1</scale>
        <position>0,0,0.349999</position>
        <triangledirection>-0.0736970,0.911801,0.403963</triangledirection>
        <trianglepickorigin>0,0,0</trianglepickorigin>
        <orientation>
          <row0>-0.394375,-0.398692,0.827956</row0>
          <row1>-0.0736970,0.911801,0.403963</row1>
          <row2>-0.915989,0.0982954,-0.388975</row2>
        </orientation>
      </transform>
      <snapped>true</snapped>
      <childlist count="1">
        <childid>2</childid>
      </childlist>
      <handles count="1">
        <weight channel="longer">0.317331</weight>
      </handles>
    </blockref>
    <blockref>
      <blockid>Creature_parts~, ce_grasper_null</blockid>
      <transform>
        <basemusclescale>0.5</basemusclescale>
        <scale>1</scale>
        <position>0.164016,-2.029278,-0.549046</position>
        <triangledirection>-3.77184e-8,4.03553e-7,-1</triangledirection>
        <trianglepickorigin>0,0,0</trianglepickorigin>
        <orientation>
          <row0>1,-2.08615e-7,-3.77185e-8</row0>
          <row1>-3.77184e-8,4.03553e-7,-1</row1>
          <row2>2.08615e-7,1,4.03553e-7</row2>
        </orientation>
      </transform>
      <snapped>true</snapped>
    </blockref>
    <blockref>
      <blockid>flora_parts~, fe_muscle_branch_06</blockid>
      <transform>
        <limbtype>0</limbtype>
        <musclescale>0.5</musclescale>
        <basemusclescale>3</basemusclescale>
        <scale>1</scale>
        <position>0,0,0.349999</position>
        <triangledirection>-0.319821,-0.481647,-0.815922</triangledirection>
        <trianglepickorigin>0,0,0</trianglepickorigin>
        <orientation>
          <row0>0.820968,0.289029,-0.492415</row0>
          <row1>-0.319821,-0.481647,-0.815922</row1>
          <row2>-0.472996,0.827331,-0.302979</row2>
        </orientation>
      </transform>
      <snapped>true</snapped>
      <childlist count="4">
        <childid>25</childid>
        <childid>24</childid>
        <childid>15</childid>
        <childid>4</childid>
      </childlist>
      <handles count="1">
        <weight channel="longer">0.162245</weight>
      </handles>
    </blockref>
    <blockref>
      <blockid>flora_parts~, fe_muscle_branch_06</blockid>
      <transform>
        <limbtype>0</limbtype>
        <musclescale>0.5</musclescale>
        <basemusclescale>2.799998</basemusclescale>
        <scale>1</scale>
        <position>0.400496,0.603142,1.371739</position>
        <triangledirection>-0.203061,-0.540942,0.816178</triangledirection>
        <trianglepickorigin>0,0,0</trianglepickorigin>
        <orientation>
          <row0>0.959640,0.0556847,0.275660</row0>
          <row1>-0.203061,-0.540942,0.816178</row1>
          <row2>0.194565,-0.839214,-0.507803</row2>
        </orientation>
      </transform>
      <snapped>true</snapped>
      <childlist count="2">
        <childid>23</childid>
        <childid>5</childid>
      </childlist>
      <handles count="1">
        <weight channel="longer">0.162245</weight>
      </handles>
    </blockref>
    <blockref>
      <blockid>flora_parts~, fe_muscle_branch_02</blockid>
      <transform>
        <limbtype>0</limbtype>
        <musclescale>0.524998</musclescale>
        <basemusclescale>2.799998</basemusclescale>
        <scale>1</scale>
        <position>0.654780,1.280538,0.349680</position>
        <triangledirection>0.0472478,-0.971113,0.233893</triangledirection>
        <trianglepickorigin>0,0,0</trianglepickorigin>
        <orientation>
          <row0>0.968762,-0.0125187,-0.247673</row0>
          <row1>0.0472478,-0.971113,0.233893</row1>
          <row2>-0.243447,-0.238288,-0.940187</row2>
        </orientation>
      </transform>
      <snapped>true</snapped>
      <childlist count="1">
        <childid>6</childid>
      </childlist>
      <handles count="1">
        <weight channel="longer">0.162245</weight>
      </handles>
    </blockref>
    <blockref>
      <blockid>Creature_parts~, ce_grasper_null</blockid>
      <transform>
        <basemusclescale>1.449998</basemusclescale>
        <scale>1</scale>
        <position>0.595613,2.496615,0.0567869</position>
        <triangledirection>-0.398613,-0.250149,-0.882345</triangledirection>
        <trianglepickorigin>0,0,0</trianglepickorigin>
        <orientation>
          <row0>0.774528,0.423393,-0.469939</row0>
          <row1>-0.398613,-0.250149,-0.882345</row1>
          <row2>-0.491134,0.870725,-0.0249773</row2>
        </orientation>
      </transform>
      <snapped>true</snapped>
    </blockref>
    <blockref>
      <blockid>flora_parts~, fe_trunk_03</blockid>
      <transform>
        <limbtype>2</limbtype>
        <musclescale>0.5</musclescale>
        <basemusclescale>3</basemusclescale>
        <scale>1</scale>
        <position>0,0,0.349999</position>
        <triangledirection>0.321744,0.304538,-0.896513</triangledirection>
        <trianglepickorigin>0,0,0</trianglepickorigin>
        <orientation>
          <row0>0.946824,-0.105345,0.304015</row0>
          <row1>0.302937,-0.0264761,-0.952642</row1>
          <row2>0.108406,0.994083,0.00684491</row2>
        </orientation>
        <userorientation>
          <userorientation_row0>1,0,0</userorientation_row0>
          <userorientation_row1>0,0.943462,0.331479</userorientation_row1>
          <userorientation_row2>0,-0.331479,0.943462</userorientation_row2>
        </userorientation>
      </transform>
      <snapped>true</snapped>
      <childlist count="2">
        <childid>11</childid>
        <childid>8</childid>
      </childlist>
      <handles count="3">
        <weight channel="DeformAxisLeft">0.527579</weight>
        <weight channel="DeformAxisForward">1</weight>
        <weight channel="DeformBoneLength">1</weight>
      </handles>
    </blockref>
    <blockref>
      <blockid>flora_parts~, fe_trunk_03</blockid>
      <transform>
        <limbtype>2</limbtype>
        <musclescale>0.5</musclescale>
        <basemusclescale>1</basemusclescale>
        <scale>1</scale>
        <position>-1.286977,-1.218155,3.936054</position>
        <triangledirection>0.339065,0.257737,-0.904768</triangledirection>
        <trianglepickorigin>0,0,0</trianglepickorigin>
        <orientation>
          <row0>0.967757,0.251882,0</row0>
          <row1>0,0,-1</row1>
          <row2>-0.251882,0.967757,0</row2>
        </orientation>
        <userorientation>
          <userorientation_row0>0.918744,-0.379119,-0.110351</userorientation_row0>
          <userorientation_row1>0.393053,0.904768,0.164022</userorientation_row1>
          <userorientation_row2>0.0376592,-0.194068,0.980264</userorientation_row2>
        </userorientation>
      </transform>
      <snapped>true</snapped>
      <childlist count="5">
        <childid>14</childid>
        <childid>13</childid>
        <childid>12</childid>
        <childid>10</childid>
        <childid>9</childid>
      </childlist>
      <handles count="3">
        <weight channel="DeformAxisLeft">0.527579</weight>
        <weight channel="DeformAxisForward">0.629061</weight>
        <weight channel="DeformBoneLength">1</weight>
      </handles>
    </blockref>
    <blockref>
      <blockid>Creature_parts~, ce_grasper_null</blockid>
      <transform>
        <basemusclescale>1</basemusclescale>
        <scale>1</scale>
        <position>-2.643241,-2.249105,7.555127</position>
        <triangledirection>-2.84950e-9,0.331479,-0.943462</triangledirection>
        <trianglepickorigin>0,0,0</trianglepickorigin>
        <orientation>
          <row0>1.000000,2.98022e-8,7.45056e-9</row0>
          <row1>-2.84950e-9,0.331479,-0.943462</row1>
          <row2>-3.05870e-8,0.943462,0.331479</row2>
        </orientation>
      </transform>
      <snapped>true</snapped>
    </blockref>
    <blockref>
      <blockid>flora_parts~, FE_leaf_10</blockid>
      <transform>
        <scale>1,349858</scale>
        <position>-2.090358,-1.556882,4.873248</position>
        <triangledirection>0.332550,0.328962,-0.883851</triangledirection>
        <trianglepickorigin>0,0,0</trianglepickorigin>
        <orientation>
          <row0>-0.177241,-0.984156,0.00457115</row0>
          <row1>0.899759,-0.160156,0.405933</row1>
          <row2>-0.398770,0.0760610,0.913891</row2>
        </orientation>
        <userorientation>
          <userorientation_row0>0.352534,0.899178,-0.259221</userorientation_row0>
          <userorientation_row1>-0.386732,-0.112254,-0.915333</userorientation_row1>
          <userorientation_row2>-0.852147,0.422936,0.308167</userorientation_row2>
        </userorientation>
      </transform>
      <snapped>false</snapped>
      <handles count="3">
        <weight channel="DeformAxisUp">0.998182</weight>
        <weight channel="DeformAxisForward">1</weight>
        <weight channel="DeformAxisLeft">0.121398</weight>
      </handles>
    </blockref>
    <blockref>
      <blockid>flora_parts~, FE_leaf_10</blockid>
      <transform>
        <scale>2,281881</scale>
        <position>-0.177836,-0.988218,1.403012</position>
        <triangledirection>0.282809,0.255686,-0.924468</triangledirection>
        <trianglepickorigin>0,0,0</trianglepickorigin>
        <orientation>
          <row0>0.945864,0.130540,0.297153</row0>
          <row1>-0.103533,0.989073,-0.104948</row1>
          <row2>-0.307607,0.0685013,0.949044</row2>
        </orientation>
        <userorientation>
          <userorientation_row0>0.507409,0.811819,0.288933</userorientation_row0>
          <userorientation_row1>0.0261676,0.320634,-0.946841</userorientation_row1>
          <userorientation_row2>-0.861306,0.487997,0.141449</userorientation_row2>
        </userorientation>
      </transform>
      <snapped>false</snapped>
      <handles count="3">
        <weight channel="DeformAxisUp">0.846947</weight>
        <weight channel="DeformAxisForward">1</weight>
        <weight channel="DeformAxisLeft">0</weight>
      </handles>
    </blockref>
    <blockref>
      <blockid>flora_parts~, FE_leaf_10</blockid>
      <transform>
        <scale>1,349858</scale>
        <position>-2.156018,-1.497722,5.565330</position>
        <triangledirection>0.448226,0.132823,-0.883996</triangledirection>
        <trianglepickorigin>0,0,0</trianglepickorigin>
        <orientation>
          <row0>-0.590124,-0.785400,-0.186812</row0>
          <row1>0.788017,-0.610674,0.0781312</row1>
          <row2>-0.175445,-0.101104,0.979283</row2>
        </orientation>
        <userorientation>
          <userorientation_row0>0.467934,0.879477,0.0869215</userorientation_row0>
          <userorientation_row1>-0.203688,0.203031,-0.957752</userorientation_row1>
          <userorientation_row2>-0.859969,0.430460,0.274143</userorientation_row2>
        </userorientation>
      </transform>
      <snapped>false</snapped>
      <handles count="3">
        <weight channel="DeformAxisUp">0.998182</weight>
        <weight channel="DeformAxisForward">1</weight>
        <weight channel="DeformAxisLeft">0.121398</weight>
      </handles>
    </blockref>
    <blockref>
      <blockid>flora_parts~, FE_leaf_10</blockid>
      <transform>
        <scale>1,349858</scale>
        <position>-1.503525,-1.520094,5.454481</position>
        <triangledirection>0.451746,0.177639,-0.874281</triangledirection>
        <trianglepickorigin>0,0,0</trianglepickorigin>
        <orientation>
          <row0>-0.271787,0.943041,-0.191846</row0>
          <row1>-0.793056,-0.332406,-0.510458</row1>
          <row2>-0.545154,0.0134092,0.838228</row2>
        </orientation>
        <userorientation>
          <userorientation_row0>0.476535,0.869571,0.129457</userorientation_row0>
          <userorientation_row1>0.212470,0.0289753,-0.976736</userorientation_row1>
          <userorientation_row2>-0.853094,0.492956,-0.170949</userorientation_row2>
        </userorientation>
      </transform>
      <snapped>false</snapped>
      <handles count="3">
        <weight channel="DeformAxisUp">0.998182</weight>
        <weight channel="DeformAxisForward">1</weight>
        <weight channel="DeformAxisLeft">0.121398</weight>
      </handles>
    </blockref>
    <blockref>
      <blockid>flora_parts~, FE_leaf_12</blockid>
      <transform>
        <scale>1</scale>
        <position>-2.650048,-2.297519,7.648022</position>
        <triangledirection>0.0620749,0.597747,-0.799277</triangledirection>
        <trianglepickorigin>0,0,0</trianglepickorigin>
        <orientation>
          <row0>0.867895,0.363122,0.338968</row0>
          <row1>0.0620749,0.597747,-0.799277</row1>
          <row2>-0.492853,0.714730,0.496241</row2>
        </orientation>
      </transform>
      <snapped>false</snapped>
      <handles count="3">
        <weight channel="DeformAxisForwardb">0.753238</weight>
        <weight channel="DeformAxisForward">0</weight>
        <weight channel="DeformAxisLeft">0.366907</weight>
      </handles>
    </blockref>
    <blockref>
      <blockid>flora_parts~, fe_trunk_03</blockid>
      <transform>
        <limbtype>2</limbtype>
        <musclescale>0.5</musclescale>
        <basemusclescale>2.799998</basemusclescale>
        <scale>1</scale>
        <position>0.400496,0.603142,1.371739</position>
        <triangledirection>-0.105078,0.0503871,-0.993186</triangledirection>
        <trianglepickorigin>0,0,0</trianglepickorigin>
        <orientation>
          <row0>0.990276,0.0968543,-0.0998567</row0>
          <row1>-0.0689188,-0.281959,-0.956947</row1>
          <row2>-0.120840,0.954525,-0.272542</row2>
        </orientation>
        <userorientation>
          <userorientation_row0>1,0,0</userorientation_row0>
          <userorientation_row1>0,0.943462,0.331479</userorientation_row1>
          <userorientation_row2>0,-0.331479,0.943462</userorientation_row2>
        </userorientation>
      </transform>
      <snapped>true</snapped>
      <childlist count="2">
        <childid>22</childid>
        <childid>16</childid>
      </childlist>
      <handles count="3">
        <weight channel="DeformAxisLeft">0.527579</weight>
        <weight channel="DeformAxisForward">1</weight>
        <weight channel="DeformBoneLength">1</weight>
      </handles>
    </blockref>
    <blockref>
      <blockid>flora_parts~, fe_trunk_03</blockid>
      <transform>
        <limbtype>2</limbtype>
        <musclescale>0.5</musclescale>
        <basemusclescale>1</basemusclescale>
        <scale>1</scale>
        <position>0.820810,0.401592,5.344486</position>
        <triangledirection>-0.153965,0.0834573,-0.984544</triangledirection>
        <trianglepickorigin>0,0,0</trianglepickorigin>
        <orientation>
          <row0>0.968371,0.210749,-0.133571</row0>
          <row1>-0.0801766,-0.244112,-0.966426</row1>
          <row2>-0.236280,0.946569,-0.219494</row2>
        </orientation>
        <userorientation>
          <userorientation_row0>1,0,0</userorientation_row0>
          <userorientation_row1>0,0.943462,0.331479</userorientation_row1>
          <userorientation_row2>0,-0.331479,0.943462</userorientation_row2>
        </userorientation>
      </transform>
      <snapped>true</snapped>
      <childlist count="5">
        <childid>21</childid>
        <childid>20</childid>
        <childid>19</childid>
        <childid>18</childid>
        <childid>17</childid>
      </childlist>
      <handles count="3">
        <weight channel="DeformAxisLeft">0.527579</weight>
        <weight channel="DeformAxisForward">0.629061</weight>
        <weight channel="DeformBoneLength">1</weight>
      </handles>
    </blockref>
    <blockref>
      <blockid>Creature_parts~, ce_grasper_null</blockid>
      <transform>
        <basemusclescale>1</basemusclescale>
        <scale>1</scale>
        <position>1.436672,0.0677639,9.282667</position>
        <triangledirection>-2.84954e-9,0.331477,-0.943463</triangledirection>
        <trianglepickorigin>0,0,0</trianglepickorigin>
        <orientation>
          <row0>1.000000,2.98025e-8,7.45055e-9</row0>
          <row1>-2.84954e-9,0.331477,-0.943463</row1>
          <row2>-3.05873e-8,0.943463,0.331477</row2>
        </orientation>
      </transform>
      <snapped>true</snapped>
    </blockref>
    <blockref>
      <blockid>flora_parts~, FE_leaf_10</blockid>
      <transform>
        <scale>1,349858</scale>
        <position>0.591408,0.237265,6.592960</position>
        <triangledirection>-0.157513,0.157265,-0.974913</triangledirection>
        <trianglepickorigin>0,0,0</trianglepickorigin>
        <orientation>
          <row0>-0.0478747,-0.967486,0.248351</row0>
          <row1>0.996389,-0.0637101,-0.0561172</row1>
          <row2>0.0701151,0.244768,0.967043</row2>
        </orientation>
        <userorientation>
          <userorientation_row0>0.352534,0.899178,-0.259221</userorientation_row0>
          <userorientation_row1>-0.386732,-0.112254,-0.915333</userorientation_row1>
          <userorientation_row2>-0.852147,0.422936,0.308167</userorientation_row2>
        </userorientation>
      </transform>
      <snapped>false</snapped>
      <handles count="3">
        <weight channel="DeformAxisUp">0.998182</weight>
        <weight channel="DeformAxisForward">1</weight>
        <weight channel="DeformAxisLeft">0.121398</weight>
      </handles>
    </blockref>
    <blockref>
      <blockid>flora_parts~, FE_leaf_10</blockid>
      <transform>
        <scale>1,349858</scale>
        <position>1.135776,0.554113,7.179936</position>
        <triangledirection>0.129490,-0.0922934,-0.987275</triangledirection>
        <trianglepickorigin>0,0,0</trianglepickorigin>
        <orientation>
          <row0>-0.996457,0.0443061,0.0714766</row0>
          <row1>-0.0526798,-0.991389,-0.119879</row1>
          <row2>0.0655498,-0.123219,0.990212</row2>
        </orientation>
        <userorientation>
          <userorientation_row0>0.467934,0.879477,0.0869215</userorientation_row0>
          <userorientation_row1>-0.203688,0.203031,-0.957752</userorientation_row1>
          <userorientation_row2>-0.859969,0.430460,0.274143</userorientation_row2>
        </userorientation>
      </transform>
      <snapped>false</snapped>
      <handles count="3">
        <weight channel="DeformAxisUp">0.998182</weight>
        <weight channel="DeformAxisForward">1</weight>
        <weight channel="DeformAxisLeft">0.121398</weight>
      </handles>
    </blockref>
    <blockref>
      <blockid>flora_parts~, FE_leaf_10</blockid>
      <transform>
        <scale>1,349858</scale>
        <position>1.374342,0.395476,6.806340</position>
        <triangledirection>-0.0322816,0.0126439,-0.999397</triangledirection>
        <trianglepickorigin>0,0,0</trianglepickorigin>
        <orientation>
          <row0>-0.429238,0.883502,-0.187555</row0>
          <row1>-0.898992,-0.437930,-0.00549490</row1>
          <row2>-0.0869909,0.166252,0.982238</row2>
        </orientation>
        <userorientation>
          <userorientation_row0>0.476535,0.869571,0.129457</userorientation_row0>
          <userorientation_row1>0.212470,0.0289753,-0.976736</userorientation_row1>
          <userorientation_row2>-0.853094,0.492956,-0.170949</userorientation_row2>
        </userorientation>
      </transform>
      <snapped>false</snapped>
      <handles count="3">
        <weight channel="DeformAxisUp">0.998182</weight>
        <weight channel="DeformAxisForward">1</weight>
        <weight channel="DeformAxisLeft">0.121398</weight>
      </handles>
    </blockref>
    <blockref>
      <blockid>flora_parts~, FE_leaf_12</blockid>
      <transform>
        <scale>1</scale>
        <position>1.479380,0.0381346,9.373771</position>
        <triangledirection>-0.383919,0.432816,-0.815644</triangledirection>
        <trianglepickorigin>0,0,0</trianglepickorigin>
        <orientation>
          <row0>0.881021,0.436140,-0.183257</row0>
          <row1>-0.383919,0.432816,-0.815644</row1>
          <row2>-0.276418,0.788956,0.548763</row2>
        </orientation>
      </transform>
      <snapped>false</snapped>
      <handles count="3">
        <weight channel="DeformAxisForwardb">0.753238</weight>
        <weight channel="DeformAxisForward">0</weight>
        <weight channel="DeformAxisLeft">0.366907</weight>
      </handles>
    </blockref>
    <blockref>
      <blockid>flora_parts~, FE_leaf_10</blockid>
      <transform>
        <scale>2,281881</scale>
        <position>0.559984,1.211286,2.024598</position>
        <triangledirection>-0.143579,-0.0405300,-0.988807</triangledirection>
        <trianglepickorigin>0,0,0</trianglepickorigin>
        <orientation>
          <row0>-0.979641,0.200752,-6.70552e-8</row0>
          <row1>-0.181497,-0.885677,-0.427356</row1>
          <row2>-0.0857930,-0.418656,0.904083</row2>
        </orientation>
        <userorientation>
          <userorientation_row0>0.490497,0.726008,0.481997</userorientation_row0>
          <userorientation_row1>0.132519,0.484529,-0.864677</userorientation_row1>
          <userorientation_row2>-0.861306,0.487997,0.141449</userorientation_row2>
        </userorientation>
      </transform>
      <snapped>false</snapped>
      <handles count="3">
        <weight channel="DeformAxisUp">0.846947</weight>
        <weight channel="DeformAxisForward">1</weight>
        <weight channel="DeformAxisLeft">0</weight>
      </handles>
    </blockref>
    <blockref>
      <blockid>flora_parts~, FE_leaf_22</blockid>
      <transform>
        <scale>1,568312</scale>
        <position>0.917317,1.316395,1.817882</position>
        <triangledirection>-0.292413,-0.137957,-0.946288</triangledirection>
        <trianglepickorigin>0,0,0</trianglepickorigin>
        <orientation>
          <row0>-0.750513,0.660855,1.49011e-8</row0>
          <row1>-0.272124,-0.309043,-0.911285</row1>
          <row2>-0.602227,-0.683931,0.411776</row2>
        </orientation>
        <userorientation>
          <userorientation_row0>0.989461,-0.135205,-0.0518285</userorientation_row0>
          <userorientation_row1>0.128290,0.984546,-0.119206</userorientation_row1>
          <userorientation_row2>0.0671452,0.111300,0.991515</userorientation_row2>
        </userorientation>
      </transform>
      <snapped>false</snapped>
      <handles count="4">
        <weight channel="DeformAxisLeft">0.384250</weight>
        <weight channel="DeformAxisForward">1</weight>
        <weight channel="DeformAxisRight">0</weight>
        <weight channel="DeformAxisUp">0.578956</weight>
      </handles>
    </blockref>
    <blockref>
      <blockid>flora_parts~, FE_leaf_22</blockid>
      <transform>
        <scale>1,568312</scale>
        <position>0.691531,-0.526676,1.140680</position>
        <triangledirection>-0.249617,0.439143,-0.863042</triangledirection>
        <trianglepickorigin>0,0,0</trianglepickorigin>
        <orientation>
          <row0>0.850354,0.526209,2.08616e-7</row0>
          <row1>-0.469179,0.758193,-0.452783</row1>
          <row2>-0.238259,0.385026,0.891620</row2>
        </orientation>
        <userorientation>
          <userorientation_row0>0.989570,-0.0929469,-0.110050</userorientation_row0>
          <userorientation_row1>0.0188184,0.840843,-0.540951</userorientation_row1>
          <userorientation_row2>0.142813,0.533237,0.833823</userorientation_row2>
        </userorientation>
      </transform>
      <snapped>false</snapped>
      <handles count="4">
        <weight channel="DeformAxisLeft">0.384250</weight>
        <weight channel="DeformAxisForward">1</weight>
        <weight channel="DeformAxisRight">0</weight>
        <weight channel="DeformAxisUp">0.707533</weight>
      </handles>
    </blockref>
    <blockref>
      <blockid>flora_parts~, FE_leaf_22</blockid>
      <transform>
        <scale>1,568312</scale>
        <position>-0.489957,-0.673256,0.938096</position>
        <triangledirection>0.553663,0.203869,-0.807399</triangledirection>
        <trianglepickorigin>0,0,0</trianglepickorigin>
        <orientation>
          <row0>0.754667,-0.656107,2.98023e-8</row0>
          <row1>0.632653,0.727689,-0.264987</row1>
          <row2>0.173860,0.199977,0.964251</row2>
        </orientation>
        <userorientation>
          <userorientation_row0>0.952992,-0.283387,0.107217</userorientation_row0>
          <userorientation_row1>0.284071,0.712580,-0.641507</userorientation_row1>
          <userorientation_row2>0.105395,0.641808,0.759586</userorientation_row2>
        </userorientation>
      </transform>
      <snapped>false</snapped>
      <handles count="4">
        <weight channel="DeformAxisLeft">0.384250</weight>
        <weight channel="DeformAxisForward">1</weight>
        <weight channel="DeformAxisRight">0</weight>
        <weight channel="DeformAxisUp">0.578956</weight>
      </handles>
    </blockref>
  </blocks></sporemodel>