spore0006438f6347406662000771df56b9fea735ffffffffffffffffffffffffffffffff0000000ec178f7c30dsporeautotestfffffffffffffffe09Weepillow00006gaprop00<?xml version="1.0" encoding="UTF-8"?><sporemodel>
  <properties>
    <modeltype>PlantMedium</modeltype>
    <skineffectseed1>1234</skineffectseed1>
    <skineffectseed2>1234</skineffectseed2>
    <skineffectseed3>1234</skineffectseed3>
    <skincolor1>0.694117,0.352941,0.223528</skincolor1>
    <skincolor2>0.972549,0.749019,0.262744</skincolor2>
    <skincolor3>0.576469,0.474509,0.262744</skincolor3>
    <zcorpscore>10</zcorpscore>
  </properties>
  <blocks count="27">
    <blockref>
      <blockid>flora_parts~, fe_root_dummy</blockid>
      <transform>
        <scale>1</scale>
        <position>0.0219304,0.00143325,0.600000</position>
        <triangledirection>0,1,0</triangledirection>
        <trianglepickorigin>0,0,0</trianglepickorigin>
        <orientation>
          <row0>1,0,0</row0>
          <row1>0,1,0</row1>
          <row2>0,0,1</row2>
        </orientation>
      </transform>
      <snapped>false</snapped>
      <childlist count="2">
        <childid>10</childid>
        <childid>5</childid>
      </childlist>
    </blockref>
    <blockref>
      <blockid>Creature_parts~, ce_grasper_null</blockid>
      <transform>
        <basemusclescale>1.100000</basemusclescale>
        <scale>1</scale>
        <position>-2.640135,1.650595,3.122989</position>
        <triangledirection>0.240942,-0.239479,-0.940530</triangledirection>
        <trianglepickorigin>0,0,0</trianglepickorigin>
        <orientation>
          <row0>-0.784656,-0.618398,-0.0435534</row0>
          <row1>0.240942,-0.239479,-0.940530</row1>
          <row2>0.571192,-0.748487,0.336906</row2>
        </orientation>
      </transform>
      <snapped>false</snapped>
    </blockref>
    <blockref>
      <blockid>Creature_parts~, ce_grasper_null</blockid>
      <transform>
        <basemusclescale>1</basemusclescale>
        <scale>1</scale>
        <position>-2.281733,-0.156526,2.944823</position>
        <triangledirection>0.240960,-0.239477,-0.940525</triangledirection>
        <trianglepickorigin>0,0,0</trianglepickorigin>
        <orientation>
          <row0>-0.784640,-0.618419,-0.0435605</row0>
          <row1>0.240960,-0.239477,-0.940525</row1>
          <row2>0.571207,-0.748470,0.336917</row2>
        </orientation>
      </transform>
      <snapped>false</snapped>
    </blockref>
    <blockref>
      <blockid>Creature_parts~, ce_grasper_null</blockid>
      <transform>
        <basemusclescale>1</basemusclescale>
        <scale>1</scale>
        <position>0.203314,-1.786732,3.307368</position>
        <triangledirection>0,0,-1</triangledirection>
        <trianglepickorigin>0,0,0</trianglepickorigin>
        <orientation>
          <row0>1,0,0</row0>
          <row1>0,0,-1</row1>
          <row2>0,1,0</row2>
        </orientation>
      </transform>
      <snapped>false</snapped>
    </blockref>
    <blockref>
      <blockid>Creature_parts~, ce_grasper_null</blockid>
      <transform>
        <basemusclescale>1</basemusclescale>
        <scale>1</scale>
        <position>0.0219304,0.00143325,3.150254</position>
        <triangledirection>-0.100535,0.991115,-0.0870820</triangledirection>
        <trianglepickorigin>0,0,0</trianglepickorigin>
        <orientation>
          <row0>0.987913,0.109821,0.109388</row0>
          <row1>-0.100535,0.991115,-0.0870820</row1>
          <row2>-0.117980,0.0750321,0.990177</row2>
        </orientation>
      </transform>
      <snapped>false</snapped>
    </blockref>
    <blockref>
      <blockid>flora_parts~, fe_muscle_branch_01</blockid>
      <transform>
        <limbtype>0</limbtype>
        <musclescale>1</musclescale>
        <basemusclescale>2.200000</basemusclescale>
        <scale>1</scale>
        <position>0.0219304,0.00143325,0.600000</position>
        <triangledirection>0,-1.19209e-7,-1</triangledirection>
        <trianglepickorigin>0,0,0</trianglepickorigin>
        <orientation>
          <row0>0.997901,0.0647540,-7.71926e-9</row0>
          <row1>0,-1.19209e-7,-1</row1>
          <row2>-0.0647540,0.997901,-1.18958e-7</row2>
        </orientation>
      </transform>
      <snapped>true</snapped>
      <childlist count="2">
        <childid>8</childid>
        <childid>6</childid>
      </childlist>
      <handles count="1">
        <weight channel="longer">0.00555498</weight>
      </handles>
    </blockref>
    <blockref>
      <blockid>flora_parts~, fe_muscle_branch_06</blockid>
      <transform>
        <limbtype>0</limbtype>
        <musclescale>0.5</musclescale>
        <basemusclescale>1.25</basemusclescale>
        <scale>1</scale>
        <position>0.0219304,0.00143329,0.868863</position>
        <triangledirection>0.0215602,-0.470576,0.882095</triangledirection>
        <trianglepickorigin>0,0,0</trianglepickorigin>
        <orientation>
          <row0>0.343420,-0.825129,-0.448580</row0>
          <row1>0.0215602,-0.470576,0.882095</row1>
          <row2>-0.938934,-0.312600,-0.143815</row2>
        </orientation>
      </transform>
      <snapped>true</snapped>
      <childlist count="1">
        <childid>7</childid>
      </childlist>
      <handles count="1">
        <weight channel="longer">0.162245</weight>
      </handles>
    </blockref>
    <blockref>
      <blockid>Creature_parts~, ce_grasper_null</blockid>
      <transform>
        <basemusclescale>1</basemusclescale>
        <scale>1</scale>
        <position>-0.00506821,0.590712,-0.235740</position>
        <triangledirection>0,-1.19209e-7,-1</triangledirection>
        <trianglepickorigin>0,0,0</trianglepickorigin>
        <orientation>
          <row0>0.997901,0.0647540,-7.71926e-9</row0>
          <row1>0,-1.19209e-7,-1</row1>
          <row2>-0.0647540,0.997901,-1.18958e-7</row2>
        </orientation>
      </transform>
      <snapped>true</snapped>
    </blockref>
    <blockref>
      <blockid>flora_parts~, fe_muscle_branch_06</blockid>
      <transform>
        <limbtype>0</limbtype>
        <musclescale>0.5</musclescale>
        <basemusclescale>1.25</basemusclescale>
        <scale>1</scale>
        <position>0.0219304,0.00143329,0.868863</position>
        <triangledirection>0.240856,0.567962,0.787024</triangledirection>
        <trianglepickorigin>0,0,0</trianglepickorigin>
        <orientation>
          <row0>-0.197630,-0.765206,0.612699</row0>
          <row1>0.240856,0.567962,0.787024</row1>
          <row2>-0.950226,0.303112,0.0720578</row2>
        </orientation>
      </transform>
      <snapped>true</snapped>
      <childlist count="1">
        <childid>9</childid>
      </childlist>
      <handles count="1">
        <weight channel="longer">0.162245</weight>
      </handles>
    </blockref>
    <blockref>
      <blockid>Creature_parts~, ce_grasper_null</blockid>
      <transform>
        <basemusclescale>1</basemusclescale>
        <scale>1</scale>
        <position>-0.279682,-0.709796,-0.116687</position>
        <triangledirection>0.438326,0.172561,0.882095</triangledirection>
        <trianglepickorigin>0,0,0</trianglepickorigin>
        <orientation>
          <row0>0.350645,-0.936465,0.00895631</row0>
          <row1>0.438326,0.172561,0.882095</row1>
          <row2>-0.827597,-0.305377,0.470985</row2>
        </orientation>
      </transform>
      <snapped>true</snapped>
    </blockref>
    <blockref>
      <blockid>flora_parts~, FE_muscle_branch_04</blockid>
      <transform>
        <limbtype>0</limbtype>
        <musclescale>0.5</musclescale>
        <basemusclescale>2.200000</basemusclescale>
        <scale>1</scale>
        <position>0.0219304,0.00143325,0.600000</position>
        <triangledirection>0.420894,-0.170342,-0.890972</triangledirection>
        <trianglepickorigin>0,0,0</trianglepickorigin>
        <orientation>
          <row0>0.906536,0.0440830,0.419818</row0>
          <row1>0.420894,-0.170342,-0.890972</row1>
          <row2>0.0322360,0.984398,-0.172975</row2>
        </orientation>
      </transform>
      <snapped>true</snapped>
      <childlist count="2">
        <childid>19</childid>
        <childid>11</childid>
      </childlist>
      <handles count="1">
        <weight channel="longer">0.162245</weight>
      </handles>
    </blockref>
    <blockref>
      <blockid>flora_parts~, FE_muscle_branch_04</blockid>
      <transform>
        <limbtype>0</limbtype>
        <musclescale>0.5</musclescale>
        <basemusclescale>1</basemusclescale>
        <scale>1</scale>
        <position>-0.505133,0.214743,1.715720</position>
        <triangledirection>-0.0401260,0.294173,-0.954909</triangledirection>
        <trianglepickorigin>0,0,0</trianglepickorigin>
        <orientation>
          <row0>0.982104,-0.164389,-0.0919113</row0>
          <row1>-0.0401260,0.294173,-0.954909</row1>
          <row2>0.184015,0.941508,0.282312</row2>
        </orientation>
      </transform>
      <snapped>true</snapped>
      <childlist count="6">
        <childid>26</childid>
        <childid>16</childid>
        <childid>15</childid>
        <childid>14</childid>
        <childid>13</childid>
        <childid>12</childid>
      </childlist>
      <handles count="1">
        <weight channel="longer">0.162245</weight>
      </handles>
    </blockref>
    <blockref>
      <blockid>flora_parts~, fe_cap_01a</blockid>
      <transform>
        <scale>0,472365</scale>
        <position>-0.473702,-0.192878,2.610049</position>
        <triangledirection>0.431846,0.743881,0.510047</triangledirection>
        <trianglepickorigin>0,0,0</trianglepickorigin>
        <orientation>
          <row0>0.864831,-0.502061,-5.96046e-8</row0>
          <row1>0.431846,0.743881,0.510047</row1>
          <row2>-0.256075,-0.441105,0.860146</row2>
        </orientation>
      </transform>
      <snapped>false</snapped>
    </blockref>
    <blockref>
      <blockid>flora_parts~, fe_cap_01a</blockid>
      <transform>
        <scale>0,472365</scale>
        <position>-0.450291,0.102074,2.614974</position>
        <triangledirection>0.150027,-0.936088,-0.318167</triangledirection>
        <trianglepickorigin>0,0,0</trianglepickorigin>
        <orientation>
          <row0>-0.987399,-0.158250,8.56816e-8</row0>
          <row1>0.150027,-0.936088,-0.318167</row1>
          <row2>0.0503502,-0.314157,0.948034</row2>
        </orientation>
      </transform>
      <snapped>false</snapped>
    </blockref>
    <blockref>
      <blockid>flora_parts~, fe_cap_01a</blockid>
      <transform>
        <scale>0,472365</scale>
        <position>-0.573203,0.0250259,2.529041</position>
        <triangledirection>0.811833,-0.00258636,-0.583883</triangledirection>
        <trianglepickorigin>0,0,0</trianglepickorigin>
        <orientation>
          <row0>-0.00318574,-0.999994,9.87201e-8</row0>
          <row1>0.811833,-0.00258636,-0.583883</row1>
          <row2>0.583880,-0.00186002,0.811837</row2>
        </orientation>
      </transform>
      <snapped>false</snapped>
    </blockref>
    <blockref>
      <blockid>flora_parts~, fe_cap_01a</blockid>
      <transform>
        <scale>0,472365</scale>
        <position>-0.552012,-0.00827628,2.926781</position>
        <triangledirection>0.579855,-0.789827,-0.199850</triangledirection>
        <trianglepickorigin>0,0,0</trianglepickorigin>
        <orientation>
          <row0>-0.806089,-0.591794,5.06639e-7</row0>
          <row1>0.579855,-0.789827,-0.199850</row1>
          <row2>0.118270,-0.161096,0.979826</row2>
        </orientation>
      </transform>
      <snapped>false</snapped>
    </blockref>
    <blockref>
      <blockid>flora_parts~, FE_muscle_branch_04</blockid>
      <transform>
        <limbtype>0</limbtype>
        <musclescale>0.5</musclescale>
        <basemusclescale>1</basemusclescale>
        <scale>1</scale>
        <position>-0.454885,-0.153633,2.911504</position>
        <triangledirection>-0.282192,0.682053,-0.674663</triangledirection>
        <trianglepickorigin>0,0,0</trianglepickorigin>
        <orientation>
          <row0>0.924998,0.00691720,-0.379907</row0>
          <row1>-0.282192,0.682053,-0.674663</row1>
          <row2>0.254450,0.731269,0.632850</row2>
        </orientation>
      </transform>
      <snapped>true</snapped>
      <childlist count="3">
        <childid>25</childid>
        <childid>24</childid>
        <childid>17</childid>
      </childlist>
      <handles count="1">
        <weight channel="longer">0.162245</weight>
      </handles>
    </blockref>
    <blockref>
      <blockid>flora_parts~, FE_muscle_branch_04</blockid>
      <transform>
        <limbtype>0</limbtype>
        <musclescale>0.5</musclescale>
        <basemusclescale>1</basemusclescale>
        <scale>1</scale>
        <position>-0.101511,-1.007735,3.756353</position>
        <triangledirection>-0.546957,0.706331,-0.449370</triangledirection>
        <trianglepickorigin>0,0,0</trianglepickorigin>
        <orientation>
          <row0>0.779207,0.233291,-0.581730</row0>
          <row1>-0.546957,0.706331,-0.449370</row1>
          <row2>0.306060,0.668334,0.677979</row2>
        </orientation>
      </transform>
      <snapped>true</snapped>
      <childlist count="2">
        <childid>23</childid>
        <childid>18</childid>
      </childlist>
      <handles count="1">
        <weight channel="longer">0.162245</weight>
      </handles>
    </blockref>
    <blockref>
      <blockid>Creature_parts~, ce_grasper_null</blockid>
      <transform>
        <basemusclescale>1</basemusclescale>
        <scale>1</scale>
        <position>0.583416,-1.892238,4.319077</position>
        <triangledirection>-0.282192,0.682052,-0.674663</triangledirection>
        <trianglepickorigin>0,0,0</trianglepickorigin>
        <orientation>
          <row0>0.924998,0.00691691,-0.379907</row0>
          <row1>-0.282192,0.682052,-0.674663</row1>
          <row2>0.254450,0.731270,0.632849</row2>
        </orientation>
      </transform>
      <snapped>true</snapped>
    </blockref>
    <blockref>
      <blockid>flora_parts~, FE_muscle_branch_04</blockid>
      <transform>
        <limbtype>0</limbtype>
        <musclescale>0.5</musclescale>
        <basemusclescale>1</basemusclescale>
        <scale>1</scale>
        <position>-0.505133,0.214743,1.715720</position>
        <triangledirection>0.420894,-0.170342,-0.890972</triangledirection>
        <trianglepickorigin>0,0,0</trianglepickorigin>
        <orientation>
          <row0>0.906536,0.0440830,0.419818</row0>
          <row1>0.420894,-0.170342,-0.890972</row1>
          <row2>0.0322360,0.984398,-0.172975</row2>
        </orientation>
      </transform>
      <snapped>true</snapped>
      <childlist count="1">
        <childid>20</childid>
      </childlist>
      <handles count="1">
        <weight channel="longer">0.162245</weight>
      </handles>
    </blockref>
    <blockref>
      <blockid>flora_parts~, FE_muscle_branch_04</blockid>
      <transform>
        <limbtype>0</limbtype>
        <musclescale>0.5</musclescale>
        <basemusclescale>1</basemusclescale>
        <scale>1</scale>
        <position>-1.032198,0.428055,2.831439</position>
        <triangledirection>0.420894,-0.170342,-0.890972</triangledirection>
        <trianglepickorigin>0,0,0</trianglepickorigin>
        <orientation>
          <row0>0.906536,0.0440830,0.419818</row0>
          <row1>0.420894,-0.170342,-0.890972</row1>
          <row2>0.0322360,0.984398,-0.172975</row2>
        </orientation>
      </transform>
      <snapped>true</snapped>
      <childlist count="2">
        <childid>22</childid>
        <childid>21</childid>
      </childlist>
      <handles count="1">
        <weight channel="longer">0.162245</weight>
      </handles>
    </blockref>
    <blockref>
      <blockid>Creature_parts~, ce_grasper_null</blockid>
      <transform>
        <basemusclescale>1</basemusclescale>
        <scale>1</scale>
        <position>-1.559265,0.641365,3.947159</position>
        <triangledirection>0.693204,-0.231939,-0.682401</triangledirection>
        <trianglepickorigin>0,0,0</trianglepickorigin>
        <orientation>
          <row0>0.717148,0.127546,0.685149</row0>
          <row1>0.693204,-0.231939,-0.682401</row1>
          <row2>0.0718751,0.964332,-0.254750</row2>
        </orientation>
      </transform>
      <snapped>true</snapped>
    </blockref>
    <blockref>
      <blockid>flora_parts~, fe_canopy_11</blockid>
      <transform>
        <scale>1,252323</scale>
        <position>-1.680536,0.575058,3.928120</position>
        <triangledirection>0.896965,0.440062,0.0424101</triangledirection>
        <trianglepickorigin>0,0,0</trianglepickorigin>
        <orientation>
          <row0>0.440458,-0.897772,-3.16649e-8</row0>
          <row1>0.896965,0.440062,0.0424101</row1>
          <row2>-0.0380746,-0.0186799,0.999100</row2>
        </orientation>
      </transform>
      <snapped>false</snapped>
      <handles count="3">
        <weight channel="DeformAxisForward">0.497305</weight>
        <weight channel="DeformAxisLeft">0.499907</weight>
        <weight channel="DeformAxisUp">0.497566</weight>
      </handles>
    </blockref>
    <blockref>
      <blockid>flora_parts~, fe_canopy_11</blockid>
      <transform>
        <scale>1,252323</scale>
        <position>0.228968,-1.612707,4.187821</position>
        <triangledirection>0.482161,0.819285,0.310306</triangledirection>
        <trianglepickorigin>0,0,0</trianglepickorigin>
        <orientation>
          <row0>0.861829,-0.507198,4.32133e-7</row0>
          <row1>0.442938,0.752637,-0.487177</row1>
          <row2>0.247095,0.419863,0.873303</row2>
        </orientation>
        <userorientation>
          <userorientation_row0>1,0,0</userorientation_row0>
          <userorientation_row1>0,0.679019,0.734120</userorientation_row1>
          <userorientation_row2>0,-0.734120,0.679019</userorientation_row2>
        </userorientation>
      </transform>
      <snapped>false</snapped>
      <handles count="3">
        <weight channel="DeformAxisForward">0.497305</weight>
        <weight channel="DeformAxisLeft">0.499907</weight>
        <weight channel="DeformAxisUp">0.497566</weight>
      </handles>
    </blockref>
    <blockref>
      <blockid>flora_parts~, fe_canopy_11</blockid>
      <transform>
        <scale>1,252323</scale>
        <position>-0.112538,-0.525362,3.282160</position>
        <triangledirection>-0.960492,-0.112855,-0.254394</triangledirection>
        <trianglepickorigin>0,0,0</trianglepickorigin>
        <orientation>
          <row0>-0.137222,0.990540,-4.47034e-8</row0>
          <row1>-0.946245,-0.131086,0.295694</row1>
          <row2>0.292897,0.0405759,0.955282</row2>
        </orientation>
        <userorientation>
          <userorientation_row0>0.994369,-0.0719508,-0.0777894</userorientation_row0>
          <userorientation_row1>0.0200134,0.848433,-0.528922</userorientation_row1>
          <userorientation_row2>0.104055,0.524387,0.845097</userorientation_row2>
        </userorientation>
      </transform>
      <snapped>false</snapped>
      <handles count="3">
        <weight channel="DeformAxisForward">0.497305</weight>
        <weight channel="DeformAxisLeft">0.499907</weight>
        <weight channel="DeformAxisUp">0.497566</weight>
      </handles>
    </blockref>
    <blockref>
      <blockid>flora_parts~, fe_canopy_11</blockid>
      <transform>
        <scale>1,252323</scale>
        <position>-0.348895,-0.426994,3.402886</position>
        <triangledirection>0.0592609,-0.972172,-0.226644</triangledirection>
        <trianglepickorigin>0,0,0</trianglepickorigin>
        <orientation>
          <row0>-0.964292,-0.264839,1.63912e-7</row0>
          <row1>0.226029,-0.822982,-0.521163</row1>
          <row2>0.138025,-0.502554,0.853456</row2>
        </orientation>
        <userorientation>
          <userorientation_row0>0.976722,-0.214133,0.0126093</userorientation_row0>
          <userorientation_row1>0.200325,0.931594,0.303317</userorientation_row1>
          <userorientation_row2>-0.0766977,-0.293731,0.952805</userorientation_row2>
        </userorientation>
      </transform>
      <snapped>false</snapped>
      <handles count="3">
        <weight channel="DeformAxisForward">0.497305</weight>
        <weight channel="DeformAxisLeft">0.499907</weight>
        <weight channel="DeformAxisUp">0.497566</weight>
      </handles>
    </blockref>
    <blockref>
      <blockid>flora_parts~, fe_canopy_11</blockid>
      <transform>
        <scale>1</scale>
        <position>-0.470207,-0.0378464,2.240369</position>
        <triangledirection>-0.286773,0.954519,0.0815606</triangledirection>
        <trianglepickorigin>0,0,0</trianglepickorigin>
        <orientation>
          <row0>0.974744,0.223323,-2.04890e-7</row0>
          <row1>-0.219145,0.956507,0.192532</row1>
          <row2>0.0429971,-0.187669,0.981290</row2>
        </orientation>
        <userorientation>
          <userorientation_row0>0.993764,0.0757110,0.0818549</userorientation_row0>
          <userorientation_row1>-0.0663642,0.991553,-0.111430</userorientation_row1>
          <userorientation_row2>-0.0896002,0.105303,0.990395</userorientation_row2>
        </userorientation>
      </transform>
      <snapped>false</snapped>
      <handles count="3">
        <weight channel="DeformAxisForward">0.497305</weight>
        <weight channel="DeformAxisLeft">0.499907</weight>
        <weight channel="DeformAxisUp">0.497566</weight>
      </handles>
    </blockref>
  </blocks></sporemodel>