spore0006438f634740666200077041ceb9fea735ffffffffffffffffffffffffffffffff0000000ec178f73b0dsporeautotestfffffffffffffffe0aMitrodecca00006gaprop00<?xml version="1.0" encoding="UTF-8"?><sporemodel>
  <properties>
    <modeltype>PlantLarge</modeltype>
    <skineffectseed1>1234</skineffectseed1>
    <skineffectseed2>1234</skineffectseed2>
    <skineffectseed3>1234</skineffectseed3>
    <skincolor1>0.752940,0.905882,0.537253</skincolor1>
    <skincolor2>0.141176,0.282352,0.129411</skincolor2>
    <skincolor3>0.447057,0.576469,0.262744</skincolor3>
    <zcorpscore>15</zcorpscore>
  </properties>
  <blocks count="28">
    <blockref>
      <blockid>flora_parts~, fe_root_dummy</blockid>
      <transform>
        <scale>0,927743</scale>
        <position>0,0,0.349999</position>
        <triangledirection>0,1,0</triangledirection>
        <trianglepickorigin>0,0,0</trianglepickorigin>
        <orientation>
          <row0>1,0,0</row0>
          <row1>0,1,0</row1>
          <row2>0,0,1</row2>
        </orientation>
      </transform>
      <snapped>false</snapped>
      <childlist count="2">
        <childid>3</childid>
        <childid>1</childid>
      </childlist>
    </blockref>
    <blockref>
      <blockid>flora_parts~, FE_muscle_branch_04</blockid>
      <transform>
        <limbtype>0</limbtype>
        <musclescale>0.425000</musclescale>
        <basemusclescale>3</basemusclescale>
        <scale>1</scale>
        <position>0,0,0.349999</position>
        <triangledirection>-0.00436395,0.0160355,0.999861</triangledirection>
        <trianglepickorigin>0,0,0</trianglepickorigin>
        <orientation>
          <row0>-0.0934407,-0.995503,0.0155577</row0>
          <row1>-0.00436395,0.0160355,0.999861</row1>
          <row2>-0.995615,0.0933599,-0.00584269</row2>
        </orientation>
      </transform>
      <snapped>true</snapped>
      <childlist count="1">
        <childid>2</childid>
      </childlist>
      <handles count="1">
        <weight channel="longer">0.317331</weight>
      </handles>
    </blockref>
    <blockref>
      <blockid>Creature_parts~, ce_grasper_null</blockid>
      <transform>
        <basemusclescale>0.5</basemusclescale>
        <scale>1</scale>
        <position>0.00971188,-0.0356891,-1.875264</position>
        <triangledirection>-3.77184e-8,4.03553e-7,-1</triangledirection>
        <trianglepickorigin>0,0,0</trianglepickorigin>
        <orientation>
          <row0>1,-2.08615e-7,-3.77185e-8</row0>
          <row1>-3.77184e-8,4.03553e-7,-1</row1>
          <row2>2.08615e-7,1,4.03553e-7</row2>
        </orientation>
      </transform>
      <snapped>true</snapped>
    </blockref>
    <blockref>
      <blockid>flora_parts~, fe_muscle_branch_06</blockid>
      <transform>
        <limbtype>0</limbtype>
        <musclescale>0.5</musclescale>
        <basemusclescale>3</basemusclescale>
        <scale>1</scale>
        <position>0,0,0.349999</position>
        <triangledirection>-0.316787,0.164926,-0.934047</triangledirection>
        <trianglepickorigin>0,0,0</trianglepickorigin>
        <orientation>
          <row0>0.873689,0.434061,-0.219673</row0>
          <row1>-0.316787,0.164926,-0.934047</row1>
          <row2>-0.369204,0.885657,0.281599</row2>
        </orientation>
      </transform>
      <snapped>true</snapped>
      <childlist count="4">
        <childid>19</childid>
        <childid>12</childid>
        <childid>11</childid>
        <childid>4</childid>
      </childlist>
      <handles count="1">
        <weight channel="longer">0.162245</weight>
      </handles>
    </blockref>
    <blockref>
      <blockid>flora_parts~, fe_muscle_branch_06</blockid>
      <transform>
        <limbtype>0</limbtype>
        <musclescale>0.5</musclescale>
        <basemusclescale>2.799998</basemusclescale>
        <scale>1</scale>
        <position>0.396697,-0.206528,1.519660</position>
        <triangledirection>0,0,-1</triangledirection>
        <trianglepickorigin>0,0,0</trianglepickorigin>
        <orientation>
          <row0>0.997352,-0.0727220,0</row0>
          <row1>0,0,-1</row1>
          <row2>0.0727220,0.997352,0</row2>
        </orientation>
      </transform>
      <snapped>true</snapped>
      <childlist count="8">
        <childid>18</childid>
        <childid>17</childid>
        <childid>14</childid>
        <childid>13</childid>
        <childid>9</childid>
        <childid>8</childid>
        <childid>6</childid>
        <childid>5</childid>
      </childlist>
      <handles count="1">
        <weight channel="longer">0.162245</weight>
      </handles>
    </blockref>
    <blockref>
      <blockid>flora_parts~, FE_leaf_15</blockid>
      <transform>
        <scale>1,161834</scale>
        <position>0.542679,-0.235570,3.408740</position>
        <triangledirection>-0.115072,0.0430490,-0.992423</triangledirection>
        <trianglepickorigin>0,0,0</trianglepickorigin>
        <orientation>
          <row0>0.350388,0.936604,-5.96046e-8</row0>
          <row1>-0.115072,0.0430490,-0.992423</row1>
          <row2>-0.929508,0.347734,0.122860</row2>
        </orientation>
      </transform>
      <snapped>false</snapped>
      <childlist count="8">
        <childid>27</childid>
        <childid>26</childid>
        <childid>25</childid>
        <childid>24</childid>
        <childid>23</childid>
        <childid>22</childid>
        <childid>21</childid>
        <childid>20</childid>
      </childlist>
      <handles count="3">
        <weight channel="DeformAxisForward">0</weight>
        <weight channel="DeformAxisUp">0.477943</weight>
        <weight channel="0x7c184950">0.0649340</weight>
      </handles>
    </blockref>
    <blockref>
      <blockid>flora_parts~, fe_muscle_branch_06</blockid>
      <transform>
        <limbtype>0</limbtype>
        <musclescale>0.5</musclescale>
        <basemusclescale>2.799998</basemusclescale>
        <scale>1</scale>
        <position>0.396697,-0.206528,2.771910</position>
        <triangledirection>0,0,-1</triangledirection>
        <trianglepickorigin>0,0,0</trianglepickorigin>
        <orientation>
          <row0>0.997352,-0.0727220,0</row0>
          <row1>0,0,-1</row1>
          <row2>0.0727220,0.997352,0</row2>
        </orientation>
      </transform>
      <snapped>true</snapped>
      <childlist count="4">
        <childid>16</childid>
        <childid>15</childid>
        <childid>10</childid>
        <childid>7</childid>
      </childlist>
      <handles count="1">
        <weight channel="longer">0.162245</weight>
      </handles>
    </blockref>
    <blockref>
      <blockid>Creature_parts~, ce_grasper_null</blockid>
      <transform>
        <basemusclescale>1</basemusclescale>
        <scale>1</scale>
        <position>0.396697,-0.206528,4.024161</position>
        <triangledirection>0,0,-1</triangledirection>
        <trianglepickorigin>0,0,0</trianglepickorigin>
        <orientation>
          <row0>0.997352,-0.0727220,0</row0>
          <row1>0,0,-1</row1>
          <row2>0.0727220,0.997352,0</row2>
        </orientation>
      </transform>
      <snapped>true</snapped>
    </blockref>
    <blockref>
      <blockid>flora_parts~, fe_detail_02</blockid>
      <transform>
        <scale>0,5</scale>
        <position>-0.586525,-0.535267,2.486468</position>
        <triangledirection>0.923887,0.300235,-0.237256</triangledirection>
        <trianglepickorigin>0,0,0</trianglepickorigin>
        <orientation>
          <row0>0.309059,-0.951042,2.83122e-7</row0>
          <row1>0.923887,0.300235,-0.237256</row1>
          <row2>0.225640,0.0733266,0.971447</row2>
        </orientation>
      </transform>
      <snapped>false</snapped>
      <handles count="3">
        <weight channel="DeformAxisUp">0.5</weight>
        <weight channel="DeformAxisForward">1</weight>
        <weight channel="DeformAxisLeft">0.530466</weight>
      </handles>
    </blockref>
    <blockref>
      <blockid>flora_parts~, fe_detail_02</blockid>
      <transform>
        <scale>0,5</scale>
        <position>-0.545450,-0.549017,1.721465</position>
        <triangledirection>0.971131,0.238544,0.000134070</triangledirection>
        <trianglepickorigin>0,0,0</trianglepickorigin>
        <orientation>
          <row0>0.238544,-0.971131,-9.09494e-11</row0>
          <row1>0.971131,0.238544,0.000134070</row1>
          <row2>-0.000130199,-3.19817e-5,1</row2>
        </orientation>
      </transform>
      <snapped>false</snapped>
      <handles count="3">
        <weight channel="DeformAxisUp">0.5</weight>
        <weight channel="DeformAxisForward">1</weight>
        <weight channel="DeformAxisLeft">0.530466</weight>
      </handles>
    </blockref>
    <blockref>
      <blockid>flora_parts~, fe_detail_02</blockid>
      <transform>
        <scale>0,5</scale>
        <position>-0.370101,-0.448506,3.281518</position>
        <triangledirection>0.885888,0.115346,-0.449329</triangledirection>
        <trianglepickorigin>0,0,0</trianglepickorigin>
        <orientation>
          <row0>0.129114,-0.991629,4.47034e-8</row0>
          <row1>0.885888,0.115346,-0.449329</row1>
          <row2>0.445568,0.0580147,0.893366</row2>
        </orientation>
      </transform>
      <snapped>false</snapped>
      <handles count="3">
        <weight channel="DeformAxisUp">0.5</weight>
        <weight channel="DeformAxisForward">1</weight>
        <weight channel="DeformAxisLeft">0.530466</weight>
      </handles>
    </blockref>
    <blockref>
      <blockid>flora_parts~, fe_detail_02</blockid>
      <transform>
        <scale>0,5</scale>
        <position>-0.771233,-0.482398,0.902981</position>
        <triangledirection>0.895999,0.420928,-0.141438</triangledirection>
        <trianglepickorigin>0,0,0</trianglepickorigin>
        <orientation>
          <row0>0.425203,-0.905098,3.94880e-7</row0>
          <row1>0.895999,0.420928,-0.141438</row1>
          <row2>0.128015,0.0601403,0.989947</row2>
        </orientation>
      </transform>
      <snapped>false</snapped>
      <handles count="3">
        <weight channel="DeformAxisUp">0.5</weight>
        <weight channel="DeformAxisForward">1</weight>
        <weight channel="DeformAxisLeft">0.530466</weight>
      </handles>
    </blockref>
    <blockref>
      <blockid>flora_parts~, fe_detail_02</blockid>
      <transform>
        <scale>0,5</scale>
        <position>1.057381,-0.846900,1.016564</position>
        <triangledirection>-0.452424,0.874353,0.175549</triangledirection>
        <trianglepickorigin>0,0,0</trianglepickorigin>
        <orientation>
          <row0>0.888146,0.459561,-2.68220e-7</row0>
          <row1>-0.452424,0.874353,0.175549</row1>
          <row2>0.0806758,-0.155913,0.984470</row2>
        </orientation>
      </transform>
      <snapped>false</snapped>
      <handles count="3">
        <weight channel="DeformAxisUp">0.5</weight>
        <weight channel="DeformAxisForward">1</weight>
        <weight channel="DeformAxisLeft">0.530466</weight>
      </handles>
    </blockref>
    <blockref>
      <blockid>flora_parts~, fe_detail_02</blockid>
      <transform>
        <scale>0,5</scale>
        <position>1.060259,-1.058140,1.853864</position>
        <triangledirection>-0.536263,0.814015,0.223160</triangledirection>
        <trianglepickorigin>0,0,0</trianglepickorigin>
        <orientation>
          <row0>0.835074,0.550137,-4.17232e-7</row0>
          <row1>-0.536263,0.814015,0.223160</row1>
          <row2>0.122769,-0.186355,0.974781</row2>
        </orientation>
      </transform>
      <snapped>false</snapped>
      <handles count="3">
        <weight channel="DeformAxisUp">0.5</weight>
        <weight channel="DeformAxisForward">1</weight>
        <weight channel="DeformAxisLeft">0.530466</weight>
      </handles>
    </blockref>
    <blockref>
      <blockid>flora_parts~, fe_detail_02</blockid>
      <transform>
        <scale>0,5</scale>
        <position>1.101326,-1.068850,2.581965</position>
        <triangledirection>-0.515295,0.854152,-0.0699598</triangledirection>
        <trianglepickorigin>0,0,0</trianglepickorigin>
        <orientation>
          <row0>0.856250,0.516560,1.11758e-8</row0>
          <row1>-0.515295,0.854152,-0.0699598</row1>
          <row2>-0.0361385,0.0599031,0.997549</row2>
        </orientation>
      </transform>
      <snapped>false</snapped>
      <handles count="3">
        <weight channel="DeformAxisUp">0.5</weight>
        <weight channel="DeformAxisForward">1</weight>
        <weight channel="DeformAxisLeft">0.530466</weight>
      </handles>
    </blockref>
    <blockref>
      <blockid>flora_parts~, fe_detail_02</blockid>
      <transform>
        <scale>0,5</scale>
        <position>0.998030,-0.761622,3.144665</position>
        <triangledirection>-0.712364,0.664523,-0.225712</triangledirection>
        <trianglepickorigin>0,0,0</trianglepickorigin>
        <orientation>
          <row0>0.682126,0.731234,-2.30967e-7</row0>
          <row1>-0.712364,0.664523,-0.225712</row1>
          <row2>-0.165048,0.153964,0.974194</row2>
        </orientation>
      </transform>
      <snapped>false</snapped>
      <handles count="3">
        <weight channel="DeformAxisUp">0.5</weight>
        <weight channel="DeformAxisForward">1</weight>
        <weight channel="DeformAxisLeft">0.530466</weight>
      </handles>
    </blockref>
    <blockref>
      <blockid>flora_parts~, fe_detail_02</blockid>
      <transform>
        <scale>0,5</scale>
        <position>1.002882,0.415210,3.236888</position>
        <triangledirection>-0.427389,-0.813507,-0.394389</triangledirection>
        <trianglepickorigin>0,0,0</trianglepickorigin>
        <orientation>
          <row0>-0.885264,0.465087,6.25848e-7</row0>
          <row1>-0.427389,-0.813507,-0.394389</row1>
          <row2>-0.183425,-0.349139,0.918943</row2>
        </orientation>
      </transform>
      <snapped>false</snapped>
      <handles count="3">
        <weight channel="DeformAxisUp">0.5</weight>
        <weight channel="DeformAxisForward">1</weight>
        <weight channel="DeformAxisLeft">0.530466</weight>
      </handles>
    </blockref>
    <blockref>
      <blockid>flora_parts~, fe_detail_02</blockid>
      <transform>
        <scale>0,5</scale>
        <position>1.084077,0.559952,2.467481</position>
        <triangledirection>-0.327366,-0.890941,-0.314730</triangledirection>
        <trianglepickorigin>0,0,0</trianglepickorigin>
        <orientation>
          <row0>-0.938641,0.344893,2.60770e-7</row0>
          <row1>-0.327366,-0.890941,-0.314730</row1>
          <row2>-0.108548,-0.295418,0.949181</row2>
        </orientation>
      </transform>
      <snapped>false</snapped>
      <handles count="3">
        <weight channel="DeformAxisUp">0.5</weight>
        <weight channel="DeformAxisForward">1</weight>
        <weight channel="DeformAxisLeft">0.530466</weight>
      </handles>
    </blockref>
    <blockref>
      <blockid>flora_parts~, fe_detail_02</blockid>
      <transform>
        <scale>0,5</scale>
        <position>1.059102,0.566735,1.585746</position>
        <triangledirection>-0.489976,-0.871718,0.00551210</triangledirection>
        <trianglepickorigin>0,0,0</trianglepickorigin>
        <orientation>
          <row0>-0.871731,0.489983,1.86264e-9</row0>
          <row1>-0.489976,-0.871718,0.00551210</row1>
          <row2>0.00270084,0.00480507,0.999984</row2>
        </orientation>
      </transform>
      <snapped>false</snapped>
      <handles count="3">
        <weight channel="DeformAxisUp">0.5</weight>
        <weight channel="DeformAxisForward">1</weight>
        <weight channel="DeformAxisLeft">0.530466</weight>
      </handles>
    </blockref>
    <blockref>
      <blockid>flora_parts~, fe_detail_02</blockid>
      <transform>
        <scale>0,5</scale>
        <position>0.975102,0.821882,0.930772</position>
        <triangledirection>-0.582623,-0.809056,0.0773158</triangledirection>
        <trianglepickorigin>0,0,0</trianglepickorigin>
        <orientation>
          <row0>-0.811485,0.584372,1.11758e-8</row0>
          <row1>-0.582623,-0.809056,0.0773158</row1>
          <row2>0.0451812,0.0627406,0.997006</row2>
        </orientation>
      </transform>
      <snapped>false</snapped>
      <handles count="3">
        <weight channel="DeformAxisUp">0.5</weight>
        <weight channel="DeformAxisForward">1</weight>
        <weight channel="DeformAxisLeft">0.530466</weight>
      </handles>
    </blockref>
    <blockref>
      <blockid>flora_parts~, fe_cap_01a</blockid>
      <transform>
        <scale>1</scale>
        <position>1.035681,-0.335112,4.100049</position>
        <triangledirection>-0.156898,-0.0797770,-0.984387</triangledirection>
        <trianglepickorigin>0,0,0</trianglepickorigin>
        <orientation>
          <row0>-0.453238,0.891389,-1.49011e-7</row0>
          <row1>-0.156898,-0.0797770,-0.984387</row1>
          <row2>-0.877472,-0.446162,0.176015</row2>
        </orientation>
      </transform>
      <snapped>false</snapped>
    </blockref>
    <blockref>
      <blockid>flora_parts~, fe_cap_01a</blockid>
      <transform>
        <scale>1</scale>
        <position>1.105808,-0.572571,4.127022</position>
        <triangledirection>0.425286,-0.140127,-0.894145</triangledirection>
        <trianglepickorigin>0,0,0</trianglepickorigin>
        <orientation>
          <row0>-0.312940,-0.949772,-3.72529e-7</row0>
          <row1>0.425286,-0.140127,-0.894145</row1>
          <row2>0.849234,-0.279814,0.447776</row2>
        </orientation>
      </transform>
      <snapped>false</snapped>
    </blockref>
    <blockref>
      <blockid>flora_parts~, fe_cap_01a</blockid>
      <transform>
        <scale>1</scale>
        <position>0.363537,-0.163326,4.238927</position>
        <triangledirection>-0.279087,-0.0340650,-0.959661</triangledirection>
        <trianglepickorigin>0,0,0</trianglepickorigin>
        <orientation>
          <row0>-0.121158,0.992633,-2.86847e-7</row0>
          <row1>-0.279087,-0.0340650,-0.959661</row1>
          <row2>-0.952591,-0.116271,0.281158</row2>
        </orientation>
      </transform>
      <snapped>false</snapped>
    </blockref>
    <blockref>
      <blockid>flora_parts~, fe_cap_01a</blockid>
      <transform>
        <scale>1</scale>
        <position>0.792575,-0.116494,4.153107</position>
        <triangledirection>-0.183730,0.128442,-0.974549</triangledirection>
        <trianglepickorigin>0,0,0</trianglepickorigin>
        <orientation>
          <row0>0.572958,0.819584,-5.81145e-7</row0>
          <row1>-0.183730,0.128442,-0.974549</row1>
          <row2>-0.798725,0.558376,0.224174</row2>
        </orientation>
      </transform>
      <snapped>false</snapped>
    </blockref>
    <blockref>
      <blockid>flora_parts~, fe_cap_01a</blockid>
      <transform>
        <scale>1</scale>
        <position>0.574411,-0.411633,4.169870</position>
        <triangledirection>-0.164367,0.00178456,-0.986397</triangledirection>
        <trianglepickorigin>0,0,0</trianglepickorigin>
        <orientation>
          <row0>0.0108566,0.999941,-2.52621e-8</row0>
          <row1>-0.164367,0.00178456,-0.986397</row1>
          <row2>-0.986339,0.0107090,0.164376</row2>
        </orientation>
      </transform>
      <snapped>false</snapped>
    </blockref>
    <blockref>
      <blockid>flora_parts~, fe_cap_01a</blockid>
      <transform>
        <scale>1</scale>
        <position>0.382075,-0.525315,4.203534</position>
        <triangledirection>-0.190831,0.0268745,-0.981254</triangledirection>
        <trianglepickorigin>0,0,0</trianglepickorigin>
        <orientation>
          <row0>0.139453,0.990228,-8.38190e-8</row0>
          <row1>-0.190831,0.0268745,-0.981254</row1>
          <row2>-0.971666,0.136839,0.192714</row2>
        </orientation>
      </transform>
      <snapped>false</snapped>
    </blockref>
    <blockref>
      <blockid>flora_parts~, fe_cap_01a</blockid>
      <transform>
        <scale>1</scale>
        <position>0.578092,0.0674806,4.206900</position>
        <triangledirection>-0.161612,0.104979,-0.981254</triangledirection>
        <trianglepickorigin>0,0,0</trianglepickorigin>
        <orientation>
          <row0>0.544736,0.838607,2.01165e-7</row0>
          <row1>-0.161612,0.104979,-0.981254</row1>
          <row2>-0.822887,0.534525,0.192715</row2>
        </orientation>
      </transform>
      <snapped>false</snapped>
    </blockref>
    <blockref>
      <blockid>flora_parts~, fe_cap_01a</blockid>
      <transform>
        <scale>1</scale>
        <position>0.762258,-0.526497,4.130321</position>
        <triangledirection>-0.186902,0.0254050,-0.982050</triangledirection>
        <trianglepickorigin>0,0,0</trianglepickorigin>
        <orientation>
          <row0>0.134688,0.990887,1.30385e-8</row0>
          <row1>-0.186902,0.0254050,-0.982050</row1>
          <row2>-0.973101,0.132271,0.188620</row2>
        </orientation>
      </transform>
      <snapped>false</snapped>
    </blockref>
  </blocks></sporemodel>