spore0006438f6347406662000775929fb9fea735ffffffffffffffffffffffffffffffff0000000ec178f8880dsporeautotestfffffffffffffffe0cKailadanifer00006gaprop00<?xml version="1.0" encoding="UTF-8"?><sporemodel>
  <properties>
    <modeltype>PlantLarge</modeltype>
    <skineffectseed1>1234</skineffectseed1>
    <skineffectseed2>1234</skineffectseed2>
    <skineffectseed3>1234</skineffectseed3>
    <skincolor1>0.211764,0.282352,0.203921</skincolor1>
    <skincolor2>0.905882,0.368627,0.168626</skincolor2>
    <skincolor3>0.333333,0.905882,0.290195</skincolor3>
    <zcorpscore>5</zcorpscore>
  </properties>
  <blocks count="47">
    <blockref>
      <blockid>flora_parts~, fe_root_dummy</blockid>
      <transform>
        <scale>0,927743</scale>
        <position>0,0,0.349999</position>
        <triangledirection>0,1,0</triangledirection>
        <trianglepickorigin>0,0,0</trianglepickorigin>
        <orientation>
          <row0>1,0,0</row0>
          <row1>0,1,0</row1>
          <row2>0,0,1</row2>
        </orientation>
      </transform>
      <snapped>false</snapped>
      <childlist count="5">
        <childid>21</childid>
        <childid>19</childid>
        <childid>17</childid>
        <childid>3</childid>
        <childid>1</childid>
      </childlist>
    </blockref>
    <blockref>
      <blockid>flora_parts~, FE_muscle_branch_04</blockid>
      <transform>
        <limbtype>0</limbtype>
        <musclescale>0.425000</musclescale>
        <basemusclescale>3</basemusclescale>
        <scale>1</scale>
        <position>0,0,0.349999</position>
        <triangledirection>-0.540863,-0.758369,0.363788</triangledirection>
        <trianglepickorigin>0,0,0</trianglepickorigin>
        <orientation>
          <row0>0.152403,-0.513710,-0.844318</row0>
          <row1>-0.540863,-0.758369,0.363788</row1>
          <row2>-0.827187,0.401218,-0.393425</row2>
        </orientation>
      </transform>
      <snapped>true</snapped>
      <childlist count="1">
        <childid>2</childid>
      </childlist>
      <handles count="1">
        <weight channel="longer">0.317331</weight>
      </handles>
    </blockref>
    <blockref>
      <blockid>Creature_parts~, ce_grasper_null</blockid>
      <transform>
        <basemusclescale>0.5</basemusclescale>
        <scale>1</scale>
        <position>1.203728,1.687805,-0.459636</position>
        <triangledirection>-3.77184e-8,4.03553e-7,-1</triangledirection>
        <trianglepickorigin>0,0,0</trianglepickorigin>
        <orientation>
          <row0>1,-2.08615e-7,-3.77185e-8</row0>
          <row1>-3.77184e-8,4.03553e-7,-1</row1>
          <row2>2.08615e-7,1,4.03553e-7</row2>
        </orientation>
      </transform>
      <snapped>true</snapped>
    </blockref>
    <blockref>
      <blockid>flora_parts~, fe_muscle_branch_06</blockid>
      <transform>
        <limbtype>0</limbtype>
        <musclescale>0.5</musclescale>
        <basemusclescale>3</basemusclescale>
        <scale>1</scale>
        <position>0,0,0.349999</position>
        <triangledirection>0.267635,-0.198901,-0.942767</triangledirection>
        <trianglepickorigin>0,0,0</trianglepickorigin>
        <orientation>
          <row0>0.730194,0.680256,0.0637715</row0>
          <row1>0.267635,-0.198901,-0.942767</row1>
          <row2>-0.628639,0.705470,-0.327296</row2>
        </orientation>
      </transform>
      <snapped>true</snapped>
      <childlist count="4">
        <childid>37</childid>
        <childid>35</childid>
        <childid>31</childid>
        <childid>27</childid>
      </childlist>
      <handles count="1">
        <weight channel="longer">0.162245</weight>
      </handles>
    </blockref>
    <blockref>
      <blockid>flora_parts~, fe_root_dummy</blockid>
      <transform>
        <scale>1</scale>
        <position>0,0,0.349999</position>
        <triangledirection>0,1,0</triangledirection>
        <trianglepickorigin>0,0,0</trianglepickorigin>
        <orientation>
          <row0>1,0,0</row0>
          <row1>0,1,0</row1>
          <row2>0,0,1</row2>
        </orientation>
      </transform>
      <snapped>false</snapped>
      <childlist count="6">
        <childid>15</childid>
        <childid>13</childid>
        <childid>11</childid>
        <childid>9</childid>
        <childid>7</childid>
        <childid>5</childid>
      </childlist>
    </blockref>
    <blockref>
      <blockid>flora_parts~, FE_muscle_branch_04</blockid>
      <transform>
        <limbtype>0</limbtype>
        <musclescale>0.5</musclescale>
        <basemusclescale>1.700000</basemusclescale>
        <scale>1</scale>
        <position>0,0,0.349999</position>
        <triangledirection>0.0268859,0.0305509,0.999171</triangledirection>
        <trianglepickorigin>0,0,0</trianglepickorigin>
        <orientation>
          <row0>0.976802,-0.213226,-0.0197643</row0>
          <row1>0.0268859,0.0305509,0.999171</row1>
          <row2>-0.212446,-0.976525,0.0355750</row2>
        </orientation>
      </transform>
      <snapped>true</snapped>
      <childlist count="1">
        <childid>6</childid>
      </childlist>
      <handles count="1">
        <weight channel="longer">0.162245</weight>
      </handles>
    </blockref>
    <blockref>
      <blockid>Creature_parts~, ce_grasper_null</blockid>
      <transform>
        <basemusclescale>2.099998</basemusclescale>
        <scale>3</scale>
        <position>-0.0336679,-0.0382570,-0.901212</position>
        <triangledirection>0,0,-1</triangledirection>
        <trianglepickorigin>0,0,0</trianglepickorigin>
        <orientation>
          <row0>1,0,0</row0>
          <row1>0,0,-1</row1>
          <row2>0,1,0</row2>
        </orientation>
      </transform>
      <snapped>true</snapped>
    </blockref>
    <blockref>
      <blockid>flora_parts~, fe_muscle_branch_01</blockid>
      <transform>
        <limbtype>0</limbtype>
        <musclescale>0.5</musclescale>
        <basemusclescale>1.700000</basemusclescale>
        <scale>1</scale>
        <position>0,0,0.349999</position>
        <triangledirection>0.459795,0.744398,0.484210</triangledirection>
        <trianglepickorigin>0,0,0</trianglepickorigin>
        <orientation>
          <row0>-0.517467,0.667720,-0.535141</row0>
          <row1>0.459795,0.744398,0.484210</row1>
          <row2>0.721675,0.00450760,-0.692216</row2>
        </orientation>
      </transform>
      <snapped>true</snapped>
      <childlist count="1">
        <childid>8</childid>
      </childlist>
      <handles count="1">
        <weight channel="longer">0.188716</weight>
      </handles>
    </blockref>
    <blockref>
      <blockid>Creature_parts~, ce_grasper_null</blockid>
      <transform>
        <basemusclescale>1.600000</basemusclescale>
        <scale>1</scale>
        <position>-0.652163,-1.055837,-0.336794</position>
        <triangledirection>0,0,-1</triangledirection>
        <trianglepickorigin>0,0,0</trianglepickorigin>
        <orientation>
          <row0>1,0,0</row0>
          <row1>0,0,-1</row1>
          <row2>0,1,0</row2>
        </orientation>
      </transform>
      <snapped>true</snapped>
    </blockref>
    <blockref>
      <blockid>flora_parts~, fe_muscle_branch_01</blockid>
      <transform>
        <limbtype>0</limbtype>
        <musclescale>0.875</musclescale>
        <basemusclescale>1.900000</basemusclescale>
        <scale>1</scale>
        <position>0,0,0.349999</position>
        <triangledirection>-0.666956,0.588085,0.457521</triangledirection>
        <trianglepickorigin>0,0,0</trianglepickorigin>
        <orientation>
          <row0>-0.446694,0.175868,-0.877230</row0>
          <row1>-0.666956,0.588085,0.457521</row1>
          <row2>0.596350,0.789446,-0.145397</row2>
        </orientation>
      </transform>
      <snapped>true</snapped>
      <childlist count="1">
        <childid>10</childid>
      </childlist>
      <handles count="1">
        <weight channel="longer">0.211769</weight>
      </handles>
    </blockref>
    <blockref>
      <blockid>Creature_parts~, ce_grasper_null</blockid>
      <transform>
        <basemusclescale>1.149998</basemusclescale>
        <scale>1</scale>
        <position>1.042492,-0.919214,-0.365134</position>
        <triangledirection>0,0,-1</triangledirection>
        <trianglepickorigin>0,0,0</trianglepickorigin>
        <orientation>
          <row0>1,0,0</row0>
          <row1>0,0,-1</row1>
          <row2>0,1,0</row2>
        </orientation>
      </transform>
      <snapped>true</snapped>
    </blockref>
    <blockref>
      <blockid>flora_parts~, fe_muscle_branch_01</blockid>
      <transform>
        <limbtype>0</limbtype>
        <musclescale>0.650000</musclescale>
        <basemusclescale>2.299998</basemusclescale>
        <scale>1</scale>
        <position>0,0,0.349999</position>
        <triangledirection>0.129384,-0.852478,0.506498</triangledirection>
        <trianglepickorigin>0,0,0</trianglepickorigin>
        <orientation>
          <row0>0.898748,-0.114988,-0.423118</row0>
          <row1>0.129384,-0.852478,0.506498</row1>
          <row2>-0.418941,-0.509959,-0.751285</row2>
        </orientation>
      </transform>
      <snapped>true</snapped>
      <childlist count="1">
        <childid>12</childid>
      </childlist>
      <handles count="1">
        <weight channel="longer">0.162245</weight>
      </handles>
    </blockref>
    <blockref>
      <blockid>Creature_parts~, ce_grasper_null</blockid>
      <transform>
        <basemusclescale>1.100000</basemusclescale>
        <scale>1</scale>
        <position>-0.162021,1.067514,-0.284263</position>
        <triangledirection>0,0,-1</triangledirection>
        <trianglepickorigin>0,0,0</trianglepickorigin>
        <orientation>
          <row0>1,0,0</row0>
          <row1>0,0,-1</row1>
          <row2>0,1,0</row2>
        </orientation>
      </transform>
      <snapped>true</snapped>
    </blockref>
    <blockref>
      <blockid>flora_parts~, fe_muscle_branch_01</blockid>
      <transform>
        <limbtype>0</limbtype>
        <musclescale>0.675000</musclescale>
        <basemusclescale>1.700000</basemusclescale>
        <scale>1</scale>
        <position>0,0,0.349999</position>
        <triangledirection>-0.714356,-0.550213,0.432390</triangledirection>
        <trianglepickorigin>0,0,0</trianglepickorigin>
        <orientation>
          <row0>0.109201,-0.697971,-0.707750</row0>
          <row1>-0.714356,-0.550213,0.432390</row1>
          <row2>-0.691209,0.458368,-0.558684</row2>
        </orientation>
      </transform>
      <snapped>true</snapped>
      <childlist count="1">
        <childid>14</childid>
      </childlist>
      <handles count="1">
        <weight channel="longer">0.210219</weight>
      </handles>
    </blockref>
    <blockref>
      <blockid>Creature_parts~, ce_grasper_null</blockid>
      <transform>
        <basemusclescale>1.449998</basemusclescale>
        <scale>1</scale>
        <position>1.109632,0.854664,-0.321646</position>
        <triangledirection>0,0,-1</triangledirection>
        <trianglepickorigin>0,0,0</trianglepickorigin>
        <orientation>
          <row0>1,0,0</row0>
          <row1>0,0,-1</row1>
          <row2>0,1,0</row2>
        </orientation>
      </transform>
      <snapped>true</snapped>
    </blockref>
    <blockref>
      <blockid>flora_parts~, fe_muscle_branch_01</blockid>
      <transform>
        <limbtype>0</limbtype>
        <musclescale>0.5</musclescale>
        <basemusclescale>1.700000</basemusclescale>
        <scale>1</scale>
        <position>0,0,0.349999</position>
        <triangledirection>0.836005,-0.111215,0.537332</triangledirection>
        <trianglepickorigin>0,0,0</trianglepickorigin>
        <orientation>
          <row0>-0.368669,0.611453,0.700148</row0>
          <row1>0.836005,-0.111215,0.537332</row1>
          <row2>0.406420,0.783425,-0.470176</row2>
        </orientation>
      </transform>
      <snapped>true</snapped>
      <childlist count="1">
        <childid>16</childid>
      </childlist>
      <handles count="1">
        <weight channel="longer">0.162245</weight>
      </handles>
    </blockref>
    <blockref>
      <blockid>Creature_parts~, ce_grasper_null</blockid>
      <transform>
        <basemusclescale>1.75</basemusclescale>
        <scale>1</scale>
        <position>-1.046887,0.139268,-0.322874</position>
        <triangledirection>-2e-6,10e-7,-1</triangledirection>
        <trianglepickorigin>0,0,0</trianglepickorigin>
        <orientation>
          <row0>1,9.99998e-7,-1.99999e-6</row0>
          <row1>-2e-6,10e-7,-1</row1>
          <row2>-9.99995e-7,1,1.00000e-6</row2>
        </orientation>
      </transform>
      <snapped>true</snapped>
    </blockref>
    <blockref>
      <blockid>flora_parts~, FE_muscle_branch_04</blockid>
      <transform>
        <limbtype>0</limbtype>
        <musclescale>0.425000</musclescale>
        <basemusclescale>3</basemusclescale>
        <scale>1</scale>
        <position>0,0,0.349999</position>
        <triangledirection>0.968860,-0.182635,0.167191</triangledirection>
        <trianglepickorigin>0,0,0</trianglepickorigin>
        <orientation>
          <row0>-0.0307953,0.581107,0.813243</row0>
          <row1>0.968860,-0.182635,0.167191</row1>
          <row2>0.245683,0.793068,-0.557388</row2>
        </orientation>
      </transform>
      <snapped>true</snapped>
      <childlist count="1">
        <childid>18</childid>
      </childlist>
      <handles count="1">
        <weight channel="longer">0.317331</weight>
      </handles>
    </blockref>
    <blockref>
      <blockid>Creature_parts~, ce_grasper_null</blockid>
      <transform>
        <basemusclescale>0.550000</basemusclescale>
        <scale>1</scale>
        <position>-2.156265,0.406468,-0.0220971</position>
        <triangledirection>0.844320,0.393424,0.363786</triangledirection>
        <trianglepickorigin>0,0,0</trianglepickorigin>
        <orientation>
          <row0>0.152403,-0.827188,0.540863</row0>
          <row1>0.844320,0.393424,0.363786</row1>
          <row2>-0.513708,0.401219,0.758370</row2>
        </orientation>
      </transform>
      <snapped>true</snapped>
    </blockref>
    <blockref>
      <blockid>flora_parts~, FE_muscle_branch_04</blockid>
      <transform>
        <limbtype>0</limbtype>
        <musclescale>0.425000</musclescale>
        <basemusclescale>3</basemusclescale>
        <scale>1</scale>
        <position>0,0,0.349999</position>
        <triangledirection>-0.449025,0.878408,0.163632</triangledirection>
        <trianglepickorigin>0,0,0</trianglepickorigin>
        <orientation>
          <row0>0.791710,0.476029,-0.382871</row0>
          <row1>-0.449025,0.878408,0.163632</row1>
          <row2>0.414211,0.0423697,0.909194</row2>
        </orientation>
      </transform>
      <snapped>true</snapped>
      <childlist count="1">
        <childid>20</childid>
      </childlist>
      <handles count="1">
        <weight channel="longer">0.317331</weight>
      </handles>
    </blockref>
    <blockref>
      <blockid>Creature_parts~, ce_grasper_null</blockid>
      <transform>
        <basemusclescale>0.550000</basemusclescale>
        <scale>1</scale>
        <position>0.999337,-1.954957,-0.0141752</position>
        <triangledirection>0.498469,0.316676,-0.806997</triangledirection>
        <trianglepickorigin>0,0,0</trianglepickorigin>
        <orientation>
          <row0>-0.0455252,-0.920045,-0.389158</row0>
          <row1>0.498469,0.316676,-0.806996</row1>
          <row2>0.865711,-0.230722,0.444197</row2>
        </orientation>
      </transform>
      <snapped>true</snapped>
    </blockref>
    <blockref>
      <blockid>flora_parts~, fe_trunk_03</blockid>
      <transform>
        <limbtype>2</limbtype>
        <musclescale>0.5</musclescale>
        <basemusclescale>3</basemusclescale>
        <scale>1</scale>
        <position>0,0,0.349999</position>
        <triangledirection>0,-1.19209e-7,-1</triangledirection>
        <trianglepickorigin>0,0,0</trianglepickorigin>
        <orientation>
          <row0>1,0,0</row0>
          <row1>0,-1.19209e-7,-1</row1>
          <row2>0,1,-1.19209e-7</row2>
        </orientation>
      </transform>
      <snapped>true</snapped>
      <childlist count="2">
        <childid>36</childid>
        <childid>22</childid>
      </childlist>
      <handles count="3">
        <weight channel="DeformAxisLeft">1</weight>
        <weight channel="DeformAxisForward">1</weight>
        <weight channel="DeformBoneLength">0.500086</weight>
      </handles>
    </blockref>
    <blockref>
      <blockid>flora_parts~, fe_trunk_03</blockid>
      <transform>
        <limbtype>2</limbtype>
        <musclescale>0.5</musclescale>
        <basemusclescale>1</basemusclescale>
        <scale>1</scale>
        <position>0,3.01032e-7,2.875255</position>
        <triangledirection>0,-1.19209e-7,-1</triangledirection>
        <trianglepickorigin>0,0,0</trianglepickorigin>
        <orientation>
          <row0>1,0,0</row0>
          <row1>0,-1.19209e-7,-1</row1>
          <row2>0,1,-1.19209e-7</row2>
        </orientation>
      </transform>
      <snapped>true</snapped>
      <childlist count="2">
        <childid>42</childid>
        <childid>23</childid>
      </childlist>
      <handles count="3">
        <weight channel="DeformAxisLeft">0.967772</weight>
        <weight channel="DeformAxisForward">1</weight>
        <weight channel="DeformBoneLength">0.500086</weight>
      </handles>
    </blockref>
    <blockref>
      <blockid>flora_parts~, fe_trunk_03</blockid>
      <transform>
        <limbtype>2</limbtype>
        <musclescale>0.5</musclescale>
        <basemusclescale>1</basemusclescale>
        <scale>1</scale>
        <position>0,6.02067e-7,5.400510</position>
        <triangledirection>0,-1.19209e-7,-1</triangledirection>
        <trianglepickorigin>0,0,0</trianglepickorigin>
        <orientation>
          <row0>1,0,0</row0>
          <row1>0,-1.19209e-7,-1</row1>
          <row2>0,1,-1.19209e-7</row2>
        </orientation>
      </transform>
      <snapped>true</snapped>
      <childlist count="9">
        <childid>46</childid>
        <childid>45</childid>
        <childid>44</childid>
        <childid>43</childid>
        <childid>41</childid>
        <childid>40</childid>
        <childid>39</childid>
        <childid>25</childid>
        <childid>24</childid>
      </childlist>
      <handles count="3">
        <weight channel="DeformAxisLeft">0.521237</weight>
        <weight channel="DeformAxisForward">1</weight>
        <weight channel="DeformBoneLength">0.500086</weight>
      </handles>
    </blockref>
    <blockref>
      <blockid>Creature_parts~, ce_grasper_null</blockid>
      <transform>
        <basemusclescale>1</basemusclescale>
        <scale>1</scale>
        <position>0,9.03100e-7,7.925765</position>
        <triangledirection>2.98027e-8,-2.83122e-7,-1</triangledirection>
        <trianglepickorigin>0,0,0</trianglepickorigin>
        <orientation>
          <row0>1,8.94080e-8,2.98026e-8</row0>
          <row1>2.98027e-8,-2.83122e-7,-1</row1>
          <row2>-8.94079e-8,1,-2.83122e-7</row2>
        </orientation>
      </transform>
      <snapped>true</snapped>
    </blockref>
    <blockref>
      <blockid>flora_parts~, FE_leaf_07</blockid>
      <transform>
        <scale>4,481688</scale>
        <position>-0.0106338,-0.0203828,8.072877</position>
        <triangledirection>0.0601848,0.139686,-0.988365</triangledirection>
        <trianglepickorigin>0,0,0</trianglepickorigin>
        <orientation>
          <row0>0.918383,-0.395692,5.21540e-8</row0>
          <row1>0.0601848,0.139686,-0.988365</row1>
          <row2>0.391088,0.907697,0.152099</row2>
        </orientation>
      </transform>
      <snapped>false</snapped>
      <childlist count="1">
        <childid>26</childid>
      </childlist>
      <handles count="4">
        <weight channel="DeformAxisForward">0</weight>
        <weight channel="DeformAxisForwardb">0.233951</weight>
        <weight channel="DeformAxisLeft">1</weight>
        <weight channel="DeformAxisUp">0.440051</weight>
      </handles>
    </blockref>
    <blockref>
      <blockid>flora_parts~, FE_leaf_13</blockid>
      <transform>
        <scale>4,481689</scale>
        <position>0.0361949,-0.203091,10.963369</position>
        <triangledirection>0.162230,-0.109172,-0.980695</triangledirection>
        <trianglepickorigin>0,0,0</trianglepickorigin>
        <orientation>
          <row0>-0.558300,-0.829638,2.16066e-7</row0>
          <row1>0.162230,-0.109172,-0.980695</row1>
          <row2>0.813622,-0.547522,0.195543</row2>
        </orientation>
      </transform>
      <snapped>false</snapped>
      <handles count="4">
        <weight channel="DeformAxisForward">0.400000</weight>
        <weight channel="DeformAxisLeft">1</weight>
        <weight channel="DeformAxisUp">0.495450</weight>
        <weight channel="0x2697a2f2">0.285412</weight>
      </handles>
    </blockref>
    <blockref>
      <blockid>flora_parts~, FE_muscle_branch_04</blockid>
      <transform>
        <limbtype>0</limbtype>
        <musclescale>0.425000</musclescale>
        <basemusclescale>2.799998</basemusclescale>
        <scale>1</scale>
        <position>-0.335145,0.249074,1.530579</position>
        <triangledirection>-0.219477,0.873744,-0.434050</triangledirection>
        <trianglepickorigin>0,0,0</trianglepickorigin>
        <orientation>
          <row0>0.644115,-0.204381,-0.737118</row0>
          <row1>-0.219477,0.873744,-0.434050</row1>
          <row2>0.732765,0.441359,0.517935</row2>
        </orientation>
      </transform>
      <snapped>true</snapped>
      <childlist count="2">
        <childid>38</childid>
        <childid>28</childid>
      </childlist>
      <handles count="1">
        <weight channel="longer">0.317331</weight>
      </handles>
    </blockref>
    <blockref>
      <blockid>flora_parts~, fe_muscle_branch_06</blockid>
      <transform>
        <limbtype>0</limbtype>
        <musclescale>0.5</musclescale>
        <basemusclescale>0.550000</basemusclescale>
        <scale>1</scale>
        <position>0.153316,-1.695504,2.496589</position>
        <triangledirection>-0.294191,0.0661141,-0.953457</triangledirection>
        <trianglepickorigin>0,0,0</trianglepickorigin>
        <orientation>
          <row0>0.863453,0.446087,-0.235487</row0>
          <row1>-0.294191,0.0661141,-0.953457</row1>
          <row2>-0.409756,0.892544,0.188321</row2>
        </orientation>
      </transform>
      <snapped>true</snapped>
      <childlist count="2">
        <childid>30</childid>
        <childid>29</childid>
      </childlist>
      <handles count="1">
        <weight channel="longer">0.162245</weight>
      </handles>
    </blockref>
    <blockref>
      <blockid>Creature_parts~, ce_grasper_null</blockid>
      <transform>
        <basemusclescale>1</basemusclescale>
        <scale>1</scale>
        <position>0.521716,-1.778295,3.690556</position>
        <triangledirection>-0.905505,-0.240286,-0.349746</triangledirection>
        <trianglepickorigin>0,0,0</trianglepickorigin>
        <orientation>
          <row0>0.270979,0.306826,-0.912374</row0>
          <row1>-0.905505,-0.240286,-0.349746</row1>
          <row2>-0.326542,0.920934,0.212720</row2>
        </orientation>
      </transform>
      <snapped>true</snapped>
    </blockref>
    <blockref>
      <blockid>flora_parts~, FE_leaf_13</blockid>
      <transform>
        <scale>1,964033</scale>
        <position>0.610868,-1.772730,3.881066</position>
        <triangledirection>-0.316985,0.0283313,-0.948007</triangledirection>
        <trianglepickorigin>0,0,0</trianglepickorigin>
        <orientation>
          <row0>-0.802337,0.524993,0.283966</row0>
          <row1>-0.316985,0.0283313,-0.948007</row1>
          <row2>-0.505742,-0.850634,0.143683</row2>
        </orientation>
      </transform>
      <snapped>false</snapped>
      <handles count="4">
        <weight channel="DeformAxisForward">0.0509600</weight>
        <weight channel="DeformAxisLeft">0.672061</weight>
        <weight channel="DeformAxisUp">0.445679</weight>
        <weight channel="0x2697a2f2">0.267925</weight>
      </handles>
    </blockref>
    <blockref>
      <blockid>flora_parts~, FE_muscle_branch_04</blockid>
      <transform>
        <limbtype>0</limbtype>
        <musclescale>0.425000</musclescale>
        <basemusclescale>2.799998</basemusclescale>
        <scale>1</scale>
        <position>-0.335145,0.249074,1.530579</position>
        <triangledirection>0.266665,-0.906134,-0.328343</triangledirection>
        <trianglepickorigin>0,0,0</trianglepickorigin>
        <orientation>
          <row0>0.755951,0.407976,-0.511949</row0>
          <row1>0.266665,-0.906134,-0.328343</row1>
          <row2>-0.597851,0.111692,-0.793787</row2>
        </orientation>
      </transform>
      <snapped>true</snapped>
      <childlist count="1">
        <childid>32</childid>
      </childlist>
      <handles count="1">
        <weight channel="longer">0.317331</weight>
      </handles>
    </blockref>
    <blockref>
      <blockid>flora_parts~, fe_muscle_branch_06</blockid>
      <transform>
        <limbtype>0</limbtype>
        <musclescale>0.5</musclescale>
        <basemusclescale>0.550000</basemusclescale>
        <scale>1</scale>
        <position>-0.928629,2.265740,2.261329</position>
        <triangledirection>-0.00640902,-0.327277,-0.944906</triangledirection>
        <trianglepickorigin>0,0,0</trianglepickorigin>
        <orientation>
          <row0>0.849386,0.496897,-0.177866</row0>
          <row1>-0.00640902,-0.327277,-0.944906</row1>
          <row2>-0.527733,0.803730,-0.274800</row2>
        </orientation>
      </transform>
      <snapped>true</snapped>
      <childlist count="2">
        <childid>34</childid>
        <childid>33</childid>
      </childlist>
      <handles count="1">
        <weight channel="longer">0.162245</weight>
      </handles>
    </blockref>
    <blockref>
      <blockid>Creature_parts~, ce_grasper_null</blockid>
      <transform>
        <basemusclescale>1</basemusclescale>
        <scale>1</scale>
        <position>-0.920602,2.675573,3.444589</position>
        <triangledirection>-0.905505,-0.240286,-0.349746</triangledirection>
        <trianglepickorigin>0,0,0</trianglepickorigin>
        <orientation>
          <row0>0.270979,0.306826,-0.912374</row0>
          <row1>-0.905505,-0.240286,-0.349746</row1>
          <row2>-0.326542,0.920934,0.212720</row2>
        </orientation>
      </transform>
      <snapped>true</snapped>
    </blockref>
    <blockref>
      <blockid>flora_parts~, FE_leaf_13</blockid>
      <transform>
        <scale>2,459604</scale>
        <position>-0.892166,2.764143,3.633320</position>
        <triangledirection>-0.0261995,-0.364518,-0.930827</triangledirection>
        <trianglepickorigin>0,0,0</trianglepickorigin>
        <orientation>
          <row0>-0.895322,0.422730,-0.140344</row0>
          <row1>-0.0261995,-0.364518,-0.930827</row1>
          <row2>-0.444647,-0.829713,0.337436</row2>
        </orientation>
      </transform>
      <snapped>false</snapped>
      <handles count="4">
        <weight channel="DeformAxisForward">0</weight>
        <weight channel="DeformAxisLeft">0.5</weight>
        <weight channel="DeformAxisUp">0.248280</weight>
        <weight channel="0x2697a2f2">0.256183</weight>
      </handles>
    </blockref>
    <blockref>
      <blockid>flora_parts~, FE_flatleaf_06</blockid>
      <transform>
        <scale>0,860707</scale>
        <position>0.853015,0.390881,1.476086</position>
        <triangledirection>-0.973525,-0.179676,-0.141293</triangledirection>
        <trianglepickorigin>0,0,0</trianglepickorigin>
        <orientation>
          <row0>-0.181497,0.983391,1.08033e-7</row0>
          <row1>-0.973525,-0.179676,-0.141293</row1>
          <row2>-0.138946,-0.0256443,0.989967</row2>
        </orientation>
      </transform>
      <snapped>false</snapped>
      <handles count="1">
        <weight channel="Leaf_bend">0</weight>
      </handles>
    </blockref>
    <blockref>
      <blockid>flora_parts~, FE_flatleaf_06</blockid>
      <transform>
        <scale>0,860707</scale>
        <position>-0.0169958,0.820482,1.889025</position>
        <triangledirection>0.175948,-0.786136,-0.592479</triangledirection>
        <trianglepickorigin>0,0,0</trianglepickorigin>
        <orientation>
          <row0>-0.975857,-0.218410,-2.01165e-7</row0>
          <row1>0.175948,-0.786136,-0.592479</row1>
          <row2>0.129403,-0.578175,0.805585</row2>
        </orientation>
      </transform>
      <snapped>false</snapped>
      <handles count="1">
        <weight channel="Leaf_bend">0</weight>
      </handles>
    </blockref>
    <blockref>
      <blockid>flora_parts~, FE_flatleaf_06</blockid>
      <transform>
        <scale>0,860707</scale>
        <position>-0.906975,0.0644296,1.890466</position>
        <triangledirection>0.529380,0.306473,-0.791094</triangledirection>
        <trianglepickorigin>0,0,0</trianglepickorigin>
        <orientation>
          <row0>0.501024,-0.865433,7.45058e-8</row0>
          <row1>0.529380,0.306473,-0.791094</row1>
          <row2>0.684639,0.396357,0.611693</row2>
        </orientation>
      </transform>
      <snapped>false</snapped>
      <handles count="1">
        <weight channel="Leaf_bend">0</weight>
      </handles>
    </blockref>
    <blockref>
      <blockid>flora_parts~, FE_flatleaf_06</blockid>
      <transform>
        <scale>0,860707</scale>
        <position>-0.147898,-1.029541,2.175220</position>
        <triangledirection>0.286054,0.937913,-0.196187</triangledirection>
        <trianglepickorigin>0,0,0</trianglepickorigin>
        <orientation>
          <row0>0.646821,-0.762641,7.45058e-9</row0>
          <row1>0.746148,0.632832,-0.206845</row1>
          <row2>0.157748,0.133791,0.978373</row2>
        </orientation>
        <userorientation>
          <userorientation_row0>0.847755,0.530386,-2.79395e-9</userorientation_row0>
          <userorientation_row1>-0.530265,0.847562,-0.0213348</userorientation_row1>
          <userorientation_row2>-0.0113156,0.0180866,0.999772</userorientation_row2>
        </userorientation>
      </transform>
      <snapped>false</snapped>
      <handles count="1">
        <weight channel="Leaf_bend">0</weight>
      </handles>
    </blockref>
    <blockref>
      <blockid>flora_parts~, fe_cap_01a</blockid>
      <transform>
        <scale>1</scale>
        <position>0.691506,0.00888312,5.508273</position>
        <triangledirection>-0.825073,-0.212965,-0.523353</triangledirection>
        <trianglepickorigin>0,0,0</trianglepickorigin>
        <orientation>
          <row0>-0.249925,0.968265,-3.72529e-8</row0>
          <row1>-0.825073,-0.212965,-0.523353</row1>
          <row2>-0.506744,-0.130799,0.852115</row2>
        </orientation>
      </transform>
      <snapped>false</snapped>
    </blockref>
    <blockref>
      <blockid>flora_parts~, fe_cap_01a</blockid>
      <transform>
        <scale>1</scale>
        <position>0.460776,0.514366,5.467507</position>
        <triangledirection>-0.324973,-0.325252,0.888033</triangledirection>
        <trianglepickorigin>0,0,0</trianglepickorigin>
        <orientation>
          <row0>-0.707409,0.706803,2.83122e-7</row0>
          <row1>-0.324973,-0.325252,0.888033</row1>
          <row2>0.627665,0.628203,0.459778</row2>
        </orientation>
      </transform>
      <snapped>false</snapped>
    </blockref>
    <blockref>
      <blockid>flora_parts~, fe_cap_01a</blockid>
      <transform>
        <scale>1</scale>
        <position>0.420492,-0.558807,5.472134</position>
        <triangledirection>-0.587265,0.598201,-0.545228</triangledirection>
        <trianglepickorigin>0,0,0</trianglepickorigin>
        <orientation>
          <row0>0.713599,0.700553,-8.94069e-8</row0>
          <row1>-0.587265,0.598201,-0.545228</row1>
          <row2>-0.381961,0.389074,0.838287</row2>
        </orientation>
      </transform>
      <snapped>false</snapped>
    </blockref>
    <blockref>
      <blockid>flora_parts~, fe_cap_01a</blockid>
      <transform>
        <scale>1</scale>
        <position>0.628101,0.341834,5.302709</position>
        <triangledirection>-0.540117,-0.630520,-0.557419</triangledirection>
        <trianglepickorigin>0,0,0</trianglepickorigin>
        <orientation>
          <row0>-0.759452,0.650563,8.94069e-8</row0>
          <row1>-0.540117,-0.630520,-0.557419</row1>
          <row2>-0.362636,-0.423333,0.830230</row2>
        </orientation>
      </transform>
      <snapped>false</snapped>
    </blockref>
    <blockref>
      <blockid>flora_parts~, fe_cap_01a</blockid>
      <transform>
        <scale>1</scale>
        <position>0.340036,0.532972,5.637740</position>
        <triangledirection>-0.699470,-0.703529,-0.125647</triangledirection>
        <trianglepickorigin>0,0,0</trianglepickorigin>
        <orientation>
          <row0>-0.709149,0.705058,7.45058e-9</row0>
          <row1>-0.699470,-0.703529,-0.125647</row1>
          <row2>-0.0885884,-0.0891025,0.992075</row2>
        </orientation>
      </transform>
      <snapped>false</snapped>
    </blockref>
    <blockref>
      <blockid>flora_parts~, fe_cap_01a</blockid>
      <transform>
        <scale>1</scale>
        <position>0.607484,0.170633,5.573424</position>
        <triangledirection>-0.816950,-0.215923,-0.534760</triangledirection>
        <trianglepickorigin>0,0,0</trianglepickorigin>
        <orientation>
          <row0>-0.255528,0.966801,-5.43892e-7</row0>
          <row1>-0.816950,-0.215923,-0.534760</row1>
          <row2>-0.517007,-0.136646,0.845003</row2>
        </orientation>
      </transform>
      <snapped>false</snapped>
    </blockref>
    <blockref>
      <blockid>flora_parts~, fe_cap_01a</blockid>
      <transform>
        <scale>1</scale>
        <position>0.535948,-0.316643,5.421929</position>
        <triangledirection>-0.321838,0.327828,0.888227</triangledirection>
        <trianglepickorigin>0,0,0</trianglepickorigin>
        <orientation>
          <row0>0.713596,0.700556,5.96046e-7</row0>
          <row1>-0.321838,0.327828,0.888227</row1>
          <row2>0.622253,-0.633836,0.459403</row2>
        </orientation>
      </transform>
      <snapped>false</snapped>
    </blockref>
    <blockref>
      <blockid>flora_parts~, fe_cap_01a</blockid>
      <transform>
        <scale>1</scale>
        <position>0.420598,0.459120,5.432570</position>
        <triangledirection>-0.324973,-0.325252,0.888033</triangledirection>
        <trianglepickorigin>0,0,0</trianglepickorigin>
        <orientation>
          <row0>-0.707409,0.706803,2.83122e-7</row0>
          <row1>-0.324973,-0.325252,0.888033</row1>
          <row2>0.627665,0.628203,0.459778</row2>
        </orientation>
      </transform>
      <snapped>false</snapped>
    </blockref>
  </blocks></sporemodel>