spore0006438f6347406662000775854db9fea735ffffffffffffffffffffffffffffffff0000000ec178f8780dsporeautotestfffffffffffffffe08Jambokei00006gaprop00<?xml version="1.0" encoding="UTF-8"?><sporemodel>
  <properties>
    <modeltype>PlantLarge</modeltype>
    <skineffectseed1>1234</skineffectseed1>
    <skineffectseed2>1234</skineffectseed2>
    <skineffectseed3>1234</skineffectseed3>
    <skincolor1>0.623529,0.803921,0.368627</skincolor1>
    <skincolor2>0.223526,0.462745,0.694118</skincolor2>
    <skincolor3>0.576469,0.694118,0.411762</skincolor3>
    <zcorpscore>6</zcorpscore>
  </properties>
  <blocks count="19">
    <blockref>
      <blockid>flora_parts~, fe_root_dummy</blockid>
      <transform>
        <scale>1</scale>
        <position>0.00732535,-0.00372785,0.600000</position>
        <triangledirection>0,1,0</triangledirection>
        <trianglepickorigin>0,0,0</trianglepickorigin>
        <orientation>
          <row0>1,0,0</row0>
          <row1>0,1,0</row1>
          <row2>0,0,1</row2>
        </orientation>
      </transform>
      <snapped>false</snapped>
      <childlist count="4">
        <childid>14</childid>
        <childid>11</childid>
        <childid>10</childid>
        <childid>1</childid>
      </childlist>
    </blockref>
    <blockref>
      <blockid>flora_parts~, fe_muscle_branch_02</blockid>
      <transform>
        <limbtype>0</limbtype>
        <musclescale>1</musclescale>
        <basemusclescale>3</basemusclescale>
        <scale>1</scale>
        <position>0.00732535,-0.00372785,0.600000</position>
        <triangledirection>0,0,-1</triangledirection>
        <trianglepickorigin>0,0,0</trianglepickorigin>
        <orientation>
          <row0>0.775151,0.631775,0</row0>
          <row1>0,0,-1</row1>
          <row2>-0.631775,0.775151,0</row2>
        </orientation>
      </transform>
      <snapped>true</snapped>
      <childlist count="1">
        <childid>2</childid>
      </childlist>
      <handles count="1">
        <weight channel="longer">0.162245</weight>
      </handles>
    </blockref>
    <blockref>
      <blockid>flora_parts~, fe_muscle_branch_02</blockid>
      <transform>
        <limbtype>0</limbtype>
        <musclescale>1</musclescale>
        <basemusclescale>2.399998</basemusclescale>
        <scale>1</scale>
        <position>0.00732535,-0.00372785,1.852249</position>
        <triangledirection>0,0,-1</triangledirection>
        <trianglepickorigin>0,0,0</trianglepickorigin>
        <orientation>
          <row0>0.999429,0.0337820,0</row0>
          <row1>0,0,-1</row1>
          <row2>-0.0337820,0.999429,0</row2>
        </orientation>
      </transform>
      <snapped>true</snapped>
      <childlist count="1">
        <childid>3</childid>
      </childlist>
      <handles count="1">
        <weight channel="longer">0.162245</weight>
      </handles>
    </blockref>
    <blockref>
      <blockid>flora_parts~, fe_trunk_03</blockid>
      <transform>
        <limbtype>2</limbtype>
        <musclescale>0.5</musclescale>
        <basemusclescale>2.799998</basemusclescale>
        <scale>1</scale>
        <position>0.00732535,-0.00372785,3.104499</position>
        <triangledirection>0,-1.19209e-7,-1</triangledirection>
        <trianglepickorigin>0,0,0</trianglepickorigin>
        <orientation>
          <row0>1,0,0</row0>
          <row1>0,-1.19209e-7,-1</row1>
          <row2>0,1,-1.19209e-7</row2>
        </orientation>
      </transform>
      <snapped>true</snapped>
      <childlist count="4">
        <childid>9</childid>
        <childid>6</childid>
        <childid>5</childid>
        <childid>4</childid>
      </childlist>
      <handles count="3">
        <weight channel="DeformAxisLeft">0.980971</weight>
        <weight channel="DeformAxisForward">0.744258</weight>
        <weight channel="DeformBoneLength">1</weight>
      </handles>
    </blockref>
    <blockref>
      <blockid>Creature_parts~, ce_grasper_null</blockid>
      <transform>
        <basemusclescale>1</basemusclescale>
        <scale>1</scale>
        <position>0.00732535,-0.00372738,7.104500</position>
        <triangledirection>0,-1.19209e-7,-1</triangledirection>
        <trianglepickorigin>0,0,0</trianglepickorigin>
        <orientation>
          <row0>1,0,0</row0>
          <row1>0,-1.19209e-7,-1</row1>
          <row2>0,1,-1.19209e-7</row2>
        </orientation>
      </transform>
      <snapped>true</snapped>
    </blockref>
    <blockref>
      <blockid>flora_parts~, FE_leaf_15</blockid>
      <transform>
        <scale>3,320115</scale>
        <position>0.0191830,0.0212706,7.239809</position>
        <triangledirection>-0.135282,-0.307709,-0.941813</triangledirection>
        <trianglepickorigin>0,0,0</trianglepickorigin>
        <orientation>
          <row0>-0.915434,0.402466,-4.17232e-7</row0>
          <row1>-0.211227,-0.480449,-0.851205</row1>
          <row2>-0.342582,-0.779223,0.524832</row2>
        </orientation>
        <userorientation>
          <userorientation_row0>1,0,0</userorientation_row0>
          <userorientation_row1>0,0.978091,-0.208174</userorientation_row1>
          <userorientation_row2>0,0.208174,0.978091</userorientation_row2>
        </userorientation>
      </transform>
      <snapped>false</snapped>
      <childlist count="2">
        <childid>8</childid>
        <childid>7</childid>
      </childlist>
      <handles count="3">
        <weight channel="DeformAxisForward">0.316085</weight>
        <weight channel="DeformAxisUp">0.593477</weight>
        <weight channel="0x7c184950">0.620517</weight>
      </handles>
    </blockref>
    <blockref>
      <blockid>flora_parts~, fe_Creatureperch</blockid>
      <transform>
        <scale>0,472365</scale>
        <position>-0.169831,-0.325717,5.394866</position>
        <triangledirection>0.681469,0.731845,-0.00104501</triangledirection>
        <trianglepickorigin>0,0,0</trianglepickorigin>
        <orientation>
          <row0>0.731846,-0.681470,2.32830e-10</row0>
          <row1>0.681469,0.731845,-0.00104501</row1>
          <row2>0.000712143,0.000764787,0.999999</row2>
        </orientation>
      </transform>
      <snapped>false</snapped>
      <handles count="3">
        <weight channel="DeformAxisForward">5.67586e-18</weight>
        <weight channel="DeformAxisLeft">0</weight>
        <weight channel="DeformAxisUp">0</weight>
      </handles>
    </blockref>
    <blockref>
      <blockid>flora_parts~, FE_leaf_27</blockid>
      <transform>
        <scale>1,349857</scale>
        <position>0.0814356,-0.0694370,7.523828</position>
        <triangledirection>-0.179269,0.964276,-0.195024</triangledirection>
        <trianglepickorigin>0,0,0</trianglepickorigin>
        <orientation>
          <row0>0.981295,0.161126,-0.105349</row0>
          <row1>-0.179269,0.964276,-0.195024</row1>
          <row2>0.0701621,0.210262,0.975124</row2>
        </orientation>
      </transform>
      <snapped>false</snapped>
      <handles count="3">
        <weight channel="DeformAxisLeft">0.0191511</weight>
        <weight channel="DeformAxisForward">1</weight>
        <weight channel="DeformAxisUp">0.802296</weight>
      </handles>
    </blockref>
    <blockref>
      <blockid>flora_parts~, FE_leaf_27</blockid>
      <transform>
        <scale>1,349857</scale>
        <position>0.124182,0.453275,8.368029</position>
        <triangledirection>0.175130,-0.964272,0.198767</triangledirection>
        <trianglepickorigin>0,0,0</trianglepickorigin>
        <orientation>
          <row0>-0.982072,-0.156793,0.104639</row0>
          <row1>0.175130,-0.964272,0.198767</row1>
          <row2>0.0697357,0.213529,0.974444</row2>
        </orientation>
      </transform>
      <snapped>false</snapped>
      <handles count="3">
        <weight channel="DeformAxisLeft">0.0191511</weight>
        <weight channel="DeformAxisForward">1</weight>
        <weight channel="DeformAxisUp">0.802296</weight>
      </handles>
    </blockref>
    <blockref>
      <blockid>flora_parts~, FE_leaf_27</blockid>
      <transform>
        <scale>1,349857</scale>
        <position>-0.570437,-0.300902,4.751034</position>
        <triangledirection>0.634095,0.664438,-0.395529</triangledirection>
        <trianglepickorigin>0,0,0</trianglepickorigin>
        <orientation>
          <row0>0.723432,-0.690395,-8.94069e-8</row0>
          <row1>0.634095,0.664438,-0.395529</row1>
          <row2>0.273071,0.286138,0.918453</row2>
        </orientation>
      </transform>
      <snapped>false</snapped>
      <handles count="3">
        <weight channel="DeformAxisLeft">0.0191511</weight>
        <weight channel="DeformAxisForward">1</weight>
        <weight channel="DeformAxisUp">0.802296</weight>
      </handles>
    </blockref>
    <blockref>
      <blockid>flora_parts~, fe_muscle_branch_06</blockid>
      <transform>
        <limbtype>0</limbtype>
        <musclescale>0.5</musclescale>
        <basemusclescale>3</basemusclescale>
        <scale>1</scale>
        <position>0.00732535,-0.00372785,0.600000</position>
        <triangledirection>-0.00939029,0.580575,0.814152</triangledirection>
        <trianglepickorigin>0,0,0</trianglepickorigin>
        <orientation>
          <row0>-0.182457,0.799525,-0.572248</row0>
          <row1>-0.00939029,0.580575,0.814152</row1>
          <row2>0.983168,0.153922,-0.0984227</row2>
        </orientation>
      </transform>
      <snapped>true</snapped>
      <childlist count="1">
        <childid>15</childid>
      </childlist>
      <handles count="1">
        <weight channel="longer">0.162245</weight>
      </handles>
    </blockref>
    <blockref>
      <blockid>flora_parts~, fe_muscle_branch_06</blockid>
      <transform>
        <limbtype>0</limbtype>
        <musclescale>0.5</musclescale>
        <basemusclescale>3</basemusclescale>
        <scale>1</scale>
        <position>0.00732535,-0.00372785,0.600000</position>
        <triangledirection>-0.575889,-0.407089,0.708963</triangledirection>
        <trianglepickorigin>0,0,0</trianglepickorigin>
        <orientation>
          <row0>-0.136030,-0.807399,-0.574109</row0>
          <row1>-0.575889,-0.407089,0.708963</row1>
          <row2>-0.806130,0.427064,-0.409596</row2>
        </orientation>
      </transform>
      <snapped>true</snapped>
      <childlist count="1">
        <childid>12</childid>
      </childlist>
      <handles count="1">
        <weight channel="longer">0.162245</weight>
      </handles>
    </blockref>
    <blockref>
      <blockid>flora_parts~, fe_muscle_branch_06</blockid>
      <transform>
        <limbtype>0</limbtype>
        <musclescale>0.5</musclescale>
        <basemusclescale>1</basemusclescale>
        <scale>1</scale>
        <position>0.728482,0.506048,-0.287799</position>
        <triangledirection>-0.575889,-0.407088,0.708963</triangledirection>
        <trianglepickorigin>0,0,0</trianglepickorigin>
        <orientation>
          <row0>-0.136031,-0.807400,-0.574108</row0>
          <row1>-0.575889,-0.407088,0.708963</row1>
          <row2>-0.806130,0.427064,-0.409596</row2>
        </orientation>
      </transform>
      <snapped>true</snapped>
      <childlist count="1">
        <childid>13</childid>
      </childlist>
      <handles count="1">
        <weight channel="longer">0.162245</weight>
      </handles>
    </blockref>
    <blockref>
      <blockid>Creature_parts~, ce_grasper_null</blockid>
      <transform>
        <basemusclescale>1</basemusclescale>
        <scale>1</scale>
        <position>1.449633,1.015825,-1.175595</position>
        <triangledirection>-0.412732,0.383817,0.826036</triangledirection>
        <trianglepickorigin>0,0,0</trianglepickorigin>
        <orientation>
          <row0>-0.142728,0.868427,-0.474829</row0>
          <row1>-0.412732,0.383817,0.826036</row1>
          <row2>0.899600,0.313876,0.303646</row2>
        </orientation>
      </transform>
      <snapped>true</snapped>
    </blockref>
    <blockref>
      <blockid>flora_parts~, fe_muscle_branch_06</blockid>
      <transform>
        <limbtype>0</limbtype>
        <musclescale>0.5</musclescale>
        <basemusclescale>3</basemusclescale>
        <scale>1</scale>
        <position>0.00732535,-0.00372785,0.600000</position>
        <triangledirection>0.706856,-0.375676,0.599350</triangledirection>
        <trianglepickorigin>0,0,0</trianglepickorigin>
        <orientation>
          <row0>-0.537646,-0.835950,0.110106</row0>
          <row1>0.706856,-0.375676,0.599350</row1>
          <row2>-0.459662,0.400068,0.792878</row2>
        </orientation>
      </transform>
      <snapped>true</snapped>
      <childlist count="1">
        <childid>17</childid>
      </childlist>
      <handles count="1">
        <weight channel="longer">0.162245</weight>
      </handles>
    </blockref>
    <blockref>
      <blockid>flora_parts~, fe_muscle_branch_06</blockid>
      <transform>
        <limbtype>0</limbtype>
        <musclescale>0.5</musclescale>
        <basemusclescale>1</basemusclescale>
        <scale>1</scale>
        <position>0.0190842,-0.730752,-0.419521</position>
        <triangledirection>0.239719,0.398360,0.885349</triangledirection>
        <trianglepickorigin>0,0,0</trianglepickorigin>
        <orientation>
          <row0>-0.149018,0.916230,-0.371906</row0>
          <row1>0.239719,0.398360,0.885349</row1>
          <row2>0.959337,0.0427801,-0.279001</row2>
        </orientation>
      </transform>
      <snapped>true</snapped>
      <childlist count="1">
        <childid>16</childid>
      </childlist>
      <handles count="1">
        <weight channel="longer">0.162245</weight>
      </handles>
    </blockref>
    <blockref>
      <blockid>Creature_parts~, ce_grasper_null</blockid>
      <transform>
        <basemusclescale>1</basemusclescale>
        <scale>1</scale>
        <position>-0.281103,-1.229599,-1.528200</position>
        <triangledirection>0.0142691,-0.221282,0.975105</triangledirection>
        <trianglepickorigin>0,0,0</trianglepickorigin>
        <orientation>
          <row0>0.928396,-0.359214,-0.0951026</row0>
          <row1>0.0142691,-0.221282,0.975105</row1>
          <row2>-0.371316,-0.906641,-0.200311</row2>
        </orientation>
      </transform>
      <snapped>true</snapped>
    </blockref>
    <blockref>
      <blockid>flora_parts~, fe_muscle_branch_06</blockid>
      <transform>
        <limbtype>0</limbtype>
        <musclescale>0.5</musclescale>
        <basemusclescale>1</basemusclescale>
        <scale>1</scale>
        <position>-0.877835,0.466713,-0.150536</position>
        <triangledirection>0.706856,-0.375676,0.599350</triangledirection>
        <trianglepickorigin>0,0,0</trianglepickorigin>
        <orientation>
          <row0>-0.537646,-0.835950,0.110105</row0>
          <row1>0.706856,-0.375676,0.599350</row1>
          <row2>-0.459663,0.400067,0.792878</row2>
        </orientation>
      </transform>
      <snapped>true</snapped>
      <childlist count="1">
        <childid>18</childid>
      </childlist>
      <handles count="1">
        <weight channel="longer">0.162245</weight>
      </handles>
    </blockref>
    <blockref>
      <blockid>Creature_parts~, ce_grasper_null</blockid>
      <transform>
        <basemusclescale>1</basemusclescale>
        <scale>1</scale>
        <position>-1.763015,0.937156,-0.901076</position>
        <triangledirection>0.790159,0.421287,0.445157</triangledirection>
        <trianglepickorigin>0,0,0</trianglepickorigin>
        <orientation>
          <row0>-0.522538,0.842638,0.130057</row0>
          <row1>0.790159,0.421287,0.445157</row1>
          <row2>0.320315,0.335377,-0.885957</row2>
        </orientation>
      </transform>
      <snapped>true</snapped>
    </blockref>
  </blocks></sporemodel>