spore0006438f63474066620007730cd8b9fea735ffffffffffffffffffffffffffffffff0000000ec178f7df0dsporeautotestfffffffffffffffe08Tortorii00006gaprop00<?xml version="1.0" encoding="UTF-8"?><sporemodel>
  <properties>
    <modeltype>PlantLarge</modeltype>
    <skineffectseed1>1234</skineffectseed1>
    <skineffectseed2>1234</skineffectseed2>
    <skineffectseed3>1234</skineffectseed3>
    <skincolor1>0.219607,0.443136,0.203921</skincolor1>
    <skincolor2>0.694117,0.545098,0.223528</skincolor2>
    <skincolor3>0.694117,0.572548,0.317647</skincolor3>
    <zcorpscore>9</zcorpscore>
  </properties>
  <blocks count="33">
    <blockref>
      <blockid>flora_parts~, fe_root_dummy</blockid>
      <transform>
        <scale>0,927743</scale>
        <position>0,0,0.349999</position>
        <triangledirection>0,1,0</triangledirection>
        <trianglepickorigin>0,0,0</trianglepickorigin>
        <orientation>
          <row0>1,0,0</row0>
          <row1>0,1,0</row1>
          <row2>0,0,1</row2>
        </orientation>
      </transform>
      <snapped>false</snapped>
      <childlist count="4">
        <childid>24</childid>
        <childid>19</childid>
        <childid>3</childid>
        <childid>1</childid>
      </childlist>
    </blockref>
    <blockref>
      <blockid>flora_parts~, FE_muscle_branch_04</blockid>
      <transform>
        <limbtype>0</limbtype>
        <musclescale>0.425000</musclescale>
        <basemusclescale>3</basemusclescale>
        <scale>1</scale>
        <position>0,0,0.349999</position>
        <triangledirection>-0.00436395,0.0160355,0.999861</triangledirection>
        <trianglepickorigin>0,0,0</trianglepickorigin>
        <orientation>
          <row0>-0.0934407,-0.995503,0.0155577</row0>
          <row1>-0.00436395,0.0160355,0.999861</row1>
          <row2>-0.995615,0.0933599,-0.00584269</row2>
        </orientation>
      </transform>
      <snapped>true</snapped>
      <childlist count="1">
        <childid>2</childid>
      </childlist>
      <handles count="1">
        <weight channel="longer">0.317331</weight>
      </handles>
    </blockref>
    <blockref>
      <blockid>Creature_parts~, ce_grasper_null</blockid>
      <transform>
        <basemusclescale>0.5</basemusclescale>
        <scale>1</scale>
        <position>0.00971188,-0.0356891,-1.875264</position>
        <triangledirection>-3.77184e-8,4.03553e-7,-1</triangledirection>
        <trianglepickorigin>0,0,0</trianglepickorigin>
        <orientation>
          <row0>1,-2.08615e-7,-3.77185e-8</row0>
          <row1>-3.77184e-8,4.03553e-7,-1</row1>
          <row2>2.08615e-7,1,4.03553e-7</row2>
        </orientation>
      </transform>
      <snapped>true</snapped>
    </blockref>
    <blockref>
      <blockid>flora_parts~, fe_muscle_branch_01</blockid>
      <transform>
        <limbtype>0</limbtype>
        <musclescale>1</musclescale>
        <basemusclescale>3</basemusclescale>
        <scale>1</scale>
        <position>0,0,0.349999</position>
        <triangledirection>-0.414997,-0.204836,-0.886464</triangledirection>
        <trianglepickorigin>0,0,0</trianglepickorigin>
        <orientation>
          <row0>0.741817,0.487934,-0.460028</row0>
          <row1>-0.414997,-0.204836,-0.886464</row1>
          <row2>-0.526767,0.848505,0.0505404</row2>
        </orientation>
      </transform>
      <snapped>true</snapped>
      <childlist count="4">
        <childid>32</childid>
        <childid>27</childid>
        <childid>11</childid>
        <childid>4</childid>
      </childlist>
      <handles count="1">
        <weight channel="longer">0.00555498</weight>
      </handles>
    </blockref>
    <blockref>
      <blockid>flora_parts~, fe_muscle_branch_01</blockid>
      <transform>
        <limbtype>0</limbtype>
        <musclescale>1</musclescale>
        <basemusclescale>1.25</basemusclescale>
        <scale>1</scale>
        <position>0.111577,0.0550730,0.588336</position>
        <triangledirection>0.986902,-0.0625241,0.148707</triangledirection>
        <trianglepickorigin>0,0,0</trianglepickorigin>
        <orientation>
          <row0>-0.158214,-0.195229,0.967912</row0>
          <row1>0.986902,-0.0625241,0.148707</row1>
          <row2>0.0314857,0.978762,0.202565</row2>
        </orientation>
      </transform>
      <snapped>true</snapped>
      <childlist count="2">
        <childid>22</childid>
        <childid>5</childid>
      </childlist>
      <handles count="1">
        <weight channel="longer">0.0967068</weight>
      </handles>
    </blockref>
    <blockref>
      <blockid>flora_parts~, fe_muscle_branch_01</blockid>
      <transform>
        <limbtype>0</limbtype>
        <musclescale>1</musclescale>
        <basemusclescale>0.800000</basemusclescale>
        <scale>1</scale>
        <position>-0.718340,0.107651,0.463283</position>
        <triangledirection>1.49011e-8,-1.49011e-7,-1</triangledirection>
        <trianglepickorigin>0,0,0</trianglepickorigin>
        <orientation>
          <row0>0.992234,0.124380,-3.74861e-9</row0>
          <row1>1.49011e-8,-1.49011e-7,-1</row1>
          <row2>-0.124380,0.992234,-1.49707e-7</row2>
        </orientation>
      </transform>
      <snapped>true</snapped>
      <childlist count="1">
        <childid>6</childid>
      </childlist>
      <handles count="1">
        <weight channel="longer">0.0967068</weight>
      </handles>
    </blockref>
    <blockref>
      <blockid>Creature_parts~, ce_grasper_null</blockid>
      <transform>
        <basemusclescale>0.400000</basemusclescale>
        <scale>1</scale>
        <position>-0.718340,0.107651,1.304216</position>
        <triangledirection>-0.564659,0.779420,-0.271408</triangledirection>
        <trianglepickorigin>0,0,0</trianglepickorigin>
        <orientation>
          <row0>0.340904,0.519749,0.783354</row0>
          <row1>-0.564659,0.779420,-0.271408</row1>
          <row2>-0.751627,-0.349804,0.559189</row2>
        </orientation>
      </transform>
      <snapped>true</snapped>
    </blockref>
    <blockref>
      <blockid>flora_parts~, FE_leaf_21</blockid>
      <transform>
        <scale>2,651167</scale>
        <position>-0.930999,-1.773077,0.235436</position>
        <triangledirection>-0.0215369,-0.0773275,-0.996773</triangledirection>
        <trianglepickorigin>0,0,0</trianglepickorigin>
        <orientation>
          <row0>-0.123401,-0.992356,1.95577e-7</row0>
          <row1>0.243436,-0.0302720,-0.969444</row1>
          <row2>0.962034,-0.119631,0.245311</row2>
        </orientation>
        <userorientation>
          <userorientation_row0>-0.859506,0.196232,0.471953</userorientation_row0>
          <userorientation_row1>0.0793939,0.963414,-0.255987</userorientation_row1>
          <userorientation_row2>-0.504920,-0.182552,-0.843640</userorientation_row2>
        </userorientation>
      </transform>
      <snapped>false</snapped>
      <childlist count="1">
        <childid>18</childid>
      </childlist>
      <handles count="4">
        <weight channel="Bend_vert">0.414795</weight>
        <weight channel="Length">1</weight>
        <weight channel="tweak_sideways">0.367684</weight>
        <weight channel="WidthHeight">8.32784e-9</weight>
      </handles>
    </blockref>
    <blockref>
      <blockid>flora_parts~, FE_leaf_21</blockid>
      <transform>
        <scale>3,080218</scale>
        <position>1.766087,1.712144,0.262324</position>
        <triangledirection>0.0123640,0.113759,-0.993430</triangledirection>
        <trianglepickorigin>0,0,0</trianglepickorigin>
        <orientation>
          <row0>0.668446,0.743760,4.47034e-8</row0>
          <row1>-0.216245,0.194348,-0.956800</row1>
          <row2>-0.711629,0.639569,0.290745</row2>
        </orientation>
        <userorientation>
          <userorientation_row0>0.975425,-0.133956,-0.174932</userorientation_row0>
          <userorientation_row1>0.0928745,0.969950,-0.224876</userorientation_row1>
          <userorientation_row2>0.199799,0.203103,0.958555</userorientation_row2>
        </userorientation>
      </transform>
      <snapped>false</snapped>
      <childlist count="1">
        <childid>17</childid>
      </childlist>
      <handles count="4">
        <weight channel="Bend_vert">0.504496</weight>
        <weight channel="Length">1</weight>
        <weight channel="tweak_sideways">0.983175</weight>
        <weight channel="WidthHeight">0</weight>
      </handles>
    </blockref>
    <blockref>
      <blockid>flora_parts~, FE_leaf_21</blockid>
      <transform>
        <scale>3,080218</scale>
        <position>-1.695412,0.0809880,0.499407</position>
        <triangledirection>0.248784,-0.00537216,-0.968543</triangledirection>
        <trianglepickorigin>0,0,0</trianglepickorigin>
        <orientation>
          <row0>0.882327,0.470635,-1.11758e-8</row0>
          <row1>-0.0488074,0.0915020,-0.994608</row1>
          <row2>-0.468098,0.877570,0.103705</row2>
        </orientation>
        <userorientation>
          <userorientation_row0>0.454333,0.102582,0.884903</userorientation_row0>
          <userorientation_row1>0.216981,0.950686,-0.221612</userorientation_row1>
          <userorientation_row2>-0.864001,0.292694,0.409671</userorientation_row2>
        </userorientation>
      </transform>
      <snapped>false</snapped>
      <childlist count="7">
        <childid>31</childid>
        <childid>30</childid>
        <childid>16</childid>
        <childid>15</childid>
        <childid>14</childid>
        <childid>13</childid>
        <childid>12</childid>
      </childlist>
      <handles count="4">
        <weight channel="Bend_vert">0.468735</weight>
        <weight channel="Length">0.599492</weight>
        <weight channel="tweak_sideways">0.592482</weight>
        <weight channel="WidthHeight">0</weight>
      </handles>
    </blockref>
    <blockref>
      <blockid>flora_parts~, FE_leaf_21</blockid>
      <transform>
        <scale>3,080218</scale>
        <position>1.114724,1.033504,0.250483</position>
        <triangledirection>0.123227,0.143757,-0.981910</triangledirection>
        <trianglepickorigin>0,0,0</trianglepickorigin>
        <orientation>
          <row0>0.869424,0.494067,-1.78813e-7</row0>
          <row1>-0.242142,0.426104,-0.871666</row1>
          <row2>-0.430661,0.757847,0.490099</row2>
        </orientation>
        <userorientation>
          <userorientation_row0>0.397993,-0.460317,-0.793541</userorientation_row0>
          <userorientation_row1>0.178163,0.887314,-0.425357</userorientation_row1>
          <userorientation_row2>0.899921,0.0279094,0.435157</userorientation_row2>
        </userorientation>
      </transform>
      <snapped>false</snapped>
      <handles count="4">
        <weight channel="Bend_vert">0.768216</weight>
        <weight channel="Length">0.875563</weight>
        <weight channel="tweak_sideways">0.592482</weight>
        <weight channel="WidthHeight">0</weight>
      </handles>
    </blockref>
    <blockref>
      <blockid>flora_parts~, FE_leaf_21</blockid>
      <transform>
        <scale>2,857651</scale>
        <position>-0.293047,0.285630,0.744169</position>
        <triangledirection>-0.210266,-0.0594049,-0.975837</triangledirection>
        <trianglepickorigin>0,0,0</trianglepickorigin>
        <orientation>
          <row0>-0.814075,-0.580759,-1.49011e-8</row0>
          <row1>0.457865,-0.641809,-0.615174</row1>
          <row2>0.357268,-0.500798,0.788390</row2>
        </orientation>
        <userorientation>
          <userorientation_row0>0.179309,0.797539,0.576000</userorientation_row0>
          <userorientation_row1>0.205672,0.542163,-0.814713</userorientation_row1>
          <userorientation_row2>-0.962053,0.264553,-0.0668176</userorientation_row2>
        </userorientation>
      </transform>
      <snapped>false</snapped>
      <handles count="4">
        <weight channel="Bend_vert">0.426806</weight>
        <weight channel="Length">1</weight>
        <weight channel="tweak_sideways">0.470732</weight>
        <weight channel="WidthHeight">1</weight>
      </handles>
    </blockref>
    <blockref>
      <blockid>flora_parts~, fe_cap_01a</blockid>
      <transform>
        <scale>0,591554</scale>
        <position>-2.531140,0.368750,3.359778</position>
        <triangledirection>0.998342,0.0129334,0.0560819</triangledirection>
        <trianglepickorigin>0,0,0</trianglepickorigin>
        <orientation>
          <row0>0.00240180,-0.982937,0.183925</row0>
          <row1>0.998342,0.0129334,0.0560819</row1>
          <row2>-0.0575037,0.183486,0.981338</row2>
        </orientation>
      </transform>
      <snapped>false</snapped>
    </blockref>
    <blockref>
      <blockid>flora_parts~, fe_cap_01a</blockid>
      <transform>
        <scale>0,591554</scale>
        <position>-2.527559,0.161705,3.344086</position>
        <triangledirection>0.998343,0.0128908,0.0560794</triangledirection>
        <trianglepickorigin>0,0,0</trianglepickorigin>
        <orientation>
          <row0>0.0129111,-0.999916,-8.38190e-9</row0>
          <row1>0.998343,0.0128908,0.0560794</row1>
          <row2>-0.0560747,-0.000724056,0.998426</row2>
        </orientation>
      </transform>
      <snapped>false</snapped>
    </blockref>
    <blockref>
      <blockid>flora_parts~, fe_cap_01a</blockid>
      <transform>
        <scale>0,591554</scale>
        <position>-2.520090,0.0308159,3.241024</position>
        <triangledirection>0.998342,0.0129334,0.0560819</triangledirection>
        <trianglepickorigin>0,0,0</trianglepickorigin>
        <orientation>
          <row0>0.00240180,-0.982937,0.183925</row0>
          <row1>0.998342,0.0129334,0.0560819</row1>
          <row2>-0.0575037,0.183486,0.981338</row2>
        </orientation>
      </transform>
      <snapped>false</snapped>
    </blockref>
    <blockref>
      <blockid>flora_parts~, fe_cap_01a</blockid>
      <transform>
        <scale>0,591554</scale>
        <position>-2.504459,0.109135,3.040708</position>
        <triangledirection>0.990779,0.00146700,0.135478</triangledirection>
        <trianglepickorigin>0,0,0</trianglepickorigin>
        <orientation>
          <row0>0.00148065,-0.999998,-4.56348e-8</row0>
          <row1>0.990779,0.00146700,0.135478</row1>
          <row2>-0.135477,-0.000200641,0.990780</row2>
        </orientation>
      </transform>
      <snapped>false</snapped>
    </blockref>
    <blockref>
      <blockid>flora_parts~, fe_cap_01a</blockid>
      <transform>
        <scale>0,591554</scale>
        <position>-2.523267,0.370099,3.219304</position>
        <triangledirection>0.998342,0.0129334,0.0560819</triangledirection>
        <trianglepickorigin>0,0,0</trianglepickorigin>
        <orientation>
          <row0>0.00240180,-0.982937,0.183925</row0>
          <row1>0.998342,0.0129334,0.0560819</row1>
          <row2>-0.0575037,0.183486,0.981338</row2>
        </orientation>
      </transform>
      <snapped>false</snapped>
    </blockref>
    <blockref>
      <blockid>flora_parts~, fe_cap_01a</blockid>
      <transform>
        <scale>0,591554</scale>
        <position>0.778962,0.458278,6.564546</position>
        <triangledirection>-0.0577121,0.580735,0.812044</triangledirection>
        <trianglepickorigin>0,0,0</trianglepickorigin>
        <orientation>
          <row0>0.995098,0.0988906,-4.47034e-8</row0>
          <row1>-0.0577121,0.580735,0.812044</row1>
          <row2>0.0803035,-0.808063,0.583595</row2>
        </orientation>
      </transform>
      <snapped>false</snapped>
    </blockref>
    <blockref>
      <blockid>flora_parts~, fe_cap_01a</blockid>
      <transform>
        <scale>0,591554</scale>
        <position>-0.955697,-1.884085,3.501325</position>
        <triangledirection>-0.817612,0.563796,0.116806</triangledirection>
        <trianglepickorigin>0,0,0</trianglepickorigin>
        <orientation>
          <row0>0.564017,0.825048,-0.0343467</row0>
          <row1>-0.817612,0.563796,0.116806</row1>
          <row2>0.115735,-0.0377983,0.992560</row2>
        </orientation>
      </transform>
      <snapped>false</snapped>
    </blockref>
    <blockref>
      <blockid>flora_parts~, FE_muscle_branch_04</blockid>
      <transform>
        <limbtype>0</limbtype>
        <musclescale>0.5</musclescale>
        <basemusclescale>3</basemusclescale>
        <scale>1</scale>
        <position>0,0,0.349999</position>
        <triangledirection>-0.838241,0.540022,0.0756695</triangledirection>
        <trianglepickorigin>0,0,0</trianglepickorigin>
        <orientation>
          <row0>0.220446,0.462517,-0.858767</row0>
          <row1>-0.838241,0.540022,0.0756695</row1>
          <row2>0.498752,0.703173,0.506747</row2>
        </orientation>
      </transform>
      <snapped>true</snapped>
      <childlist count="1">
        <childid>20</childid>
      </childlist>
      <handles count="1">
        <weight channel="longer">0.162245</weight>
      </handles>
    </blockref>
    <blockref>
      <blockid>flora_parts~, FE_muscle_branch_04</blockid>
      <transform>
        <limbtype>0</limbtype>
        <musclescale>0.5</musclescale>
        <basemusclescale>1</basemusclescale>
        <scale>1</scale>
        <position>1.049687,-0.676242,0.255241</position>
        <triangledirection>-0.838241,0.540022,0.0756695</triangledirection>
        <trianglepickorigin>0,0,0</trianglepickorigin>
        <orientation>
          <row0>0.220446,0.462517,-0.858767</row0>
          <row1>-0.838241,0.540022,0.0756695</row1>
          <row2>0.498752,0.703173,0.506747</row2>
        </orientation>
      </transform>
      <snapped>true</snapped>
      <childlist count="1">
        <childid>21</childid>
      </childlist>
      <handles count="1">
        <weight channel="longer">0.162245</weight>
      </handles>
    </blockref>
    <blockref>
      <blockid>Creature_parts~, ce_grasper_null</blockid>
      <transform>
        <basemusclescale>1</basemusclescale>
        <scale>1</scale>
        <position>2.099375,-1.352485,0.160485</position>
        <triangledirection>4.02330e-7,8.79168e-7,-1</triangledirection>
        <trianglepickorigin>0,0,0</trianglepickorigin>
        <orientation>
          <row0>1,-5.36441e-7,4.02330e-7</row0>
          <row1>4.02330e-7,8.79168e-7,-1</row1>
          <row2>5.36441e-7,1,8.79168e-7</row2>
        </orientation>
      </transform>
      <snapped>true</snapped>
    </blockref>
    <blockref>
      <blockid>flora_parts~, FE_muscle_branch_04</blockid>
      <transform>
        <limbtype>0</limbtype>
        <musclescale>0.5</musclescale>
        <basemusclescale>0.800000</basemusclescale>
        <scale>1</scale>
        <position>-0.718340,0.107651,0.463283</position>
        <triangledirection>0.991663,0.0124580,0.128252</triangledirection>
        <trianglepickorigin>0,0,0</trianglepickorigin>
        <orientation>
          <row0>-0.123215,-0.199578,0.972104</row0>
          <row1>0.991663,0.0124580,0.128252</row1>
          <row2>-0.0377068,0.979802,0.196380</row2>
        </orientation>
      </transform>
      <snapped>true</snapped>
      <childlist count="2">
        <childid>23</childid>
        <childid>9</childid>
      </childlist>
      <handles count="1">
        <weight channel="longer">0.162245</weight>
      </handles>
    </blockref>
    <blockref>
      <blockid>Creature_parts~, ce_grasper_null</blockid>
      <transform>
        <basemusclescale>1</basemusclescale>
        <scale>1</scale>
        <position>-1.960152,0.0920510,0.302680</position>
        <triangledirection>0.167232,-0.650095,0.741221</triangledirection>
        <trianglepickorigin>0,0,0</trianglepickorigin>
        <orientation>
          <row0>-0.827947,0.315582,0.463583</row0>
          <row1>0.167232,-0.650095,0.741221</row1>
          <row2>0.535290,0.691218,0.485469</row2>
        </orientation>
      </transform>
      <snapped>true</snapped>
    </blockref>
    <blockref>
      <blockid>flora_parts~, FE_muscle_branch_04</blockid>
      <transform>
        <limbtype>0</limbtype>
        <musclescale>0.5</musclescale>
        <basemusclescale>3</basemusclescale>
        <scale>1</scale>
        <position>0,0,0.349999</position>
        <triangledirection>0.447417,0.885457,0.125626</triangledirection>
        <trianglepickorigin>0,0,0</trianglepickorigin>
        <orientation>
          <row0>0.685908,-0.429886,0.587134</row0>
          <row1>0.447417,0.885457,0.125626</row1>
          <row2>-0.573888,0.176526,0.799681</row2>
        </orientation>
      </transform>
      <snapped>true</snapped>
      <childlist count="1">
        <childid>25</childid>
      </childlist>
      <handles count="1">
        <weight channel="longer">0.162245</weight>
      </handles>
    </blockref>
    <blockref>
      <blockid>flora_parts~, FE_muscle_branch_04</blockid>
      <transform>
        <limbtype>0</limbtype>
        <musclescale>0.5</musclescale>
        <basemusclescale>1</basemusclescale>
        <scale>1</scale>
        <position>-0.560277,-1.108814,0.192682</position>
        <triangledirection>0.447417,0.885457,0.125626</triangledirection>
        <trianglepickorigin>0,0,0</trianglepickorigin>
        <orientation>
          <row0>0.685908,-0.429886,0.587134</row0>
          <row1>0.447417,0.885457,0.125626</row1>
          <row2>-0.573888,0.176526,0.799681</row2>
        </orientation>
      </transform>
      <snapped>true</snapped>
      <childlist count="2">
        <childid>26</childid>
        <childid>7</childid>
      </childlist>
      <handles count="1">
        <weight channel="longer">0.162245</weight>
      </handles>
    </blockref>
    <blockref>
      <blockid>Creature_parts~, ce_grasper_null</blockid>
      <transform>
        <basemusclescale>1</basemusclescale>
        <scale>1</scale>
        <position>-1.120553,-2.217627,0.0353679</position>
        <triangledirection>0.845996,-0.525628,0.0894700</triangledirection>
        <trianglepickorigin>0,0,0</trianglepickorigin>
        <orientation>
          <row0>-0.510065,-0.748953,0.422967</row0>
          <row1>0.845996,-0.525628,0.0894700</row1>
          <row2>0.155314,0.403464,0.901717</row2>
        </orientation>
      </transform>
      <snapped>true</snapped>
    </blockref>
    <blockref>
      <blockid>flora_parts~, FE_muscle_branch_04</blockid>
      <transform>
        <limbtype>0</limbtype>
        <musclescale>0.5</musclescale>
        <basemusclescale>1.25</basemusclescale>
        <scale>1</scale>
        <position>0.111577,0.0550730,0.588336</position>
        <triangledirection>-0.629773,-0.690879,0.355064</triangledirection>
        <trianglepickorigin>0,0,0</trianglepickorigin>
        <orientation>
          <row0>-0.776424,0.573685,-0.260865</row0>
          <row1>-0.629773,-0.690879,0.355064</row1>
          <row2>0.0234688,0.439966,0.897707</row2>
        </orientation>
      </transform>
      <snapped>true</snapped>
      <childlist count="1">
        <childid>28</childid>
      </childlist>
      <handles count="1">
        <weight channel="longer">0.162245</weight>
      </handles>
    </blockref>
    <blockref>
      <blockid>flora_parts~, FE_muscle_branch_04</blockid>
      <transform>
        <limbtype>0</limbtype>
        <musclescale>0.5</musclescale>
        <basemusclescale>1</basemusclescale>
        <scale>1</scale>
        <position>0.900211,0.920226,0.143707</position>
        <triangledirection>-0.727121,-0.686184,0.0211096</triangledirection>
        <trianglepickorigin>0,0,0</trianglepickorigin>
        <orientation>
          <row0>-0.660032,0.690290,-0.296407</row0>
          <row1>-0.727121,-0.686184,0.0211096</row1>
          <row2>-0.188818,0.229457,0.954828</row2>
        </orientation>
      </transform>
      <snapped>true</snapped>
      <childlist count="3">
        <childid>29</childid>
        <childid>10</childid>
        <childid>8</childid>
      </childlist>
      <handles count="1">
        <weight channel="longer">0.162245</weight>
      </handles>
    </blockref>
    <blockref>
      <blockid>Creature_parts~, ce_grasper_null</blockid>
      <transform>
        <basemusclescale>1</basemusclescale>
        <scale>1</scale>
        <position>1.810748,1.779500,0.117273</position>
        <triangledirection>0.845996,-0.525628,0.0894701</triangledirection>
        <trianglepickorigin>0,0,0</trianglepickorigin>
        <orientation>
          <row0>-0.510066,-0.748954,0.422966</row0>
          <row1>0.845996,-0.525628,0.0894701</row1>
          <row2>0.155313,0.403463,0.901717</row2>
        </orientation>
      </transform>
      <snapped>true</snapped>
    </blockref>
    <blockref>
      <blockid>flora_parts~, fe_cap_01a</blockid>
      <transform>
        <scale>0,591554</scale>
        <position>-2.547058,0.433997,4.198627</position>
        <triangledirection>0.999826,0.00696320,-0.0173055</triangledirection>
        <trianglepickorigin>0,0,0</trianglepickorigin>
        <orientation>
          <row0>0.00696425,-0.999975,-1.67347e-9</row0>
          <row1>0.999826,0.00696320,-0.0173055</row1>
          <row2>0.0173051,0.000120518,0.999850</row2>
        </orientation>
      </transform>
      <snapped>false</snapped>
    </blockref>
    <blockref>
      <blockid>flora_parts~, fe_cap_01a</blockid>
      <transform>
        <scale>0,591554</scale>
        <position>-2.518837,0.375824,4.686532</position>
        <triangledirection>0.997304,0.00681139,-0.0730525</triangledirection>
        <trianglepickorigin>0,0,0</trianglepickorigin>
        <orientation>
          <row0>0.00682964,-0.999976,6.46105e-9</row0>
          <row1>0.997304,0.00681139,-0.0730525</row1>
          <row2>0.0730508,0.000498929,0.997328</row2>
        </orientation>
      </transform>
      <snapped>false</snapped>
    </blockref>
    <blockref>
      <blockid>flora_parts~, FE_leaf_21</blockid>
      <transform>
        <scale>2,857651</scale>
        <position>-0.0587903,-0.398414,0.814045</position>
        <triangledirection>0.214829,-0.243724,-0.945751</triangledirection>
        <trianglepickorigin>0,0,0</trianglepickorigin>
        <orientation>
          <row0>0.999316,0.0369673,-1.86264e-8</row0>
          <row1>-0.0244788,0.661720,-0.749350</row1>
          <row2>-0.0277015,0.748838,0.662173</row2>
        </orientation>
        <userorientation>
          <userorientation_row0>0.550303,0.624342,0.554401</userorientation_row0>
          <userorientation_row1>0.205672,0.542163,-0.814713</userorientation_row1>
          <userorientation_row2>-0.809235,0.562364,0.169943</userorientation_row2>
        </userorientation>
      </transform>
      <snapped>false</snapped>
      <handles count="4">
        <weight channel="Bend_vert">0.426806</weight>
        <weight channel="Length">1</weight>
        <weight channel="tweak_sideways">0.470732</weight>
        <weight channel="WidthHeight">1</weight>
      </handles>
    </blockref>
  </blocks></sporemodel>