spore0006438f6347406662000775854eb9fea735ffffffffffffffffffffffffffffffff0000000ec178f87c0dsporeautotestfffffffffffffffe09Plutugola00006gaprop00<?xml version="1.0" encoding="UTF-8"?><sporemodel>
  <properties>
    <modeltype>PlantLarge</modeltype>
    <skineffectseed1>1234</skineffectseed1>
    <skineffectseed2>1234</skineffectseed2>
    <skineffectseed3>1234</skineffectseed3>
    <skincolor1>1,0.901960,0.862744</skincolor1>
    <skincolor2>0.905882,0.282352,0.0470587</skincolor2>
    <skincolor3>0.972549,0.749019,0.262744</skincolor3>
    <zcorpscore>8</zcorpscore>
  </properties>
  <blocks count="30">
    <blockref>
      <blockid>flora_parts~, fe_root_dummy</blockid>
      <transform>
        <scale>1</scale>
        <position>0.00732534,-0.00372784,0.600000</position>
        <triangledirection>0,1,0</triangledirection>
        <trianglepickorigin>0,0,0</trianglepickorigin>
        <orientation>
          <row0>1,0,0</row0>
          <row1>0,1,0</row1>
          <row2>0,0,1</row2>
        </orientation>
      </transform>
      <snapped>false</snapped>
      <childlist count="5">
        <childid>17</childid>
        <childid>7</childid>
        <childid>5</childid>
        <childid>3</childid>
        <childid>1</childid>
      </childlist>
    </blockref>
    <blockref>
      <blockid>flora_parts~, FE_muscle_branch_04</blockid>
      <transform>
        <limbtype>0</limbtype>
        <musclescale>0.5</musclescale>
        <basemusclescale>3</basemusclescale>
        <scale>1</scale>
        <position>0.00732534,-0.00372784,0.600000</position>
        <triangledirection>0.0268859,0.0305509,0.999171</triangledirection>
        <trianglepickorigin>0,0,0</trianglepickorigin>
        <orientation>
          <row0>0.976802,-0.213226,-0.0197643</row0>
          <row1>0.0268859,0.0305509,0.999171</row1>
          <row2>-0.212446,-0.976525,0.0355750</row2>
        </orientation>
      </transform>
      <snapped>true</snapped>
      <childlist count="1">
        <childid>2</childid>
      </childlist>
      <handles count="1">
        <weight channel="longer">0.162245</weight>
      </handles>
    </blockref>
    <blockref>
      <blockid>Creature_parts~, ce_grasper_null</blockid>
      <transform>
        <basemusclescale>0.699996</basemusclescale>
        <scale>1</scale>
        <position>-0.0263423,-0.0419848,-0.651212</position>
        <triangledirection>0,0,-1</triangledirection>
        <trianglepickorigin>0,0,0</trianglepickorigin>
        <orientation>
          <row0>1,0,0</row0>
          <row1>0,0,-1</row1>
          <row2>0,1,0</row2>
        </orientation>
      </transform>
      <snapped>true</snapped>
    </blockref>
    <blockref>
      <blockid>flora_parts~, fe_muscle_branch_01</blockid>
      <transform>
        <limbtype>0</limbtype>
        <musclescale>0.5</musclescale>
        <basemusclescale>3</basemusclescale>
        <scale>1</scale>
        <position>0.00732534,-0.00372784,0.600000</position>
        <triangledirection>0.649839,0.287067,0.703775</triangledirection>
        <trianglepickorigin>0,0,0</trianglepickorigin>
        <orientation>
          <row0>-0.0833831,0.947270,-0.309395</row0>
          <row1>0.649839,0.287067,0.703775</row1>
          <row2>0.755483,-0.142374,-0.639510</row2>
        </orientation>
      </transform>
      <snapped>true</snapped>
      <childlist count="2">
        <childid>11</childid>
        <childid>4</childid>
      </childlist>
      <handles count="1">
        <weight channel="longer">0.151929</weight>
      </handles>
    </blockref>
    <blockref>
      <blockid>Creature_parts~, ce_grasper_null</blockid>
      <transform>
        <basemusclescale>0.600000</basemusclescale>
        <scale>1</scale>
        <position>-0.764362,-0.344622,-0.235734</position>
        <triangledirection>0,0,-1</triangledirection>
        <trianglepickorigin>0,0,0</trianglepickorigin>
        <orientation>
          <row0>1,0,0</row0>
          <row1>0,0,-1</row1>
          <row2>0,1,0</row2>
        </orientation>
      </transform>
      <snapped>true</snapped>
    </blockref>
    <blockref>
      <blockid>flora_parts~, fe_muscle_branch_01</blockid>
      <transform>
        <limbtype>0</limbtype>
        <musclescale>0.5</musclescale>
        <basemusclescale>3</basemusclescale>
        <scale>1</scale>
        <position>0.00732534,-0.00372784,0.600000</position>
        <triangledirection>-0.449015,0.639585,0.623951</triangledirection>
        <trianglepickorigin>0,0,0</trianglepickorigin>
        <orientation>
          <row0>-0.553193,0.349391,-0.756242</row0>
          <row1>-0.449015,0.639585,0.623951</row1>
          <row2>0.701684,0.684730,-0.196932</row2>
        </orientation>
      </transform>
      <snapped>true</snapped>
      <childlist count="4">
        <childid>16</childid>
        <childid>15</childid>
        <childid>10</childid>
        <childid>6</childid>
      </childlist>
      <handles count="1">
        <weight channel="longer">0.159581</weight>
      </handles>
    </blockref>
    <blockref>
      <blockid>Creature_parts~, ce_grasper_null</blockid>
      <transform>
        <basemusclescale>0.650000</basemusclescale>
        <scale>1</scale>
        <position>0.562096,-0.793951,-0.170910</position>
        <triangledirection>0,0,-1</triangledirection>
        <trianglepickorigin>0,0,0</trianglepickorigin>
        <orientation>
          <row0>1,0,0</row0>
          <row1>0,0,-1</row1>
          <row2>0,1,0</row2>
        </orientation>
      </transform>
      <snapped>true</snapped>
    </blockref>
    <blockref>
      <blockid>flora_parts~, fe_muscle_branch_01</blockid>
      <transform>
        <limbtype>0</limbtype>
        <musclescale>0.400000</musclescale>
        <basemusclescale>3</basemusclescale>
        <scale>1</scale>
        <position>0.00732534,-0.00372784,0.600000</position>
        <triangledirection>0.0391107,-0.548779,0.835052</triangledirection>
        <trianglepickorigin>0,0,0</trianglepickorigin>
        <orientation>
          <row0>0.929391,-0.286970,-0.232120</row0>
          <row1>0.0391107,-0.548779,0.835052</row1>
          <row2>-0.367017,-0.785168,-0.498806</row2>
        </orientation>
      </transform>
      <snapped>true</snapped>
      <childlist count="3">
        <childid>14</childid>
        <childid>13</childid>
        <childid>8</childid>
      </childlist>
      <handles count="1">
        <weight channel="longer">0.162245</weight>
      </handles>
    </blockref>
    <blockref>
      <blockid>Creature_parts~, ce_grasper_null</blockid>
      <transform>
        <basemusclescale>0.650000</basemusclescale>
        <scale>1</scale>
        <position>-0.0416513,0.683481,-0.445693</position>
        <triangledirection>0,0,-1</triangledirection>
        <trianglepickorigin>0,0,0</trianglepickorigin>
        <orientation>
          <row0>1,0,0</row0>
          <row1>0,0,-1</row1>
          <row2>0,1,0</row2>
        </orientation>
      </transform>
      <snapped>true</snapped>
    </blockref>
    <blockref>
      <blockid>flora_parts~, FE_leaf_15</blockid>
      <transform>
        <scale>3,437058</scale>
        <position>0.0882633,-0.0961836,8.422152</position>
        <triangledirection>-0.0804442,0.331393,-0.940056</triangledirection>
        <trianglepickorigin>0,0,0</trianglepickorigin>
        <orientation>
          <row0>0.920508,0.390723,-2.01165e-7</row0>
          <row1>-0.0817289,0.192545,-0.977878</row1>
          <row2>-0.382080,0.900145,0.209172</row2>
        </orientation>
        <userorientation>
          <userorientation_row0>0.996034,-0.0640508,0.0617319</userorientation_row0>
          <userorientation_row1>0.0554337,0.989643,0.132403</userorientation_row1>
          <userorientation_row2>-0.0695734,-0.128457,0.989270</userorientation_row2>
        </userorientation>
      </transform>
      <snapped>false</snapped>
      <handles count="3">
        <weight channel="DeformAxisForward">0</weight>
        <weight channel="DeformAxisUp">0.593281</weight>
        <weight channel="0x7c184950">0.674573</weight>
      </handles>
    </blockref>
    <blockref>
      <blockid>flora_parts~, FE_leaf_15</blockid>
      <transform>
        <scale>1,660055</scale>
        <position>0.412990,0.344163,0.835340</position>
        <triangledirection>-0.569108,-0.812939,-0.123460</triangledirection>
        <trianglepickorigin>0,0,0</trianglepickorigin>
        <orientation>
          <row0>-0.828552,0.559911,7.45058e-7</row0>
          <row1>-0.490399,-0.725688,-0.482581</row1>
          <row2>-0.270202,-0.399844,0.875851</row2>
        </orientation>
        <userorientation>
          <userorientation_row0>0.999844,-0.0176171,4.51691e-7</userorientation_row0>
          <userorientation_row1>0.0163616,0.928611,0.370691</userorientation_row1>
          <userorientation_row2>-0.00653098,-0.370634,0.928755</userorientation_row2>
        </userorientation>
      </transform>
      <snapped>false</snapped>
      <handles count="3">
        <weight channel="DeformAxisForward">0.661345</weight>
        <weight channel="DeformAxisUp">0.973286</weight>
        <weight channel="0x7c184950">0.632037</weight>
      </handles>
    </blockref>
    <blockref>
      <blockid>flora_parts~, FE_leaf_21</blockid>
      <transform>
        <scale>1</scale>
        <position>0.381565,-0.560267,0.575129</position>
        <triangledirection>-0.146439,0.287903,-0.946396</triangledirection>
        <trianglepickorigin>0,0,0</trianglepickorigin>
        <orientation>
          <row0>0.891325,0.453363,-2.38418e-7</row0>
          <row1>-0.408234,0.802601,-0.434943</row1>
          <row2>-0.197187,0.387676,0.900457</row2>
        </orientation>
        <userorientation>
          <userorientation_row0>1,0,0</userorientation_row0>
          <userorientation_row1>0,0.702481,-0.711700</userorientation_row1>
          <userorientation_row2>0,0.711700,0.702481</userorientation_row2>
        </userorientation>
      </transform>
      <snapped>false</snapped>
      <handles count="4">
        <weight channel="Bend_vert">0.552742</weight>
        <weight channel="Length">0.867720</weight>
        <weight channel="tweak_sideways">0.616163</weight>
        <weight channel="WidthHeight">1</weight>
      </handles>
    </blockref>
    <blockref>
      <blockid>flora_parts~, FE_leaf_21</blockid>
      <transform>
        <scale>1</scale>
        <position>-0.194850,-0.693442,0.678924</position>
        <triangledirection>0.245883,0.696523,-0.674087</triangledirection>
        <trianglepickorigin>0,0,0</trianglepickorigin>
        <orientation>
          <row0>0.967920,-0.251256,3.20374e-7</row0>
          <row1>0.223124,0.859543,-0.459782</row1>
          <row2>0.115523,0.445032,0.888031</row2>
        </orientation>
        <userorientation>
          <userorientation_row0>0.997340,-0.0511932,0.0518650</userorientation_row0>
          <userorientation_row1>0.0629886,0.963489,-0.260230</userorientation_row1>
          <userorientation_row2>-0.0366494,0.262805,0.964152</userorientation_row2>
        </userorientation>
      </transform>
      <snapped>false</snapped>
      <handles count="4">
        <weight channel="Bend_vert">0.552742</weight>
        <weight channel="Length">0.867720</weight>
        <weight channel="tweak_sideways">0.616163</weight>
        <weight channel="WidthHeight">1</weight>
      </handles>
    </blockref>
    <blockref>
      <blockid>flora_parts~, FE_leaf_21</blockid>
      <transform>
        <scale>1</scale>
        <position>-0.375595,0.309904,0.858187</position>
        <triangledirection>0.213434,-0.184646,-0.959347</triangledirection>
        <trianglepickorigin>0,0,0</trianglepickorigin>
        <orientation>
          <row0>-0.654260,-0.756269,6.70552e-7</row0>
          <row1>0.666292,-0.576420,-0.473068</row1>
          <row2>0.357767,-0.309509,0.881025</row2>
        </orientation>
        <userorientation>
          <userorientation_row0>1,0,0</userorientation_row0>
          <userorientation_row1>0,0.702480,-0.711699</userorientation_row1>
          <userorientation_row2>0,0.711699,0.702480</userorientation_row2>
        </userorientation>
      </transform>
      <snapped>false</snapped>
      <handles count="4">
        <weight channel="Bend_vert">0.552742</weight>
        <weight channel="Length">0.867720</weight>
        <weight channel="tweak_sideways">0.616163</weight>
        <weight channel="WidthHeight">1</weight>
      </handles>
    </blockref>
    <blockref>
      <blockid>flora_parts~, FE_leaf_21</blockid>
      <transform>
        <scale>1</scale>
        <position>-0.527529,-0.281135,0.663648</position>
        <triangledirection>0.326190,0.208524,-0.922015</triangledirection>
        <trianglepickorigin>0,0,0</trianglepickorigin>
        <orientation>
          <row0>0.538618,-0.842549,-1.49011e-8</row0>
          <row1>0.782025,0.499927,-0.372167</row1>
          <row2>0.313569,0.200456,0.928165</row2>
        </orientation>
        <userorientation>
          <userorientation_row0>1,0,0</userorientation_row0>
          <userorientation_row1>0,0.702480,-0.711699</userorientation_row1>
          <userorientation_row2>0,0.711699,0.702480</userorientation_row2>
        </userorientation>
      </transform>
      <snapped>false</snapped>
      <handles count="4">
        <weight channel="Bend_vert">0.552742</weight>
        <weight channel="Length">0.401073</weight>
        <weight channel="tweak_sideways">0.616163</weight>
        <weight channel="WidthHeight">1</weight>
      </handles>
    </blockref>
    <blockref>
      <blockid>flora_parts~, FE_leaf_21</blockid>
      <transform>
        <scale>1</scale>
        <position>0.657596,0.168211,0.781075</position>
        <triangledirection>-0.677144,-0.363647,-0.639712</triangledirection>
        <trianglepickorigin>0,0,0</trianglepickorigin>
        <orientation>
          <row0>-0.473122,0.880996,-2.83122e-7</row0>
          <row1>-0.789462,-0.423966,-0.443848</row1>
          <row2>-0.391028,-0.209994,0.896101</row2>
        </orientation>
        <userorientation>
          <userorientation_row0>1,0,0</userorientation_row0>
          <userorientation_row1>0,0.972689,-0.232101</userorientation_row1>
          <userorientation_row2>0,0.232101,0.972689</userorientation_row2>
        </userorientation>
      </transform>
      <snapped>false</snapped>
      <handles count="4">
        <weight channel="Bend_vert">0.552742</weight>
        <weight channel="Length">0.401073</weight>
        <weight channel="tweak_sideways">0.616163</weight>
        <weight channel="WidthHeight">1</weight>
      </handles>
    </blockref>
    <blockref>
      <blockid>flora_parts~, FE_leaf_21</blockid>
      <transform>
        <scale>1</scale>
        <position>0.552002,-0.145056,0.960760</position>
        <triangledirection>-0.375685,0.0993170,-0.921408</triangledirection>
        <trianglepickorigin>0,0,0</trianglepickorigin>
        <orientation>
          <row0>0.255583,0.966787,-5.14090e-7</row0>
          <row1>-0.897901,0.237372,-0.370712</row1>
          <row2>-0.358399,0.0947482,0.928747</row2>
        </orientation>
        <userorientation>
          <userorientation_row0>1,0,0</userorientation_row0>
          <userorientation_row1>0,0.702480,-0.711699</userorientation_row1>
          <userorientation_row2>0,0.711699,0.702480</userorientation_row2>
        </userorientation>
      </transform>
      <snapped>false</snapped>
      <handles count="4">
        <weight channel="Bend_vert">0.552742</weight>
        <weight channel="Length">0.867720</weight>
        <weight channel="tweak_sideways">0.616163</weight>
        <weight channel="WidthHeight">1</weight>
      </handles>
    </blockref>
    <blockref>
      <blockid>flora_parts~, fe_trunk_03</blockid>
      <transform>
        <limbtype>2</limbtype>
        <musclescale>0.5</musclescale>
        <basemusclescale>3</basemusclescale>
        <scale>1</scale>
        <position>0.00732534,-0.00372784,0.600000</position>
        <triangledirection>0,-1.19209e-7,-1</triangledirection>
        <trianglepickorigin>0,0,0</trianglepickorigin>
        <orientation>
          <row0>1,0,0</row0>
          <row1>0,-1.19209e-7,-1</row1>
          <row2>0,1,-1.19209e-7</row2>
        </orientation>
      </transform>
      <snapped>true</snapped>
      <childlist count="2">
        <childid>18</childid>
        <childid>12</childid>
      </childlist>
      <handles count="3">
        <weight channel="DeformAxisLeft">0.554540</weight>
        <weight channel="DeformAxisForward">1</weight>
        <weight channel="DeformBoneLength">0.500086</weight>
      </handles>
    </blockref>
    <blockref>
      <blockid>flora_parts~, fe_trunk_03</blockid>
      <transform>
        <limbtype>2</limbtype>
        <musclescale>0.5</musclescale>
        <basemusclescale>1</basemusclescale>
        <scale>1</scale>
        <position>0.00732534,-0.00372754,3.125255</position>
        <triangledirection>0,-1.19209e-7,-1</triangledirection>
        <trianglepickorigin>0,0,0</trianglepickorigin>
        <orientation>
          <row0>1,0,0</row0>
          <row1>0,-1.19209e-7,-1</row1>
          <row2>0,1,-1.19209e-7</row2>
        </orientation>
      </transform>
      <snapped>true</snapped>
      <childlist count="7">
        <childid>29</childid>
        <childid>27</childid>
        <childid>26</childid>
        <childid>24</childid>
        <childid>23</childid>
        <childid>22</childid>
        <childid>19</childid>
      </childlist>
      <handles count="3">
        <weight channel="DeformAxisLeft">0.566052</weight>
        <weight channel="DeformAxisForward">0.564096</weight>
        <weight channel="DeformBoneLength">0.500086</weight>
      </handles>
    </blockref>
    <blockref>
      <blockid>flora_parts~, fe_trunk_03</blockid>
      <transform>
        <limbtype>2</limbtype>
        <musclescale>0.5</musclescale>
        <basemusclescale>1</basemusclescale>
        <scale>1</scale>
        <position>0.00732534,-0.00372724,5.650510</position>
        <triangledirection>0,-1.19209e-7,-1</triangledirection>
        <trianglepickorigin>0,0,0</trianglepickorigin>
        <orientation>
          <row0>1,0,0</row0>
          <row1>0,-1.19209e-7,-1</row1>
          <row2>0,1,-1.19209e-7</row2>
        </orientation>
      </transform>
      <snapped>true</snapped>
      <childlist count="2">
        <childid>20</childid>
        <childid>9</childid>
      </childlist>
      <handles count="3">
        <weight channel="DeformAxisLeft">0.566151</weight>
        <weight channel="DeformAxisForward">0.325760</weight>
        <weight channel="DeformBoneLength">0.500086</weight>
      </handles>
    </blockref>
    <blockref>
      <blockid>flora_parts~, fe_trunk_03</blockid>
      <transform>
        <limbtype>2</limbtype>
        <musclescale>0.5</musclescale>
        <basemusclescale>1</basemusclescale>
        <scale>1</scale>
        <position>0.00732534,-0.00372694,8.175765</position>
        <triangledirection>0,-1.19209e-7,-1</triangledirection>
        <trianglepickorigin>0,0,0</trianglepickorigin>
        <orientation>
          <row0>1,0,0</row0>
          <row1>0,-1.19209e-7,-1</row1>
          <row2>0,1,-1.19209e-7</row2>
        </orientation>
      </transform>
      <snapped>true</snapped>
      <childlist count="1">
        <childid>21</childid>
      </childlist>
      <handles count="3">
        <weight channel="DeformAxisLeft">0.793012</weight>
        <weight channel="DeformAxisForward">1</weight>
        <weight channel="DeformBoneLength">0.500086</weight>
      </handles>
    </blockref>
    <blockref>
      <blockid>Creature_parts~, ce_grasper_null</blockid>
      <transform>
        <basemusclescale>1</basemusclescale>
        <scale>1</scale>
        <position>0.00732534,-0.00372664,10.701021</position>
        <triangledirection>0,-1.19209e-7,-1</triangledirection>
        <trianglepickorigin>0,0,0</trianglepickorigin>
        <orientation>
          <row0>1,0,0</row0>
          <row1>0,-1.19209e-7,-1</row1>
          <row2>0,1,-1.19209e-7</row2>
        </orientation>
      </transform>
      <snapped>true</snapped>
    </blockref>
    <blockref>
      <blockid>flora_parts~, fe_cap_01a</blockid>
      <transform>
        <scale>0,591554</scale>
        <position>-0.183302,-0.101342,5.553258</position>
        <triangledirection>0.959537,0.258812,-0.110920</triangledirection>
        <trianglepickorigin>0,0,0</trianglepickorigin>
        <orientation>
          <row0>0.260419,-0.965495,2.99885e-7</row0>
          <row1>0.959537,0.258812,-0.110920</row1>
          <row2>0.107092,0.0288860,0.993829</row2>
        </orientation>
      </transform>
      <snapped>false</snapped>
    </blockref>
    <blockref>
      <blockid>flora_parts~, fe_cap_01a</blockid>
      <transform>
        <scale>0,591554</scale>
        <position>0.0737729,-0.178512,5.416006</position>
        <triangledirection>-0.228802,0.973472,0.000525591</triangledirection>
        <trianglepickorigin>0,0,0</trianglepickorigin>
        <orientation>
          <row0>0.973473,0.228802,4.72937e-10</row0>
          <row1>-0.228802,0.973472,0.000525591</row1>
          <row2>0.000120255,-0.000511649,0.999999</row2>
        </orientation>
      </transform>
      <snapped>false</snapped>
      <childlist count="1">
        <childid>25</childid>
      </childlist>
    </blockref>
    <blockref>
      <blockid>flora_parts~, fe_cap_01a</blockid>
      <transform>
        <scale>0,591554</scale>
        <position>0.211617,0.0219737,5.503533</position>
        <triangledirection>-0.971985,-0.225571,0.0660422</triangledirection>
        <trianglepickorigin>0,0,0</trianglepickorigin>
        <orientation>
          <row0>-0.226064,0.974112,1.86264e-9</row0>
          <row1>-0.971985,-0.225571,0.0660422</row1>
          <row2>0.0643325,0.0149298,0.997816</row2>
        </orientation>
      </transform>
      <snapped>false</snapped>
    </blockref>
    <blockref>
      <blockid>flora_parts~, fe_cap_01a</blockid>
      <transform>
        <scale>0,591554</scale>
        <position>0.0716167,-0.263736,5.413252</position>
        <triangledirection>-0.228802,0.973472,0.000525591</triangledirection>
        <trianglepickorigin>0,0,0</trianglepickorigin>
        <orientation>
          <row0>0.973473,0.228802,4.72937e-10</row0>
          <row1>-0.228802,0.973472,0.000525591</row1>
          <row2>0.000120255,-0.000511649,0.999999</row2>
        </orientation>
      </transform>
      <snapped>false</snapped>
    </blockref>
    <blockref>
      <blockid>flora_parts~, fe_cap_01a</blockid>
      <transform>
        <scale>0,591554</scale>
        <position>0.204832,-0.0953766,5.325203</position>
        <triangledirection>-0.955537,0.247204,-0.160741</triangledirection>
        <trianglepickorigin>0,0,0</trianglepickorigin>
        <orientation>
          <row0>0.250461,0.968126,-4.47034e-8</row0>
          <row1>-0.955537,0.247204,-0.160741</row1>
          <row2>-0.155617,0.0402594,0.986996</row2>
        </orientation>
      </transform>
      <snapped>false</snapped>
    </blockref>
    <blockref>
      <blockid>flora_parts~, fe_cap_01a</blockid>
      <transform>
        <scale>0,591554</scale>
        <position>0.190341,0.0949836,5.464483</position>
        <triangledirection>-0.645061,-0.762917,0.0430378</triangledirection>
        <trianglepickorigin>0,0,0</trianglepickorigin>
        <orientation>
          <row0>-0.763625,0.645659,4.47034e-8</row0>
          <row1>-0.645061,-0.762917,0.0430378</row1>
          <row2>0.0277878,0.0328647,0.999073</row2>
        </orientation>
      </transform>
      <snapped>false</snapped>
      <childlist count="1">
        <childid>28</childid>
      </childlist>
    </blockref>
    <blockref>
      <blockid>flora_parts~, fe_cap_01a</blockid>
      <transform>
        <scale>0,591554</scale>
        <position>0.259957,0.143868,5.458226</position>
        <triangledirection>-0.645061,-0.762917,0.0430378</triangledirection>
        <trianglepickorigin>0,0,0</trianglepickorigin>
        <orientation>
          <row0>-0.763625,0.645659,4.47034e-8</row0>
          <row1>-0.645061,-0.762917,0.0430378</row1>
          <row2>0.0277878,0.0328647,0.999073</row2>
        </orientation>
      </transform>
      <snapped>false</snapped>
    </blockref>
    <blockref>
      <blockid>flora_parts~, fe_cap_01a</blockid>
      <transform>
        <scale>0,591554</scale>
        <position>-0.203330,-0.00962861,5.378591</position>
        <triangledirection>0.958536,0.238475,-0.156004</triangledirection>
        <trianglepickorigin>0,0,0</trianglepickorigin>
        <orientation>
          <row0>0.241431,-0.970418,2.79396e-7</row0>
          <row1>0.958536,0.238475,-0.156004</row1>
          <row2>0.151389,0.0376645,0.987756</row2>
        </orientation>
      </transform>
      <snapped>false</snapped>
    </blockref>
  </blocks></sporemodel>