spore0006438f6347406662000770df8eb9fea735ffffffffffffffffffffffffffffffff0000000ec178f77b0dsporeautotestfffffffffffffffe07Umbacca00006gaprop00<?xml version="1.0" encoding="UTF-8"?><sporemodel>
  <properties>
    <modeltype>PlantMedium</modeltype>
    <skineffectseed1>1234</skineffectseed1>
    <skineffectseed2>1234</skineffectseed2>
    <skineffectseed3>1234</skineffectseed3>
    <skincolor1>0.286274,0.576469,0.262744</skincolor1>
    <skincolor2>0.949019,0.905882,0.427451</skincolor2>
    <skincolor3>0.431371,0.800000,0.400000</skincolor3>
    <zcorpscore>33</zcorpscore>
  </properties>
  <blocks count="20">
    <blockref>
      <blockid>flora_parts~, fe_root_dummy</blockid>
      <transform>
        <scale>1</scale>
        <position>0.0219304,0.00143325,0.600000</position>
        <triangledirection>0,1,0</triangledirection>
        <trianglepickorigin>0,0,0</trianglepickorigin>
        <orientation>
          <row0>1,0,0</row0>
          <row1>0,1,0</row1>
          <row2>0,0,1</row2>
        </orientation>
      </transform>
      <snapped>false</snapped>
      <childlist count="1">
        <childid>5</childid>
      </childlist>
    </blockref>
    <blockref>
      <blockid>Creature_parts~, ce_grasper_null</blockid>
      <transform>
        <basemusclescale>1.100000</basemusclescale>
        <scale>1</scale>
        <position>-2.640135,1.650595,3.122989</position>
        <triangledirection>0.240942,-0.239479,-0.940530</triangledirection>
        <trianglepickorigin>0,0,0</trianglepickorigin>
        <orientation>
          <row0>-0.784656,-0.618398,-0.0435534</row0>
          <row1>0.240942,-0.239479,-0.940530</row1>
          <row2>0.571192,-0.748487,0.336906</row2>
        </orientation>
      </transform>
      <snapped>false</snapped>
    </blockref>
    <blockref>
      <blockid>Creature_parts~, ce_grasper_null</blockid>
      <transform>
        <basemusclescale>1</basemusclescale>
        <scale>1</scale>
        <position>-2.281733,-0.156526,2.944823</position>
        <triangledirection>0.240960,-0.239477,-0.940525</triangledirection>
        <trianglepickorigin>0,0,0</trianglepickorigin>
        <orientation>
          <row0>-0.784640,-0.618419,-0.0435605</row0>
          <row1>0.240960,-0.239477,-0.940525</row1>
          <row2>0.571207,-0.748470,0.336917</row2>
        </orientation>
      </transform>
      <snapped>false</snapped>
    </blockref>
    <blockref>
      <blockid>Creature_parts~, ce_grasper_null</blockid>
      <transform>
        <basemusclescale>1</basemusclescale>
        <scale>1</scale>
        <position>0.203314,-1.786732,3.307368</position>
        <triangledirection>0,0,-1</triangledirection>
        <trianglepickorigin>0,0,0</trianglepickorigin>
        <orientation>
          <row0>1,0,0</row0>
          <row1>0,0,-1</row1>
          <row2>0,1,0</row2>
        </orientation>
      </transform>
      <snapped>false</snapped>
    </blockref>
    <blockref>
      <blockid>Creature_parts~, ce_grasper_null</blockid>
      <transform>
        <basemusclescale>1</basemusclescale>
        <scale>1</scale>
        <position>0.0219304,0.00143325,3.150254</position>
        <triangledirection>-0.100535,0.991115,-0.0870820</triangledirection>
        <trianglepickorigin>0,0,0</trianglepickorigin>
        <orientation>
          <row0>0.987913,0.109821,0.109388</row0>
          <row1>-0.100535,0.991115,-0.0870820</row1>
          <row2>-0.117980,0.0750321,0.990177</row2>
        </orientation>
      </transform>
      <snapped>false</snapped>
    </blockref>
    <blockref>
      <blockid>flora_parts~, fe_muscle_branch_01</blockid>
      <transform>
        <limbtype>0</limbtype>
        <musclescale>1</musclescale>
        <basemusclescale>2.200000</basemusclescale>
        <scale>1</scale>
        <position>0.0219304,0.00143325,0.600000</position>
        <triangledirection>0,-1.19209e-7,-1</triangledirection>
        <trianglepickorigin>0,0,0</trianglepickorigin>
        <orientation>
          <row0>0.997901,0.0647540,-7.71926e-9</row0>
          <row1>0,-1.19209e-7,-1</row1>
          <row2>-0.0647540,0.997901,-1.18958e-7</row2>
        </orientation>
      </transform>
      <snapped>true</snapped>
      <childlist count="3">
        <childid>10</childid>
        <childid>8</childid>
        <childid>6</childid>
      </childlist>
      <handles count="1">
        <weight channel="longer">0.00555498</weight>
      </handles>
    </blockref>
    <blockref>
      <blockid>flora_parts~, fe_muscle_branch_06</blockid>
      <transform>
        <limbtype>0</limbtype>
        <musclescale>0.5</musclescale>
        <basemusclescale>1.25</basemusclescale>
        <scale>1</scale>
        <position>0.0219304,0.00143329,0.868863</position>
        <triangledirection>0.0215602,-0.470576,0.882095</triangledirection>
        <trianglepickorigin>0,0,0</trianglepickorigin>
        <orientation>
          <row0>0.343420,-0.825129,-0.448580</row0>
          <row1>0.0215602,-0.470576,0.882095</row1>
          <row2>-0.938934,-0.312600,-0.143815</row2>
        </orientation>
      </transform>
      <snapped>true</snapped>
      <childlist count="3">
        <childid>13</childid>
        <childid>11</childid>
        <childid>7</childid>
      </childlist>
      <handles count="1">
        <weight channel="longer">0.162245</weight>
      </handles>
    </blockref>
    <blockref>
      <blockid>Creature_parts~, ce_grasper_null</blockid>
      <transform>
        <basemusclescale>1</basemusclescale>
        <scale>1</scale>
        <position>-0.00506821,0.590712,-0.235740</position>
        <triangledirection>0,-1.19209e-7,-1</triangledirection>
        <trianglepickorigin>0,0,0</trianglepickorigin>
        <orientation>
          <row0>0.997901,0.0647540,-7.71926e-9</row0>
          <row1>0,-1.19209e-7,-1</row1>
          <row2>-0.0647540,0.997901,-1.18958e-7</row2>
        </orientation>
      </transform>
      <snapped>true</snapped>
    </blockref>
    <blockref>
      <blockid>flora_parts~, fe_muscle_branch_06</blockid>
      <transform>
        <limbtype>0</limbtype>
        <musclescale>0.5</musclescale>
        <basemusclescale>1.25</basemusclescale>
        <scale>1</scale>
        <position>0.0219304,0.00143329,0.868863</position>
        <triangledirection>0.240856,0.567962,0.787024</triangledirection>
        <trianglepickorigin>0,0,0</trianglepickorigin>
        <orientation>
          <row0>-0.197630,-0.765206,0.612699</row0>
          <row1>0.240856,0.567962,0.787024</row1>
          <row2>-0.950226,0.303112,0.0720578</row2>
        </orientation>
      </transform>
      <snapped>true</snapped>
      <childlist count="3">
        <childid>14</childid>
        <childid>12</childid>
        <childid>9</childid>
      </childlist>
      <handles count="1">
        <weight channel="longer">0.162245</weight>
      </handles>
    </blockref>
    <blockref>
      <blockid>Creature_parts~, ce_grasper_null</blockid>
      <transform>
        <basemusclescale>1</basemusclescale>
        <scale>1</scale>
        <position>-0.279682,-0.709796,-0.116687</position>
        <triangledirection>0.438326,0.172561,0.882095</triangledirection>
        <trianglepickorigin>0,0,0</trianglepickorigin>
        <orientation>
          <row0>0.350645,-0.936465,0.00895631</row0>
          <row1>0.438326,0.172561,0.882095</row1>
          <row2>-0.827597,-0.305377,0.470985</row2>
        </orientation>
      </transform>
      <snapped>true</snapped>
    </blockref>
    <blockref>
      <blockid>flora_parts~, FE_leaf_08</blockid>
      <transform>
        <scale>1,349858</scale>
        <position>-0.355960,0.197298,0.883816</position>
        <triangledirection>0.176539,-0.148459,-0.973031</triangledirection>
        <trianglepickorigin>0,0,0</trianglepickorigin>
        <orientation>
          <row0>-0.643613,-0.765350,4.47034e-7</row0>
          <row1>0.691027,-0.581112,-0.429872</row1>
          <row2>0.329003,-0.276671,0.902889</row2>
        </orientation>
        <userorientation>
          <userorientation_row0>1,0,0</userorientation_row0>
          <userorientation_row1>0,0.626545,-0.779383</userorientation_row1>
          <userorientation_row2>0,0.779383,0.626545</userorientation_row2>
        </userorientation>
      </transform>
      <snapped>false</snapped>
      <childlist count="4">
        <childid>18</childid>
        <childid>17</childid>
        <childid>16</childid>
        <childid>15</childid>
      </childlist>
      <handles count="4">
        <weight channel="DeformAxisLeft">0.270211</weight>
        <weight channel="DeformAxisRight">1</weight>
        <weight channel="DeformAxisForward">0.0804378</weight>
        <weight channel="DeformAxisUp">0.599012</weight>
      </handles>
    </blockref>
    <blockref>
      <blockid>flora_parts~, FE_leaf_08</blockid>
      <transform>
        <scale>1,349858</scale>
        <position>0.421324,0.263855,0.532588</position>
        <triangledirection>-0.541570,-0.244973,-0.804169</triangledirection>
        <trianglepickorigin>0,0,0</trianglepickorigin>
        <orientation>
          <row0>-0.412136,0.911122,-5.68106e-8</row0>
          <row1>-0.910371,-0.411797,-0.0405831</row1>
          <row2>-0.0369761,-0.0167257,0.999176</row2>
        </orientation>
        <userorientation>
          <userorientation_row0>1,0,0</userorientation_row0>
          <userorientation_row1>0,0.626545,-0.779383</userorientation_row1>
          <userorientation_row2>0,0.779383,0.626545</userorientation_row2>
        </userorientation>
      </transform>
      <snapped>false</snapped>
      <handles count="4">
        <weight channel="DeformAxisLeft">0.270211</weight>
        <weight channel="DeformAxisRight">1</weight>
        <weight channel="DeformAxisForward">0.0804378</weight>
        <weight channel="DeformAxisUp">0.599012</weight>
      </handles>
    </blockref>
    <blockref>
      <blockid>flora_parts~, FE_leaf_08</blockid>
      <transform>
        <scale>1,349858</scale>
        <position>0.0571424,-0.488662,0.811389</position>
        <triangledirection>-0.493591,0.625177,-0.604581</triangledirection>
        <trianglepickorigin>0,0,0</trianglepickorigin>
        <orientation>
          <row0>0.784864,0.619668,1.49011e-8</row0>
          <row1>-0.511119,0.647377,-0.565384</row1>
          <row2>-0.350350,0.443749,0.824827</row2>
        </orientation>
        <userorientation>
          <userorientation_row0>1,0,0</userorientation_row0>
          <userorientation_row1>0,0.998831,-0.0483230</userorientation_row1>
          <userorientation_row2>0,0.0483230,0.998831</userorientation_row2>
        </userorientation>
      </transform>
      <snapped>false</snapped>
      <childlist count="1">
        <childid>19</childid>
      </childlist>
      <handles count="4">
        <weight channel="DeformAxisLeft">0.270211</weight>
        <weight channel="DeformAxisRight">1</weight>
        <weight channel="DeformAxisForward">0.0804378</weight>
        <weight channel="DeformAxisUp">0.599012</weight>
      </handles>
    </blockref>
    <blockref>
      <blockid>flora_parts~, FE_leaf_08</blockid>
      <transform>
        <scale>1,349858</scale>
        <position>-0.236157,0.598531,0.197754</position>
        <triangledirection>0.609588,-0.321387,-0.724644</triangledirection>
        <trianglepickorigin>0,0,0</trianglepickorigin>
        <orientation>
          <row0>-0.466373,-0.884588,-4.47034e-8</row0>
          <row1>0.881530,-0.464761,0.0830675</row1>
          <row2>-0.0734806,0.0387404,0.996543</row2>
        </orientation>
        <userorientation>
          <userorientation_row0>1,0,0</userorientation_row0>
          <userorientation_row1>0,0.626545,-0.779383</userorientation_row1>
          <userorientation_row2>0,0.779383,0.626545</userorientation_row2>
        </userorientation>
      </transform>
      <snapped>false</snapped>
      <handles count="4">
        <weight channel="DeformAxisLeft">0.270211</weight>
        <weight channel="DeformAxisRight">1</weight>
        <weight channel="DeformAxisForward">0.0804378</weight>
        <weight channel="DeformAxisUp">0.599012</weight>
      </handles>
    </blockref>
    <blockref>
      <blockid>flora_parts~, FE_leaf_08</blockid>
      <transform>
        <scale>1,077884</scale>
        <position>-0.437940,-0.736226,0.336287</position>
        <triangledirection>0.646951,0.454846,-0.612018</triangledirection>
        <trianglepickorigin>0,0,0</trianglepickorigin>
        <orientation>
          <row0>0.575142,-0.818053,5.06639e-7</row0>
          <row1>0.807010,0.567378,-0.163758</row1>
          <row2>0.133962,0.0941845,0.986500</row2>
        </orientation>
        <userorientation>
          <userorientation_row0>1,0,0</userorientation_row0>
          <userorientation_row1>0,0.880388,-0.474250</userorientation_row1>
          <userorientation_row2>0,0.474250,0.880388</userorientation_row2>
        </userorientation>
      </transform>
      <snapped>false</snapped>
      <handles count="4">
        <weight channel="DeformAxisLeft">0.270211</weight>
        <weight channel="DeformAxisRight">1</weight>
        <weight channel="DeformAxisForward">0.0804378</weight>
        <weight channel="DeformAxisUp">0.599012</weight>
      </handles>
    </blockref>
    <blockref>
      <blockid>flora_parts~, fe_cap_03a</blockid>
      <transform>
        <scale>0,798516</scale>
        <position>-0.145092,0.217237,2.491049</position>
        <triangledirection>-0.190698,-0.890076,-0.414002</triangledirection>
        <trianglepickorigin>0,0,0</trianglepickorigin>
        <orientation>
          <row0>-0.977809,0.209494,-1.19209e-7</row0>
          <row1>-0.190698,-0.890076,-0.414002</row1>
          <row2>-0.0867314,-0.404815,0.910275</row2>
        </orientation>
      </transform>
      <snapped>false</snapped>
    </blockref>
    <blockref>
      <blockid>flora_parts~, fe_cap_03a</blockid>
      <transform>
        <scale>0,798516</scale>
        <position>-0.599967,0.0499743,2.401392</position>
        <triangledirection>0.187925,-0.884829,-0.426335</triangledirection>
        <trianglepickorigin>0,0,0</trianglepickorigin>
        <orientation>
          <row0>-0.978181,-0.207751,5.21540e-8</row0>
          <row1>0.187925,-0.884829,-0.426335</row1>
          <row2>0.0885719,-0.417033,0.904565</row2>
        </orientation>
      </transform>
      <snapped>false</snapped>
    </blockref>
    <blockref>
      <blockid>flora_parts~, fe_cap_03a</blockid>
      <transform>
        <scale>0,798516</scale>
        <position>0.358577,0.148780,2.338004</position>
        <triangledirection>-0.748308,-0.448048,-0.489169</triangledirection>
        <trianglepickorigin>0,0,0</trianglepickorigin>
        <orientation>
          <row0>-0.513705,0.857966,2.98023e-7</row0>
          <row1>-0.748308,-0.448048,-0.489169</row1>
          <row2>-0.419690,-0.251289,0.872188</row2>
        </orientation>
      </transform>
      <snapped>false</snapped>
    </blockref>
    <blockref>
      <blockid>flora_parts~, fe_cap_03a</blockid>
      <transform>
        <scale>0,798516</scale>
        <position>-0.0719550,-0.284913,2.317379</position>
        <triangledirection>0.0852921,-0.936536,-0.340037</triangledirection>
        <trianglepickorigin>0,0,0</trianglepickorigin>
        <orientation>
          <row0>-0.995878,-0.0906965,7.45058e-8</row0>
          <row1>0.0852921,-0.936536,-0.340037</row1>
          <row2>0.0308402,-0.338635,0.940412</row2>
        </orientation>
      </transform>
      <snapped>false</snapped>
    </blockref>
    <blockref>
      <blockid>flora_parts~, fe_cap_03a</blockid>
      <transform>
        <scale>0,798516</scale>
        <position>0.531652,-0.484739,2.288258</position>
        <triangledirection>-0.325982,-0.483584,-0.812330</triangledirection>
        <trianglepickorigin>0,0,0</trianglepickorigin>
        <orientation>
          <row0>-0.829196,0.558957,1.34110e-7</row0>
          <row1>-0.325982,-0.483584,-0.812330</row1>
          <row2>-0.454058,-0.673581,0.583196</row2>
        </orientation>
      </transform>
      <snapped>false</snapped>
    </blockref>
  </blocks></sporemodel>