spore0006438f63474066620007718d4bb9fea735ffffffffffffffffffffffffffffffff0000000ec178f7860dsporeautotestfffffffffffffffe07Mofftus00006gaprop00<?xml version="1.0" encoding="UTF-8"?><sporemodel>
  <properties>
    <modeltype>PlantLarge</modeltype>
    <skineffectseed1>1234</skineffectseed1>
    <skineffectseed2>1234</skineffectseed2>
    <skineffectseed3>1234</skineffectseed3>
    <skincolor1>0.345097,0.443136,0.203921</skincolor1>
    <skincolor2>0.274509,0.443136,0.262744</skincolor2>
    <skincolor3>0.949019,0.905882,0.427451</skincolor3>
    <zcorpscore>12</zcorpscore>
  </properties>
  <blocks count="33">
    <blockref>
      <blockid>flora_parts~, fe_root_dummy</blockid>
      <transform>
        <scale>0,927743</scale>
        <position>0,0,0.349999</position>
        <triangledirection>0,1,0</triangledirection>
        <trianglepickorigin>0,0,0</trianglepickorigin>
        <orientation>
          <row0>1,0,0</row0>
          <row1>0,1,0</row1>
          <row2>0,0,1</row2>
        </orientation>
      </transform>
      <snapped>false</snapped>
      <childlist count="2">
        <childid>3</childid>
        <childid>1</childid>
      </childlist>
    </blockref>
    <blockref>
      <blockid>flora_parts~, FE_muscle_branch_04</blockid>
      <transform>
        <limbtype>0</limbtype>
        <musclescale>0.425000</musclescale>
        <basemusclescale>3</basemusclescale>
        <scale>1</scale>
        <position>0,0,0.349999</position>
        <triangledirection>-0.00436395,0.0160355,0.999861</triangledirection>
        <trianglepickorigin>0,0,0</trianglepickorigin>
        <orientation>
          <row0>-0.0934407,-0.995503,0.0155577</row0>
          <row1>-0.00436395,0.0160355,0.999861</row1>
          <row2>-0.995615,0.0933599,-0.00584269</row2>
        </orientation>
      </transform>
      <snapped>true</snapped>
      <childlist count="1">
        <childid>2</childid>
      </childlist>
      <handles count="1">
        <weight channel="longer">0.317331</weight>
      </handles>
    </blockref>
    <blockref>
      <blockid>Creature_parts~, ce_grasper_null</blockid>
      <transform>
        <basemusclescale>0.5</basemusclescale>
        <scale>1</scale>
        <position>0.00971188,-0.0356891,-1.875264</position>
        <triangledirection>-3.77184e-8,4.03553e-7,-1</triangledirection>
        <trianglepickorigin>0,0,0</trianglepickorigin>
        <orientation>
          <row0>1,-2.08615e-7,-3.77185e-8</row0>
          <row1>-3.77184e-8,4.03553e-7,-1</row1>
          <row2>2.08615e-7,1,4.03553e-7</row2>
        </orientation>
      </transform>
      <snapped>true</snapped>
    </blockref>
    <blockref>
      <blockid>flora_parts~, fe_muscle_branch_06</blockid>
      <transform>
        <limbtype>0</limbtype>
        <musclescale>0.5</musclescale>
        <basemusclescale>3</basemusclescale>
        <scale>1</scale>
        <position>0,0,0.349999</position>
        <triangledirection>0.258543,-0.647400,-0.716957</triangledirection>
        <trianglepickorigin>0,0,0</trianglepickorigin>
        <orientation>
          <row0>0.965076,0.140670,0.220994</row0>
          <row1>0.258543,-0.647400,-0.716957</row1>
          <row2>0.0422175,0.749055,-0.661160</row2>
        </orientation>
      </transform>
      <snapped>true</snapped>
      <childlist count="2">
        <childid>8</childid>
        <childid>4</childid>
      </childlist>
      <handles count="1">
        <weight channel="longer">0.162245</weight>
      </handles>
    </blockref>
    <blockref>
      <blockid>flora_parts~, fe_muscle_branch_06</blockid>
      <transform>
        <limbtype>0</limbtype>
        <musclescale>0.5</musclescale>
        <basemusclescale>2.799998</basemusclescale>
        <scale>1</scale>
        <position>-0.323760,0.810706,1.247810</position>
        <triangledirection>0.176981,-0.677015,-0.714371</triangledirection>
        <trianglepickorigin>0,0,0</trianglepickorigin>
        <orientation>
          <row0>0.983785,0.100267,0.148702</row0>
          <row1>0.176981,-0.677015,-0.714371</row1>
          <row2>0.0290458,0.729106,-0.683783</row2>
        </orientation>
      </transform>
      <snapped>true</snapped>
      <childlist count="3">
        <childid>20</childid>
        <childid>12</childid>
        <childid>5</childid>
      </childlist>
      <handles count="1">
        <weight channel="longer">0.162245</weight>
      </handles>
    </blockref>
    <blockref>
      <blockid>flora_parts~, fe_muscle_branch_02</blockid>
      <transform>
        <limbtype>0</limbtype>
        <musclescale>0.524998</musclescale>
        <basemusclescale>2.799998</basemusclescale>
        <scale>1</scale>
        <position>-0.545385,1.658499,2.142381</position>
        <triangledirection>0,0,-1</triangledirection>
        <trianglepickorigin>0,0,0</trianglepickorigin>
        <orientation>
          <row0>0.980514,0.196446,0</row0>
          <row1>0,0,-1</row1>
          <row2>-0.196446,0.980514,0</row2>
        </orientation>
      </transform>
      <snapped>true</snapped>
      <childlist count="1">
        <childid>6</childid>
      </childlist>
      <handles count="1">
        <weight channel="longer">0.162245</weight>
      </handles>
    </blockref>
    <blockref>
      <blockid>flora_parts~, fe_muscle_branch_06</blockid>
      <transform>
        <limbtype>0</limbtype>
        <musclescale>0.5</musclescale>
        <basemusclescale>1.449998</basemusclescale>
        <scale>1</scale>
        <position>-0.545385,1.658499,3.394633</position>
        <triangledirection>-0.398613,-0.250149,-0.882345</triangledirection>
        <trianglepickorigin>0,0,0</trianglepickorigin>
        <orientation>
          <row0>0.774528,0.423393,-0.469939</row0>
          <row1>-0.398613,-0.250149,-0.882345</row1>
          <row2>-0.491134,0.870725,-0.0249774</row2>
        </orientation>
      </transform>
      <snapped>true</snapped>
      <childlist count="4">
        <childid>28</childid>
        <childid>27</childid>
        <childid>25</childid>
        <childid>7</childid>
      </childlist>
      <handles count="1">
        <weight channel="longer">0.162245</weight>
      </handles>
    </blockref>
    <blockref>
      <blockid>flora_parts~, fe_muscle_branch_02</blockid>
      <transform>
        <limbtype>0</limbtype>
        <musclescale>0.524998</musclescale>
        <basemusclescale>2.799998</basemusclescale>
        <scale>1</scale>
        <position>-0.0462218,1.971750,4.499549</position>
        <triangledirection>0,-1.19209e-7,-1</triangledirection>
        <trianglepickorigin>0,0,0</trianglepickorigin>
        <orientation>
          <row0>1,0,0</row0>
          <row1>0,-1.19209e-7,-1</row1>
          <row2>0,1,-1.19209e-7</row2>
        </orientation>
      </transform>
      <snapped>true</snapped>
      <childlist count="5">
        <childid>30</childid>
        <childid>26</childid>
        <childid>21</childid>
        <childid>17</childid>
        <childid>16</childid>
      </childlist>
      <handles count="1">
        <weight channel="longer">0.162245</weight>
      </handles>
    </blockref>
    <blockref>
      <blockid>flora_parts~, fe_muscle_branch_06</blockid>
      <transform>
        <limbtype>0</limbtype>
        <musclescale>0.5</musclescale>
        <basemusclescale>2.799998</basemusclescale>
        <scale>1</scale>
        <position>-0.323760,0.810706,1.247810</position>
        <triangledirection>0.130322,0.473165,-0.871280</triangledirection>
        <trianglepickorigin>0,0,0</trianglepickorigin>
        <orientation>
          <row0>0.991462,-0.0584246,0.116569</row0>
          <row1>0.130322,0.473165,-0.871280</row1>
          <row2>-0.00425247,0.879034,0.476739</row2>
        </orientation>
      </transform>
      <snapped>true</snapped>
      <childlist count="3">
        <childid>24</childid>
        <childid>11</childid>
        <childid>9</childid>
      </childlist>
      <handles count="1">
        <weight channel="longer">0.162245</weight>
      </handles>
    </blockref>
    <blockref>
      <blockid>flora_parts~, fe_muscle_branch_02</blockid>
      <transform>
        <limbtype>0</limbtype>
        <musclescale>0.524998</musclescale>
        <basemusclescale>2.799998</basemusclescale>
        <scale>1</scale>
        <position>-0.486957,0.218184,2.338870</position>
        <triangledirection>0.469673,0.266816,-0.841555</triangledirection>
        <trianglepickorigin>0,0,0</trianglepickorigin>
        <orientation>
          <row0>0.865279,0.0500550,0.498783</row0>
          <row1>0.469673,0.266816,-0.841555</row1>
          <row2>-0.175207,0.962446,0.207361</row2>
        </orientation>
      </transform>
      <snapped>true</snapped>
      <childlist count="1">
        <childid>10</childid>
      </childlist>
      <handles count="1">
        <weight channel="longer">0.162245</weight>
      </handles>
    </blockref>
    <blockref>
      <blockid>flora_parts~, fe_muscle_branch_06</blockid>
      <transform>
        <limbtype>0</limbtype>
        <musclescale>0.5</musclescale>
        <basemusclescale>1.449998</basemusclescale>
        <scale>1</scale>
        <position>-1.075106,-0.115935,3.392709</position>
        <triangledirection>0,-1.19209e-7,-1</triangledirection>
        <trianglepickorigin>0,0,0</trianglepickorigin>
        <orientation>
          <row0>1,0,0</row0>
          <row1>0,-1.19209e-7,-1</row1>
          <row2>0,1,-1.19209e-7</row2>
        </orientation>
      </transform>
      <snapped>true</snapped>
      <childlist count="6">
        <childid>32</childid>
        <childid>31</childid>
        <childid>29</childid>
        <childid>23</childid>
        <childid>19</childid>
        <childid>13</childid>
      </childlist>
      <handles count="1">
        <weight channel="longer">0.162245</weight>
      </handles>
    </blockref>
    <blockref>
      <blockid>flora_parts~, FE_muscle_branch_03</blockid>
      <transform>
        <limbtype>0</limbtype>
        <musclescale>0.5</musclescale>
        <basemusclescale>2.799998</basemusclescale>
        <scale>1</scale>
        <position>-0.486957,0.218184,2.338870</position>
        <triangledirection>-0.287611,0.900916,-0.325007</triangledirection>
        <trianglepickorigin>0,0,0</trianglepickorigin>
        <orientation>
          <row0>0.928272,0.345757,0.136971</row0>
          <row1>-0.287611,0.900916,-0.325007</row1>
          <row2>-0.235774,0.262300,0.935739</row2>
        </orientation>
      </transform>
      <snapped>true</snapped>
      <childlist count="1">
        <childid>14</childid>
      </childlist>
      <handles count="1">
        <weight channel="longer">0.162245</weight>
      </handles>
    </blockref>
    <blockref>
      <blockid>flora_parts~, FE_muscle_branch_03</blockid>
      <transform>
        <limbtype>0</limbtype>
        <musclescale>0.5</musclescale>
        <basemusclescale>2.799998</basemusclescale>
        <scale>1</scale>
        <position>-0.545385,1.658499,2.142381</position>
        <triangledirection>0.709295,-0.659840,-0.248014</triangledirection>
        <trianglepickorigin>0,0,0</trianglepickorigin>
        <orientation>
          <row0>0.257717,0.570219,-0.780019</row0>
          <row1>0.709295,-0.659840,-0.248014</row1>
          <row2>-0.656111,-0.489346,-0.574506</row2>
        </orientation>
      </transform>
      <snapped>true</snapped>
      <childlist count="2">
        <childid>18</childid>
        <childid>15</childid>
      </childlist>
      <handles count="1">
        <weight channel="longer">0.162245</weight>
      </handles>
    </blockref>
    <blockref>
      <blockid>Creature_parts~, ce_grasper_null</blockid>
      <transform>
        <basemusclescale>2.799998</basemusclescale>
        <scale>1</scale>
        <position>-1.075106,-0.115935,4.644959</position>
        <triangledirection>0,-1.19209e-7,-1</triangledirection>
        <trianglepickorigin>0,0,0</trianglepickorigin>
        <orientation>
          <row0>1,0,0</row0>
          <row1>0,-1.19209e-7,-1</row1>
          <row2>0,1,-1.19209e-7</row2>
        </orientation>
      </transform>
      <snapped>true</snapped>
    </blockref>
    <blockref>
      <blockid>Creature_parts~, ce_grasper_null</blockid>
      <transform>
        <basemusclescale>1</basemusclescale>
        <scale>1</scale>
        <position>-0.126796,-0.909986,2.745863</position>
        <triangledirection>-0.340563,-0.267666,-0.901316</triangledirection>
        <trianglepickorigin>0,0,0</trianglepickorigin>
        <orientation>
          <row0>0.939117,-0.0504014,-0.339878</row0>
          <row1>-0.340563,-0.267666,-0.901316</row1>
          <row2>-0.0455463,0.962192,-0.268534</row2>
        </orientation>
      </transform>
      <snapped>true</snapped>
    </blockref>
    <blockref>
      <blockid>Creature_parts~, ce_grasper_null</blockid>
      <transform>
        <basemusclescale>1</basemusclescale>
        <scale>1</scale>
        <position>-1.433599,2.484785,2.452959</position>
        <triangledirection>0.288864,-0.659375,-0.694104</triangledirection>
        <trianglepickorigin>0,0,0</trianglepickorigin>
        <orientation>
          <row0>0.956550,0.168789,0.237742</row0>
          <row1>0.288864,-0.659375,-0.694104</row1>
          <row2>0.0396041,0.732621,-0.679483</row2>
        </orientation>
      </transform>
      <snapped>true</snapped>
    </blockref>
    <blockref>
      <blockid>Creature_parts~, ce_grasper_null</blockid>
      <transform>
        <basemusclescale>1.449998</basemusclescale>
        <scale>1</scale>
        <position>-0.0462218,1.971750,5.751800</position>
        <triangledirection>0,-1.19209e-7,-1</triangledirection>
        <trianglepickorigin>0,0,0</trianglepickorigin>
        <orientation>
          <row0>1,0,0</row0>
          <row1>0,-1.19209e-7,-1</row1>
          <row2>0,1,-1.19209e-7</row2>
        </orientation>
      </transform>
      <snapped>true</snapped>
    </blockref>
    <blockref>
      <blockid>flora_parts~, FE_leaf_35</blockid>
      <transform>
        <scale>1,077884</scale>
        <position>-0.243346,2.145858,5.823162</position>
        <triangledirection>-0.00539529,0.0874699,-0.996152</triangledirection>
        <trianglepickorigin>0,0,0</trianglepickorigin>
        <orientation>
          <row0>-0.641730,-0.766930,2.98023e-8</row0>
          <row1>0.489144,-0.409292,-0.770206</row1>
          <row2>0.590694,-0.494264,0.637794</row2>
        </orientation>
        <userorientation>
          <userorientation_row0>0.996210,0.0869645,1.11757e-8</userorientation_row0>
          <userorientation_row1>-0.0636210,0.728802,-0.681761</userorientation_row1>
          <userorientation_row2>-0.0592890,0.679177,0.731574</userorientation_row2>
        </userorientation>
      </transform>
      <snapped>false</snapped>
      <handles count="3">
        <weight channel="DeformAxisLeft">0</weight>
        <weight channel="DeformAxisForward">0.329224</weight>
        <weight channel="DeformAxisUp">0.358731</weight>
      </handles>
    </blockref>
    <blockref>
      <blockid>flora_parts~, FE_leaf_35</blockid>
      <transform>
        <scale>1,077884</scale>
        <position>-1.204174,2.520756,2.525833</position>
        <triangledirection>0.0620100,-0.0221901,-0.997828</triangledirection>
        <trianglepickorigin>0,0,0</trianglepickorigin>
        <orientation>
          <row0>-0.822402,0.568905,-1.78813e-7</row0>
          <row1>-0.381499,-0.551490,-0.741832</row1>
          <row2>-0.422033,-0.610085,0.670584</row2>
        </orientation>
        <userorientation>
          <userorientation_row0>0.996210,0.0869645,1.11757e-8</userorientation_row0>
          <userorientation_row1>-0.0636210,0.728802,-0.681761</userorientation_row1>
          <userorientation_row2>-0.0592890,0.679177,0.731574</userorientation_row2>
        </userorientation>
      </transform>
      <snapped>false</snapped>
      <childlist count="1">
        <childid>22</childid>
      </childlist>
      <handles count="3">
        <weight channel="DeformAxisLeft">0</weight>
        <weight channel="DeformAxisForward">0.443455</weight>
        <weight channel="DeformAxisUp">0.358731</weight>
      </handles>
    </blockref>
    <blockref>
      <blockid>flora_parts~, FE_leaf_35</blockid>
      <transform>
        <scale>1,077884</scale>
        <position>-1.626289,-0.499216,4.639080</position>
        <triangledirection>0.0835136,0.149596,-0.985213</triangledirection>
        <trianglepickorigin>0,0,0</trianglepickorigin>
        <orientation>
          <row0>0.629713,-0.776827,-1.04308e-7</row0>
          <row1>0.614329,0.497989,-0.612050</row1>
          <row2>0.475457,0.385416,0.790818</row2>
        </orientation>
        <userorientation>
          <userorientation_row0>0.996210,0.0869645,1.11757e-8</userorientation_row0>
          <userorientation_row1>-0.0636210,0.728802,-0.681761</userorientation_row1>
          <userorientation_row2>-0.0592890,0.679177,0.731574</userorientation_row2>
        </userorientation>
      </transform>
      <snapped>false</snapped>
      <handles count="3">
        <weight channel="DeformAxisLeft">0</weight>
        <weight channel="DeformAxisForward">0.443455</weight>
        <weight channel="DeformAxisUp">0.358731</weight>
      </handles>
    </blockref>
    <blockref>
      <blockid>flora_parts~, FE_leaf_27</blockid>
      <transform>
        <scale>0,740818</scale>
        <position>-1.094529,2.328012,1.733175</position>
        <triangledirection>0.595102,-0.708168,0.379935</triangledirection>
        <trianglepickorigin>0,0,0</trianglepickorigin>
        <orientation>
          <row0>-0.765576,-0.643344,-1.04308e-7</row0>
          <row1>0.595102,-0.708168,0.379935</row1>
          <row2>-0.244429,0.290869,0.925013</row2>
        </orientation>
      </transform>
      <snapped>false</snapped>
      <handles count="3">
        <weight channel="DeformAxisLeft">0.617648</weight>
        <weight channel="DeformAxisForward">0.164855</weight>
        <weight channel="DeformAxisUp">0.542868</weight>
      </handles>
    </blockref>
    <blockref>
      <blockid>flora_parts~, FE_leaf_27</blockid>
      <transform>
        <scale>0,740818</scale>
        <position>-0.0515135,1.748167,5.854492</position>
        <triangledirection>0.0405845,0.623060,-0.781119</triangledirection>
        <trianglepickorigin>0,0,0</trianglepickorigin>
        <orientation>
          <row0>0.997885,-0.0649995,3.35276e-8</row0>
          <row1>0.0405845,0.623060,-0.781119</row1>
          <row2>0.0507724,0.779467,0.624381</row2>
        </orientation>
      </transform>
      <snapped>false</snapped>
      <handles count="3">
        <weight channel="DeformAxisLeft">0.617648</weight>
        <weight channel="DeformAxisForward">0.164855</weight>
        <weight channel="DeformAxisUp">0.542868</weight>
      </handles>
    </blockref>
    <blockref>
      <blockid>flora_parts~, FE_leaf_27</blockid>
      <transform>
        <scale>1,454991</scale>
        <position>-1.160065,2.135020,3.240934</position>
        <triangledirection>-0.859283,0.509375,0.0465556</triangledirection>
        <trianglepickorigin>0,0,0</trianglepickorigin>
        <orientation>
          <row0>0.955605,0.294647,-7.45058e-9</row0>
          <row1>-0.294066,0.953720,0.0627933</row1>
          <row2>0.0185019,-0.0600057,0.998026</row2>
        </orientation>
        <userorientation>
          <userorientation_row0>0.741411,0.671050,0</userorientation_row0>
          <userorientation_row1>-0.671050,0.741411,0</userorientation_row1>
          <userorientation_row2>0,0,1</userorientation_row2>
        </userorientation>
      </transform>
      <snapped>false</snapped>
      <handles count="3">
        <weight channel="DeformAxisLeft">0.617648</weight>
        <weight channel="DeformAxisForward">0.164855</weight>
        <weight channel="DeformAxisUp">0.542868</weight>
      </handles>
    </blockref>
    <blockref>
      <blockid>flora_parts~, FE_leaf_27</blockid>
      <transform>
        <scale>1,454991</scale>
        <position>-0.624684,0.565675,4.048870</position>
        <triangledirection>0.0114879,0.990456,-0.137335</triangledirection>
        <trianglepickorigin>0,0,0</trianglepickorigin>
        <orientation>
          <row0>-0.985559,0.169330,8.38190e-8</row0>
          <row1>-0.167685,-0.975985,0.139047</row1>
          <row2>0.0235449,0.137039,0.990285</row2>
        </orientation>
        <userorientation>
          <userorientation_row0>-0.987693,-0.156392,0</userorientation_row0>
          <userorientation_row1>0.156392,-0.987693,0</userorientation_row1>
          <userorientation_row2>0,0,1</userorientation_row2>
        </userorientation>
      </transform>
      <snapped>false</snapped>
      <handles count="3">
        <weight channel="DeformAxisLeft">0.617648</weight>
        <weight channel="DeformAxisForward">0.164855</weight>
        <weight channel="DeformAxisUp">0.542868</weight>
      </handles>
    </blockref>
    <blockref>
      <blockid>flora_parts~, FE_leaf_27</blockid>
      <transform>
        <scale>1,454991</scale>
        <position>0.738530,0.794645,1.577919</position>
        <triangledirection>0.759886,0.636500,0.132056</triangledirection>
        <trianglepickorigin>0,0,0</trianglepickorigin>
        <orientation>
          <row0>-0.0991316,0.995074,0</row0>
          <row1>-0.982393,-0.0978683,-0.159139</row1>
          <row2>-0.158355,-0.0157757,0.987256</row2>
        </orientation>
        <userorientation>
          <userorientation_row0>-0.829816,-0.558036,0</userorientation_row0>
          <userorientation_row1>0.558036,-0.829816,0</userorientation_row1>
          <userorientation_row2>0,0,1</userorientation_row2>
        </userorientation>
      </transform>
      <snapped>false</snapped>
      <handles count="3">
        <weight channel="DeformAxisLeft">0.617648</weight>
        <weight channel="DeformAxisForward">0.164855</weight>
        <weight channel="DeformAxisUp">0.542868</weight>
      </handles>
    </blockref>
    <blockref>
      <blockid>flora_parts~, fe_cap_01a</blockid>
      <transform>
        <scale>0,687288</scale>
        <position>0.812035,1.692955,4.291034</position>
        <triangledirection>-0.932209,0.261849,-0.249842</triangledirection>
        <trianglepickorigin>0,0,0</trianglepickorigin>
        <orientation>
          <row0>0.270425,0.962741,-2.60770e-7</row0>
          <row1>-0.932209,0.261849,-0.249842</row1>
          <row2>-0.240533,0.0675638,0.968286</row2>
        </orientation>
      </transform>
      <snapped>false</snapped>
    </blockref>
    <blockref>
      <blockid>flora_parts~, fe_cap_01a</blockid>
      <transform>
        <scale>0,687288</scale>
        <position>0.309913,2.410104,5.352405</position>
        <triangledirection>-0.617650,-0.760146,-0.201703</triangledirection>
        <trianglepickorigin>0,0,0</trianglepickorigin>
        <orientation>
          <row0>-0.776098,0.630611,0</row0>
          <row1>-0.617650,-0.760146,-0.201703</row1>
          <row2>-0.127196,-0.156541,0.979446</row2>
        </orientation>
      </transform>
      <snapped>false</snapped>
    </blockref>
    <blockref>
      <blockid>flora_parts~, fe_cap_01a</blockid>
      <transform>
        <scale>0,687288</scale>
        <position>-0.0357715,2.609908,4.801447</position>
        <triangledirection>-0.128401,-0.939855,-0.316521</triangledirection>
        <trianglepickorigin>0,0,0</trianglepickorigin>
        <orientation>
          <row0>-0.990796,0.135360,-2.75671e-7</row0>
          <row1>-0.128401,-0.939855,-0.316521</row1>
          <row2>-0.0428448,-0.313608,0.948585</row2>
        </orientation>
      </transform>
      <snapped>false</snapped>
    </blockref>
    <blockref>
      <blockid>flora_parts~, fe_cap_01a</blockid>
      <transform>
        <scale>0,687288</scale>
        <position>-0.582404,2.507214,4.860043</position>
        <triangledirection>0.367114,-0.687353,-0.626715</triangledirection>
        <trianglepickorigin>0,0,0</trianglepickorigin>
        <orientation>
          <row0>-0.882072,-0.471113,1.34110e-7</row0>
          <row1>0.367114,-0.687353,-0.626715</row1>
          <row2>0.295254,-0.552808,0.779248</row2>
        </orientation>
      </transform>
      <snapped>false</snapped>
    </blockref>
    <blockref>
      <blockid>flora_parts~, fe_cap_01a</blockid>
      <transform>
        <scale>0,687288</scale>
        <position>-1.665341,0.644807,4.397881</position>
        <triangledirection>0.606900,-0.788512,0.0995983</triangledirection>
        <trianglepickorigin>0,0,0</trianglepickorigin>
        <orientation>
          <row0>-0.792452,-0.609933,3.72529e-8</row0>
          <row1>0.606900,-0.788512,0.0995983</row1>
          <row2>-0.0607483,0.0789270,0.995027</row2>
        </orientation>
      </transform>
      <snapped>false</snapped>
    </blockref>
    <blockref>
      <blockid>flora_parts~, fe_cap_01a</blockid>
      <transform>
        <scale>0,687288</scale>
        <position>-0.555506,1.668241,5.030545</position>
        <triangledirection>0.849761,0.524151,-0.0563076</triangledirection>
        <trianglepickorigin>0,0,0</trianglepickorigin>
        <orientation>
          <row0>0.524984,-0.851112,-1.86264e-8</row0>
          <row1>0.849761,0.524151,-0.0563076</row1>
          <row2>0.0479241,0.0295606,0.998413</row2>
        </orientation>
      </transform>
      <snapped>false</snapped>
    </blockref>
    <blockref>
      <blockid>flora_parts~, fe_cap_01a</blockid>
      <transform>
        <scale>0,687288</scale>
        <position>-1.861669,-0.247314,4.486896</position>
        <triangledirection>0.922900,0.211819,-0.321540</triangledirection>
        <trianglepickorigin>0,0,0</trianglepickorigin>
        <orientation>
          <row0>0.223698,-0.974658,3.57627e-7</row0>
          <row1>0.922900,0.211819,-0.321540</row1>
          <row2>0.313391,0.0719284,0.946895</row2>
        </orientation>
      </transform>
      <snapped>false</snapped>
    </blockref>
    <blockref>
      <blockid>flora_parts~, fe_cap_01a</blockid>
      <transform>
        <scale>0,687288</scale>
        <position>-1.605968,0.338051,4.981139</position>
        <triangledirection>0.579430,-0.367658,-0.727384</triangledirection>
        <trianglepickorigin>0,0,0</trianglepickorigin>
        <orientation>
          <row0>-0.535765,-0.844367,-1.04308e-7</row0>
          <row1>0.579430,-0.367658,-0.727384</row1>
          <row2>0.614179,-0.389707,0.686230</row2>
        </orientation>
      </transform>
      <snapped>false</snapped>
    </blockref>
  </blocks></sporemodel>