spore0006438f634740666200077041c9b9fea735ffffffffffffffffffffffffffffffff0000000ec178f72b0dsporeautotestfffffffffffffffe0bPhilibeatus00006gaprop00<?xml version="1.0" encoding="UTF-8"?><sporemodel>
  <properties>
    <modeltype>PlantLarge</modeltype>
    <skineffectseed1>1234</skineffectseed1>
    <skineffectseed2>1234</skineffectseed2>
    <skineffectseed3>1234</skineffectseed3>
    <skincolor1>0.317647,0.443136,0.141176</skincolor1>
    <skincolor2>0.694117,0.129411,0.231372</skincolor2>
    <skincolor3>0.972549,0.749019,0.262742</skincolor3>
    <zcorpscore>14</zcorpscore>
  </properties>
  <blocks count="23">
    <blockref>
      <blockid>flora_parts~, fe_root_dummy</blockid>
      <transform>
        <scale>1</scale>
        <position>0,0,0.600000</position>
        <triangledirection>0,1,0</triangledirection>
        <trianglepickorigin>0,0,0</trianglepickorigin>
        <orientation>
          <row0>1,0,0</row0>
          <row1>0,1,0</row1>
          <row2>0,0,1</row2>
        </orientation>
      </transform>
      <snapped>false</snapped>
      <childlist count="6">
        <childid>11</childid>
        <childid>8</childid>
        <childid>6</childid>
        <childid>4</childid>
        <childid>2</childid>
        <childid>1</childid>
      </childlist>
    </blockref>
    <blockref>
      <blockid>flora_parts~, fe_muscle_branch_01</blockid>
      <transform>
        <limbtype>0</limbtype>
        <musclescale>1</musclescale>
        <basemusclescale>2.099996</basemusclescale>
        <scale>1</scale>
        <position>0,0,0.600000</position>
        <triangledirection>0.159508,-0.508117,-0.846388</triangledirection>
        <trianglepickorigin>0,0,0</trianglepickorigin>
        <orientation>
          <row0>-0.493426,-0.783622,0.377446</row0>
          <row1>0.159508,-0.508117,-0.846388</row1>
          <row2>0.855036,-0.357425,0.375712</row2>
        </orientation>
      </transform>
      <snapped>true</snapped>
      <childlist count="1">
        <childid>12</childid>
      </childlist>
      <handles count="1">
        <weight channel="longer">0.374491</weight>
      </handles>
    </blockref>
    <blockref>
      <blockid>flora_parts~, FE_muscle_branch_04</blockid>
      <transform>
        <limbtype>0</limbtype>
        <musclescale>0.524996</musclescale>
        <basemusclescale>2.099996</basemusclescale>
        <scale>1</scale>
        <position>0,0,0.600000</position>
        <triangledirection>-0.353940,0.716074,0.601633</triangledirection>
        <trianglepickorigin>0,0,0</trianglepickorigin>
        <orientation>
          <row0>0.292510,0.695756,-0.656018</row0>
          <row1>-0.353940,0.716074,0.601633</row1>
          <row2>0.888348,0.0562070,0.455716</row2>
        </orientation>
      </transform>
      <snapped>true</snapped>
      <childlist count="1">
        <childid>3</childid>
      </childlist>
      <handles count="1">
        <weight channel="longer">0.216649</weight>
      </handles>
    </blockref>
    <blockref>
      <blockid>Creature_parts~, ce_grasper_null</blockid>
      <transform>
        <basemusclescale>0.5</basemusclescale>
        <scale>1</scale>
        <position>0.564076,-1.141218,-0.358833</position>
        <triangledirection>0,0,-1</triangledirection>
        <trianglepickorigin>0,0,0</trianglepickorigin>
        <orientation>
          <row0>1,0,0</row0>
          <row1>0,0,-1</row1>
          <row2>0,1,0</row2>
        </orientation>
      </transform>
      <snapped>true</snapped>
    </blockref>
    <blockref>
      <blockid>flora_parts~, fe_muscle_branch_01</blockid>
      <transform>
        <limbtype>0</limbtype>
        <musclescale>0.75</musclescale>
        <basemusclescale>2.099996</basemusclescale>
        <scale>1</scale>
        <position>0,0,0.600000</position>
        <triangledirection>-0.484347,-0.579931,0.655046</triangledirection>
        <trianglepickorigin>0,0,0</trianglepickorigin>
        <orientation>
          <row0>0.105375,-0.781951,-0.614368</row0>
          <row1>-0.484347,-0.579931,0.655046</row1>
          <row2>-0.868506,0.228542,-0.439846</row2>
        </orientation>
      </transform>
      <snapped>true</snapped>
      <childlist count="1">
        <childid>5</childid>
      </childlist>
      <handles count="1">
        <weight channel="longer">0.202262</weight>
      </handles>
    </blockref>
    <blockref>
      <blockid>Creature_parts~, ce_grasper_null</blockid>
      <transform>
        <basemusclescale>0.75</basemusclescale>
        <scale>1</scale>
        <position>0.728166,0.871869,-0.384793</position>
        <triangledirection>0,0,-1</triangledirection>
        <trianglepickorigin>0,0,0</trianglepickorigin>
        <orientation>
          <row0>1,0,0</row0>
          <row1>0,0,-1</row1>
          <row2>0,1,0</row2>
        </orientation>
      </transform>
      <snapped>true</snapped>
    </blockref>
    <blockref>
      <blockid>flora_parts~, fe_muscle_branch_01</blockid>
      <transform>
        <limbtype>0</limbtype>
        <musclescale>0.824996</musclescale>
        <basemusclescale>2.099996</basemusclescale>
        <scale>1</scale>
        <position>0,0,0.600000</position>
        <triangledirection>0.704647,-0.400266,0.585883</triangledirection>
        <trianglepickorigin>0,0,0</trianglepickorigin>
        <orientation>
          <row0>0.500682,0.865563,-0.0108371</row0>
          <row1>0.704647,-0.400266,0.585883</row1>
          <row2>0.502781,-0.300978,-0.810323</row2>
        </orientation>
      </transform>
      <snapped>true</snapped>
      <childlist count="1">
        <childid>7</childid>
      </childlist>
      <handles count="1">
        <weight channel="longer">0.202728</weight>
      </handles>
    </blockref>
    <blockref>
      <blockid>Creature_parts~, ce_grasper_null</blockid>
      <transform>
        <basemusclescale>0.699996</basemusclescale>
        <scale>1</scale>
        <position>-1.061424,0.602926,-0.282530</position>
        <triangledirection>0,0,-1</triangledirection>
        <trianglepickorigin>0,0,0</trianglepickorigin>
        <orientation>
          <row0>1,-10e-7,0</row0>
          <row1>0,0,-1</row1>
          <row2>10e-7,1,0</row2>
        </orientation>
      </transform>
      <snapped>true</snapped>
    </blockref>
    <blockref>
      <blockid>flora_parts~, fe_muscle_branch_01</blockid>
      <transform>
        <limbtype>0</limbtype>
        <musclescale>1</musclescale>
        <basemusclescale>2.099996</basemusclescale>
        <scale>1</scale>
        <position>0,0,0.600000</position>
        <triangledirection>0.124489,0.500602,-0.856679</triangledirection>
        <trianglepickorigin>0,0,0</trianglepickorigin>
        <orientation>
          <row0>0.992210,-0.0668290,0.105132</row0>
          <row1>0.124489,0.500602,-0.856679</row1>
          <row2>0.00462166,0.863094,0.505022</row2>
        </orientation>
      </transform>
      <snapped>true</snapped>
      <childlist count="1">
        <childid>9</childid>
      </childlist>
      <handles count="1">
        <weight channel="longer">0.374491</weight>
      </handles>
    </blockref>
    <blockref>
      <blockid>flora_parts~, fe_muscle_branch_01</blockid>
      <transform>
        <limbtype>0</limbtype>
        <musclescale>1</musclescale>
        <basemusclescale>1.449996</basemusclescale>
        <scale>1</scale>
        <position>-0.321717,-1.293710,2.813920</position>
        <triangledirection>0,-1.19209e-7,-1</triangledirection>
        <trianglepickorigin>0,0,0</trianglepickorigin>
        <orientation>
          <row0>1,0,0</row0>
          <row1>0,-1.19209e-7,-1</row1>
          <row2>0,1,-1.19209e-7</row2>
        </orientation>
      </transform>
      <snapped>true</snapped>
      <childlist count="3">
        <childid>22</childid>
        <childid>18</childid>
        <childid>10</childid>
      </childlist>
      <handles count="1">
        <weight channel="longer">0.374491</weight>
      </handles>
    </blockref>
    <blockref>
      <blockid>Creature_parts~, ce_grasper_null</blockid>
      <transform>
        <basemusclescale>1.449996</basemusclescale>
        <scale>1</scale>
        <position>-0.321717,-1.293710,5.398227</position>
        <triangledirection>-0.933214,-0.133183,-0.333725</triangledirection>
        <trianglepickorigin>0,0,0</trianglepickorigin>
        <orientation>
          <row0>0.343983,-0.0626974,-0.936880</row0>
          <row1>-0.933214,-0.133183,-0.333725</row1>
          <row2>-0.103852,0.989106,-0.104322</row2>
        </orientation>
      </transform>
      <snapped>true</snapped>
    </blockref>
    <blockref>
      <blockid>flora_parts~, fe_muscle_branch_01</blockid>
      <transform>
        <limbtype>0</limbtype>
        <musclescale>1</musclescale>
        <basemusclescale>2.099996</basemusclescale>
        <scale>1</scale>
        <position>0,0,0.600000</position>
        <triangledirection>0,-1.19209e-7,-1</triangledirection>
        <trianglepickorigin>0,0,0</trianglepickorigin>
        <orientation>
          <row0>1,0,0</row0>
          <row1>0,-1.19209e-7,-1</row1>
          <row2>0,1,-1.19209e-7</row2>
        </orientation>
      </transform>
      <snapped>true</snapped>
      <childlist count="1">
        <childid>14</childid>
      </childlist>
      <handles count="1">
        <weight channel="longer">0.374491</weight>
      </handles>
    </blockref>
    <blockref>
      <blockid>flora_parts~, fe_muscle_branch_01</blockid>
      <transform>
        <limbtype>0</limbtype>
        <musclescale>1</musclescale>
        <basemusclescale>1.449996</basemusclescale>
        <scale>1</scale>
        <position>-0.412217,1.313130,2.787326</position>
        <triangledirection>0,0,-1</triangledirection>
        <trianglepickorigin>0,0,0</trianglepickorigin>
        <orientation>
          <row0>-0.381160,-0.924508,0</row0>
          <row1>0,0,-1</row1>
          <row2>0.924508,-0.381160,0</row2>
        </orientation>
      </transform>
      <snapped>true</snapped>
      <childlist count="3">
        <childid>20</childid>
        <childid>19</childid>
        <childid>13</childid>
      </childlist>
      <handles count="1">
        <weight channel="longer">0.374491</weight>
      </handles>
    </blockref>
    <blockref>
      <blockid>Creature_parts~, ce_grasper_null</blockid>
      <transform>
        <basemusclescale>1.449996</basemusclescale>
        <scale>1</scale>
        <position>-0.412217,1.313130,5.371633</position>
        <triangledirection>0.399829,0.609318,-0.684739</triangledirection>
        <trianglepickorigin>0,0,0</trianglepickorigin>
        <orientation>
          <row0>-0.0739018,-0.723188,-0.686685</row0>
          <row1>0.399829,0.609318,-0.684739</row1>
          <row2>0.913605,-0.325160,0.244122</row2>
        </orientation>
      </transform>
      <snapped>true</snapped>
    </blockref>
    <blockref>
      <blockid>flora_parts~, fe_muscle_branch_01</blockid>
      <transform>
        <limbtype>0</limbtype>
        <musclescale>1</musclescale>
        <basemusclescale>1.449996</basemusclescale>
        <scale>1</scale>
        <position>0,3.08072e-7,3.184304</position>
        <triangledirection>0,-1.19209e-7,-1</triangledirection>
        <trianglepickorigin>0,0,0</trianglepickorigin>
        <orientation>
          <row0>1,0,0</row0>
          <row1>0,-1.19209e-7,-1</row1>
          <row2>0,1,-1.19209e-7</row2>
        </orientation>
      </transform>
      <snapped>true</snapped>
      <childlist count="4">
        <childid>21</childid>
        <childid>17</childid>
        <childid>16</childid>
        <childid>15</childid>
      </childlist>
      <handles count="1">
        <weight channel="longer">0.374491</weight>
      </handles>
    </blockref>
    <blockref>
      <blockid>Creature_parts~, ce_grasper_null</blockid>
      <transform>
        <basemusclescale>1.449996</basemusclescale>
        <scale>1</scale>
        <position>1.49011e-6,-2.73176e-6,5.768617</position>
        <triangledirection>-0.933214,-0.133180,-0.333726</triangledirection>
        <trianglepickorigin>0,0,0</trianglepickorigin>
        <orientation>
          <row0>0.343984,-0.0626996,-0.936879</row0>
          <row1>-0.933214,-0.133180,-0.333726</row1>
          <row2>-0.103849,0.989106,-0.104324</row2>
        </orientation>
      </transform>
      <snapped>true</snapped>
    </blockref>
    <blockref>
      <blockid>flora_parts~, fe_cap_01a</blockid>
      <transform>
        <scale>0,438235</scale>
        <position>0.200139,0.104557,5.367251</position>
        <triangledirection>-0.871138,-0.433889,0.229910</triangledirection>
        <trianglepickorigin>0,0,0</trianglepickorigin>
        <orientation>
          <row0>-0.445832,0.895116,1.11758e-7</row0>
          <row1>-0.871138,-0.433889,0.229910</row1>
          <row2>0.205796,0.102501,0.973211</row2>
        </orientation>
      </transform>
      <snapped>false</snapped>
    </blockref>
    <blockref>
      <blockid>flora_parts~, fe_cap_01a</blockid>
      <transform>
        <scale>0,438235</scale>
        <position>-0.0869913,0.250367,5.417380</position>
        <triangledirection>0.160213,-0.984687,-0.0687183</triangledirection>
        <trianglepickorigin>0,0,0</trianglepickorigin>
        <orientation>
          <row0>-0.987020,-0.160592,-4.09781e-8</row0>
          <row1>0.160213,-0.984687,-0.0687183</row1>
          <row2>0.0110356,-0.0678264,0.997636</row2>
        </orientation>
      </transform>
      <snapped>false</snapped>
    </blockref>
    <blockref>
      <blockid>flora_parts~, fe_cap_01a</blockid>
      <transform>
        <scale>0,438235</scale>
        <position>-0.123694,-1.179003,5.341810</position>
        <triangledirection>-0.841807,-0.498419,-0.207215</triangledirection>
        <trianglepickorigin>0,0,0</trianglepickorigin>
        <orientation>
          <row0>-0.509477,0.860484,-2.08616e-7</row0>
          <row1>-0.841807,-0.498419,-0.207215</row1>
          <row2>-0.178305,-0.105571,0.978295</row2>
        </orientation>
      </transform>
      <snapped>false</snapped>
    </blockref>
    <blockref>
      <blockid>flora_parts~, fe_cap_01a</blockid>
      <transform>
        <scale>0,438235</scale>
        <position>-0.472977,1.544000,5.322386</position>
        <triangledirection>0.292177,-0.913515,-0.283057</triangledirection>
        <trianglepickorigin>0,0,0</trianglepickorigin>
        <orientation>
          <row0>-0.952468,-0.304635,1.49011e-7</row0>
          <row1>0.292177,-0.913515,-0.283057</row1>
          <row2>0.0862295,-0.269603,0.959103</row2>
        </orientation>
      </transform>
      <snapped>false</snapped>
    </blockref>
    <blockref>
      <blockid>flora_parts~, fe_cap_01a</blockid>
      <transform>
        <scale>0,438235</scale>
        <position>-0.176043,1.371780,5.291543</position>
        <triangledirection>-0.959797,-0.203572,-0.193254</triangledirection>
        <trianglepickorigin>0,0,0</trianglepickorigin>
        <orientation>
          <row0>-0.207483,0.978238,1.93715e-7</row0>
          <row1>-0.959797,-0.203572,-0.193254</row1>
          <row2>-0.189048,-0.0400972,0.981148</row2>
        </orientation>
      </transform>
      <snapped>false</snapped>
    </blockref>
    <blockref>
      <blockid>flora_parts~, fe_cap_01a</blockid>
      <transform>
        <scale>0,438235</scale>
        <position>0.0475372,-0.238105,5.698357</position>
        <triangledirection>-0.206338,0.966426,-0.153116</triangledirection>
        <trianglepickorigin>0,0,0</trianglepickorigin>
        <orientation>
          <row0>0.977958,0.208800,5.96046e-8</row0>
          <row1>-0.206338,0.966426,-0.153116</row1>
          <row2>-0.0319707,0.149741,0.988208</row2>
        </orientation>
      </transform>
      <snapped>false</snapped>
    </blockref>
    <blockref>
      <blockid>flora_parts~, fe_cap_01a</blockid>
      <transform>
        <scale>0,438235</scale>
        <position>-0.165250,-1.483605,5.315137</position>
        <triangledirection>-0.625736,0.762712,-0.163470</triangledirection>
        <trianglepickorigin>0,0,0</trianglepickorigin>
        <orientation>
          <row0>0.773112,0.634268,4.99188e-7</row0>
          <row1>-0.625736,0.762713,-0.163470</row1>
          <row2>-0.103684,0.126380,0.986548</row2>
        </orientation>
      </transform>
      <snapped>false</snapped>
    </blockref>
  </blocks></sporemodel>