spore0006438f63474066620007796fc2b9fea735ffffffffffffffffffffffffffffffff0000000ec178f8b80dsporeautotestfffffffffffffffe09Gratootle00006gaprop00<?xml version="1.0" encoding="UTF-8"?><sporemodel>
  <properties>
    <modeltype>PlantSmall</modeltype>
    <skineffectseed1>1234</skineffectseed1>
    <skineffectseed2>1234</skineffectseed2>
    <skineffectseed3>1234</skineffectseed3>
    <skincolor1>0.443136,0.223528,0.141176</skincolor1>
    <skincolor2>0.211764,0.576469,0.184312</skincolor2>
    <skincolor3>0.345097,0.694117,0.317647</skincolor3>
    <zcorpscore>26</zcorpscore>
  </properties>
  <blocks count="23">
    <blockref>
      <blockid>flora_parts~, fe_root_dummy</blockid>
      <transform>
        <scale>1</scale>
        <position>0,0,0.349999</position>
        <triangledirection>0,1,0</triangledirection>
        <trianglepickorigin>0,0,0</trianglepickorigin>
        <orientation>
          <row0>1,0,0</row0>
          <row1>0,1,0</row1>
          <row2>0,0,1</row2>
        </orientation>
      </transform>
      <snapped>false</snapped>
      <childlist count="6">
        <childid>12</childid>
        <childid>9</childid>
        <childid>7</childid>
        <childid>5</childid>
        <childid>3</childid>
        <childid>1</childid>
      </childlist>
    </blockref>
    <blockref>
      <blockid>flora_parts~, FE_muscle_branch_04</blockid>
      <transform>
        <limbtype>0</limbtype>
        <musclescale>0.5</musclescale>
        <basemusclescale>1.700000</basemusclescale>
        <scale>1</scale>
        <position>0,0,0.349999</position>
        <triangledirection>-0.0268859,0.0305509,0.999171</triangledirection>
        <trianglepickorigin>0,0,0</trianglepickorigin>
        <orientation>
          <row0>0.976802,0.213226,0.0197643</row0>
          <row1>-0.0268859,0.0305509,0.999171</row1>
          <row2>0.212446,-0.976525,0.0355750</row2>
        </orientation>
      </transform>
      <snapped>true</snapped>
      <childlist count="1">
        <childid>2</childid>
      </childlist>
      <handles count="1">
        <weight channel="longer">0.162245</weight>
      </handles>
    </blockref>
    <blockref>
      <blockid>Creature_parts~, ce_grasper_null</blockid>
      <transform>
        <basemusclescale>0.699998</basemusclescale>
        <scale>1</scale>
        <position>0.0336679,-0.0382570,-0.901212</position>
        <triangledirection>0,0,-1</triangledirection>
        <trianglepickorigin>0,0,0</trianglepickorigin>
        <orientation>
          <row0>1,0,0</row0>
          <row1>0,0,-1</row1>
          <row2>0,1,0</row2>
        </orientation>
      </transform>
      <snapped>true</snapped>
    </blockref>
    <blockref>
      <blockid>flora_parts~, fe_muscle_branch_01</blockid>
      <transform>
        <limbtype>0</limbtype>
        <musclescale>0.5</musclescale>
        <basemusclescale>1.700000</basemusclescale>
        <scale>1</scale>
        <position>0,0,0.349999</position>
        <triangledirection>-0.649839,0.287067,0.703775</triangledirection>
        <trianglepickorigin>0,0,0</trianglepickorigin>
        <orientation>
          <row0>-0.0833838,-0.947270,0.309394</row0>
          <row1>-0.649839,0.287067,0.703775</row1>
          <row2>-0.755483,-0.142373,-0.639511</row2>
        </orientation>
      </transform>
      <snapped>true</snapped>
      <childlist count="2">
        <childid>15</childid>
        <childid>4</childid>
      </childlist>
      <handles count="1">
        <weight channel="longer">0.151929</weight>
      </handles>
    </blockref>
    <blockref>
      <blockid>Creature_parts~, ce_grasper_null</blockid>
      <transform>
        <basemusclescale>0.600000</basemusclescale>
        <scale>1</scale>
        <position>0.771687,-0.340895,-0.485738</position>
        <triangledirection>0,0,-1</triangledirection>
        <trianglepickorigin>0,0,0</trianglepickorigin>
        <orientation>
          <row0>1,0,0</row0>
          <row1>0,0,-1</row1>
          <row2>0,1,0</row2>
        </orientation>
      </transform>
      <snapped>true</snapped>
    </blockref>
    <blockref>
      <blockid>flora_parts~, fe_muscle_branch_01</blockid>
      <transform>
        <limbtype>0</limbtype>
        <musclescale>0.5</musclescale>
        <basemusclescale>1.700000</basemusclescale>
        <scale>1</scale>
        <position>0,0,0.349999</position>
        <triangledirection>0.449015,0.639585,0.623951</triangledirection>
        <trianglepickorigin>0,0,0</trianglepickorigin>
        <orientation>
          <row0>-0.553194,-0.349391,0.756241</row0>
          <row1>0.449015,0.639585,0.623951</row1>
          <row2>-0.701684,0.684731,-0.196932</row2>
        </orientation>
      </transform>
      <snapped>true</snapped>
      <childlist count="2">
        <childid>16</childid>
        <childid>6</childid>
      </childlist>
      <handles count="1">
        <weight channel="longer">0.159581</weight>
      </handles>
    </blockref>
    <blockref>
      <blockid>Creature_parts~, ce_grasper_null</blockid>
      <transform>
        <basemusclescale>0.650000</basemusclescale>
        <scale>1</scale>
        <position>-0.554772,-0.790225,-0.420911</position>
        <triangledirection>0,0,-1</triangledirection>
        <trianglepickorigin>0,0,0</trianglepickorigin>
        <orientation>
          <row0>1,0,0</row0>
          <row1>0,0,-1</row1>
          <row2>0,1,0</row2>
        </orientation>
      </transform>
      <snapped>true</snapped>
    </blockref>
    <blockref>
      <blockid>flora_parts~, fe_muscle_branch_01</blockid>
      <transform>
        <limbtype>0</limbtype>
        <musclescale>0.400000</musclescale>
        <basemusclescale>1.700000</basemusclescale>
        <scale>1</scale>
        <position>0,0,0.349999</position>
        <triangledirection>-0.0391108,-0.548779,0.835052</triangledirection>
        <trianglepickorigin>0,0,0</trianglepickorigin>
        <orientation>
          <row0>0.929391,0.286969,0.232120</row0>
          <row1>-0.0391109,-0.548779,0.835052</row1>
          <row2>0.367017,-0.785168,-0.498806</row2>
        </orientation>
      </transform>
      <snapped>true</snapped>
      <childlist count="1">
        <childid>8</childid>
      </childlist>
      <handles count="1">
        <weight channel="longer">0.162245</weight>
      </handles>
    </blockref>
    <blockref>
      <blockid>Creature_parts~, ce_grasper_null</blockid>
      <transform>
        <basemusclescale>0.650000</basemusclescale>
        <scale>1</scale>
        <position>0.0489768,0.687209,-0.695693</position>
        <triangledirection>0,0,-1</triangledirection>
        <trianglepickorigin>0,0,0</trianglepickorigin>
        <orientation>
          <row0>1,0,0</row0>
          <row1>0,0,-1</row1>
          <row2>0,1,0</row2>
        </orientation>
      </transform>
      <snapped>true</snapped>
    </blockref>
    <blockref>
      <blockid>flora_parts~, fe_muscle_branch_06</blockid>
      <transform>
        <limbtype>0</limbtype>
        <musclescale>0.5</musclescale>
        <basemusclescale>1.700000</basemusclescale>
        <scale>1</scale>
        <position>0,0,0.349999</position>
        <triangledirection>0.766047,-0.616274,0.182691</triangledirection>
        <trianglepickorigin>0,0,0</trianglepickorigin>
        <orientation>
          <row0>0.225279,0.523599,0.821640</row0>
          <row1>0.766047,-0.616274,0.182691</row1>
          <row2>0.602013,0.588259,-0.539936</row2>
        </orientation>
      </transform>
      <snapped>true</snapped>
      <childlist count="3">
        <childid>17</childid>
        <childid>14</childid>
        <childid>10</childid>
      </childlist>
      <handles count="1">
        <weight channel="longer">0.162245</weight>
      </handles>
    </blockref>
    <blockref>
      <blockid>flora_parts~, fe_muscle_branch_06</blockid>
      <transform>
        <limbtype>0</limbtype>
        <musclescale>0.5</musclescale>
        <basemusclescale>1</basemusclescale>
        <scale>1</scale>
        <position>-0.959282,0.771729,0.121224</position>
        <triangledirection>0.520445,0.741537,0.423389</triangledirection>
        <trianglepickorigin>0,0,0</trianglepickorigin>
        <orientation>
          <row0>-0.112041,0.550849,-0.827049</row0>
          <row1>0.520445,0.741537,0.423389</row1>
          <row2>0.846512,-0.382997,-0.369770</row2>
        </orientation>
      </transform>
      <snapped>true</snapped>
      <childlist count="2">
        <childid>13</childid>
        <childid>11</childid>
      </childlist>
      <handles count="1">
        <weight channel="longer">0.162245</weight>
      </handles>
    </blockref>
    <blockref>
      <blockid>Creature_parts~, ce_grasper_null</blockid>
      <transform>
        <basemusclescale>1</basemusclescale>
        <scale>1</scale>
        <position>-1.611011,-0.156860,-0.408963</position>
        <triangledirection>0,-1.19209e-7,-1</triangledirection>
        <trianglepickorigin>0,0,0</trianglepickorigin>
        <orientation>
          <row0>1,0,0</row0>
          <row1>0,-1.19209e-7,-1</row1>
          <row2>0,1,-1.19209e-7</row2>
        </orientation>
      </transform>
      <snapped>true</snapped>
    </blockref>
    <blockref>
      <blockid>flora_parts~, fe_muscle_branch_06</blockid>
      <transform>
        <limbtype>0</limbtype>
        <musclescale>0.5</musclescale>
        <basemusclescale>1.700000</basemusclescale>
        <scale>1</scale>
        <position>0,0,0.349999</position>
        <triangledirection>-0.776462,0.615119,0.136870</triangledirection>
        <trianglepickorigin>0,0,0</trianglepickorigin>
        <orientation>
          <row0>-0.619660,-0.705806,-0.343304</row0>
          <row1>-0.776462,0.615119,0.136870</row1>
          <row2>0.114569,0.351376,-0.929197</row2>
        </orientation>
      </transform>
      <snapped>true</snapped>
      <childlist count="2">
        <childid>19</childid>
        <childid>18</childid>
      </childlist>
      <handles count="1">
        <weight channel="longer">0.162245</weight>
      </handles>
    </blockref>
    <blockref>
      <blockid>flora_parts~, FE_leaf_16</blockid>
      <transform>
        <scale>1</scale>
        <position>-1.140815,0.889975,-0.0570277</position>
        <triangledirection>0.180722,-0.210425,-0.960759</triangledirection>
        <trianglepickorigin>0,0,0</trianglepickorigin>
        <orientation>
          <row0>-0.860803,-0.508937,-1.49011e-8</row0>
          <row1>0.491024,-0.830505,0.262975</row1>
          <row2>-0.133837,0.226369,0.964802</row2>
        </orientation>
        <userorientation>
          <userorientation_row0>0.983951,-0.171399,-0.0496145</userorientation_row0>
          <userorientation_row1>-0.0484727,0.0108430,-0.998765</userorientation_row1>
          <userorientation_row2>0.171725,0.985141,0.00236089</userorientation_row2>
        </userorientation>
      </transform>
      <snapped>false</snapped>
      <handles count="3">
        <weight channel="DeformAxisLeft">0.935422</weight>
        <weight channel="DeformAxisForward">0.0851199</weight>
        <weight channel="DeformAxisUp">0.770076</weight>
      </handles>
    </blockref>
    <blockref>
      <blockid>flora_parts~, FE_leaf_16</blockid>
      <transform>
        <scale>1</scale>
        <position>-0.610436,0.0124593,0.0217583</position>
        <triangledirection>0.122950,-0.0501887,-0.991142</triangledirection>
        <trianglepickorigin>0,0,0</trianglepickorigin>
        <orientation>
          <row0>0.256947,-0.966425,2.01165e-7</row0>
          <row1>0.849613,0.225890,0.476581</row1>
          <row2>-0.460580,-0.122456,0.879130</row2>
        </orientation>
        <userorientation>
          <userorientation_row0>0.652948,-0.678798,0.335988</userorientation_row0>
          <userorientation_row1>0.0800952,-0.379237,-0.921826</userorientation_row1>
          <userorientation_row2>0.753154,0.628817,-0.193253</userorientation_row2>
        </userorientation>
      </transform>
      <snapped>false</snapped>
      <handles count="3">
        <weight channel="DeformAxisLeft">0.935422</weight>
        <weight channel="DeformAxisForward">0.0851199</weight>
        <weight channel="DeformAxisUp">0.770076</weight>
      </handles>
    </blockref>
    <blockref>
      <blockid>flora_parts~, FE_leaf_16</blockid>
      <transform>
        <scale>1</scale>
        <position>0.759760,-0.251186,-0.397177</position>
        <triangledirection>0.144320,0.140123,-0.979558</triangledirection>
        <trianglepickorigin>0,0,0</trianglepickorigin>
        <orientation>
          <row0>-0.632269,0.774748,-4.47034e-8</row0>
          <row1>-0.765290,-0.624551,0.155776</row1>
          <row2>0.120687,0.0984925,0.987792</row2>
        </orientation>
        <userorientation>
          <userorientation_row0>0.696649,-0.667547,0.262787</userorientation_row0>
          <userorientation_row1>0.0173110,-0.350553,-0.936381</userorientation_row1>
          <userorientation_row2>0.717200,0.656880,-0.232657</userorientation_row2>
        </userorientation>
      </transform>
      <snapped>false</snapped>
      <childlist count="1">
        <childid>22</childid>
      </childlist>
      <handles count="3">
        <weight channel="DeformAxisLeft">0.935422</weight>
        <weight channel="DeformAxisForward">0.0851199</weight>
        <weight channel="DeformAxisUp">0.770076</weight>
      </handles>
    </blockref>
    <blockref>
      <blockid>flora_parts~, FE_leaf_16</blockid>
      <transform>
        <scale>1</scale>
        <position>-0.507520,-0.670500,-0.157425</position>
        <triangledirection>0.0125922,0.276700,-0.960873</triangledirection>
        <trianglepickorigin>0,0,0</trianglepickorigin>
        <orientation>
          <row0>0.339494,-0.940608,5.96046e-8</row0>
          <row1>0.671040,0.242199,-0.700745</row1>
          <row2>0.659126,0.237899,0.713411</row2>
        </orientation>
        <userorientation>
          <userorientation_row0>0.496975,-0.440521,-0.747632</userorientation_row0>
          <userorientation_row1>-0.255991,0.748794,-0.611370</userorientation_row1>
          <userorientation_row2>0.829146,0.495223,0.259361</userorientation_row2>
        </userorientation>
      </transform>
      <snapped>false</snapped>
      <childlist count="1">
        <childid>20</childid>
      </childlist>
      <handles count="3">
        <weight channel="DeformAxisLeft">0.935422</weight>
        <weight channel="DeformAxisForward">0.0851199</weight>
        <weight channel="DeformAxisUp">0.770076</weight>
      </handles>
    </blockref>
    <blockref>
      <blockid>flora_parts~, FE_leaf_16</blockid>
      <transform>
        <scale>1</scale>
        <position>0.0244177,0.427710,0.0443383</position>
        <triangledirection>-0.170505,-0.122617,-0.977697</triangledirection>
        <trianglepickorigin>0,0,0</trianglepickorigin>
        <orientation>
          <row0>-0.696991,0.717079,1.86264e-8</row0>
          <row1>-0.712720,-0.692754,0.110093</row1>
          <row2>0.0789455,0.0767339,0.993921</row2>
        </orientation>
        <userorientation>
          <userorientation_row0>0.527134,-0.847072,-0.0677837</userorientation_row0>
          <userorientation_row1>0.0309143,0.0988290,-0.994624</userorientation_row1>
          <userorientation_row2>0.849218,0.522205,0.0782831</userorientation_row2>
        </userorientation>
      </transform>
      <snapped>false</snapped>
      <handles count="3">
        <weight channel="DeformAxisLeft">0.935422</weight>
        <weight channel="DeformAxisForward">0.0851199</weight>
        <weight channel="DeformAxisUp">0.770076</weight>
      </handles>
    </blockref>
    <blockref>
      <blockid>flora_parts~, FE_leaf_16</blockid>
      <transform>
        <scale>1</scale>
        <position>0.336301,-0.828762,0.0299998</position>
        <triangledirection>-0.0327101,-0.117230,-0.992565</triangledirection>
        <trianglepickorigin>0,0,0</trianglepickorigin>
        <orientation>
          <row0>0.915186,-0.403030,3.72529e-7</row0>
          <row1>0.391723,0.889510,0.235211</row1>
          <row2>-0.0947975,-0.215261,0.971944</row2>
        </orientation>
        <userorientation>
          <userorientation_row0>0.696649,-0.667547,0.262787</userorientation_row0>
          <userorientation_row1>0.0173110,-0.350553,-0.936381</userorientation_row1>
          <userorientation_row2>0.717200,0.656880,-0.232657</userorientation_row2>
        </userorientation>
      </transform>
      <snapped>false</snapped>
      <childlist count="1">
        <childid>21</childid>
      </childlist>
      <handles count="3">
        <weight channel="DeformAxisLeft">0.935422</weight>
        <weight channel="DeformAxisForward">0.0851199</weight>
        <weight channel="DeformAxisUp">0.770076</weight>
      </handles>
    </blockref>
    <blockref>
      <blockid>Creature_parts~, ce_grasper_null</blockid>
      <transform>
        <basemusclescale>1</basemusclescale>
        <scale>1</scale>
        <position>0.972325,-0.770282,0.178602</position>
        <triangledirection>-0.300024,0.952986,-0.0424611</triangledirection>
        <trianglepickorigin>0,0,0</trianglepickorigin>
        <orientation>
          <row0>0.941675,0.288763,-0.172811</row0>
          <row1>-0.300024,0.952986,-0.0424611</row1>
          <row2>0.152426,0.0918323,0.984039</row2>
        </orientation>
      </transform>
      <snapped>true</snapped>
    </blockref>
    <blockref>
      <blockid>flora_parts~, fe_cap_01a</blockid>
      <transform>
        <scale>1</scale>
        <position>-1.256637,-0.922748,0.716950</position>
        <triangledirection>0.233983,0.930158,0.282944</triangledirection>
        <trianglepickorigin>0,0,0</trianglepickorigin>
        <orientation>
          <row0>0.969787,-0.243951,1.49011e-7</row0>
          <row1>0.233983,0.930158,0.282944</row1>
          <row2>-0.0690248,-0.274395,0.959136</row2>
        </orientation>
      </transform>
      <snapped>false</snapped>
    </blockref>
    <blockref>
      <blockid>flora_parts~, fe_cap_01a</blockid>
      <transform>
        <scale>1</scale>
        <position>0.463725,-1.288633,1.258948</position>
        <triangledirection>-0.0293963,0.964957,0.260754</triangledirection>
        <trianglepickorigin>0,0,0</trianglepickorigin>
        <orientation>
          <row0>0.999536,0.0304497,-2.60770e-8</row0>
          <row1>-0.0293963,0.964957,0.260754</row1>
          <row2>0.00793991,-0.260633,0.965405</row2>
        </orientation>
      </transform>
      <snapped>false</snapped>
    </blockref>
    <blockref>
      <blockid>flora_parts~, fe_cap_01a</blockid>
      <transform>
        <scale>1</scale>
        <position>1.210191,-1.141768,0.780473</position>
        <triangledirection>0.713640,0.698972,0.0464166</triangledirection>
        <trianglepickorigin>0,0,0</trianglepickorigin>
        <orientation>
          <row0>0.699726,-0.714410,2.23517e-8</row0>
          <row1>0.713640,0.698972,0.0464166</row1>
          <row2>-0.0331605,-0.0324789,0.998922</row2>
        </orientation>
      </transform>
      <snapped>false</snapped>
    </blockref>
  </blocks></sporemodel>