spore0006438f63474066620007798a1db9fea735ffffffffffffffffffffffffffffffff0000000ec178f8bd0dsporeautotestfffffffffffffffe07Horocus00006gaprop00<?xml version="1.0" encoding="UTF-8"?><sporemodel>
  <properties>
    <modeltype>PlantMedium</modeltype>
    <skineffectseed1>1234</skineffectseed1>
    <skineffectseed2>1234</skineffectseed2>
    <skineffectseed3>1234</skineffectseed3>
    <skincolor1>0.282352,0.141176,0.129411</skincolor1>
    <skincolor2>0.364705,0.262744,0.576469</skincolor2>
    <skincolor3>0.321567,0.666666,1</skincolor3>
    <zcorpscore>27</zcorpscore>
  </properties>
  <blocks count="22">
    <blockref>
      <blockid>flora_parts~, fe_root_dummy</blockid>
      <transform>
        <scale>1</scale>
        <position>0.0219304,0.00143325,0.600000</position>
        <triangledirection>0,1,0</triangledirection>
        <trianglepickorigin>0,0,0</trianglepickorigin>
        <orientation>
          <row0>1,0,0</row0>
          <row1>0,1,0</row1>
          <row2>0,0,1</row2>
        </orientation>
      </transform>
      <snapped>false</snapped>
      <childlist count="1">
        <childid>5</childid>
      </childlist>
    </blockref>
    <blockref>
      <blockid>Creature_parts~, ce_grasper_null</blockid>
      <transform>
        <basemusclescale>1.100000</basemusclescale>
        <scale>1</scale>
        <position>-2.640135,1.650595,3.122989</position>
        <triangledirection>0.240942,-0.239479,-0.940530</triangledirection>
        <trianglepickorigin>0,0,0</trianglepickorigin>
        <orientation>
          <row0>-0.784656,-0.618398,-0.0435534</row0>
          <row1>0.240942,-0.239479,-0.940530</row1>
          <row2>0.571192,-0.748487,0.336906</row2>
        </orientation>
      </transform>
      <snapped>false</snapped>
    </blockref>
    <blockref>
      <blockid>Creature_parts~, ce_grasper_null</blockid>
      <transform>
        <basemusclescale>1</basemusclescale>
        <scale>1</scale>
        <position>-2.281733,-0.156526,2.944823</position>
        <triangledirection>0.240960,-0.239477,-0.940525</triangledirection>
        <trianglepickorigin>0,0,0</trianglepickorigin>
        <orientation>
          <row0>-0.784640,-0.618419,-0.0435605</row0>
          <row1>0.240960,-0.239477,-0.940525</row1>
          <row2>0.571207,-0.748470,0.336917</row2>
        </orientation>
      </transform>
      <snapped>false</snapped>
    </blockref>
    <blockref>
      <blockid>Creature_parts~, ce_grasper_null</blockid>
      <transform>
        <basemusclescale>1</basemusclescale>
        <scale>1</scale>
        <position>0.203314,-1.786732,3.307368</position>
        <triangledirection>0,0,-1</triangledirection>
        <trianglepickorigin>0,0,0</trianglepickorigin>
        <orientation>
          <row0>1,0,0</row0>
          <row1>0,0,-1</row1>
          <row2>0,1,0</row2>
        </orientation>
      </transform>
      <snapped>false</snapped>
    </blockref>
    <blockref>
      <blockid>Creature_parts~, ce_grasper_null</blockid>
      <transform>
        <basemusclescale>1</basemusclescale>
        <scale>1</scale>
        <position>0.0219304,0.00143325,3.150254</position>
        <triangledirection>-0.100535,0.991115,-0.0870820</triangledirection>
        <trianglepickorigin>0,0,0</trianglepickorigin>
        <orientation>
          <row0>0.987913,0.109821,0.109388</row0>
          <row1>-0.100535,0.991115,-0.0870820</row1>
          <row2>-0.117980,0.0750321,0.990177</row2>
        </orientation>
      </transform>
      <snapped>false</snapped>
    </blockref>
    <blockref>
      <blockid>flora_parts~, fe_muscle_branch_01</blockid>
      <transform>
        <limbtype>0</limbtype>
        <musclescale>1</musclescale>
        <basemusclescale>2.200000</basemusclescale>
        <scale>1</scale>
        <position>0.0219304,0.00143325,0.600000</position>
        <triangledirection>-0.109427,0.255679,0.960548</triangledirection>
        <trianglepickorigin>0,0,0</trianglepickorigin>
        <orientation>
          <row0>0.439005,0.879426,-0.184073</row0>
          <row1>-0.109427,0.255679,0.960548</row1>
          <row2>0.891795,-0.401543,0.208477</row2>
        </orientation>
      </transform>
      <snapped>true</snapped>
      <childlist count="5">
        <childid>16</childid>
        <childid>14</childid>
        <childid>10</childid>
        <childid>8</childid>
        <childid>6</childid>
      </childlist>
      <handles count="1">
        <weight channel="longer">0.00555498</weight>
      </handles>
    </blockref>
    <blockref>
      <blockid>flora_parts~, fe_muscle_branch_06</blockid>
      <transform>
        <limbtype>0</limbtype>
        <musclescale>0.5</musclescale>
        <basemusclescale>1.25</basemusclescale>
        <scale>1</scale>
        <position>0.0513514,-0.0673094,0.341742</position>
        <triangledirection>-0.286542,-0.622783,0.728034</triangledirection>
        <trianglepickorigin>0,0,0</trianglepickorigin>
        <orientation>
          <row0>0.278207,-0.781243,-0.558802</row0>
          <row1>-0.286542,-0.622783,0.728034</row1>
          <row2>-0.916784,-0.0424241,-0.397122</row2>
        </orientation>
      </transform>
      <snapped>true</snapped>
      <childlist count="2">
        <childid>13</childid>
        <childid>7</childid>
      </childlist>
      <handles count="1">
        <weight channel="longer">0.162245</weight>
      </handles>
    </blockref>
    <blockref>
      <blockid>Creature_parts~, ce_grasper_null</blockid>
      <transform>
        <basemusclescale>1</basemusclescale>
        <scale>1</scale>
        <position>0.410173,0.712570,-0.569936</position>
        <triangledirection>-2.08615e-7,-1.37835e-7,-1</triangledirection>
        <trianglepickorigin>0,0,0</trianglepickorigin>
        <orientation>
          <row0>0.997901,0.0647538,-2.17103e-7</row0>
          <row1>-2.08615e-7,-1.37835e-7,-1</row1>
          <row2>-0.0647538,0.997901,-1.24037e-7</row2>
        </orientation>
      </transform>
      <snapped>true</snapped>
    </blockref>
    <blockref>
      <blockid>flora_parts~, fe_muscle_branch_06</blockid>
      <transform>
        <limbtype>0</limbtype>
        <musclescale>0.5</musclescale>
        <basemusclescale>1.25</basemusclescale>
        <scale>1</scale>
        <position>0.0513514,-0.0673094,0.341742</position>
        <triangledirection>-0.230983,0.533056,0.813939</triangledirection>
        <trianglepickorigin>0,0,0</trianglepickorigin>
        <orientation>
          <row0>-0.0795550,-0.844108,0.530237</row0>
          <row1>-0.230983,0.533056,0.813939</row1>
          <row2>-0.969699,-0.0577230,-0.237382</row2>
        </orientation>
      </transform>
      <snapped>true</snapped>
      <childlist count="2">
        <childid>12</childid>
        <childid>9</childid>
      </childlist>
      <handles count="1">
        <weight channel="longer">0.162245</weight>
      </handles>
    </blockref>
    <blockref>
      <blockid>Creature_parts~, ce_grasper_null</blockid>
      <transform>
        <basemusclescale>1</basemusclescale>
        <scale>1</scale>
        <position>0.340601,-0.734829,-0.677511</position>
        <triangledirection>0.438325,0.172561,0.882096</triangledirection>
        <trianglepickorigin>0,0,0</trianglepickorigin>
        <orientation>
          <row0>0.350645,-0.936465,0.00895661</row0>
          <row1>0.438325,0.172561,0.882096</row1>
          <row2>-0.827597,-0.305377,0.470984</row2>
        </orientation>
      </transform>
      <snapped>true</snapped>
    </blockref>
    <blockref>
      <blockid>flora_parts~, fe_muscle_branch_06</blockid>
      <transform>
        <limbtype>0</limbtype>
        <musclescale>0.5</musclescale>
        <basemusclescale>1.25</basemusclescale>
        <scale>1</scale>
        <position>0.0513514,-0.0673094,0.341742</position>
        <triangledirection>0.387365,-0.378303,0.840734</triangledirection>
        <trianglepickorigin>0,0,0</trianglepickorigin>
        <orientation>
          <row0>0.581083,0.808171,0.0959187</row0>
          <row1>0.387365,-0.378303,0.840734</row1>
          <row2>0.715744,-0.451381,-0.532883</row2>
        </orientation>
      </transform>
      <snapped>true</snapped>
      <childlist count="1">
        <childid>11</childid>
      </childlist>
      <handles count="1">
        <weight channel="longer">0.162245</weight>
      </handles>
    </blockref>
    <blockref>
      <blockid>Creature_parts~, ce_grasper_null</blockid>
      <transform>
        <basemusclescale>1</basemusclescale>
        <scale>1</scale>
        <position>-0.433725,0.406421,-0.711064</position>
        <triangledirection>-0.526148,0.692518,0.493544</triangledirection>
        <trianglepickorigin>0,0,0</trianglepickorigin>
        <orientation>
          <row0>0.142633,0.644016,-0.751597</row0>
          <row1>-0.526148,0.692518,0.493544</row1>
          <row2>0.838345,0.325055,0.437624</row2>
        </orientation>
      </transform>
      <snapped>true</snapped>
    </blockref>
    <blockref>
      <blockid>flora_parts~, FE_leaf_16</blockid>
      <transform>
        <scale>1</scale>
        <position>0.429772,-0.964461,-0.623283</position>
        <triangledirection>0.0632485,-0.0555983,-0.996446</triangledirection>
        <trianglepickorigin>0,0,0</trianglepickorigin>
        <orientation>
          <row0>0.916205,0.400709,2.90572e-7</row0>
          <row1>-0.392240,0.896841,-0.204505</row1>
          <row2>-0.0819473,0.187368,0.978865</row2>
        </orientation>
        <userorientation>
          <userorientation_row0>0.987954,-0.153956,0.0155026</userorientation_row0>
          <userorientation_row1>0.0356695,0.129107,-0.990987</userorientation_row1>
          <userorientation_row2>0.150568,0.979606,0.133043</userorientation_row2>
        </userorientation>
      </transform>
      <snapped>false</snapped>
      <handles count="3">
        <weight channel="DeformAxisLeft">0.895961</weight>
        <weight channel="DeformAxisForward">0.216923</weight>
        <weight channel="DeformAxisUp">0.716998</weight>
      </handles>
    </blockref>
    <blockref>
      <blockid>flora_parts~, FE_leaf_16</blockid>
      <transform>
        <scale>1</scale>
        <position>0.203811,0.894396,-0.392334</position>
        <triangledirection>-0.0519521,0.0705321,-0.996154</triangledirection>
        <trianglepickorigin>0,0,0</trianglepickorigin>
        <orientation>
          <row0>-0.976873,-0.213820,-8.19563e-8</row0>
          <row1>0.209136,-0.955473,-0.208164</row1>
          <row2>0.0445095,-0.203349,0.978093</row2>
        </orientation>
        <userorientation>
          <userorientation_row0>0.987954,-0.153956,0.0155026</userorientation_row0>
          <userorientation_row1>0.0356695,0.129107,-0.990987</userorientation_row1>
          <userorientation_row2>0.150568,0.979606,0.133043</userorientation_row2>
        </userorientation>
      </transform>
      <snapped>false</snapped>
      <childlist count="1">
        <childid>15</childid>
      </childlist>
      <handles count="3">
        <weight channel="DeformAxisLeft">0.895961</weight>
        <weight channel="DeformAxisForward">0.216923</weight>
        <weight channel="DeformAxisUp">0.716998</weight>
      </handles>
    </blockref>
    <blockref>
      <blockid>flora_parts~, FE_leaf_16</blockid>
      <transform>
        <scale>2,116999</scale>
        <position>-0.120265,-0.289951,0.861273</position>
        <triangledirection>-0.0632772,-0.150702,-0.986550</triangledirection>
        <trianglepickorigin>0,0,0</trianglepickorigin>
        <orientation>
          <row0>0.895104,-0.445855,-5.96046e-8</row0>
          <row1>0.305651,0.613628,-0.728036</row1>
          <row2>0.324599,0.651668,0.685538</row2>
        </orientation>
        <userorientation>
          <userorientation_row0>0.985936,-0.138925,-0.0928800</userorientation_row0>
          <userorientation_row1>0.0105518,0.606429,-0.795065</userorientation_row1>
          <userorientation_row2>0.166780,0.782905,0.599366</userorientation_row2>
        </userorientation>
      </transform>
      <snapped>false</snapped>
      <childlist count="1">
        <childid>17</childid>
      </childlist>
      <handles count="3">
        <weight channel="DeformAxisLeft">0.879679</weight>
        <weight channel="DeformAxisForward">0</weight>
        <weight channel="DeformAxisUp">0.865275</weight>
      </handles>
    </blockref>
    <blockref>
      <blockid>flora_parts~, FE_leaf_18</blockid>
      <transform>
        <scale>1,058499</scale>
        <position>-0.585447,0.339949,0.965299</position>
        <triangledirection>-0.0394509,-0.304843,-0.951584</triangledirection>
        <trianglepickorigin>0,0,0</trianglepickorigin>
        <orientation>
          <row0>0.728725,-0.684806,-8.94069e-8</row0>
          <row1>0.392477,0.417648,-0.819470</row1>
          <row2>0.561178,0.597168,0.573122</row2>
        </orientation>
        <userorientation>
          <userorientation_row0>0.962312,-0.271943,-1.49011e-8</userorientation_row0>
          <userorientation_row1>0.180010,0.636993,-0.749556</userorientation_row1>
          <userorientation_row2>0.203837,0.721306,0.661939</userorientation_row2>
        </userorientation>
      </transform>
      <snapped>false</snapped>
      <handles count="3">
        <weight channel="DeformAxisLeft">1</weight>
        <weight channel="DeformAxisForward">1</weight>
        <weight channel="DeformAxisUp">0.679252</weight>
      </handles>
    </blockref>
    <blockref>
      <blockid>flora_parts~, FE_leaf_18</blockid>
      <transform>
        <scale>1,058499</scale>
        <position>-0.377275,-0.0871962,0.678382</position>
        <triangledirection>-0.0283301,0.178887,-0.983460</triangledirection>
        <trianglepickorigin>0,0,0</trianglepickorigin>
        <orientation>
          <row0>0.0709451,-0.997480,1.95577e-8</row0>
          <row1>0.975408,0.0693753,-0.209202</row1>
          <row2>0.208674,0.0148418,0.977872</row2>
        </orientation>
        <userorientation>
          <userorientation_row0>-0.564782,0.783132,0.260235</userorientation_row0>
          <userorientation_row1>-0.180447,0.190518,-0.964956</userorientation_row1>
          <userorientation_row2>-0.805267,-0.591949,0.0337121</userorientation_row2>
        </userorientation>
      </transform>
      <snapped>false</snapped>
      <childlist count="3">
        <childid>21</childid>
        <childid>20</childid>
        <childid>18</childid>
      </childlist>
      <handles count="3">
        <weight channel="DeformAxisLeft">1</weight>
        <weight channel="DeformAxisForward">1</weight>
        <weight channel="DeformAxisUp">0.679252</weight>
      </handles>
    </blockref>
    <blockref>
      <blockid>flora_parts~, fe_cap_01a</blockid>
      <transform>
        <scale>1</scale>
        <position>-0.337303,-0.758836,3.152850</position>
        <triangledirection>-0.841259,0.524389,-0.131522</triangledirection>
        <trianglepickorigin>0,0,0</trianglepickorigin>
        <orientation>
          <row0>0.528984,0.848631,-3.68803e-7</row0>
          <row1>-0.841259,0.524389,-0.131522</row1>
          <row2>-0.111613,0.0695734,0.991313</row2>
        </orientation>
      </transform>
      <snapped>false</snapped>
    </blockref>
    <blockref>
      <blockid>flora_parts~, fe_cap_01a</blockid>
      <transform>
        <scale>1</scale>
        <position>-0.333455,-0.781609,3.265378</position>
        <triangledirection>0.367306,0.870854,0.326648</triangledirection>
        <trianglepickorigin>0,0,0</trianglepickorigin>
        <orientation>
          <row0>0.921396,-0.388623,-3.79979e-7</row0>
          <row1>0.367306,0.870854,0.326648</row1>
          <row2>-0.126942,-0.300972,0.945146</row2>
        </orientation>
      </transform>
      <snapped>false</snapped>
      <childlist count="1">
        <childid>19</childid>
      </childlist>
    </blockref>
    <blockref>
      <blockid>flora_parts~, fe_cap_01a</blockid>
      <transform>
        <scale>1</scale>
        <position>-0.278865,-0.880266,3.300596</position>
        <triangledirection>0.0398266,0.0944257,-0.994734</triangledirection>
        <trianglepickorigin>0,0,0</trianglepickorigin>
        <orientation>
          <row0>0.921396,-0.388623,6.70552e-8</row0>
          <row1>0.0398266,0.0944257,-0.994734</row1>
          <row2>0.386577,0.916545,0.102481</row2>
        </orientation>
      </transform>
      <snapped>false</snapped>
    </blockref>
    <blockref>
      <blockid>flora_parts~, fe_cap_01a</blockid>
      <transform>
        <scale>1</scale>
        <position>-0.0710676,-0.529166,3.215535</position>
        <triangledirection>0.559905,0.741718,-0.369268</triangledirection>
        <trianglepickorigin>0,0,0</trianglepickorigin>
        <orientation>
          <row0>0.798128,-0.602487,1.93715e-7</row0>
          <row1>0.559905,0.741718,-0.369268</row1>
          <row2>0.222479,0.294723,0.929322</row2>
        </orientation>
      </transform>
      <snapped>false</snapped>
    </blockref>
    <blockref>
      <blockid>flora_parts~, fe_cap_01a</blockid>
      <transform>
        <scale>1</scale>
        <position>-0.343042,-0.731137,3.480850</position>
        <triangledirection>0.986962,0.157583,0.0327406</triangledirection>
        <trianglepickorigin>0,0,0</trianglepickorigin>
        <orientation>
          <row0>0.157667,-0.987492,-1.49011e-8</row0>
          <row1>0.986962,0.157583,0.0327406</row1>
          <row2>-0.0323311,-0.00516215,0.999463</row2>
        </orientation>
      </transform>
      <snapped>false</snapped>
    </blockref>
  </blocks></sporemodel>