spore0006438f6347406662000772d72db9fea735ffffffffffffffffffffffffffffffff0000000ec178f7d50dsporeautotestfffffffffffffffe0cParkavulnera00006gaprop00<?xml version="1.0" encoding="UTF-8"?><sporemodel>
  <properties>
    <modeltype>PlantMedium</modeltype>
    <skineffectseed1>1234</skineffectseed1>
    <skineffectseed2>1234</skineffectseed2>
    <skineffectseed3>1234</skineffectseed3>
    <skincolor1>0.403921,0.384313,0.443136</skincolor1>
    <skincolor2>0.411763,0.662744,0.905882</skincolor2>
    <skincolor3>1,1,1</skincolor3>
    <zcorpscore>25</zcorpscore>
  </properties>
  <blocks count="18">
    <blockref>
      <blockid>flora_parts~, fe_root_dummy</blockid>
      <transform>
        <scale>1</scale>
        <position>0.0219304,0.00143325,0.600000</position>
        <triangledirection>0,1,0</triangledirection>
        <trianglepickorigin>0,0,0</trianglepickorigin>
        <orientation>
          <row0>1,0,0</row0>
          <row1>0,1,0</row1>
          <row2>0,0,1</row2>
        </orientation>
      </transform>
      <snapped>false</snapped>
      <childlist count="1">
        <childid>5</childid>
      </childlist>
    </blockref>
    <blockref>
      <blockid>Creature_parts~, ce_grasper_null</blockid>
      <transform>
        <basemusclescale>1.100000</basemusclescale>
        <scale>1</scale>
        <position>-2.640135,1.650595,3.122989</position>
        <triangledirection>0.240942,-0.239479,-0.940530</triangledirection>
        <trianglepickorigin>0,0,0</trianglepickorigin>
        <orientation>
          <row0>-0.784656,-0.618398,-0.0435534</row0>
          <row1>0.240942,-0.239479,-0.940530</row1>
          <row2>0.571192,-0.748487,0.336906</row2>
        </orientation>
      </transform>
      <snapped>false</snapped>
    </blockref>
    <blockref>
      <blockid>Creature_parts~, ce_grasper_null</blockid>
      <transform>
        <basemusclescale>1</basemusclescale>
        <scale>1</scale>
        <position>-2.281733,-0.156526,2.944823</position>
        <triangledirection>0.240960,-0.239477,-0.940525</triangledirection>
        <trianglepickorigin>0,0,0</trianglepickorigin>
        <orientation>
          <row0>-0.784640,-0.618419,-0.0435605</row0>
          <row1>0.240960,-0.239477,-0.940525</row1>
          <row2>0.571207,-0.748470,0.336917</row2>
        </orientation>
      </transform>
      <snapped>false</snapped>
    </blockref>
    <blockref>
      <blockid>Creature_parts~, ce_grasper_null</blockid>
      <transform>
        <basemusclescale>1</basemusclescale>
        <scale>1</scale>
        <position>0.203314,-1.786732,3.307368</position>
        <triangledirection>0,0,-1</triangledirection>
        <trianglepickorigin>0,0,0</trianglepickorigin>
        <orientation>
          <row0>1,0,0</row0>
          <row1>0,0,-1</row1>
          <row2>0,1,0</row2>
        </orientation>
      </transform>
      <snapped>false</snapped>
    </blockref>
    <blockref>
      <blockid>Creature_parts~, ce_grasper_null</blockid>
      <transform>
        <basemusclescale>1</basemusclescale>
        <scale>1</scale>
        <position>0.0219304,0.00143325,3.150254</position>
        <triangledirection>-0.100535,0.991115,-0.0870820</triangledirection>
        <trianglepickorigin>0,0,0</trianglepickorigin>
        <orientation>
          <row0>0.987913,0.109821,0.109388</row0>
          <row1>-0.100535,0.991115,-0.0870820</row1>
          <row2>-0.117980,0.0750321,0.990177</row2>
        </orientation>
      </transform>
      <snapped>false</snapped>
    </blockref>
    <blockref>
      <blockid>flora_parts~, fe_muscle_branch_01</blockid>
      <transform>
        <limbtype>0</limbtype>
        <musclescale>1</musclescale>
        <basemusclescale>2.200000</basemusclescale>
        <scale>1</scale>
        <position>0.0219304,0.00143325,0.600000</position>
        <triangledirection>-0.315159,-0.611309,0.725930</triangledirection>
        <trianglepickorigin>0,0,0</trianglepickorigin>
        <orientation>
          <row0>-0.399874,-0.608162,-0.685739</row0>
          <row1>-0.315159,-0.611309,0.725930</row1>
          <row2>-0.860682,0.506398,0.0527792</row2>
        </orientation>
      </transform>
      <snapped>true</snapped>
      <childlist count="5">
        <childid>14</childid>
        <childid>12</childid>
        <childid>8</childid>
        <childid>7</childid>
        <childid>6</childid>
      </childlist>
      <handles count="1">
        <weight channel="longer">0.00555498</weight>
      </handles>
    </blockref>
    <blockref>
      <blockid>flora_parts~, fe_muscle_branch_06</blockid>
      <transform>
        <limbtype>0</limbtype>
        <musclescale>0.5</musclescale>
        <basemusclescale>1.25</basemusclescale>
        <scale>1</scale>
        <position>0.106665,0.165790,0.404823</position>
        <triangledirection>0.343912,-0.787351,0.511666</triangledirection>
        <trianglepickorigin>0,0,0</trianglepickorigin>
        <orientation>
          <row0>0.322534,-0.412700,-0.851851</row0>
          <row1>0.343912,-0.787351,0.511666</row1>
          <row2>-0.881870,-0.457991,-0.112015</row2>
        </orientation>
      </transform>
      <snapped>true</snapped>
      <childlist count="2">
        <childid>16</childid>
        <childid>9</childid>
      </childlist>
      <handles count="1">
        <weight channel="longer">0.162245</weight>
      </handles>
    </blockref>
    <blockref>
      <blockid>flora_parts~, fe_muscle_branch_06</blockid>
      <transform>
        <limbtype>0</limbtype>
        <musclescale>0.5</musclescale>
        <basemusclescale>1.25</basemusclescale>
        <scale>1</scale>
        <position>0.106665,0.165790,0.404823</position>
        <triangledirection>-0.560258,0.622202,0.546785</triangledirection>
        <trianglepickorigin>0,0,0</trianglepickorigin>
        <orientation>
          <row0>-0.479450,0.294697,-0.826608</row0>
          <row1>-0.560258,0.622202,0.546785</row1>
          <row2>0.675454,0.725270,-0.133208</row2>
        </orientation>
      </transform>
      <snapped>true</snapped>
      <childlist count="2">
        <childid>15</childid>
        <childid>13</childid>
      </childlist>
      <handles count="1">
        <weight channel="longer">0.162245</weight>
      </handles>
    </blockref>
    <blockref>
      <blockid>flora_parts~, fe_muscle_branch_01</blockid>
      <transform>
        <limbtype>0</limbtype>
        <musclescale>0.5</musclescale>
        <basemusclescale>1.25</basemusclescale>
        <scale>1</scale>
        <position>0.106665,0.165790,0.404823</position>
        <triangledirection>0.876099,0.420573,0.235729</triangledirection>
        <trianglepickorigin>0,0,0</trianglepickorigin>
        <orientation>
          <row0>-0.464909,0.866452,0.181985</row0>
          <row1>0.876099,0.420573,0.235729</row1>
          <row2>0.127710,0.269030,-0.954627</row2>
        </orientation>
      </transform>
      <snapped>true</snapped>
      <childlist count="3">
        <childid>17</childid>
        <childid>11</childid>
        <childid>10</childid>
      </childlist>
      <handles count="1">
        <weight channel="longer">0.162245</weight>
      </handles>
    </blockref>
    <blockref>
      <blockid>flora_parts~, FE_leaf_06</blockid>
      <transform>
        <scale>1,349858</scale>
        <position>-0.302888,0.433021,0.413042</position>
        <triangledirection>0.0707253,-0.464071,-0.882969</triangledirection>
        <trianglepickorigin>0,0,0</trianglepickorigin>
        <orientation>
          <row0>0.715773,-0.625009,0.311497</row0>
          <row1>0.626691,0.378101,-0.681393</row1>
          <row2>0.308099,0.682936,0.662323</row2>
        </orientation>
        <userorientation>
          <userorientation_row0>-0.480203,-0.758129,-0.441183</userorientation_row0>
          <userorientation_row1>0.0656289,0.470506,-0.879952</userorientation_row1>
          <userorientation_row2>0.874697,-0.451509,-0.176183</userorientation_row2>
        </userorientation>
      </transform>
      <snapped>false</snapped>
      <handles count="3">
        <weight channel="DeformAxisLeft">0</weight>
        <weight channel="DeformAxisUp">1</weight>
        <weight channel="DeformAxisForward">1</weight>
      </handles>
    </blockref>
    <blockref>
      <blockid>flora_parts~, FE_leaf_06</blockid>
      <transform>
        <scale>1,349858</scale>
        <position>-0.677980,-0.313080,0.387931</position>
        <triangledirection>0.0423601,0.604348,-0.795593</triangledirection>
        <trianglepickorigin>0,0,0</trianglepickorigin>
        <orientation>
          <row0>0.997552,-0.0699207,-4.84287e-8</row0>
          <row1>0.0423601,0.604348,-0.795593</row1>
          <row2>0.0556285,0.793646,0.605831</row2>
        </orientation>
      </transform>
      <snapped>false</snapped>
      <handles count="3">
        <weight channel="DeformAxisLeft">0</weight>
        <weight channel="DeformAxisUp">1</weight>
        <weight channel="DeformAxisForward">1</weight>
      </handles>
    </blockref>
    <blockref>
      <blockid>flora_parts~, FE_leaf_06</blockid>
      <transform>
        <scale>1,349858</scale>
        <position>-0.699965,-0.0778919,0.409463</position>
        <triangledirection>0.0149940,0.0566352,-0.998281</triangledirection>
        <trianglepickorigin>0,0,0</trianglepickorigin>
        <orientation>
          <row0>-0.592741,-0.805393,3.57627e-7</row0>
          <row1>0.473900,-0.348774,-0.808563</row1>
          <row2>0.651211,-0.479268,0.588408</row2>
        </orientation>
        <userorientation>
          <userorientation_row0>-0.643972,-0.490852,-0.586823</userorientation_row0>
          <userorientation_row1>-0.0545015,0.794526,-0.604776</userorientation_row1>
          <userorientation_row2>0.763105,-0.357476,-0.538405</userorientation_row2>
        </userorientation>
      </transform>
      <snapped>false</snapped>
      <handles count="3">
        <weight channel="DeformAxisLeft">0</weight>
        <weight channel="DeformAxisUp">1</weight>
        <weight channel="DeformAxisForward">1</weight>
      </handles>
    </blockref>
    <blockref>
      <blockid>flora_parts~, FE_leaf_06</blockid>
      <transform>
        <scale>1,349858</scale>
        <position>0.0585173,0.456651,0.803899</position>
        <triangledirection>-0.138523,-0.00598707,-0.990340</triangledirection>
        <trianglepickorigin>0,0,0</trianglepickorigin>
        <orientation>
          <row0>-0.991508,-0.130040,5.96046e-8</row0>
          <row1>0.0978555,-0.746110,-0.658592</row1>
          <row2>0.0856437,-0.652999,0.752499</row2>
        </orientation>
        <userorientation>
          <userorientation_row0>0.977705,-0.209979,7.45058e-9</userorientation_row0>
          <userorientation_row1>0.138126,0.643142,-0.753185</userorientation_row1>
          <userorientation_row2>0.158152,0.736392,0.657808</userorientation_row2>
        </userorientation>
      </transform>
      <snapped>false</snapped>
      <handles count="3">
        <weight channel="DeformAxisLeft">0</weight>
        <weight channel="DeformAxisUp">1</weight>
        <weight channel="DeformAxisForward">1</weight>
      </handles>
    </blockref>
    <blockref>
      <blockid>flora_parts~, FE_leaf_06</blockid>
      <transform>
        <scale>1,349858</scale>
        <position>0.581683,-0.0573772,0.527112</position>
        <triangledirection>-0.450489,0.179577,-0.874533</triangledirection>
        <trianglepickorigin>0,0,0</trianglepickorigin>
        <orientation>
          <row0>0.241833,0.965096,-0.100525</row0>
          <row1>-0.797362,0.138622,-0.587364</row1>
          <row2>-0.552928,0.222200,0.803055</row2>
        </orientation>
        <userorientation>
          <userorientation_row0>-0.0777272,-0.406012,-0.910556</userorientation_row0>
          <userorientation_row1>0.152279,0.897766,-0.413307</userorientation_row1>
          <userorientation_row2>0.985275,-0.170783,-0.00795358</userorientation_row2>
        </userorientation>
      </transform>
      <snapped>false</snapped>
      <handles count="3">
        <weight channel="DeformAxisLeft">0</weight>
        <weight channel="DeformAxisUp">1</weight>
        <weight channel="DeformAxisForward">1</weight>
      </handles>
    </blockref>
    <blockref>
      <blockid>flora_parts~, FE_leaf_06</blockid>
      <transform>
        <scale>1,349858</scale>
        <position>0.252001,-0.287140,0.690289</position>
        <triangledirection>-0.154003,0.275980,-0.948744</triangledirection>
        <trianglepickorigin>0,0,0</trianglepickorigin>
        <orientation>
          <row0>0.873240,0.487288,-4.61935e-7</row0>
          <row1>-0.469184,0.840796,-0.270050</row1>
          <row2>-0.131592,0.235819,0.962846</row2>
        </orientation>
        <userorientation>
          <userorientation_row0>1,0,0</userorientation_row0>
          <userorientation_row1>0,0.560508,-0.828148</userorientation_row1>
          <userorientation_row2>0,0.828148,0.560508</userorientation_row2>
        </userorientation>
      </transform>
      <snapped>false</snapped>
      <handles count="3">
        <weight channel="DeformAxisLeft">0</weight>
        <weight channel="DeformAxisUp">1</weight>
        <weight channel="DeformAxisForward">1</weight>
      </handles>
    </blockref>
    <blockref>
      <blockid>Creature_parts~, ce_grasper_null</blockid>
      <transform>
        <basemusclescale>1</basemusclescale>
        <scale>1</scale>
        <position>0.808248,-0.613361,-0.279888</position>
        <triangledirection>-0.996400,-0.0731532,-0.0428400</triangledirection>
        <trianglepickorigin>0,0,0</trianglepickorigin>
        <orientation>
          <row0>0.0290853,0.179674,-0.983296</row0>
          <row1>-0.996400,-0.0731532,-0.0428400</row1>
          <row2>-0.0796285,0.981002,0.176900</row2>
        </orientation>
      </transform>
      <snapped>true</snapped>
    </blockref>
    <blockref>
      <blockid>Creature_parts~, ce_grasper_null</blockid>
      <transform>
        <basemusclescale>1</basemusclescale>
        <scale>1</scale>
        <position>-0.323999,1.151751,-0.235909</position>
        <triangledirection>0.0724222,-0.988241,0.134664</triangledirection>
        <trianglepickorigin>0,0,0</trianglepickorigin>
        <orientation>
          <row0>0.188826,-0.118991,-0.974774</row0>
          <row1>0.0724222,-0.988241,0.134664</row1>
          <row2>-0.979336,-0.0960234,-0.177988</row2>
        </orientation>
      </transform>
      <snapped>true</snapped>
    </blockref>
    <blockref>
      <blockid>Creature_parts~, ce_grasper_null</blockid>
      <transform>
        <basemusclescale>1</basemusclescale>
        <scale>1</scale>
        <position>-0.990429,-0.360871,0.109631</position>
        <triangledirection>0.699341,0.713372,0.0449559</triangledirection>
        <trianglepickorigin>0,0,0</trianglepickorigin>
        <orientation>
          <row0>-0.712527,0.690752,0.123149</row0>
          <row1>0.699341,0.713372,0.0449559</row1>
          <row2>-0.0567982,0.118156,-0.991369</row2>
        </orientation>
      </transform>
      <snapped>true</snapped>
    </blockref>
  </blocks></sporemodel>