spore0006438f63474066620007730cebb9fea735ffffffffffffffffffffffffffffffff0000000ec178f8140dsporeautotestfffffffffffffffe07Heliosy00006gaprop00<?xml version="1.0" encoding="UTF-8"?><sporemodel>
  <properties>
    <modeltype>PlantMedium</modeltype>
    <skineffectseed1>1234</skineffectseed1>
    <skineffectseed2>1234</skineffectseed2>
    <skineffectseed3>1234</skineffectseed3>
    <skincolor1>0.282352,0.200000,0.168626</skincolor1>
    <skincolor2>0.576469,0.294117,0.184312</skincolor2>
    <skincolor3>0.972549,0.749019,0.262744</skincolor3>
    <zcorpscore>23</zcorpscore>
  </properties>
  <blocks count="19">
    <blockref>
      <blockid>flora_parts~, fe_root_dummy</blockid>
      <transform>
        <scale>1</scale>
        <position>0.0219304,0.00143325,0.600000</position>
        <triangledirection>0,1,0</triangledirection>
        <trianglepickorigin>0,0,0</trianglepickorigin>
        <orientation>
          <row0>1,0,0</row0>
          <row1>0,1,0</row1>
          <row2>0,0,1</row2>
        </orientation>
      </transform>
      <snapped>false</snapped>
      <childlist count="1">
        <childid>5</childid>
      </childlist>
    </blockref>
    <blockref>
      <blockid>Creature_parts~, ce_grasper_null</blockid>
      <transform>
        <basemusclescale>1.100000</basemusclescale>
        <scale>1</scale>
        <position>-2.640135,1.650595,3.122989</position>
        <triangledirection>0.240942,-0.239479,-0.940530</triangledirection>
        <trianglepickorigin>0,0,0</trianglepickorigin>
        <orientation>
          <row0>-0.784656,-0.618398,-0.0435534</row0>
          <row1>0.240942,-0.239479,-0.940530</row1>
          <row2>0.571192,-0.748487,0.336906</row2>
        </orientation>
      </transform>
      <snapped>false</snapped>
    </blockref>
    <blockref>
      <blockid>Creature_parts~, ce_grasper_null</blockid>
      <transform>
        <basemusclescale>1</basemusclescale>
        <scale>1</scale>
        <position>-2.281733,-0.156526,2.944823</position>
        <triangledirection>0.240960,-0.239477,-0.940525</triangledirection>
        <trianglepickorigin>0,0,0</trianglepickorigin>
        <orientation>
          <row0>-0.784640,-0.618419,-0.0435605</row0>
          <row1>0.240960,-0.239477,-0.940525</row1>
          <row2>0.571207,-0.748470,0.336917</row2>
        </orientation>
      </transform>
      <snapped>false</snapped>
    </blockref>
    <blockref>
      <blockid>Creature_parts~, ce_grasper_null</blockid>
      <transform>
        <basemusclescale>1</basemusclescale>
        <scale>1</scale>
        <position>0.203314,-1.786732,3.307368</position>
        <triangledirection>0,0,-1</triangledirection>
        <trianglepickorigin>0,0,0</trianglepickorigin>
        <orientation>
          <row0>1,0,0</row0>
          <row1>0,0,-1</row1>
          <row2>0,1,0</row2>
        </orientation>
      </transform>
      <snapped>false</snapped>
    </blockref>
    <blockref>
      <blockid>Creature_parts~, ce_grasper_null</blockid>
      <transform>
        <basemusclescale>1</basemusclescale>
        <scale>1</scale>
        <position>0.0219304,0.00143325,3.150254</position>
        <triangledirection>-0.100535,0.991115,-0.0870820</triangledirection>
        <trianglepickorigin>0,0,0</trianglepickorigin>
        <orientation>
          <row0>0.987913,0.109821,0.109388</row0>
          <row1>-0.100535,0.991115,-0.0870820</row1>
          <row2>-0.117980,0.0750321,0.990177</row2>
        </orientation>
      </transform>
      <snapped>false</snapped>
    </blockref>
    <blockref>
      <blockid>flora_parts~, fe_muscle_branch_01</blockid>
      <transform>
        <limbtype>0</limbtype>
        <musclescale>1</musclescale>
        <basemusclescale>2.200000</basemusclescale>
        <scale>1</scale>
        <position>0.0219304,0.00143325,0.600000</position>
        <triangledirection>-0.297158,0.0942718,0.950163</triangledirection>
        <trianglepickorigin>0,0,0</trianglepickorigin>
        <orientation>
          <row0>-0.820994,0.482851,-0.304668</row0>
          <row1>-0.297158,0.0942718,0.950163</row1>
          <row2>0.487509,0.870612,0.0660867</row2>
        </orientation>
      </transform>
      <snapped>true</snapped>
      <childlist count="6">
        <childid>13</childid>
        <childid>12</childid>
        <childid>11</childid>
        <childid>10</childid>
        <childid>8</childid>
        <childid>6</childid>
      </childlist>
      <handles count="1">
        <weight channel="longer">0.00555498</weight>
      </handles>
    </blockref>
    <blockref>
      <blockid>flora_parts~, fe_muscle_branch_06</blockid>
      <transform>
        <limbtype>0</limbtype>
        <musclescale>0.5</musclescale>
        <basemusclescale>1.25</basemusclescale>
        <scale>1</scale>
        <position>0.101824,-0.0239129,0.344536</position>
        <triangledirection>0.0215602,-0.470576,0.882095</triangledirection>
        <trianglepickorigin>0,0,0</trianglepickorigin>
        <orientation>
          <row0>0.343420,-0.825129,-0.448580</row0>
          <row1>0.0215602,-0.470576,0.882095</row1>
          <row2>-0.938934,-0.312600,-0.143815</row2>
        </orientation>
      </transform>
      <snapped>true</snapped>
      <childlist count="1">
        <childid>7</childid>
      </childlist>
      <handles count="1">
        <weight channel="longer">0.162245</weight>
      </handles>
    </blockref>
    <blockref>
      <blockid>Creature_parts~, ce_grasper_null</blockid>
      <transform>
        <basemusclescale>1</basemusclescale>
        <scale>1</scale>
        <position>0.0748266,0.565366,-0.760067</position>
        <triangledirection>-4.47034e-8,-1.82538e-7,-1</triangledirection>
        <trianglepickorigin>0,0,0</trianglepickorigin>
        <orientation>
          <row0>0.997901,0.0647540,-5.64297e-8</row0>
          <row1>-4.47034e-8,-1.82538e-7,-1</row1>
          <row2>-0.0647540,0.997901,-1.79261e-7</row2>
        </orientation>
      </transform>
      <snapped>true</snapped>
    </blockref>
    <blockref>
      <blockid>flora_parts~, fe_muscle_branch_06</blockid>
      <transform>
        <limbtype>0</limbtype>
        <musclescale>0.5</musclescale>
        <basemusclescale>1.25</basemusclescale>
        <scale>1</scale>
        <position>0.101824,-0.0239129,0.344536</position>
        <triangledirection>0.240856,0.567962,0.787024</triangledirection>
        <trianglepickorigin>0,0,0</trianglepickorigin>
        <orientation>
          <row0>-0.197630,-0.765206,0.612699</row0>
          <row1>0.240856,0.567962,0.787024</row1>
          <row2>-0.950226,0.303112,0.0720578</row2>
        </orientation>
      </transform>
      <snapped>true</snapped>
      <childlist count="1">
        <childid>9</childid>
      </childlist>
      <handles count="1">
        <weight channel="longer">0.162245</weight>
      </handles>
    </blockref>
    <blockref>
      <blockid>Creature_parts~, ce_grasper_null</blockid>
      <transform>
        <basemusclescale>1</basemusclescale>
        <scale>1</scale>
        <position>-0.199787,-0.735142,-0.641014</position>
        <triangledirection>0.438326,0.172561,0.882095</triangledirection>
        <trianglepickorigin>0,0,0</trianglepickorigin>
        <orientation>
          <row0>0.350645,-0.936465,0.00895631</row0>
          <row1>0.438326,0.172561,0.882095</row1>
          <row2>-0.827597,-0.305377,0.470985</row2>
        </orientation>
      </transform>
      <snapped>true</snapped>
    </blockref>
    <blockref>
      <blockid>flora_parts~, FE_leaf_18</blockid>
      <transform>
        <scale>1,454990</scale>
        <position>-0.352181,0.0350179,0.665630</position>
        <triangledirection>0.123653,0.201180,-0.971717</triangledirection>
        <trianglepickorigin>0,0,0</trianglepickorigin>
        <orientation>
          <row0>0.00645733,-0.999979,-6.98491e-10</row0>
          <row1>0.953605,0.00615787,-0.300997</row1>
          <row2>0.300991,0.00194363,0.953625</row2>
        </orientation>
        <userorientation>
          <userorientation_row0>0.471111,-0.755161,-0.455833</userorientation_row0>
          <userorientation_row1>-0.200378,0.411639,-0.889043</userorientation_row1>
          <userorientation_row2>0.859012,0.510178,0.0426110</userorientation_row2>
        </userorientation>
      </transform>
      <snapped>false</snapped>
      <childlist count="3">
        <childid>17</childid>
        <childid>16</childid>
        <childid>15</childid>
      </childlist>
      <handles count="3">
        <weight channel="DeformAxisLeft">0.0375847</weight>
        <weight channel="DeformAxisForward">0.523890</weight>
        <weight channel="DeformAxisUp">0</weight>
      </handles>
    </blockref>
    <blockref>
      <blockid>flora_parts~, FE_leaf_18</blockid>
      <transform>
        <scale>1,454990</scale>
        <position>0.189629,0.270947,0.816953</position>
        <triangledirection>-0.00639691,-0.312047,-0.950044</triangledirection>
        <trianglepickorigin>0,0,0</trianglepickorigin>
        <orientation>
          <row0>-0.905434,0.424487,-2.83122e-7</row0>
          <row1>-0.350205,-0.746991,-0.565119</row1>
          <row2>-0.239886,-0.511678,0.825008</row2>
        </orientation>
        <userorientation>
          <userorientation_row0>0.362886,-0.548064,-0.753616</userorientation_row0>
          <userorientation_row1>-0.126668,0.772225,-0.622592</userorientation_row1>
          <userorientation_row2>0.923183,0.321390,0.210807</userorientation_row2>
        </userorientation>
      </transform>
      <snapped>false</snapped>
      <childlist count="1">
        <childid>18</childid>
      </childlist>
      <handles count="3">
        <weight channel="DeformAxisLeft">0.0375847</weight>
        <weight channel="DeformAxisForward">0.523890</weight>
        <weight channel="DeformAxisUp">0</weight>
      </handles>
    </blockref>
    <blockref>
      <blockid>flora_parts~, FE_leaf_18</blockid>
      <transform>
        <scale>1,568312</scale>
        <position>0.0697069,0.0282554,0.985831</position>
        <triangledirection>-0.0895429,0.0753389,-0.993129</triangledirection>
        <trianglepickorigin>0,0,0</trianglepickorigin>
        <orientation>
          <row0>-0.984286,0.176578,8.56816e-8</row0>
          <row1>-0.0235610,-0.131334,-0.991058</row1>
          <row2>-0.174999,-0.975485,0.133430</row2>
        </orientation>
        <userorientation>
          <userorientation_row0>0.169866,-0.205513,-0.963799</userorientation_row0>
          <userorientation_row1>0.101439,0.976464,-0.190336</userorientation_row1>
          <userorientation_row2>0.980232,-0.0654356,0.186716</userorientation_row2>
        </userorientation>
      </transform>
      <snapped>false</snapped>
      <childlist count="1">
        <childid>14</childid>
      </childlist>
      <handles count="3">
        <weight channel="DeformAxisLeft">0</weight>
        <weight channel="DeformAxisForward">0.523890</weight>
        <weight channel="DeformAxisUp">0</weight>
      </handles>
    </blockref>
    <blockref>
      <blockid>flora_parts~, FE_leaf_18</blockid>
      <transform>
        <scale>1,454990</scale>
        <position>0.136832,-0.418601,0.618462</position>
        <triangledirection>0.148669,0.0616381,-0.986963</triangledirection>
        <trianglepickorigin>0,0,0</trianglepickorigin>
        <orientation>
          <row0>0.990964,0.134124,-5.49480e-8</row0>
          <row1>-0.133739,0.988123,-0.0756734</row1>
          <row2>-0.0101496,0.0749896,0.997132</row2>
        </orientation>
        <userorientation>
          <userorientation_row0>0.336933,-0.939776,-0.0574072</userorientation_row0>
          <userorientation_row1>0.155592,0.115709,-0.981020</userorientation_row1>
          <userorientation_row2>0.928583,0.321606,0.185209</userorientation_row2>
        </userorientation>
      </transform>
      <snapped>false</snapped>
      <handles count="3">
        <weight channel="DeformAxisLeft">0.0375847</weight>
        <weight channel="DeformAxisForward">0.523890</weight>
        <weight channel="DeformAxisUp">0</weight>
      </handles>
    </blockref>
    <blockref>
      <blockid>flora_parts~, fe_cap_02a</blockid>
      <transform>
        <scale>0,687288</scale>
        <position>0.264887,-0.0610137,3.373966</position>
        <triangledirection>0.969919,-0.104920,-0.219652</triangledirection>
        <trianglepickorigin>0,0,0</trianglepickorigin>
        <orientation>
          <row0>-0.107546,-0.994200,-1.78813e-7</row0>
          <row1>0.969919,-0.104920,-0.219652</row1>
          <row2>0.218378,-0.0236230,0.975578</row2>
        </orientation>
      </transform>
      <snapped>false</snapped>
    </blockref>
    <blockref>
      <blockid>flora_parts~, fe_cap_02a</blockid>
      <transform>
        <scale>0,687288</scale>
        <position>-0.690690,-0.284809,3.166203</position>
        <triangledirection>0.954206,-0.298877,-0.0127438</triangledirection>
        <trianglepickorigin>0,0,0</trianglepickorigin>
        <orientation>
          <row0>-0.298901,-0.954284,-1.16415e-9</row0>
          <row1>0.954206,-0.298877,-0.0127438</row1>
          <row2>0.0121612,-0.00380914,0.999918</row2>
        </orientation>
      </transform>
      <snapped>false</snapped>
    </blockref>
    <blockref>
      <blockid>flora_parts~, fe_cap_02a</blockid>
      <transform>
        <scale>0,687288</scale>
        <position>-0.632039,-0.248505,2.959574</position>
        <triangledirection>0.581755,-0.802806,0.130623</triangledirection>
        <trianglepickorigin>0,0,0</trianglepickorigin>
        <orientation>
          <row0>-0.809744,-0.586782,-5.10364e-7</row0>
          <row1>0.581755,-0.802806,0.130623</row1>
          <row2>-0.0766477,0.105770,0.991432</row2>
        </orientation>
      </transform>
      <snapped>false</snapped>
    </blockref>
    <blockref>
      <blockid>flora_parts~, fe_cap_02a</blockid>
      <transform>
        <scale>0,687288</scale>
        <position>-0.674906,-0.249860,3.142163</position>
        <triangledirection>0.581755,-0.802806,0.130623</triangledirection>
        <trianglepickorigin>0,0,0</trianglepickorigin>
        <orientation>
          <row0>-0.809744,-0.586782,-5.10364e-7</row0>
          <row1>0.581755,-0.802806,0.130623</row1>
          <row2>-0.0766477,0.105770,0.991432</row2>
        </orientation>
      </transform>
      <snapped>false</snapped>
    </blockref>
    <blockref>
      <blockid>flora_parts~, fe_cap_02a</blockid>
      <transform>
        <scale>0,687288</scale>
        <position>0.303851,1.026790,3.094330</position>
        <triangledirection>0.113779,-0.974309,0.194358</triangledirection>
        <trianglepickorigin>0,0,0</trianglepickorigin>
        <orientation>
          <row0>-0.993250,-0.115990,-1.47148e-7</row0>
          <row1>0.113779,-0.974309,0.194358</row1>
          <row2>-0.0225439,0.193046,0.980930</row2>
        </orientation>
      </transform>
      <snapped>false</snapped>
    </blockref>
  </blocks></sporemodel>