spore0006438f63474066620007730cdfb9fea735ffffffffffffffffffffffffffffffff0000000ec178f7f00dsporeautotestfffffffffffffffe07Kingale00006gaprop00<?xml version="1.0" encoding="UTF-8"?><sporemodel>
  <properties>
    <modeltype>PlantMedium</modeltype>
    <skineffectseed1>1234</skineffectseed1>
    <skineffectseed2>1234</skineffectseed2>
    <skineffectseed3>1234</skineffectseed3>
    <skincolor1>0.576469,0.462745,0.419607</skincolor1>
    <skincolor2>0.447057,0.576469,0.262744</skincolor2>
    <skincolor3>0.576469,0.474509,0.262744</skincolor3>
    <zcorpscore>16</zcorpscore>
  </properties>
  <blocks count="24">
    <blockref>
      <blockid>flora_parts~, fe_root_dummy</blockid>
      <transform>
        <scale>1</scale>
        <position>0.0219304,0.00143325,0.600000</position>
        <triangledirection>0,1,0</triangledirection>
        <trianglepickorigin>0,0,0</trianglepickorigin>
        <orientation>
          <row0>1,0,0</row0>
          <row1>0,1,0</row1>
          <row2>0,0,1</row2>
        </orientation>
      </transform>
      <snapped>false</snapped>
      <childlist count="1">
        <childid>5</childid>
      </childlist>
    </blockref>
    <blockref>
      <blockid>Creature_parts~, ce_grasper_null</blockid>
      <transform>
        <basemusclescale>1.100000</basemusclescale>
        <scale>1</scale>
        <position>-2.640135,1.650595,3.122989</position>
        <triangledirection>0.240942,-0.239479,-0.940530</triangledirection>
        <trianglepickorigin>0,0,0</trianglepickorigin>
        <orientation>
          <row0>-0.784656,-0.618398,-0.0435534</row0>
          <row1>0.240942,-0.239479,-0.940530</row1>
          <row2>0.571192,-0.748487,0.336906</row2>
        </orientation>
      </transform>
      <snapped>false</snapped>
    </blockref>
    <blockref>
      <blockid>Creature_parts~, ce_grasper_null</blockid>
      <transform>
        <basemusclescale>1</basemusclescale>
        <scale>1</scale>
        <position>-2.281733,-0.156526,2.944823</position>
        <triangledirection>0.240960,-0.239477,-0.940525</triangledirection>
        <trianglepickorigin>0,0,0</trianglepickorigin>
        <orientation>
          <row0>-0.784640,-0.618419,-0.0435605</row0>
          <row1>0.240960,-0.239477,-0.940525</row1>
          <row2>0.571207,-0.748470,0.336917</row2>
        </orientation>
      </transform>
      <snapped>false</snapped>
    </blockref>
    <blockref>
      <blockid>Creature_parts~, ce_grasper_null</blockid>
      <transform>
        <basemusclescale>1</basemusclescale>
        <scale>1</scale>
        <position>0.203314,-1.786732,3.307368</position>
        <triangledirection>0,0,-1</triangledirection>
        <trianglepickorigin>0,0,0</trianglepickorigin>
        <orientation>
          <row0>1,0,0</row0>
          <row1>0,0,-1</row1>
          <row2>0,1,0</row2>
        </orientation>
      </transform>
      <snapped>false</snapped>
    </blockref>
    <blockref>
      <blockid>Creature_parts~, ce_grasper_null</blockid>
      <transform>
        <basemusclescale>1</basemusclescale>
        <scale>1</scale>
        <position>0.0219304,0.00143325,3.150254</position>
        <triangledirection>-0.100535,0.991115,-0.0870820</triangledirection>
        <trianglepickorigin>0,0,0</trianglepickorigin>
        <orientation>
          <row0>0.987913,0.109821,0.109388</row0>
          <row1>-0.100535,0.991115,-0.0870820</row1>
          <row2>-0.117980,0.0750321,0.990177</row2>
        </orientation>
      </transform>
      <snapped>false</snapped>
    </blockref>
    <blockref>
      <blockid>flora_parts~, fe_muscle_branch_01</blockid>
      <transform>
        <limbtype>0</limbtype>
        <musclescale>1</musclescale>
        <basemusclescale>2.200000</basemusclescale>
        <scale>1</scale>
        <position>0.0219304,0.00143325,0.600000</position>
        <triangledirection>-0.327224,-0.0949169,0.940167</triangledirection>
        <trianglepickorigin>0,0,0</trianglepickorigin>
        <orientation>
          <row0>-0.0621299,-0.990628,-0.121635</row0>
          <row1>-0.327224,-0.0949169,0.940167</row1>
          <row2>-0.942901,0.0982146,-0.318260</row2>
        </orientation>
      </transform>
      <snapped>true</snapped>
      <childlist count="6">
        <childid>15</childid>
        <childid>14</childid>
        <childid>11</childid>
        <childid>10</childid>
        <childid>8</childid>
        <childid>6</childid>
      </childlist>
      <handles count="1">
        <weight channel="longer">0.00555498</weight>
      </handles>
    </blockref>
    <blockref>
      <blockid>flora_parts~, fe_muscle_branch_06</blockid>
      <transform>
        <limbtype>0</limbtype>
        <musclescale>0.5</musclescale>
        <basemusclescale>1.25</basemusclescale>
        <scale>1</scale>
        <position>0.109908,0.0269528,0.347223</position>
        <triangledirection>0.0215602,-0.470576,0.882095</triangledirection>
        <trianglepickorigin>0,0,0</trianglepickorigin>
        <orientation>
          <row0>0.343420,-0.825129,-0.448580</row0>
          <row1>0.0215602,-0.470576,0.882095</row1>
          <row2>-0.938934,-0.312600,-0.143815</row2>
        </orientation>
      </transform>
      <snapped>true</snapped>
      <childlist count="4">
        <childid>18</childid>
        <childid>17</childid>
        <childid>12</childid>
        <childid>7</childid>
      </childlist>
      <handles count="1">
        <weight channel="longer">0.162245</weight>
      </handles>
    </blockref>
    <blockref>
      <blockid>Creature_parts~, ce_grasper_null</blockid>
      <transform>
        <basemusclescale>1</basemusclescale>
        <scale>1</scale>
        <position>0.0829103,0.616231,-0.757379</position>
        <triangledirection>0,-1.19209e-7,-1</triangledirection>
        <trianglepickorigin>0,0,0</trianglepickorigin>
        <orientation>
          <row0>0.997901,0.0647540,-7.71926e-9</row0>
          <row1>0,-1.19209e-7,-1</row1>
          <row2>-0.0647540,0.997901,-1.18958e-7</row2>
        </orientation>
      </transform>
      <snapped>true</snapped>
    </blockref>
    <blockref>
      <blockid>flora_parts~, fe_muscle_branch_06</blockid>
      <transform>
        <limbtype>0</limbtype>
        <musclescale>0.5</musclescale>
        <basemusclescale>1.25</basemusclescale>
        <scale>1</scale>
        <position>0.109908,0.0269528,0.347223</position>
        <triangledirection>0.240856,0.567962,0.787024</triangledirection>
        <trianglepickorigin>0,0,0</trianglepickorigin>
        <orientation>
          <row0>-0.197631,-0.765206,0.612699</row0>
          <row1>0.240856,0.567962,0.787024</row1>
          <row2>-0.950226,0.303112,0.0720577</row2>
        </orientation>
      </transform>
      <snapped>true</snapped>
      <childlist count="3">
        <childid>16</childid>
        <childid>13</childid>
        <childid>9</childid>
      </childlist>
      <handles count="1">
        <weight channel="longer">0.162245</weight>
      </handles>
    </blockref>
    <blockref>
      <blockid>Creature_parts~, ce_grasper_null</blockid>
      <transform>
        <basemusclescale>1</basemusclescale>
        <scale>1</scale>
        <position>-0.191702,-0.684276,-0.638327</position>
        <triangledirection>0.438326,0.172561,0.882095</triangledirection>
        <trianglepickorigin>0,0,0</trianglepickorigin>
        <orientation>
          <row0>0.350644,-0.936465,0.00895677</row0>
          <row1>0.438326,0.172561,0.882095</row1>
          <row2>-0.827597,-0.305376,0.470985</row2>
        </orientation>
      </transform>
      <snapped>true</snapped>
    </blockref>
    <blockref>
      <blockid>flora_parts~, fe_detail_04</blockid>
      <transform>
        <scale>1,349858</scale>
        <position>0.0138990,0.106312,0.984627</position>
        <triangledirection>0.0368069,-0.150975,-0.987852</triangledirection>
        <trianglepickorigin>0,0,0</trianglepickorigin>
        <orientation>
          <row0>-0.971544,-0.236857,3.72529e-9</row0>
          <row1>0.0368069,-0.150975,-0.987852</row1>
          <row2>0.233980,-0.959742,0.155396</row2>
        </orientation>
      </transform>
      <snapped>false</snapped>
      <childlist count="1">
        <childid>23</childid>
      </childlist>
      <handles count="4">
        <weight channel="Stretch">1</weight>
        <weight channel="Thicken">1</weight>
        <weight channel="tweak_side">0.59,2481</weight>
        <weight channel="tweak_top_bottom">0.53,9678</weight>
      </handles>
    </blockref>
    <blockref>
      <blockid>flora_parts~, fe_detail_04</blockid>
      <transform>
        <scale>1,349858</scale>
        <position>-0.184735,-0.0530375,0.900503</position>
        <triangledirection>0.0147822,0.0901551,-0.995817</triangledirection>
        <trianglepickorigin>0,0,0</trianglepickorigin>
        <orientation>
          <row0>0.342391,-0.939557,4.47034e-8</row0>
          <row1>0.559411,0.203859,-0.803430</row1>
          <row2>0.754869,0.275087,0.595398</row2>
        </orientation>
        <userorientation>
          <userorientation_row0>0.995391,0.0958944,1.49011e-8</userorientation_row0>
          <userorientation_row1>-0.0796447,0.826717,-0.556948</userorientation_row1>
          <userorientation_row2>-0.0534083,0.554382,0.830546</userorientation_row2>
        </userorientation>
      </transform>
      <snapped>false</snapped>
      <handles count="4">
        <weight channel="Stretch">1</weight>
        <weight channel="Thicken">1</weight>
        <weight channel="tweak_side">0.592481</weight>
        <weight channel="tweak_top_bottom">0.539678</weight>
      </handles>
    </blockref>
    <blockref>
      <blockid>flora_parts~, fe_detail_04</blockid>
      <transform>
        <scale>1,077884</scale>
        <position>0.144833,0.536983,0.155970</position>
        <triangledirection>0.0354535,-0.152179,-0.987716</triangledirection>
        <trianglepickorigin>0,0,0</trianglepickorigin>
        <orientation>
          <row0>-0.999420,0.0340368,-2.32830e-8</row0>
          <row1>-0.0317754,-0.933018,-0.358423</row1>
          <row2>-0.0121996,-0.358215,0.933559</row2>
        </orientation>
        <userorientation>
          <userorientation_row0>-0.216077,-0.852521,-0.475937</userorientation_row0>
          <userorientation_row1>-0.0406126,0.494880,-0.868011</userorientation_row1>
          <userorientation_row2>0.975531,-0.168228,-0.141554</userorientation_row2>
        </userorientation>
      </transform>
      <snapped>false</snapped>
      <handles count="4">
        <weight channel="Stretch">1</weight>
        <weight channel="Thicken">1</weight>
        <weight channel="tweak_side">0.592481</weight>
        <weight channel="tweak_top_bottom">0.539678</weight>
      </handles>
    </blockref>
    <blockref>
      <blockid>flora_parts~, fe_detail_04</blockid>
      <transform>
        <scale>1,077884</scale>
        <position>-0.251201,-0.360395,0.367694</position>
        <triangledirection>0.167724,0.0831271,-0.982322</triangledirection>
        <trianglepickorigin>0,0,0</trianglepickorigin>
        <orientation>
          <row0>0.650708,-0.759327,6.48200e-7</row0>
          <row1>0.752010,0.644438,-0.138491</row1>
          <row2>0.105159,0.0901178,0.990363</row2>
        </orientation>
        <userorientation>
          <userorientation_row0>-0.990356,0.138518,-0.00193982</userorientation_row0>
          <userorientation_row1>0.0460186,0.315743,-0.947727</userorientation_row1>
          <userorientation_row2>-0.130665,-0.938677,-0.319074</userorientation_row2>
        </userorientation>
      </transform>
      <snapped>false</snapped>
      <handles count="4">
        <weight channel="Stretch">1</weight>
        <weight channel="Thicken">1</weight>
        <weight channel="tweak_side">0.59,2481</weight>
        <weight channel="tweak_top_bottom">0.53,9678</weight>
      </handles>
    </blockref>
    <blockref>
      <blockid>flora_parts~, fe_detail_04</blockid>
      <transform>
        <scale>1,077884</scale>
        <position>-0.190464,0.215909,0.251135</position>
        <triangledirection>0.122392,-0.122420,-0.984901</triangledirection>
        <trianglepickorigin>0,0,0</trianglepickorigin>
        <orientation>
          <row0>-0.299781,-0.954007,-1.78813e-7</row0>
          <row1>0.757971,-0.238180,0.607247</row1>
          <row2>-0.579318,0.182041,0.794512</row2>
        </orientation>
        <userorientation>
          <userorientation_row0>-0.959725,0.200491,-0.196797</userorientation_row0>
          <userorientation_row1>0.0800994,-0.476151,-0.875706</userorientation_row1>
          <userorientation_row2>-0.269277,-0.856202,0.440915</userorientation_row2>
        </userorientation>
      </transform>
      <snapped>false</snapped>
      <handles count="4">
        <weight channel="Stretch">1</weight>
        <weight channel="Thicken">1</weight>
        <weight channel="tweak_side">0.592481</weight>
        <weight channel="tweak_top_bottom">0.539678</weight>
      </handles>
    </blockref>
    <blockref>
      <blockid>flora_parts~, fe_detail_04</blockid>
      <transform>
        <scale>1,077884</scale>
        <position>0.327303,-0.269348,0.353464</position>
        <triangledirection>-0.162362,0.0495578,-0.985485</triangledirection>
        <trianglepickorigin>0,0,0</trianglepickorigin>
        <orientation>
          <row0>0.418882,0.908040,-5.77419e-8</row0>
          <row1>-0.905377,0.417654,-0.0765240</row1>
          <row2>-0.0694869,0.0320546,0.997067</row2>
        </orientation>
        <userorientation>
          <userorientation_row0>0.995434,0.0954397,0.000306422</userorientation_row0>
          <userorientation_row1>-0.0230103,0.243111,-0.969725</userorientation_row1>
          <userorientation_row2>-0.0926247,0.965291,0.244197</userorientation_row2>
        </userorientation>
      </transform>
      <snapped>false</snapped>
      <handles count="4">
        <weight channel="Stretch">1</weight>
        <weight channel="Thicken">1</weight>
        <weight channel="tweak_side">0.592481</weight>
        <weight channel="tweak_top_bottom">0.539678</weight>
      </handles>
    </blockref>
    <blockref>
      <blockid>flora_parts~, fe_detail_04</blockid>
      <transform>
        <scale>1,077884</scale>
        <position>0.0989797,-0.522454,0.307292</position>
        <triangledirection>-0.0471299,0.252676,-0.966400</triangledirection>
        <trianglepickorigin>0,0,0</trianglepickorigin>
        <orientation>
          <row0>0.950894,0.309514,-1.41561e-7</row0>
          <row1>-0.278157,0.854559,-0.438584</row1>
          <row2>-0.135747,0.417047,0.898690</row2>
        </orientation>
        <userorientation>
          <userorientation_row0>-0.580918,-0.603430,-0.546262</userorientation_row0>
          <userorientation_row1>0.0333913,0.652885,-0.756718</userorientation_row1>
          <userorientation_row2>0.813274,-0.457834,-0.359124</userorientation_row2>
        </userorientation>
      </transform>
      <snapped>false</snapped>
      <handles count="4">
        <weight channel="Stretch">1</weight>
        <weight channel="Thicken">1</weight>
        <weight channel="tweak_side">0.592481</weight>
        <weight channel="tweak_top_bottom">0.539678</weight>
      </handles>
    </blockref>
    <blockref>
      <blockid>flora_parts~, fe_detail_04</blockid>
      <transform>
        <scale>1,077884</scale>
        <position>0.426045,0.178842,0.301090</position>
        <triangledirection>-0.233497,5.63710e-5,-0.972356</triangledirection>
        <trianglepickorigin>0,0,0</trianglepickorigin>
        <orientation>
          <row0>0.0802890,0.996771,-1.86264e-8</row0>
          <row1>-0.902645,0.0727072,-0.424198</row1>
          <row2>-0.422828,0.0340584,0.905569</row2>
        </orientation>
        <userorientation>
          <userorientation_row0>-0.684121,-0.578207,-0.444581</userorientation_row0>
          <userorientation_row1>-0.0186910,0.623242,-0.781804</userorientation_row1>
          <userorientation_row2>0.729129,-0.526538,-0.437179</userorientation_row2>
        </userorientation>
      </transform>
      <snapped>false</snapped>
      <handles count="4">
        <weight channel="Stretch">1</weight>
        <weight channel="Thicken">1</weight>
        <weight channel="tweak_side">0.592481</weight>
        <weight channel="tweak_top_bottom">0.539678</weight>
      </handles>
    </blockref>
    <blockref>
      <blockid>flora_parts~, FE_leaf_08</blockid>
      <transform>
        <scale>1</scale>
        <position>0.0263073,0.335117,-0.782553</position>
        <triangledirection>0.583283,0.774842,-0.243718</triangledirection>
        <trianglepickorigin>0,0,0</trianglepickorigin>
        <orientation>
          <row0>0.798933,-0.601419,-1.78813e-7</row0>
          <row1>0.334036,0.443738,0.831574</row1>
          <row2>-0.500124,-0.664372,0.555413</row2>
        </orientation>
        <userorientation>
          <userorientation_row0>1,0,0</userorientation_row0>
          <userorientation_row1>0,0.335995,-0.941863</userorientation_row1>
          <userorientation_row2>0,0.941863,0.335995</userorientation_row2>
        </userorientation>
      </transform>
      <snapped>false</snapped>
      <childlist count="4">
        <childid>22</childid>
        <childid>21</childid>
        <childid>20</childid>
        <childid>19</childid>
      </childlist>
      <handles count="4">
        <weight channel="DeformAxisLeft">0.535884</weight>
        <weight channel="DeformAxisRight">0</weight>
        <weight channel="DeformAxisForward">1</weight>
        <weight channel="DeformAxisUp">1</weight>
      </handles>
    </blockref>
    <blockref>
      <blockid>flora_parts~, fe_cap_01a</blockid>
      <transform>
        <scale>0,349937</scale>
        <position>0.356711,-0.194035,2.196835</position>
        <triangledirection>-0.794570,-0.562030,0.229739</triangledirection>
        <trianglepickorigin>0,0,0</trianglepickorigin>
        <orientation>
          <row0>-0.577476,0.816407,1.11758e-7</row0>
          <row1>-0.794570,-0.562030,0.229739</row1>
          <row2>0.187560,0.132668,0.973252</row2>
        </orientation>
      </transform>
      <snapped>false</snapped>
    </blockref>
    <blockref>
      <blockid>flora_parts~, fe_cap_01a</blockid>
      <transform>
        <scale>0,349937</scale>
        <position>0.272064,-0.145748,2.119558</position>
        <triangledirection>-0.431095,-0.901489,0.0383841</triangledirection>
        <trianglepickorigin>0,0,0</trianglepickorigin>
        <orientation>
          <row0>-0.902154,0.431413,-1.02445e-8</row0>
          <row1>-0.431095,-0.901489,0.0383841</row1>
          <row2>0.0165594,0.0346284,0.999263</row2>
        </orientation>
      </transform>
      <snapped>false</snapped>
    </blockref>
    <blockref>
      <blockid>flora_parts~, fe_cap_01a</blockid>
      <transform>
        <scale>0,349937</scale>
        <position>0.0334316,0.422298,2.411900</position>
        <triangledirection>-0.611438,-0.748758,0.255937</triangledirection>
        <trianglepickorigin>0,0,0</trianglepickorigin>
        <orientation>
          <row0>-0.774556,0.632505,2.16066e-7</row0>
          <row1>-0.611438,-0.748758,0.255937</row1>
          <row2>0.161881,0.198237,0.966693</row2>
        </orientation>
      </transform>
      <snapped>false</snapped>
    </blockref>
    <blockref>
      <blockid>flora_parts~, fe_cap_01a</blockid>
      <transform>
        <scale>0,349937</scale>
        <position>-0.0278523,0.424446,2.209300</position>
        <triangledirection>-0.581008,-0.792794,0.184136</triangledirection>
        <trianglepickorigin>0,0,0</trianglepickorigin>
        <orientation>
          <row0>-0.806586,0.591116,-2.30967e-7</row0>
          <row1>-0.581008,-0.792794,0.184136</row1>
          <row2>0.108845,0.148521,0.982900</row2>
        </orientation>
      </transform>
      <snapped>false</snapped>
    </blockref>
    <blockref>
      <blockid>flora_parts~, fe_cap_01a</blockid>
      <transform>
        <scale>0,349937</scale>
        <position>-0.0276021,0.165480,2.261980</position>
        <triangledirection>-0.870565,0.454944,-0.187459</triangledirection>
        <trianglepickorigin>0,0,0</trianglepickorigin>
        <orientation>
          <row0>0.463155,0.886277,-2.23517e-7</row0>
          <row1>-0.870565,0.454944,-0.187459</row1>
          <row2>-0.166140,0.0868228,0.982272</row2>
        </orientation>
      </transform>
      <snapped>false</snapped>
    </blockref>
  </blocks></sporemodel>