spore0006438f6347406662000771900db9fea735ffffffffffffffffffffffffffffffff0000000ec178f7bc0dsporeautotestfffffffffffffffe0aArmstronii00006gaprop00<?xml version="1.0" encoding="UTF-8"?><sporemodel>
  <properties>
    <modeltype>PlantMedium</modeltype>
    <skineffectseed1>1234</skineffectseed1>
    <skineffectseed2>1234</skineffectseed2>
    <skineffectseed3>1234</skineffectseed3>
    <skincolor1>0.443136,0.266665,0.203921</skincolor1>
    <skincolor2>0.219607,0.443136,0.203921</skincolor2>
    <skincolor3>0.541176,0.694117,0.317647</skincolor3>
    <zcorpscore>18</zcorpscore>
  </properties>
  <blocks count="40">
    <blockref>
      <blockid>flora_parts~, fe_root_dummy</blockid>
      <transform>
        <scale>1</scale>
        <position>0.0219304,0.00143325,0.600000</position>
        <triangledirection>0,1,0</triangledirection>
        <trianglepickorigin>0,0,0</trianglepickorigin>
        <orientation>
          <row0>1,0,0</row0>
          <row1>0,1,0</row1>
          <row2>0,0,1</row2>
        </orientation>
      </transform>
      <snapped>false</snapped>
      <childlist count="1">
        <childid>5</childid>
      </childlist>
    </blockref>
    <blockref>
      <blockid>Creature_parts~, ce_grasper_null</blockid>
      <transform>
        <basemusclescale>1.100000</basemusclescale>
        <scale>1</scale>
        <position>-2.640135,1.650595,3.122989</position>
        <triangledirection>0.240942,-0.239479,-0.940530</triangledirection>
        <trianglepickorigin>0,0,0</trianglepickorigin>
        <orientation>
          <row0>-0.784656,-0.618398,-0.0435534</row0>
          <row1>0.240942,-0.239479,-0.940530</row1>
          <row2>0.571192,-0.748487,0.336906</row2>
        </orientation>
      </transform>
      <snapped>false</snapped>
    </blockref>
    <blockref>
      <blockid>Creature_parts~, ce_grasper_null</blockid>
      <transform>
        <basemusclescale>1</basemusclescale>
        <scale>1</scale>
        <position>-2.281733,-0.156526,2.944823</position>
        <triangledirection>0.240960,-0.239477,-0.940525</triangledirection>
        <trianglepickorigin>0,0,0</trianglepickorigin>
        <orientation>
          <row0>-0.784640,-0.618419,-0.0435605</row0>
          <row1>0.240960,-0.239477,-0.940525</row1>
          <row2>0.571207,-0.748470,0.336917</row2>
        </orientation>
      </transform>
      <snapped>false</snapped>
    </blockref>
    <blockref>
      <blockid>Creature_parts~, ce_grasper_null</blockid>
      <transform>
        <basemusclescale>1</basemusclescale>
        <scale>1</scale>
        <position>0.203314,-1.786732,3.307368</position>
        <triangledirection>0,0,-1</triangledirection>
        <trianglepickorigin>0,0,0</trianglepickorigin>
        <orientation>
          <row0>1,0,0</row0>
          <row1>0,0,-1</row1>
          <row2>0,1,0</row2>
        </orientation>
      </transform>
      <snapped>false</snapped>
    </blockref>
    <blockref>
      <blockid>Creature_parts~, ce_grasper_null</blockid>
      <transform>
        <basemusclescale>1</basemusclescale>
        <scale>1</scale>
        <position>0.0219304,0.00143325,3.150254</position>
        <triangledirection>-0.100535,0.991115,-0.0870820</triangledirection>
        <trianglepickorigin>0,0,0</trianglepickorigin>
        <orientation>
          <row0>0.987913,0.109821,0.109388</row0>
          <row1>-0.100535,0.991115,-0.0870820</row1>
          <row2>-0.117980,0.0750321,0.990177</row2>
        </orientation>
      </transform>
      <snapped>false</snapped>
    </blockref>
    <blockref>
      <blockid>flora_parts~, fe_muscle_branch_01</blockid>
      <transform>
        <limbtype>0</limbtype>
        <musclescale>1</musclescale>
        <basemusclescale>2.200000</basemusclescale>
        <scale>1</scale>
        <position>0.0219304,0.00143325,0.600000</position>
        <triangledirection>0.308481,-0.156973,-0.938189</triangledirection>
        <trianglepickorigin>0,0,0</trianglepickorigin>
        <orientation>
          <row0>0.951044,0.0703840,0.300932</row0>
          <row1>0.308481,-0.156973,-0.938189</row1>
          <row2>-0.0187952,0.985091,-0.171000</row2>
        </orientation>
      </transform>
      <snapped>true</snapped>
      <childlist count="2">
        <childid>7</childid>
        <childid>6</childid>
      </childlist>
      <handles count="1">
        <weight channel="longer">0.00555498</weight>
      </handles>
    </blockref>
    <blockref>
      <blockid>flora_parts~, fe_muscle_branch_06</blockid>
      <transform>
        <limbtype>0</limbtype>
        <musclescale>0.5</musclescale>
        <basemusclescale>1.25</basemusclescale>
        <scale>1</scale>
        <position>-0.0610086,0.0436376,0.852243</position>
        <triangledirection>-0.793090,-0.242358,0.558810</triangledirection>
        <trianglepickorigin>0,0,0</trianglepickorigin>
        <orientation>
          <row0>0.428936,-0.873593,0.229887</row0>
          <row1>-0.793090,-0.242358,0.558810</row1>
          <row2>-0.432458,-0.422015,-0.796795</row2>
        </orientation>
      </transform>
      <snapped>true</snapped>
      <childlist count="6">
        <childid>20</childid>
        <childid>19</childid>
        <childid>18</childid>
        <childid>17</childid>
        <childid>16</childid>
        <childid>8</childid>
      </childlist>
      <handles count="1">
        <weight channel="longer">0.162245</weight>
      </handles>
    </blockref>
    <blockref>
      <blockid>flora_parts~, fe_muscle_branch_06</blockid>
      <transform>
        <limbtype>0</limbtype>
        <musclescale>0.5</musclescale>
        <basemusclescale>1.25</basemusclescale>
        <scale>1</scale>
        <position>-0.0610086,0.0436376,0.852243</position>
        <triangledirection>0.433613,0.274469,-0.858280</triangledirection>
        <trianglepickorigin>0,0,0</trianglepickorigin>
        <orientation>
          <row0>0.216262,-0.956342,-0.196570</row0>
          <row1>0.433613,0.274469,-0.858280</row1>
          <row2>0.874762,0.100378,0.474040</row2>
        </orientation>
      </transform>
      <snapped>true</snapped>
      <childlist count="3">
        <childid>36</childid>
        <childid>32</childid>
        <childid>25</childid>
      </childlist>
      <handles count="1">
        <weight channel="longer">0.162245</weight>
      </handles>
    </blockref>
    <blockref>
      <blockid>flora_parts~, fe_muscle_branch_01</blockid>
      <transform>
        <limbtype>1</limbtype>
        <musclescale>1</musclescale>
        <basemusclescale>1</basemusclescale>
        <scale>1</scale>
        <position>0.932138,0.347131,0.152474</position>
        <triangledirection>0.429806,-0.629029,-0.647756</triangledirection>
        <trianglepickorigin>0,0,0</trianglepickorigin>
        <orientation>
          <row0>0.846048,0.0299844,0.532261</row0>
          <row1>0.429806,-0.629029,-0.647756</row1>
          <row2>0.315385,0.776803,-0.545077</row2>
        </orientation>
      </transform>
      <snapped>true</snapped>
      <childlist count="1">
        <childid>9</childid>
      </childlist>
      <handles count="1">
        <weight channel="longer">0.116575</weight>
      </handles>
    </blockref>
    <blockref>
      <blockid>flora_parts~, fe_muscle_branch_01</blockid>
      <transform>
        <limbtype>1</limbtype>
        <musclescale>1</musclescale>
        <basemusclescale>2.099998</basemusclescale>
        <scale>1</scale>
        <position>0.517102,0.954545,0.777970</position>
        <triangledirection>-0.921181,0.0385062,-0.387223</triangledirection>
        <trianglepickorigin>0,0,0</trianglepickorigin>
        <orientation>
          <row0>0.312397,-0.520136,-0.794900</row0>
          <row1>-0.921181,0.0385062,-0.387223</row1>
          <row2>0.232017,0.853214,-0.467110</row2>
        </orientation>
      </transform>
      <snapped>true</snapped>
      <childlist count="3">
        <childid>24</childid>
        <childid>22</childid>
        <childid>10</childid>
      </childlist>
      <handles count="1">
        <weight channel="longer">0.106351</weight>
      </handles>
    </blockref>
    <blockref>
      <blockid>flora_parts~, fe_muscle_branch_01</blockid>
      <transform>
        <limbtype>1</limbtype>
        <musclescale>1</musclescale>
        <basemusclescale>1.900000</basemusclescale>
        <scale>1</scale>
        <position>1.347519,0.919833,1.127042</position>
        <triangledirection>-0.524062,-0.0325528,0.851057</triangledirection>
        <trianglepickorigin>0,0,0</trianglepickorigin>
        <orientation>
          <row0>-0.490075,0.828785,-0.270076</row0>
          <row1>-0.524062,-0.0325528,0.851057</row1>
          <row2>0.696551,0.558619,0.450288</row2>
        </orientation>
      </transform>
      <snapped>true</snapped>
      <childlist count="2">
        <childid>23</childid>
        <childid>11</childid>
      </childlist>
      <handles count="1">
        <weight channel="longer">0.0757158</weight>
      </handles>
    </blockref>
    <blockref>
      <blockid>flora_parts~, fe_muscle_branch_01</blockid>
      <transform>
        <limbtype>1</limbtype>
        <musclescale>1</musclescale>
        <basemusclescale>1.600000</basemusclescale>
        <scale>1</scale>
        <position>1.719182,0.942919,0.523476</position>
        <triangledirection>-0.0625895,0.168632,0.983689</triangledirection>
        <trianglepickorigin>0,0,0</trianglepickorigin>
        <orientation>
          <row0>0.542533,0.833026,-0.108284</row0>
          <row1>-0.0625895,0.168632,0.983689</row1>
          <row2>0.837699,-0.526907,0.143627</row2>
        </orientation>
      </transform>
      <snapped>true</snapped>
      <childlist count="1">
        <childid>12</childid>
      </childlist>
      <handles count="1">
        <weight channel="longer">0.0922088</weight>
      </handles>
    </blockref>
    <blockref>
      <blockid>flora_parts~, fe_muscle_branch_01</blockid>
      <transform>
        <limbtype>1</limbtype>
        <musclescale>1</musclescale>
        <basemusclescale>1.5</basemusclescale>
        <scale>1</scale>
        <position>1.770049,0.805871,-0.275970</position>
        <triangledirection>0.229075,-0.912791,-0.338137</triangledirection>
        <trianglepickorigin>0,0,0</trianglepickorigin>
        <orientation>
          <row0>-0.966707,-0.254021,0.0308164</row0>
          <row1>0.229075,-0.912791,-0.338137</row1>
          <row2>0.114023,-0.319820,0.940592</row2>
        </orientation>
      </transform>
      <snapped>true</snapped>
      <childlist count="1">
        <childid>13</childid>
      </childlist>
      <handles count="1">
        <weight channel="longer">0.0658738</weight>
      </handles>
    </blockref>
    <blockref>
      <blockid>flora_parts~, fe_muscle_branch_01</blockid>
      <transform>
        <limbtype>1</limbtype>
        <musclescale>1</musclescale>
        <basemusclescale>1.149998</basemusclescale>
        <scale>1</scale>
        <position>1.621739,1.396835,-0.0570514</position>
        <triangledirection>-0.735887,-0.551226,-0.393216</triangledirection>
        <trianglepickorigin>0,0,0</trianglepickorigin>
        <orientation>
          <row0>-0.635610,0.762538,0.120559</row0>
          <row1>-0.735887,-0.551226,-0.393216</row1>
          <row2>-0.233387,-0.338650,0.911507</row2>
        </orientation>
      </transform>
      <snapped>true</snapped>
      <childlist count="1">
        <childid>14</childid>
      </childlist>
      <handles count="1">
        <weight channel="longer">0.0465660</weight>
      </handles>
    </blockref>
    <blockref>
      <blockid>flora_parts~, fe_muscle_branch_01</blockid>
      <transform>
        <limbtype>1</limbtype>
        <musclescale>1</musclescale>
        <basemusclescale>0.950000</basemusclescale>
        <scale>1</scale>
        <position>2.008998,1.686917,0.149878</position>
        <triangledirection>-0.675864,0.510363,-0.531728</triangledirection>
        <trianglepickorigin>0,0,0</trianglepickorigin>
        <orientation>
          <row0>0.378169,0.859380,0.344169</row0>
          <row1>-0.675864,0.510363,-0.531728</row1>
          <row2>-0.632608,-0.0315283,0.773829</row2>
        </orientation>
      </transform>
      <snapped>true</snapped>
      <childlist count="1">
        <childid>15</childid>
      </childlist>
      <handles count="1">
        <weight channel="longer">0.0465660</weight>
      </handles>
    </blockref>
    <blockref>
      <blockid>Creature_parts~, ce_grasper_null</blockid>
      <transform>
        <basemusclescale>0.650000</basemusclescale>
        <scale>1</scale>
        <position>2.364670,1.418339,0.429699</position>
        <triangledirection>-0.866800,0.498655,1.04654e-7</triangledirection>
        <trianglepickorigin>0,0,0</trianglepickorigin>
        <orientation>
          <row0>0.498655,0.866800,-2.54431e-7</row0>
          <row1>-0.866800,0.498655,1.04654e-7</row1>
          <row2>2.17587e-7,1.68355e-7,1</row2>
        </orientation>
      </transform>
      <snapped>true</snapped>
    </blockref>
    <blockref>
      <blockid>flora_parts~, fe_leaf_04</blockid>
      <transform>
        <scale>1,454991</scale>
        <position>1.119600,0.236410,0.110251</position>
        <triangledirection>-0.361496,0.306057,-0.880708</triangledirection>
        <trianglepickorigin>0,0,0</trianglepickorigin>
        <orientation>
          <row0>0.428351,0.903612,-5.43892e-7</row0>
          <row1>-0.869234,0.412055,0.273207</row1>
          <row2>0.246873,-0.117028,0.961955</row2>
        </orientation>
        <userorientation>
          <userorientation_row0>0.853932,-0.520383,0</userorientation_row0>
          <userorientation_row1>0.121710,0.199721,-0.972263</userorientation_row1>
          <userorientation_row2>0.505950,0.830246,0.233885</userorientation_row2>
        </userorientation>
      </transform>
      <snapped>false</snapped>
      <childlist count="1">
        <childid>21</childid>
      </childlist>
      <handles count="2">
        <weight channel="DeformAxisLeft">0.382705</weight>
        <weight channel="DeformAxisForward">0</weight>
      </handles>
    </blockref>
    <blockref>
      <blockid>flora_parts~, FE_leaf_12</blockid>
      <transform>
        <scale>0,591554</scale>
        <position>0.467281,0.469386,0.135225</position>
        <triangledirection>0.526868,0.0551184,-0.848156</triangledirection>
        <trianglepickorigin>0,0,0</trianglepickorigin>
        <orientation>
          <row0>-0.618030,-0.786154,7.74860e-7</row0>
          <row1>0.584941,-0.459847,0.668119</row1>
          <row2>-0.525244,0.412918,0.744053</row2>
        </orientation>
        <userorientation>
          <userorientation_row0>0.922464,-0.228329,-0.311325</userorientation_row0>
          <userorientation_row1>-0.368953,-0.283829,-0.885049</userorientation_row1>
          <userorientation_row2>0.113717,0.931291,-0.346065</userorientation_row2>
        </userorientation>
      </transform>
      <snapped>false</snapped>
      <handles count="3">
        <weight channel="DeformAxisForwardb">0.890121</weight>
        <weight channel="DeformAxisForward">0</weight>
        <weight channel="DeformAxisLeft">0.703969</weight>
      </handles>
    </blockref>
    <blockref>
      <blockid>flora_parts~, FE_leaf_12</blockid>
      <transform>
        <scale>0,591554</scale>
        <position>0.725507,0.119319,0.0133811</position>
        <triangledirection>-0.381008,0.432841,-0.816994</triangledirection>
        <trianglepickorigin>0,0,0</trianglepickorigin>
        <orientation>
          <row0>0.999621,0.0275182,4.47034e-8</row0>
          <row1>-0.0190267,0.691158,0.722453</row1>
          <row2>0.0198806,-0.722179,0.691419</row2>
        </orientation>
        <userorientation>
          <userorientation_row0>0.922464,-0.228329,-0.311325</userorientation_row0>
          <userorientation_row1>-0.368953,-0.283829,-0.885049</userorientation_row1>
          <userorientation_row2>0.113717,0.931291,-0.346065</userorientation_row2>
        </userorientation>
      </transform>
      <snapped>false</snapped>
      <handles count="3">
        <weight channel="DeformAxisForwardb">0.890121</weight>
        <weight channel="DeformAxisForward">0</weight>
        <weight channel="DeformAxisLeft">0.703969</weight>
      </handles>
    </blockref>
    <blockref>
      <blockid>flora_parts~, FE_leaf_12</blockid>
      <transform>
        <scale>0,798516</scale>
        <position>0.162693,0.178532,1.064177</position>
        <triangledirection>-0.235626,0.0937609,-0.967309</triangledirection>
        <trianglepickorigin>0,0,0</trianglepickorigin>
        <orientation>
          <row0>-0.524892,0.851168,-1.19209e-7</row0>
          <row1>-0.531640,-0.327848,-0.780944</row1>
          <row2>-0.664715,-0.409911,0.624601</row2>
        </orientation>
        <userorientation>
          <userorientation_row0>0.951139,-0.289339,-0.107778</userorientation_row0>
          <userorientation_row1>0.203485,0.849943,-0.485992</userorientation_row1>
          <userorientation_row2>0.232223,0.440313,0.867290</userorientation_row2>
        </userorientation>
      </transform>
      <snapped>false</snapped>
      <handles count="3">
        <weight channel="DeformAxisForwardb">0.890121</weight>
        <weight channel="DeformAxisForward">0</weight>
        <weight channel="DeformAxisLeft">0.703969</weight>
      </handles>
    </blockref>
    <blockref>
      <blockid>flora_parts~, fe_cap_01a</blockid>
      <transform>
        <scale>1</scale>
        <position>0.0401371,-0.145634,1.056352</position>
        <triangledirection>-0.332299,0.431370,-0.838746</triangledirection>
        <trianglepickorigin>0,0,0</trianglepickorigin>
        <orientation>
          <row0>0.792201,0.610259,-1.19209e-7</row0>
          <row1>-0.332299,0.431370,-0.838747</row1>
          <row2>-0.511853,0.664456,0.544521</row2>
        </orientation>
      </transform>
      <snapped>false</snapped>
    </blockref>
    <blockref>
      <blockid>flora_parts~, fe_cap_01a</blockid>
      <transform>
        <scale>0,740818</scale>
        <position>1.074589,0.776686,1.790490</position>
        <triangledirection>-0.117271,0.0851641,-0.989441</triangledirection>
        <trianglepickorigin>0,0,0</trianglepickorigin>
        <orientation>
          <row0>0.587612,0.809142,-8.19563e-8</row0>
          <row1>-0.117271,0.0851641,-0.989441</row1>
          <row2>-0.800598,0.581408,0.144932</row2>
        </orientation>
      </transform>
      <snapped>false</snapped>
    </blockref>
    <blockref>
      <blockid>flora_parts~, fe_cap_01a</blockid>
      <transform>
        <scale>0,740818</scale>
        <position>1.296346,0.924399,1.252325</position>
        <triangledirection>-0.0553977,0.0124567,-0.998386</triangledirection>
        <trianglepickorigin>0,0,0</trianglepickorigin>
        <orientation>
          <row0>0.219387,0.975637,-3.11993e-7</row0>
          <row1>-0.0553977,0.0124567,-0.998386</row1>
          <row2>-0.974063,0.219033,0.0567809</row2>
        </orientation>
      </transform>
      <snapped>false</snapped>
    </blockref>
    <blockref>
      <blockid>flora_parts~, fe_cap_01a</blockid>
      <transform>
        <scale>0,740818</scale>
        <position>1.551410,0.847920,1.107492</position>
        <triangledirection>-0.581406,0.591955,-0.558171</triangledirection>
        <trianglepickorigin>0,0,0</trianglepickorigin>
        <orientation>
          <row0>0.713435,0.700721,-3.27825e-7</row0>
          <row1>-0.581406,0.591955,-0.558171</row1>
          <row2>-0.391122,0.398219,0.829725</row2>
        </orientation>
      </transform>
      <snapped>false</snapped>
    </blockref>
    <blockref>
      <blockid>flora_parts~, fe_cap_01a</blockid>
      <transform>
        <scale>0,740818</scale>
        <position>1.368757,0.854537,1.215801</position>
        <triangledirection>-0.145301,0.560278,-0.815460</triangledirection>
        <trianglepickorigin>0,0,0</trianglepickorigin>
        <orientation>
          <row0>0.967978,0.251033,4.69386e-7</row0>
          <row1>-0.145301,0.560278,-0.815460</row1>
          <row2>-0.204708,0.789348,0.578812</row2>
        </orientation>
      </transform>
      <snapped>false</snapped>
    </blockref>
    <blockref>
      <blockid>flora_parts~, fe_muscle_branch_06</blockid>
      <transform>
        <limbtype>0</limbtype>
        <musclescale>0.5</musclescale>
        <basemusclescale>1</basemusclescale>
        <scale>1</scale>
        <position>-0.604001,-0.300067,1.927026</position>
        <triangledirection>0.848074,0.457314,-0.267645</triangledirection>
        <trianglepickorigin>0,0,0</trianglepickorigin>
        <orientation>
          <row0>0.377657,-0.875973,-0.300075</row0>
          <row1>0.848074,0.457314,-0.267645</row1>
          <row2>0.371679,-0.153408,0.915598</row2>
        </orientation>
      </transform>
      <snapped>true</snapped>
      <childlist count="2">
        <childid>27</childid>
        <childid>26</childid>
      </childlist>
      <handles count="1">
        <weight channel="longer">0.162245</weight>
      </handles>
    </blockref>
    <blockref>
      <blockid>flora_parts~, FE_leaf_12</blockid>
      <transform>
        <scale>0,591554</scale>
        <position>-1.301501,-0.280787,2.245474</position>
        <triangledirection>-0.766005,0.368714,-0.526577</triangledirection>
        <trianglepickorigin>0,0,0</trianglepickorigin>
        <orientation>
          <row0>-0.314678,-0.563023,0.764186</row0>
          <row1>0.304889,-0.822378,-0.480349</row1>
          <row2>0.898899,0.0818365,0.430445</row2>
        </orientation>
        <userorientation>
          <userorientation_row0>0.922464,-0.228329,-0.311325</userorientation_row0>
          <userorientation_row1>-0.368953,-0.283829,-0.885049</userorientation_row1>
          <userorientation_row2>0.113717,0.931291,-0.346065</userorientation_row2>
        </userorientation>
      </transform>
      <snapped>false</snapped>
      <handles count="3">
        <weight channel="DeformAxisForwardb">0.890121</weight>
        <weight channel="DeformAxisForward">0</weight>
        <weight channel="DeformAxisLeft">0.703969</weight>
      </handles>
    </blockref>
    <blockref>
      <blockid>flora_parts~, fe_muscle_branch_06</blockid>
      <transform>
        <limbtype>0</limbtype>
        <musclescale>0.5</musclescale>
        <basemusclescale>1</basemusclescale>
        <scale>1</scale>
        <position>-1.666000,-0.872738,2.262186</position>
        <triangledirection>0.173063,0.405534,0.897547</triangledirection>
        <trianglepickorigin>0,0,0</trianglepickorigin>
        <orientation>
          <row0>0.913300,-0.407210,0.00788740</row0>
          <row1>0.173063,0.405534,0.897547</row1>
          <row2>-0.368689,-0.818364,0.440847</row2>
        </orientation>
      </transform>
      <snapped>true</snapped>
      <childlist count="2">
        <childid>29</childid>
        <childid>28</childid>
      </childlist>
      <handles count="1">
        <weight channel="longer">0.162245</weight>
      </handles>
    </blockref>
    <blockref>
      <blockid>flora_parts~, FE_leaf_12</blockid>
      <transform>
        <scale>0,591554</scale>
        <position>-2.135700,-1.014591,1.672652</position>
        <triangledirection>-0.170148,0.720912,-0.671813</triangledirection>
        <trianglepickorigin>0,0,0</trianglepickorigin>
        <orientation>
          <row0>-0.240369,-0.902217,-0.358087</row0>
          <row1>0.970499,-0.230511,-0.0706726</row1>
          <row2>-0.0187810,-0.364511,0.931009</row2>
        </orientation>
        <userorientation>
          <userorientation_row0>0.922464,-0.228329,-0.311325</userorientation_row0>
          <userorientation_row1>-0.368953,-0.283829,-0.885049</userorientation_row1>
          <userorientation_row2>0.113717,0.931291,-0.346065</userorientation_row2>
        </userorientation>
      </transform>
      <snapped>false</snapped>
      <handles count="3">
        <weight channel="DeformAxisForwardb">0.890121</weight>
        <weight channel="DeformAxisForward">0</weight>
        <weight channel="DeformAxisLeft">0.703969</weight>
      </handles>
    </blockref>
    <blockref>
      <blockid>flora_parts~, fe_muscle_branch_06</blockid>
      <transform>
        <limbtype>0</limbtype>
        <musclescale>0.5</musclescale>
        <basemusclescale>1</basemusclescale>
        <scale>1</scale>
        <position>-1.882720,-1.380569,1.138232</position>
        <triangledirection>-0.453014,0.0578799,0.889622</triangledirection>
        <trianglepickorigin>0,0,0</trianglepickorigin>
        <orientation>
          <row0>0.872848,-0.174273,0.455811</row0>
          <row1>-0.453014,0.0578799,0.889622</row1>
          <row2>-0.181420,-0.982994,-0.0284280</row2>
        </orientation>
      </transform>
      <snapped>true</snapped>
      <childlist count="2">
        <childid>31</childid>
        <childid>30</childid>
      </childlist>
      <handles count="1">
        <weight channel="longer">0.162245</weight>
      </handles>
    </blockref>
    <blockref>
      <blockid>flora_parts~, FE_leaf_12</blockid>
      <transform>
        <scale>0,591554</scale>
        <position>-1.913530,-1.382593,0.371854</position>
        <triangledirection>-0.0930566,0.868885,-0.486186</triangledirection>
        <trianglepickorigin>0,0,0</trianglepickorigin>
        <orientation>
          <row0>0.335400,-0.725187,-0.601339</row0>
          <row1>0.886440,0.0268269,0.462064</row1>
          <row2>-0.318951,-0.688028,0.651833</row2>
        </orientation>
        <userorientation>
          <userorientation_row0>0.922464,-0.228329,-0.311325</userorientation_row0>
          <userorientation_row1>-0.368953,-0.283829,-0.885049</userorientation_row1>
          <userorientation_row2>0.113717,0.931291,-0.346065</userorientation_row2>
        </userorientation>
      </transform>
      <snapped>false</snapped>
      <handles count="3">
        <weight channel="DeformAxisForwardb">0.890121</weight>
        <weight channel="DeformAxisForward">0</weight>
        <weight channel="DeformAxisLeft">0.703969</weight>
      </handles>
    </blockref>
    <blockref>
      <blockid>Creature_parts~, ce_grasper_null</blockid>
      <transform>
        <basemusclescale>1</basemusclescale>
        <scale>1</scale>
        <position>-1.315433,-1.453049,0.0242027</position>
        <triangledirection>0.966783,-0.108006,-0.231657</triangledirection>
        <trianglepickorigin>0,0,0</trianglepickorigin>
        <orientation>
          <row0>-0.254885,-0.475035,-0.842244</row0>
          <row1>0.966783,-0.108006,-0.231657</row1>
          <row2>0.0190778,-0.873313,0.486785</row2>
        </orientation>
      </transform>
      <snapped>true</snapped>
    </blockref>
    <blockref>
      <blockid>flora_parts~, fe_muscle_branch_06</blockid>
      <transform>
        <limbtype>0</limbtype>
        <musclescale>0.5</musclescale>
        <basemusclescale>1</basemusclescale>
        <scale>1</scale>
        <position>-0.604001,-0.300067,1.927026</position>
        <triangledirection>-0.512502,0.851529,0.110626</triangledirection>
        <trianglepickorigin>0,0,0</trianglepickorigin>
        <orientation>
          <row0>0.673329,0.318573,0.667187</row0>
          <row1>-0.512502,0.851529,0.110626</row1>
          <row2>-0.532887,-0.416422,0.736629</row2>
        </orientation>
      </transform>
      <snapped>true</snapped>
      <childlist count="1">
        <childid>33</childid>
      </childlist>
      <handles count="1">
        <weight channel="longer">0.162245</weight>
      </handles>
    </blockref>
    <blockref>
      <blockid>flora_parts~, fe_muscle_branch_06</blockid>
      <transform>
        <limbtype>0</limbtype>
        <musclescale>0.5</musclescale>
        <basemusclescale>1</basemusclescale>
        <scale>1</scale>
        <position>0.0377805,-1.366394,1.788495</position>
        <triangledirection>-0.453012,0.0578806,0.889623</triangledirection>
        <trianglepickorigin>0,0,0</trianglepickorigin>
        <orientation>
          <row0>0.872849,-0.174273,0.455809</row0>
          <row1>-0.453012,0.0578806,0.889623</row1>
          <row2>-0.181420,-0.982994,-0.0284269</row2>
        </orientation>
      </transform>
      <snapped>true</snapped>
      <childlist count="1">
        <childid>34</childid>
      </childlist>
      <handles count="1">
        <weight channel="longer">0.162245</weight>
      </handles>
    </blockref>
    <blockref>
      <blockid>flora_parts~, fe_muscle_branch_06</blockid>
      <transform>
        <limbtype>0</limbtype>
        <musclescale>0.5</musclescale>
        <basemusclescale>1</basemusclescale>
        <scale>1</scale>
        <position>0.605065,-1.438875,0.674464</position>
        <triangledirection>-0.453012,0.0578807,0.889623</triangledirection>
        <trianglepickorigin>0,0,0</trianglepickorigin>
        <orientation>
          <row0>0.872849,-0.174274,0.455809</row0>
          <row1>-0.453012,0.0578807,0.889623</row1>
          <row2>-0.181421,-0.982994,-0.0284272</row2>
        </orientation>
      </transform>
      <snapped>true</snapped>
      <childlist count="1">
        <childid>35</childid>
      </childlist>
      <handles count="1">
        <weight channel="longer">0.162245</weight>
      </handles>
    </blockref>
    <blockref>
      <blockid>Creature_parts~, ce_grasper_null</blockid>
      <transform>
        <basemusclescale>1</basemusclescale>
        <scale>1</scale>
        <position>1.172351,-1.511357,-0.439565</position>
        <triangledirection>0.966783,-0.108007,-0.231657</triangledirection>
        <trianglepickorigin>0,0,0</trianglepickorigin>
        <orientation>
          <row0>-0.254885,-0.475036,-0.842243</row0>
          <row1>0.966783,-0.108007,-0.231657</row1>
          <row2>0.0190772,-0.873312,0.486786</row2>
        </orientation>
      </transform>
      <snapped>true</snapped>
    </blockref>
    <blockref>
      <blockid>flora_parts~, fe_muscle_branch_06</blockid>
      <transform>
        <limbtype>0</limbtype>
        <musclescale>0.5</musclescale>
        <basemusclescale>1</basemusclescale>
        <scale>1</scale>
        <position>-0.604001,-0.300067,1.927026</position>
        <triangledirection>0.492261,-0.806505,0.327456</triangledirection>
        <trianglepickorigin>0,0,0</trianglepickorigin>
        <orientation>
          <row0>0.269641,-0.216400,-0.938330</row0>
          <row1>0.492261,-0.806505,0.327456</row1>
          <row2>-0.827630,-0.550199,-0.110941</row2>
        </orientation>
      </transform>
      <snapped>true</snapped>
      <childlist count="1">
        <childid>37</childid>
      </childlist>
      <handles count="1">
        <weight channel="longer">0.162245</weight>
      </handles>
    </blockref>
    <blockref>
      <blockid>flora_parts~, fe_muscle_branch_06</blockid>
      <transform>
        <limbtype>0</limbtype>
        <musclescale>0.5</musclescale>
        <basemusclescale>1</basemusclescale>
        <scale>1</scale>
        <position>-1.220435,0.709879,1.516968</position>
        <triangledirection>0.0291152,-0.973204,0.228090</triangledirection>
        <trianglepickorigin>0,0,0</trianglepickorigin>
        <orientation>
          <row0>0.487903,-0.185320,-0.852998</row0>
          <row1>0.0291152,-0.973204,0.228090</row1>
          <row2>-0.872412,-0.136121,-0.469434</row2>
        </orientation>
      </transform>
      <snapped>true</snapped>
      <childlist count="1">
        <childid>38</childid>
      </childlist>
      <handles count="1">
        <weight channel="longer">0.162245</weight>
      </handles>
    </blockref>
    <blockref>
      <blockid>flora_parts~, FE_muscle_branch_04</blockid>
      <transform>
        <limbtype>0</limbtype>
        <musclescale>0.5</musclescale>
        <basemusclescale>1</basemusclescale>
        <scale>1</scale>
        <position>-1.256894,1.928575,1.231343</position>
        <triangledirection>-0.243381,-0.244340,0.938649</triangledirection>
        <trianglepickorigin>0,0,0</trianglepickorigin>
        <orientation>
          <row0>0.389418,-0.910941,-0.136155</row0>
          <row1>-0.243381,-0.244340,0.938649</row1>
          <row2>-0.888323,-0.332390,-0.316856</row2>
        </orientation>
      </transform>
      <snapped>true</snapped>
      <childlist count="1">
        <childid>39</childid>
      </childlist>
      <handles count="1">
        <weight channel="longer">0.162245</weight>
      </handles>
    </blockref>
    <blockref>
      <blockid>Creature_parts~, ce_grasper_null</blockid>
      <transform>
        <basemusclescale>1</basemusclescale>
        <scale>1</scale>
        <position>-0.952119,2.234550,0.0559195</position>
        <triangledirection>0.452088,-0.889392,0.0678044</triangledirection>
        <trianglepickorigin>0,0,0</trianglepickorigin>
        <orientation>
          <row0>0.336897,0.0998734,-0.936229</row0>
          <row1>0.452088,-0.889392,0.0678044</row1>
          <row2>-0.825903,-0.446101,-0.344785</row2>
        </orientation>
      </transform>
      <snapped>true</snapped>
    </blockref>
  </blocks></sporemodel>