spore0006438f6347406662000770a8cfb9fea735ffffffffffffffffffffffffffffffff0000000ec178f75f0dsporeautotestfffffffffffffffe0aEchocactus00006gaprop00<?xml version="1.0" encoding="UTF-8"?><sporemodel>
  <properties>
    <modeltype>PlantMedium</modeltype>
    <skineffectseed1>1234</skineffectseed1>
    <skineffectseed2>1234</skineffectseed2>
    <skineffectseed3>1234</skineffectseed3>
    <skincolor1>0.423528,0.462745,0.941176</skincolor1>
    <skincolor2>0.803921,0.627451,0.258823</skincolor2>
    <skincolor3>0.933332,0.443136,0.882352</skincolor3>
    <zcorpscore>14</zcorpscore>
  </properties>
  <blocks count="28">
    <blockref>
      <blockid>flora_parts~, fe_root_dummy</blockid>
      <transform>
        <scale>1</scale>
        <position>0.0219304,0.00143325,0.600000</position>
        <triangledirection>0,1,0</triangledirection>
        <trianglepickorigin>0,0,0</trianglepickorigin>
        <orientation>
          <row0>1,0,0</row0>
          <row1>0,1,0</row1>
          <row2>0,0,1</row2>
        </orientation>
      </transform>
      <snapped>false</snapped>
      <childlist count="2">
        <childid>24</childid>
        <childid>5</childid>
      </childlist>
    </blockref>
    <blockref>
      <blockid>Creature_parts~, ce_grasper_null</blockid>
      <transform>
        <basemusclescale>1.100000</basemusclescale>
        <scale>1</scale>
        <position>-2.640135,1.650595,3.122989</position>
        <triangledirection>0.240942,-0.239479,-0.940530</triangledirection>
        <trianglepickorigin>0,0,0</trianglepickorigin>
        <orientation>
          <row0>-0.784656,-0.618398,-0.0435534</row0>
          <row1>0.240942,-0.239479,-0.940530</row1>
          <row2>0.571192,-0.748487,0.336906</row2>
        </orientation>
      </transform>
      <snapped>false</snapped>
    </blockref>
    <blockref>
      <blockid>Creature_parts~, ce_grasper_null</blockid>
      <transform>
        <basemusclescale>1</basemusclescale>
        <scale>1</scale>
        <position>-2.281733,-0.156526,2.944823</position>
        <triangledirection>0.240960,-0.239477,-0.940525</triangledirection>
        <trianglepickorigin>0,0,0</trianglepickorigin>
        <orientation>
          <row0>-0.784640,-0.618419,-0.0435605</row0>
          <row1>0.240960,-0.239477,-0.940525</row1>
          <row2>0.571207,-0.748470,0.336917</row2>
        </orientation>
      </transform>
      <snapped>false</snapped>
    </blockref>
    <blockref>
      <blockid>Creature_parts~, ce_grasper_null</blockid>
      <transform>
        <basemusclescale>1</basemusclescale>
        <scale>1</scale>
        <position>0.203314,-1.786732,3.307368</position>
        <triangledirection>0,0,-1</triangledirection>
        <trianglepickorigin>0,0,0</trianglepickorigin>
        <orientation>
          <row0>1,0,0</row0>
          <row1>0,0,-1</row1>
          <row2>0,1,0</row2>
        </orientation>
      </transform>
      <snapped>false</snapped>
    </blockref>
    <blockref>
      <blockid>Creature_parts~, ce_grasper_null</blockid>
      <transform>
        <basemusclescale>1</basemusclescale>
        <scale>1</scale>
        <position>0.0219304,0.00143325,3.150254</position>
        <triangledirection>-0.100535,0.991115,-0.0870820</triangledirection>
        <trianglepickorigin>0,0,0</trianglepickorigin>
        <orientation>
          <row0>0.987913,0.109821,0.109388</row0>
          <row1>-0.100535,0.991115,-0.0870820</row1>
          <row2>-0.117980,0.0750321,0.990177</row2>
        </orientation>
      </transform>
      <snapped>false</snapped>
    </blockref>
    <blockref>
      <blockid>flora_parts~, fe_muscle_branch_01</blockid>
      <transform>
        <limbtype>0</limbtype>
        <musclescale>1</musclescale>
        <basemusclescale>2.200000</basemusclescale>
        <scale>1</scale>
        <position>0.0219304,0.00143325,0.600000</position>
        <triangledirection>0,-1.19209e-7,-1</triangledirection>
        <trianglepickorigin>0,0,0</trianglepickorigin>
        <orientation>
          <row0>0.997901,0.0647540,-7.71926e-9</row0>
          <row1>0,-1.19209e-7,-1</row1>
          <row2>-0.0647540,0.997901,-1.18958e-7</row2>
        </orientation>
      </transform>
      <snapped>true</snapped>
      <childlist count="3">
        <childid>11</childid>
        <childid>9</childid>
        <childid>6</childid>
      </childlist>
      <handles count="1">
        <weight channel="longer">0.00555498</weight>
      </handles>
    </blockref>
    <blockref>
      <blockid>flora_parts~, fe_muscle_branch_06</blockid>
      <transform>
        <limbtype>0</limbtype>
        <musclescale>0.5</musclescale>
        <basemusclescale>1.25</basemusclescale>
        <scale>1</scale>
        <position>0.0219304,0.00143329,0.868863</position>
        <triangledirection>0.240856,0.567962,0.787024</triangledirection>
        <trianglepickorigin>0,0,0</trianglepickorigin>
        <orientation>
          <row0>-0.197630,-0.765206,0.612699</row0>
          <row1>0.240856,0.567962,0.787024</row1>
          <row2>-0.950226,0.303112,0.0720578</row2>
        </orientation>
      </transform>
      <snapped>true</snapped>
      <childlist count="1">
        <childid>7</childid>
      </childlist>
      <handles count="1">
        <weight channel="longer">0.162245</weight>
      </handles>
    </blockref>
    <blockref>
      <blockid>Creature_parts~, ce_grasper_null</blockid>
      <transform>
        <basemusclescale>1</basemusclescale>
        <scale>1</scale>
        <position>-0.279682,-0.709796,-0.116687</position>
        <triangledirection>0.438326,0.172561,0.882095</triangledirection>
        <trianglepickorigin>0,0,0</trianglepickorigin>
        <orientation>
          <row0>0.350645,-0.936465,0.00895631</row0>
          <row1>0.438326,0.172561,0.882095</row1>
          <row2>-0.827597,-0.305377,0.470985</row2>
        </orientation>
      </transform>
      <snapped>true</snapped>
    </blockref>
    <blockref>
      <blockid>flora_parts~, FE_leaf_26</blockid>
      <transform>
        <scale>1,568313</scale>
        <position>0.0173427,0.00468305,3.601629</position>
        <triangledirection>0.00573906,0.0283923,-0.999579</triangledirection>
        <trianglepickorigin>0,0,0</trianglepickorigin>
        <orientation>
          <row0>0.550052,-0.835130,1.78813e-7</row0>
          <row1>0.334986,0.220636,-0.916026</row1>
          <row2>0.765000,0.503862,0.401118</row2>
        </orientation>
        <userorientation>
          <userorientation_row0>0.975186,-0.0657692,-0.211388</userorientation_row0>
          <userorientation_row1>-0.0205546,0.923828,-0.382254</userorientation_row1>
          <userorientation_row2>0.220427,0.377113,0.899553</userorientation_row2>
        </userorientation>
      </transform>
      <snapped>false</snapped>
      <childlist count="4">
        <childid>23</childid>
        <childid>22</childid>
        <childid>20</childid>
        <childid>19</childid>
      </childlist>
      <handles count="4">
        <weight channel="DeformAxisLeft">1</weight>
        <weight channel="DeformAxisForward">0.433299</weight>
        <weight channel="DeformAxisUp">0.418607</weight>
        <weight channel="DeformAxisUPb">0.5</weight>
      </handles>
    </blockref>
    <blockref>
      <blockid>flora_parts~, fe_trunk_01</blockid>
      <transform>
        <limbtype>2</limbtype>
        <musclescale>0.5</musclescale>
        <basemusclescale>1.25</basemusclescale>
        <scale>1</scale>
        <position>0.0219304,0.00143329,0.868863</position>
        <triangledirection>0,-1.19209e-7,-1</triangledirection>
        <trianglepickorigin>0,0,0</trianglepickorigin>
        <orientation>
          <row0>0.997901,0.0647540,-7.71926e-9</row0>
          <row1>0,-1.19209e-7,-1</row1>
          <row2>-0.0647540,0.997901,-1.18958e-7</row2>
        </orientation>
      </transform>
      <snapped>true</snapped>
      <childlist count="3">
        <childid>21</childid>
        <childid>10</childid>
        <childid>8</childid>
      </childlist>
      <handles count="3">
        <weight channel="DeformAxisLeft">0.501356</weight>
        <weight channel="DeformAxisForward">0.5</weight>
        <weight channel="DeformBoneLength">0.500090</weight>
      </handles>
    </blockref>
    <blockref>
      <blockid>Creature_parts~, ce_grasper_null</blockid>
      <transform>
        <basemusclescale>1</basemusclescale>
        <scale>1</scale>
        <position>0.0219304,0.00143358,3.469121</position>
        <triangledirection>0,-1.19209e-7,-1</triangledirection>
        <trianglepickorigin>0,0,0</trianglepickorigin>
        <orientation>
          <row0>0.997901,0.0647540,-7.71926e-9</row0>
          <row1>0,-1.19209e-7,-1</row1>
          <row2>-0.0647540,0.997901,-1.18958e-7</row2>
        </orientation>
      </transform>
      <snapped>true</snapped>
    </blockref>
    <blockref>
      <blockid>flora_parts~, fe_muscle_branch_01</blockid>
      <transform>
        <limbtype>1</limbtype>
        <musclescale>1</musclescale>
        <basemusclescale>1.25</basemusclescale>
        <scale>1</scale>
        <position>0.0219304,0.00143329,0.868863</position>
        <triangledirection>-0.429807,-0.629029,-0.647756</triangledirection>
        <trianglepickorigin>0,0,0</trianglepickorigin>
        <orientation>
          <row0>0.846048,-0.0299849,-0.532262</row0>
          <row1>-0.429807,-0.629029,-0.647756</row1>
          <row2>-0.315385,0.776803,-0.545076</row2>
        </orientation>
      </transform>
      <snapped>true</snapped>
      <childlist count="1">
        <childid>12</childid>
      </childlist>
      <handles count="1">
        <weight channel="longer">0.116575</weight>
      </handles>
    </blockref>
    <blockref>
      <blockid>flora_parts~, fe_muscle_branch_01</blockid>
      <transform>
        <limbtype>1</limbtype>
        <musclescale>1</musclescale>
        <basemusclescale>2.099998</basemusclescale>
        <scale>1</scale>
        <position>0.436967,0.608847,1.494360</position>
        <triangledirection>0.921181,0.0385054,-0.387222</triangledirection>
        <trianglepickorigin>0,0,0</trianglepickorigin>
        <orientation>
          <row0>0.312397,0.520137,0.794899</row0>
          <row1>0.921182,0.0385054,-0.387222</row1>
          <row2>-0.232016,0.853214,-0.467112</row2>
        </orientation>
      </transform>
      <snapped>true</snapped>
      <childlist count="1">
        <childid>13</childid>
      </childlist>
      <handles count="1">
        <weight channel="longer">0.106351</weight>
      </handles>
    </blockref>
    <blockref>
      <blockid>flora_parts~, fe_muscle_branch_01</blockid>
      <transform>
        <limbtype>1</limbtype>
        <musclescale>1</musclescale>
        <basemusclescale>1.900000</basemusclescale>
        <scale>1</scale>
        <position>-0.393456,0.574135,1.843430</position>
        <triangledirection>0.119775,0.900083,-0.418931</triangledirection>
        <trianglepickorigin>0,0,0</trianglepickorigin>
        <orientation>
          <row0>0.497522,0.310742,0.809882</row0>
          <row1>0.119775,0.900083,-0.418931</row1>
          <row2>-0.859142,0.305431,0.410592</row2>
        </orientation>
      </transform>
      <snapped>true</snapped>
      <childlist count="1">
        <childid>14</childid>
      </childlist>
      <handles count="1">
        <weight channel="longer">0.0757158</weight>
      </handles>
    </blockref>
    <blockref>
      <blockid>flora_parts~, fe_muscle_branch_01</blockid>
      <transform>
        <limbtype>1</limbtype>
        <musclescale>1</musclescale>
        <basemusclescale>1.600000</basemusclescale>
        <scale>1</scale>
        <position>-0.478399,-0.0641992,2.140541</position>
        <triangledirection>-0.952444,0.196907,-0.232543</triangledirection>
        <trianglepickorigin>0,0,0</trianglepickorigin>
        <orientation>
          <row0>-0.0332955,0.691337,0.721764</row0>
          <row1>-0.952444,0.196907,-0.232543</row1>
          <row2>-0.302886,-0.695183,0.651904</row2>
        </orientation>
      </transform>
      <snapped>true</snapped>
      <childlist count="1">
        <childid>15</childid>
      </childlist>
      <handles count="1">
        <weight channel="longer">0.0922088</weight>
      </handles>
    </blockref>
    <blockref>
      <blockid>flora_parts~, fe_muscle_branch_01</blockid>
      <transform>
        <limbtype>1</limbtype>
        <musclescale>1</musclescale>
        <basemusclescale>1.5</basemusclescale>
        <scale>1</scale>
        <position>0.295653,-0.224226,2.329531</position>
        <triangledirection>-0.229074,-0.912791,-0.338137</triangledirection>
        <trianglepickorigin>0,0,0</trianglepickorigin>
        <orientation>
          <row0>-0.966707,0.254021,-0.0308185</row0>
          <row1>-0.229074,-0.912791,-0.338137</row1>
          <row2>-0.114025,-0.319820,0.940592</row2>
        </orientation>
      </transform>
      <snapped>true</snapped>
      <childlist count="1">
        <childid>16</childid>
      </childlist>
      <handles count="1">
        <weight channel="longer">0.0658738</weight>
      </handles>
    </blockref>
    <blockref>
      <blockid>flora_parts~, fe_muscle_branch_01</blockid>
      <transform>
        <limbtype>1</limbtype>
        <musclescale>1</musclescale>
        <basemusclescale>1.149998</basemusclescale>
        <scale>1</scale>
        <position>0.443964,0.366738,2.548443</position>
        <triangledirection>0.735887,-0.551226,-0.393216</triangledirection>
        <trianglepickorigin>0,0,0</trianglepickorigin>
        <orientation>
          <row0>-0.635610,-0.762538,-0.120560</row0>
          <row1>0.735887,-0.551226,-0.393216</row1>
          <row2>0.233386,-0.338651,0.911507</row2>
        </orientation>
      </transform>
      <snapped>true</snapped>
      <childlist count="1">
        <childid>17</childid>
      </childlist>
      <handles count="1">
        <weight channel="longer">0.0465660</weight>
      </handles>
    </blockref>
    <blockref>
      <blockid>flora_parts~, fe_muscle_branch_01</blockid>
      <transform>
        <limbtype>1</limbtype>
        <musclescale>1</musclescale>
        <basemusclescale>0.950000</basemusclescale>
        <scale>1</scale>
        <position>0.0567042,0.656819,2.755373</position>
        <triangledirection>0.675866,0.510362,-0.531728</triangledirection>
        <trianglepickorigin>0,0,0</trianglepickorigin>
        <orientation>
          <row0>0.378168,-0.859381,-0.344168</row0>
          <row1>0.675866,0.510362,-0.531728</row1>
          <row2>0.632608,-0.0315290,0.773830</row2>
        </orientation>
      </transform>
      <snapped>true</snapped>
      <childlist count="1">
        <childid>18</childid>
      </childlist>
      <handles count="1">
        <weight channel="longer">0.0465660</weight>
      </handles>
    </blockref>
    <blockref>
      <blockid>Creature_parts~, ce_grasper_null</blockid>
      <transform>
        <basemusclescale>0.650000</basemusclescale>
        <scale>1</scale>
        <position>-0.298964,0.388241,3.035193</position>
        <triangledirection>0.866800,0.498654,-2.58396e-7</triangledirection>
        <trianglepickorigin>0,0,0</trianglepickorigin>
        <orientation>
          <row0>0.498654,-0.866800,1.27664e-6</row0>
          <row1>0.866800,0.498654,-2.58396e-7</row1>
          <row2>-4.12628e-7,1.23545e-6,1</row2>
        </orientation>
      </transform>
      <snapped>true</snapped>
    </blockref>
    <blockref>
      <blockid>flora_parts~, fe_cap_02a</blockid>
      <transform>
        <scale>0,509156</scale>
        <position>-0.136752,-0.0737267,3.614108</position>
        <triangledirection>0.412329,0.910984,0.00962879</triangledirection>
        <trianglepickorigin>0,0,0</trianglepickorigin>
        <orientation>
          <row0>0.906990,-0.411470,0.0897734</row0>
          <row1>0.412329,0.910983,0.00962879</row1>
          <row2>-0.0857441,0.0282830,0.995915</row2>
        </orientation>
      </transform>
      <snapped>false</snapped>
    </blockref>
    <blockref>
      <blockid>flora_parts~, fe_cap_02a</blockid>
      <transform>
        <scale>0,509156</scale>
        <position>-0.0105499,0.166176,3.688533</position>
        <triangledirection>-0.412097,-0.909936,-0.0468146</triangledirection>
        <trianglepickorigin>0,0,0</trianglepickorigin>
        <orientation>
          <row0>-0.905480,0.414714,-0.0900925</row0>
          <row1>-0.412097,-0.909936,-0.0468146</row1>
          <row2>-0.101393,-0.00526286,0.994832</row2>
        </orientation>
      </transform>
      <snapped>false</snapped>
    </blockref>
    <blockref>
      <blockid>flora_parts~, fe_cap_02a</blockid>
      <transform>
        <scale>0,509156</scale>
        <position>-0.0115259,-0.181885,3.277534</position>
        <triangledirection>-0.194881,0.976633,0.0905954</triangledirection>
        <trianglepickorigin>0,0,0</trianglepickorigin>
        <orientation>
          <row0>0.980666,0.195685,4.47034e-8</row0>
          <row1>-0.194881,0.976633,0.0905954</row1>
          <row2>0.0177282,-0.0888439,0.995887</row2>
        </orientation>
      </transform>
      <snapped>false</snapped>
    </blockref>
    <blockref>
      <blockid>flora_parts~, fe_cap_02a</blockid>
      <transform>
        <scale>0,509156</scale>
        <position>0.0324078,0.125933,3.906214</position>
        <triangledirection>-0.408333,-0.899924,-0.152969</triangledirection>
        <trianglepickorigin>0,0,0</trianglepickorigin>
        <orientation>
          <row0>-0.900948,0.424271,-0.0910307</row0>
          <row1>-0.408333,-0.899924,-0.152969</row1>
          <row2>-0.146821,-0.100646,0.984029</row2>
        </orientation>
      </transform>
      <snapped>false</snapped>
    </blockref>
    <blockref>
      <blockid>flora_parts~, fe_cap_02a</blockid>
      <transform>
        <scale>0,509156</scale>
        <position>-0.112247,-0.0361673,3.483777</position>
        <triangledirection>0.864458,-0.400804,0.303427</triangledirection>
        <trianglepickorigin>0,0,0</trianglepickorigin>
        <orientation>
          <row0>-0.443907,-0.891880,0.0865755</row0>
          <row1>0.864458,-0.400804,0.303427</row1>
          <row2>-0.235921,0.209534,0.948913</row2>
        </orientation>
      </transform>
      <snapped>false</snapped>
    </blockref>
    <blockref>
      <blockid>flora_parts~, fe_muscle_branch_01</blockid>
      <transform>
        <limbtype>0</limbtype>
        <musclescale>0.5</musclescale>
        <basemusclescale>2.200000</basemusclescale>
        <scale>1</scale>
        <position>0.0219304,0.00143325,0.600000</position>
        <triangledirection>-0.311535,-0.244503,-0.918239</triangledirection>
        <trianglepickorigin>0,0,0</trianglepickorigin>
        <orientation>
          <row0>0.950002,-0.0587841,-0.306658</row0>
          <row1>-0.311535,-0.244503,-0.918239</row1>
          <row2>-0.0210011,0.967864,-0.250591</row2>
        </orientation>
      </transform>
      <snapped>true</snapped>
      <childlist count="1">
        <childid>25</childid>
      </childlist>
      <handles count="1">
        <weight channel="longer">0.162245</weight>
      </handles>
    </blockref>
    <blockref>
      <blockid>flora_parts~, fe_muscle_branch_01</blockid>
      <transform>
        <limbtype>0</limbtype>
        <musclescale>0.5</musclescale>
        <basemusclescale>1</basemusclescale>
        <scale>1</scale>
        <position>0.412050,0.307613,1.749864</position>
        <triangledirection>0.148072,-0.273551,-0.950391</triangledirection>
        <trianglepickorigin>0,0,0</trianglepickorigin>
        <orientation>
          <row0>0.917297,-0.321197,0.235366</row0>
          <row1>0.148072,-0.273551,-0.950391</row1>
          <row2>0.369648,0.906643,-0.203367</row2>
        </orientation>
      </transform>
      <snapped>true</snapped>
      <childlist count="1">
        <childid>26</childid>
      </childlist>
      <handles count="1">
        <weight channel="longer">0.162245</weight>
      </handles>
    </blockref>
    <blockref>
      <blockid>flora_parts~, fe_muscle_branch_01</blockid>
      <transform>
        <limbtype>0</limbtype>
        <musclescale>0.5</musclescale>
        <basemusclescale>1</basemusclescale>
        <scale>1</scale>
        <position>0.226626,0.650168,2.939993</position>
        <triangledirection>0.243826,0.799747,-0.548591</triangledirection>
        <trianglepickorigin>0,0,0</trianglepickorigin>
        <orientation>
          <row0>0.955396,-0.295270,-0.00581644</row0>
          <row1>0.243826,0.799747,-0.548591</row1>
          <row2>0.166634,0.522704,0.836070</row2>
        </orientation>
      </transform>
      <snapped>true</snapped>
      <childlist count="1">
        <childid>27</childid>
      </childlist>
      <handles count="1">
        <weight channel="longer">0.162245</weight>
      </handles>
    </blockref>
    <blockref>
      <blockid>Creature_parts~, ce_grasper_null</blockid>
      <transform>
        <basemusclescale>1</basemusclescale>
        <scale>1</scale>
        <position>-0.0787040,-0.351316,3.626966</position>
        <triangledirection>4.09781e-8,-1.01327e-6,-1</triangledirection>
        <trianglepickorigin>0,0,0</trianglepickorigin>
        <orientation>
          <row0>1,2.23517e-8,4.09780e-8</row0>
          <row1>4.09781e-8,-1.01327e-6,-1</row1>
          <row2>-2.23517e-8,1,-1.01327e-6</row2>
        </orientation>
      </transform>
      <snapped>true</snapped>
    </blockref>
  </blocks></sporemodel>