spore0006438f634740666200077855ffb9fea735ffffffffffffffffffffffffffffffff0000000ec178f8980dsporeautotestfffffffffffffffe0fGuillophiloides00006gaprop00<?xml version="1.0" encoding="UTF-8"?><sporemodel>
  <properties>
    <modeltype>PlantMedium</modeltype>
    <skineffectseed1>1234</skineffectseed1>
    <skineffectseed2>1234</skineffectseed2>
    <skineffectseed3>1234</skineffectseed3>
    <skincolor1>0.286274,0.576469,0.262744</skincolor1>
    <skincolor2>0.905882,0.627451,0.0470587</skincolor2>
    <skincolor3>0.905882,0.749019,0.411763</skincolor3>
    <zcorpscore>19</zcorpscore>
  </properties>
  <blocks count="27">
    <blockref>
      <blockid>flora_parts~, fe_root_dummy</blockid>
      <transform>
        <scale>1</scale>
        <position>0.0219304,0.00143325,0.600000</position>
        <triangledirection>0,1,0</triangledirection>
        <trianglepickorigin>0,0,0</trianglepickorigin>
        <orientation>
          <row0>1,0,0</row0>
          <row1>0,1,0</row1>
          <row2>0,0,1</row2>
        </orientation>
      </transform>
      <snapped>false</snapped>
      <childlist count="2">
        <childid>8</childid>
        <childid>5</childid>
      </childlist>
    </blockref>
    <blockref>
      <blockid>Creature_parts~, ce_grasper_null</blockid>
      <transform>
        <basemusclescale>1.100000</basemusclescale>
        <scale>1</scale>
        <position>-2.640135,1.650595,3.122989</position>
        <triangledirection>0.240942,-0.239479,-0.940530</triangledirection>
        <trianglepickorigin>0,0,0</trianglepickorigin>
        <orientation>
          <row0>-0.784656,-0.618398,-0.0435534</row0>
          <row1>0.240942,-0.239479,-0.940530</row1>
          <row2>0.571192,-0.748487,0.336906</row2>
        </orientation>
      </transform>
      <snapped>false</snapped>
    </blockref>
    <blockref>
      <blockid>Creature_parts~, ce_grasper_null</blockid>
      <transform>
        <basemusclescale>1</basemusclescale>
        <scale>1</scale>
        <position>-2.281733,-0.156526,2.944823</position>
        <triangledirection>0.240960,-0.239477,-0.940525</triangledirection>
        <trianglepickorigin>0,0,0</trianglepickorigin>
        <orientation>
          <row0>-0.784640,-0.618419,-0.0435605</row0>
          <row1>0.240960,-0.239477,-0.940525</row1>
          <row2>0.571207,-0.748470,0.336917</row2>
        </orientation>
      </transform>
      <snapped>false</snapped>
    </blockref>
    <blockref>
      <blockid>Creature_parts~, ce_grasper_null</blockid>
      <transform>
        <basemusclescale>1</basemusclescale>
        <scale>1</scale>
        <position>0.203314,-1.786732,3.307368</position>
        <triangledirection>0,0,-1</triangledirection>
        <trianglepickorigin>0,0,0</trianglepickorigin>
        <orientation>
          <row0>1,0,0</row0>
          <row1>0,0,-1</row1>
          <row2>0,1,0</row2>
        </orientation>
      </transform>
      <snapped>false</snapped>
    </blockref>
    <blockref>
      <blockid>Creature_parts~, ce_grasper_null</blockid>
      <transform>
        <basemusclescale>1</basemusclescale>
        <scale>1</scale>
        <position>0.0219304,0.00143325,3.150254</position>
        <triangledirection>-0.100535,0.991115,-0.0870820</triangledirection>
        <trianglepickorigin>0,0,0</trianglepickorigin>
        <orientation>
          <row0>0.987913,0.109821,0.109388</row0>
          <row1>-0.100535,0.991115,-0.0870820</row1>
          <row2>-0.117980,0.0750321,0.990177</row2>
        </orientation>
      </transform>
      <snapped>false</snapped>
    </blockref>
    <blockref>
      <blockid>flora_parts~, fe_muscle_branch_01</blockid>
      <transform>
        <limbtype>0</limbtype>
        <musclescale>1</musclescale>
        <basemusclescale>2.200000</basemusclescale>
        <scale>1</scale>
        <position>0.0219304,0.00143325,0.600000</position>
        <triangledirection>0,-1.19209e-7,-1</triangledirection>
        <trianglepickorigin>0,0,0</trianglepickorigin>
        <orientation>
          <row0>0.997901,0.0647540,-7.71926e-9</row0>
          <row1>0,-1.19209e-7,-1</row1>
          <row2>-0.0647540,0.997901,-1.18958e-7</row2>
        </orientation>
      </transform>
      <snapped>true</snapped>
      <childlist count="2">
        <childid>11</childid>
        <childid>6</childid>
      </childlist>
      <handles count="1">
        <weight channel="longer">0.00555498</weight>
      </handles>
    </blockref>
    <blockref>
      <blockid>flora_parts~, fe_muscle_branch_06</blockid>
      <transform>
        <limbtype>0</limbtype>
        <musclescale>0.5</musclescale>
        <basemusclescale>1.25</basemusclescale>
        <scale>1</scale>
        <position>0.0219304,0.00143329,0.868863</position>
        <triangledirection>0.0215602,-0.470576,0.882095</triangledirection>
        <trianglepickorigin>0,0,0</trianglepickorigin>
        <orientation>
          <row0>0.343420,-0.825129,-0.448580</row0>
          <row1>0.0215602,-0.470576,0.882095</row1>
          <row2>-0.938934,-0.312600,-0.143815</row2>
        </orientation>
      </transform>
      <snapped>true</snapped>
      <childlist count="2">
        <childid>21</childid>
        <childid>7</childid>
      </childlist>
      <handles count="1">
        <weight channel="longer">0.162245</weight>
      </handles>
    </blockref>
    <blockref>
      <blockid>Creature_parts~, ce_grasper_null</blockid>
      <transform>
        <basemusclescale>1</basemusclescale>
        <scale>1</scale>
        <position>-0.00506821,0.590712,-0.235740</position>
        <triangledirection>0,-1.19209e-7,-1</triangledirection>
        <trianglepickorigin>0,0,0</trianglepickorigin>
        <orientation>
          <row0>0.997901,0.0647540,-7.71926e-9</row0>
          <row1>0,-1.19209e-7,-1</row1>
          <row2>-0.0647540,0.997901,-1.18958e-7</row2>
        </orientation>
      </transform>
      <snapped>true</snapped>
    </blockref>
    <blockref>
      <blockid>flora_parts~, fe_muscle_branch_06</blockid>
      <transform>
        <limbtype>0</limbtype>
        <musclescale>0.5</musclescale>
        <basemusclescale>2.200000</basemusclescale>
        <scale>1</scale>
        <position>0.0219304,0.00143325,0.600000</position>
        <triangledirection>-0.837243,-0.373008,0.399859</triangledirection>
        <trianglepickorigin>0,0,0</trianglepickorigin>
        <orientation>
          <row0>-0.451817,0.883784,-0.121599</row0>
          <row1>-0.837243,-0.373008,0.399859</row1>
          <row2>0.308031,0.282472,0.908474</row2>
        </orientation>
      </transform>
      <snapped>true</snapped>
      <childlist count="3">
        <childid>19</childid>
        <childid>18</childid>
        <childid>9</childid>
      </childlist>
      <handles count="1">
        <weight channel="longer">0.162245</weight>
      </handles>
    </blockref>
    <blockref>
      <blockid>flora_parts~, fe_trunk_03</blockid>
      <transform>
        <limbtype>2</limbtype>
        <musclescale>0.5</musclescale>
        <basemusclescale>1</basemusclescale>
        <scale>1</scale>
        <position>1.070369,0.468533,0.0992760</position>
        <triangledirection>-0.0981329,0.000317299,-0.995172</triangledirection>
        <trianglepickorigin>0,0,0</trianglepickorigin>
        <orientation>
          <row0>0.999994,-0.00323214,-2.68886e-10</row0>
          <row1>1.16414e-10,1.19209e-7,-1</row1>
          <row2>0.00323214,0.999994,1.19208e-7</row2>
        </orientation>
        <userorientation>
          <userorientation_row0>0.995172,0.0981334,0</userorientation_row0>
          <userorientation_row1>-0.0981334,0.995172,0</userorientation_row1>
          <userorientation_row2>0,0,1</userorientation_row2>
        </userorientation>
      </transform>
      <snapped>true</snapped>
      <childlist count="4">
        <childid>20</childid>
        <childid>16</childid>
        <childid>14</childid>
        <childid>10</childid>
      </childlist>
      <handles count="3">
        <weight channel="DeformAxisLeft">0.600546</weight>
        <weight channel="DeformAxisForward">1</weight>
        <weight channel="DeformBoneLength">0.623823</weight>
      </handles>
    </blockref>
    <blockref>
      <blockid>Creature_parts~, ce_grasper_null</blockid>
      <transform>
        <basemusclescale>1</basemusclescale>
        <scale>1</scale>
        <position>1.354000,0.467616,2.975604</position>
        <triangledirection>1.16408e-10,1.19209e-7,-1</triangledirection>
        <trianglepickorigin>0,0,0</trianglepickorigin>
        <orientation>
          <row0>0.999994,-0.00323216,-2.68894e-10</row0>
          <row1>1.16408e-10,1.19209e-7,-1</row1>
          <row2>0.00323216,0.999994,1.19208e-7</row2>
        </orientation>
      </transform>
      <snapped>true</snapped>
    </blockref>
    <blockref>
      <blockid>flora_parts~, fe_muscle_branch_06</blockid>
      <transform>
        <limbtype>0</limbtype>
        <musclescale>0.5</musclescale>
        <basemusclescale>1.25</basemusclescale>
        <scale>1</scale>
        <position>0.0219304,0.00143329,0.868863</position>
        <triangledirection>0.743352,-0.429767,0.512568</triangledirection>
        <trianglepickorigin>0,0,0</trianglepickorigin>
        <orientation>
          <row0>-0.611417,-0.125779,0.781247</row0>
          <row1>0.743352,-0.429767,0.512568</row1>
          <row2>0.271284,0.894136,0.356266</row2>
        </orientation>
      </transform>
      <snapped>true</snapped>
      <childlist count="1">
        <childid>12</childid>
      </childlist>
      <handles count="1">
        <weight channel="longer">0.162245</weight>
      </handles>
    </blockref>
    <blockref>
      <blockid>flora_parts~, fe_trunk_03</blockid>
      <transform>
        <limbtype>2</limbtype>
        <musclescale>0.5</musclescale>
        <basemusclescale>1</basemusclescale>
        <scale>1</scale>
        <position>-0.908932,0.539608,0.227000</position>
        <triangledirection>0.185314,-0.000597568,-0.982678</triangledirection>
        <trianglepickorigin>0,0,0</trianglepickorigin>
        <orientation>
          <row0>0.999994,-0.00323156,7.93086e-7</row0>
          <row1>7.97328e-7,1.31130e-6,-1</row1>
          <row2>0.00323156,0.999994,1.31386e-6</row2>
        </orientation>
        <userorientation>
          <userorientation_row0>0.982678,-0.185315,0</userorientation_row0>
          <userorientation_row1>0.185315,0.982678,0</userorientation_row1>
          <userorientation_row2>0,0,1</userorientation_row2>
        </userorientation>
      </transform>
      <snapped>true</snapped>
      <childlist count="4">
        <childid>24</childid>
        <childid>17</childid>
        <childid>15</childid>
        <childid>13</childid>
      </childlist>
      <handles count="3">
        <weight channel="DeformAxisLeft">0.600546</weight>
        <weight channel="DeformAxisForward">1</weight>
        <weight channel="DeformBoneLength">1</weight>
      </handles>
    </blockref>
    <blockref>
      <blockid>Creature_parts~, ce_grasper_null</blockid>
      <transform>
        <basemusclescale>1</basemusclescale>
        <scale>1</scale>
        <position>-1.650192,0.541998,4.157717</position>
        <triangledirection>7.97328e-7,1.31130e-6,-1</triangledirection>
        <trianglepickorigin>0,0,0</trianglepickorigin>
        <orientation>
          <row0>0.999994,-0.00323158,7.93086e-7</row0>
          <row1>7.97328e-7,1.31130e-6,-1</row1>
          <row2>0.00323158,0.999994,1.31386e-6</row2>
        </orientation>
      </transform>
      <snapped>true</snapped>
    </blockref>
    <blockref>
      <blockid>flora_parts~, FE_leaf_13</blockid>
      <transform>
        <scale>4,481689</scale>
        <position>1.417864,0.506204,3.102777</position>
        <triangledirection>-0.111099,-0.0368995,-0.993123</triangledirection>
        <trianglepickorigin>0,0,0</trianglepickorigin>
        <orientation>
          <row0>-0.470042,0.881411,0.0466308</row0>
          <row1>-0.221917,-0.0668808,-0.972769</row1>
          <row2>-0.854290,-0.467591,0.227037</row2>
        </orientation>
        <userorientation>
          <userorientation_row0>0.999235,0.0296732,0.0254120</userorientation_row0>
          <userorientation_row1>-0.0266124,0.993202,-0.113310</userorientation_row1>
          <userorientation_row2>-0.0286017,0.112548,0.993233</userorientation_row2>
        </userorientation>
      </transform>
      <snapped>false</snapped>
      <childlist count="2">
        <childid>23</childid>
        <childid>22</childid>
      </childlist>
      <handles count="4">
        <weight channel="DeformAxisForward">0.400000</weight>
        <weight channel="DeformAxisLeft">0.391348</weight>
        <weight channel="DeformAxisUp">0.400000</weight>
        <weight channel="0x2697a2f2">0</weight>
      </handles>
    </blockref>
    <blockref>
      <blockid>flora_parts~, FE_leaf_13</blockid>
      <transform>
        <scale>4,481689</scale>
        <position>-1.723425,0.493887,4.250901</position>
        <triangledirection>0.175719,0.0812104,-0.981084</triangledirection>
        <trianglepickorigin>0,0,0</trianglepickorigin>
        <orientation>
          <row0>0.464063,-0.881414,0.0880506</row0>
          <row1>0.306976,0.0667833,-0.949371</row1>
          <row2>0.830909,0.467598,0.301564</row2>
        </orientation>
        <userorientation>
          <userorientation_row0>0.996659,0.0791426,0.0200925</userorientation_row0>
          <userorientation_row1>-0.0764201,0.990777,-0.111879</userorientation_row1>
          <userorientation_row2>-0.0287618,0.109970,0.993518</userorientation_row2>
        </userorientation>
      </transform>
      <snapped>false</snapped>
      <handles count="4">
        <weight channel="DeformAxisForward">0.400000</weight>
        <weight channel="DeformAxisLeft">0.391348</weight>
        <weight channel="DeformAxisUp">0.400000</weight>
        <weight channel="0x2697a2f2">0</weight>
      </handles>
    </blockref>
    <blockref>
      <blockid>flora_parts~, FE_leaf_13</blockid>
      <transform>
        <scale>1,568312</scale>
        <position>1.289170,1.156828,0.720507</position>
        <triangledirection>-0.569068,-0.800363,0.188621</triangledirection>
        <trianglepickorigin>0,0,0</trianglepickorigin>
        <orientation>
          <row0>-0.957296,0.289106,3.12924e-7</row0>
          <row1>-0.262839,-0.870318,-0.416487</row1>
          <row2>-0.120409,-0.398701,0.909141</row2>
        </orientation>
        <userorientation>
          <userorientation_row0>0.944983,-0.310230,-0.103748</userorientation_row0>
          <userorientation_row1>0.313376,0.767585,0.559111</userorientation_row1>
          <userorientation_row2>-0.0938159,-0.560863,0.822574</userorientation_row2>
        </userorientation>
      </transform>
      <snapped>false</snapped>
      <handles count="4">
        <weight channel="DeformAxisForward">0.508769</weight>
        <weight channel="DeformAxisLeft">0.380731</weight>
        <weight channel="DeformAxisUp">0.922435</weight>
        <weight channel="0x2697a2f2">0</weight>
      </handles>
    </blockref>
    <blockref>
      <blockid>flora_parts~, FE_leaf_13</blockid>
      <transform>
        <scale>1,568312</scale>
        <position>-1.755692,0.696328,0.894864</position>
        <triangledirection>0.750055,-0.506921,0.424788</triangledirection>
        <trianglepickorigin>0,0,0</trianglepickorigin>
        <orientation>
          <row0>-0.238531,-0.971134,-1.26659e-7</row0>
          <row1>0.957822,-0.235262,-0.165008</row1>
          <row2>0.160245,-0.0393598,0.986292</row2>
        </orientation>
        <userorientation>
          <userorientation_row0>0.944983,-0.310230,-0.103748</userorientation_row0>
          <userorientation_row1>0.313376,0.767585,0.559111</userorientation_row1>
          <userorientation_row2>-0.0938159,-0.560863,0.822574</userorientation_row2>
        </userorientation>
      </transform>
      <snapped>false</snapped>
      <handles count="4">
        <weight channel="DeformAxisForward">0.508769</weight>
        <weight channel="DeformAxisLeft">0.380731</weight>
        <weight channel="DeformAxisUp">0.922435</weight>
        <weight channel="0x2697a2f2">0</weight>
      </handles>
    </blockref>
    <blockref>
      <blockid>flora_parts~, FE_leaf_13</blockid>
      <transform>
        <scale>2,281881</scale>
        <position>-0.386869,-0.224054,0.819150</position>
        <triangledirection>-0.00102503,0.923354,0.383944</triangledirection>
        <trianglepickorigin>0,0,0</trianglepickorigin>
        <orientation>
          <row0>0.648866,-0.760902,-1.04308e-7</row0>
          <row1>0.705415,0.601549,-0.374870</row1>
          <row2>0.285239,0.243240,0.927077</row2>
        </orientation>
        <userorientation>
          <userorientation_row0>0.698413,0.551738,0.455852</userorientation_row0>
          <userorientation_row1>-0.703247,0.410791,0.580250</userorientation_row1>
          <userorientation_row2>0.132887,-0.725832,0.674912</userorientation_row2>
        </userorientation>
      </transform>
      <snapped>false</snapped>
      <handles count="4">
        <weight channel="DeformAxisForward">0.508769</weight>
        <weight channel="DeformAxisLeft">0.380731</weight>
        <weight channel="DeformAxisUp">0.922435</weight>
        <weight channel="0x2697a2f2">0</weight>
      </handles>
    </blockref>
    <blockref>
      <blockid>flora_parts~, FE_leaf_08</blockid>
      <transform>
        <scale>1,568312</scale>
        <position>0.114978,-0.237725,1.022894</position>
        <triangledirection>-0.0310903,0.236622,-0.971103</triangledirection>
        <trianglepickorigin>0,0,0</trianglepickorigin>
        <orientation>
          <row0>0.934709,0.355413,-1.49011e-7</row0>
          <row1>-0.182593,0.480204,-0.857941</row1>
          <row2>-0.304924,0.801925,0.513747</row2>
        </orientation>
        <userorientation>
          <userorientation_row0>0.998333,-0.0576899,-3.16648e-8</userorientation_row0>
          <userorientation_row1>0.0550386,0.952454,-0.299667</userorientation_row1>
          <userorientation_row2>0.0172877,0.299168,0.954043</userorientation_row2>
        </userorientation>
      </transform>
      <snapped>false</snapped>
      <childlist count="2">
        <childid>26</childid>
        <childid>25</childid>
      </childlist>
      <handles count="4">
        <weight channel="DeformAxisLeft">0.912114</weight>
        <weight channel="DeformAxisRight">0</weight>
        <weight channel="DeformAxisForward">0.169617</weight>
        <weight channel="DeformAxisUp">0.5</weight>
      </handles>
    </blockref>
    <blockref>
      <blockid>flora_parts~, FE_leaf_08</blockid>
      <transform>
        <scale>1,161834</scale>
        <position>1.715232,0.838978,0.284321</position>
        <triangledirection>-0.637743,-0.536057,-0.553105</triangledirection>
        <trianglepickorigin>0,0,0</trianglepickorigin>
        <orientation>
          <row0>-0.692606,0.721315,-2.68220e-7</row0>
          <row1>-0.692769,-0.665196,-0.278540</row1>
          <row2>-0.200915,-0.192918,0.960424</row2>
        </orientation>
        <userorientation>
          <userorientation_row0>0.998333,-0.0576899,-3.16648e-8</userorientation_row0>
          <userorientation_row1>0.0550386,0.952454,-0.299667</userorientation_row1>
          <userorientation_row2>0.0172877,0.299168,0.954043</userorientation_row2>
        </userorientation>
      </transform>
      <snapped>false</snapped>
      <handles count="4">
        <weight channel="DeformAxisLeft">0.912114</weight>
        <weight channel="DeformAxisRight">0</weight>
        <weight channel="DeformAxisForward">0.169617</weight>
        <weight channel="DeformAxisUp">0.5</weight>
      </handles>
    </blockref>
    <blockref>
      <blockid>flora_parts~, FE_leaf_08</blockid>
      <transform>
        <scale>1,161834</scale>
        <position>-0.0294859,0.759968,0.213742</position>
        <triangledirection>-0.0515108,-0.895740,-0.441580</triangledirection>
        <trianglepickorigin>0,0,0</trianglepickorigin>
        <orientation>
          <row0>-0.985412,-0.170181,-3.63215e-8</row0>
          <row1>0.169878,-0.983655,0.0596855</row1>
          <row2>-0.0101574,0.0588148,0.998217</row2>
        </orientation>
        <userorientation>
          <userorientation_row0>0.977163,-0.207167,0.0472568</userorientation_row0>
          <userorientation_row1>0.203198,0.845993,-0.492953</userorientation_row1>
          <userorientation_row2>0.0621449,0.491297,0.868771</userorientation_row2>
        </userorientation>
      </transform>
      <snapped>false</snapped>
      <handles count="4">
        <weight channel="DeformAxisLeft">0.912114</weight>
        <weight channel="DeformAxisRight">0</weight>
        <weight channel="DeformAxisForward">0.169617</weight>
        <weight channel="DeformAxisUp">0.5</weight>
      </handles>
    </blockref>
    <blockref>
      <blockid>flora_parts~, fe_cap_01a</blockid>
      <transform>
        <scale>1</scale>
        <position>1.544689,0.934836,3.153134</position>
        <triangledirection>0.0819294,-0.996605,-0.00812624</triangledirection>
        <trianglepickorigin>0,0,0</trianglepickorigin>
        <orientation>
          <row0>-0.996638,-0.0819321,9.31322e-10</row0>
          <row1>0.0819294,-0.996605,-0.00812624</row1>
          <row2>0.000665800,-0.00809891,0.999966</row2>
        </orientation>
      </transform>
      <snapped>false</snapped>
    </blockref>
    <blockref>
      <blockid>flora_parts~, fe_cap_01a</blockid>
      <transform>
        <scale>1</scale>
        <position>1.002530,0.633746,3.171146</position>
        <triangledirection>0.810933,-0.575616,-0.105134</triangledirection>
        <trianglepickorigin>0,0,0</trianglepickorigin>
        <orientation>
          <row0>-0.578824,-0.815452,-2.98023e-8</row0>
          <row1>0.810933,-0.575616,-0.105134</row1>
          <row2>0.0857318,-0.0608541,0.994458</row2>
        </orientation>
      </transform>
      <snapped>false</snapped>
    </blockref>
    <blockref>
      <blockid>flora_parts~, fe_cap_01a</blockid>
      <transform>
        <scale>1</scale>
        <position>-1.534382,1.057358,3.299508</position>
        <triangledirection>0.251184,-0.958219,-0.136830</triangledirection>
        <trianglepickorigin>0,0,0</trianglepickorigin>
        <orientation>
          <row0>-0.967317,-0.253569,2.60770e-7</row0>
          <row1>0.251184,-0.958219,-0.136830</row1>
          <row2>0.0346960,-0.132357,0.990594</row2>
        </orientation>
      </transform>
      <snapped>false</snapped>
    </blockref>
    <blockref>
      <blockid>flora_parts~, fe_cap_01a</blockid>
      <transform>
        <scale>1</scale>
        <position>0.0512291,-0.525478,3.028571</position>
        <triangledirection>-0.0373501,-0.998625,-0.0367849</triangledirection>
        <trianglepickorigin>0,0,0</trianglepickorigin>
        <orientation>
          <row0>-0.999301,0.0373754,4.19095e-9</row0>
          <row1>-0.0373501,-0.998625,-0.0367849</row1>
          <row2>-0.00137484,-0.0367592,0.999323</row2>
        </orientation>
      </transform>
      <snapped>false</snapped>
    </blockref>
    <blockref>
      <blockid>flora_parts~, fe_cap_01a</blockid>
      <transform>
        <scale>1</scale>
        <position>0.518129,0.188181,2.913253</position>
        <triangledirection>-0.112940,-0.838945,0.532368</triangledirection>
        <trianglepickorigin>0,0,0</trianglepickorigin>
        <orientation>
          <row0>-0.991059,0.133418,1.22934e-7</row0>
          <row1>-0.112940,-0.838945,0.532368</row1>
          <row2>0.0710275,0.527608,0.846513</row2>
        </orientation>
      </transform>
      <snapped>false</snapped>
    </blockref>
  </blocks></sporemodel>