spore0006438f63474066620007730ce7b9fea735ffffffffffffffffffffffffffffffff0000000ec178f8080dsporeautotestfffffffffffffffe08Viturnum00006gaprop00<?xml version="1.0" encoding="UTF-8"?><sporemodel>
  <properties>
    <modeltype>PlantLarge</modeltype>
    <skineffectseed1>1234</skineffectseed1>
    <skineffectseed2>1234</skineffectseed2>
    <skineffectseed3>1234</skineffectseed3>
    <skincolor1>0.576469,0.407843,0.341175</skincolor1>
    <skincolor2>0.219607,0.443136,0.203921</skincolor2>
    <skincolor3>0.164704,0.443136,0.141176</skincolor3>
    <zcorpscore>6</zcorpscore>
  </properties>
  <blocks count="41">
    <blockref>
      <blockid>flora_parts~, fe_root_dummy</blockid>
      <transform>
        <scale>1</scale>
        <position>-0.000546148,0.000573156,0.600000</position>
        <triangledirection>0,1,0</triangledirection>
        <trianglepickorigin>0,0,0</trianglepickorigin>
        <orientation>
          <row0>1,0,0</row0>
          <row1>0,1,0</row1>
          <row2>0,0,1</row2>
        </orientation>
      </transform>
      <snapped>false</snapped>
      <childlist count="5">
        <childid>25</childid>
        <childid>7</childid>
        <childid>5</childid>
        <childid>3</childid>
        <childid>1</childid>
      </childlist>
    </blockref>
    <blockref>
      <blockid>flora_parts~, fe_muscle_branch_01</blockid>
      <transform>
        <limbtype>0</limbtype>
        <musclescale>0.5</musclescale>
        <basemusclescale>1.600000</basemusclescale>
        <scale>1</scale>
        <position>-0.000546148,0.000573156,0.600000</position>
        <triangledirection>0.515203,0.535049,0.669542</triangledirection>
        <trianglepickorigin>0,0,0</trianglepickorigin>
        <orientation>
          <row0>-0.365823,0.843746,-0.392764</row0>
          <row1>0.515203,0.535049,0.669542</row1>
          <row2>0.775073,0.0425811,-0.630435</row2>
        </orientation>
      </transform>
      <snapped>true</snapped>
      <childlist count="1">
        <childid>2</childid>
      </childlist>
      <handles count="1">
        <weight channel="longer">0.188716</weight>
      </handles>
    </blockref>
    <blockref>
      <blockid>Creature_parts~, ce_grasper_null</blockid>
      <transform>
        <basemusclescale>0.800000</basemusclescale>
        <scale>1</scale>
        <position>-0.731299,-0.758329,-0.349664</position>
        <triangledirection>0,0,-1</triangledirection>
        <trianglepickorigin>0,0,0</trianglepickorigin>
        <orientation>
          <row0>1,0,0</row0>
          <row1>0,0,-1</row1>
          <row2>0,1,0</row2>
        </orientation>
      </transform>
      <snapped>true</snapped>
    </blockref>
    <blockref>
      <blockid>flora_parts~, fe_muscle_branch_01</blockid>
      <transform>
        <limbtype>0</limbtype>
        <musclescale>0.875</musclescale>
        <basemusclescale>1.600000</basemusclescale>
        <scale>1</scale>
        <position>-0.000546148,0.000573156,0.600000</position>
        <triangledirection>-0.666956,0.588085,0.457521</triangledirection>
        <trianglepickorigin>0,0,0</trianglepickorigin>
        <orientation>
          <row0>-0.446694,0.175869,-0.877231</row0>
          <row1>-0.666956,0.588085,0.457521</row1>
          <row2>0.596350,0.789446,-0.145397</row2>
        </orientation>
      </transform>
      <snapped>true</snapped>
      <childlist count="1">
        <childid>4</childid>
      </childlist>
      <handles count="1">
        <weight channel="longer">0.211769</weight>
      </handles>
    </blockref>
    <blockref>
      <blockid>Creature_parts~, ce_grasper_null</blockid>
      <transform>
        <basemusclescale>0.5</basemusclescale>
        <scale>1</scale>
        <position>1.041948,-0.918640,-0.115135</position>
        <triangledirection>0,0,-1</triangledirection>
        <trianglepickorigin>0,0,0</trianglepickorigin>
        <orientation>
          <row0>1,0,0</row0>
          <row1>0,0,-1</row1>
          <row2>0,1,0</row2>
        </orientation>
      </transform>
      <snapped>true</snapped>
    </blockref>
    <blockref>
      <blockid>flora_parts~, fe_muscle_branch_01</blockid>
      <transform>
        <limbtype>0</limbtype>
        <musclescale>0.675000</musclescale>
        <basemusclescale>1.600000</basemusclescale>
        <scale>1</scale>
        <position>-0.000546148,0.000573156,0.600000</position>
        <triangledirection>-0.153438,-0.708684,0.688639</triangledirection>
        <trianglepickorigin>0,0,0</trianglepickorigin>
        <orientation>
          <row0>0.0566297,-0.702052,-0.709870</row0>
          <row1>-0.153438,-0.708684,0.688639</row1>
          <row2>-0.986534,0.0699236,-0.147854</row2>
        </orientation>
      </transform>
      <snapped>true</snapped>
      <childlist count="1">
        <childid>6</childid>
      </childlist>
      <handles count="1">
        <weight channel="longer">0.210219</weight>
      </handles>
    </blockref>
    <blockref>
      <blockid>Creature_parts~, ce_grasper_null</blockid>
      <transform>
        <basemusclescale>0.699997</basemusclescale>
        <scale>1</scale>
        <position>0.237792,1.101396,-0.469687</position>
        <triangledirection>0,0,-1</triangledirection>
        <trianglepickorigin>0,0,0</trianglepickorigin>
        <orientation>
          <row0>1,0,0</row0>
          <row1>0,0,-1</row1>
          <row2>0,1,0</row2>
        </orientation>
      </transform>
      <snapped>true</snapped>
    </blockref>
    <blockref>
      <blockid>flora_parts~, FE_muscle_branch_04</blockid>
      <transform>
        <limbtype>0</limbtype>
        <musclescale>1</musclescale>
        <basemusclescale>1.600000</basemusclescale>
        <scale>1</scale>
        <position>-0.000546148,0.000573156,0.600000</position>
        <triangledirection>0,-1.19209e-7,-1</triangledirection>
        <trianglepickorigin>0,0,0</trianglepickorigin>
        <orientation>
          <row0>1,0,0</row0>
          <row1>0,-1.19209e-7,-1</row1>
          <row2>0,1,-1.19209e-7</row2>
        </orientation>
      </transform>
      <snapped>true</snapped>
      <childlist count="11">
        <childid>38</childid>
        <childid>24</childid>
        <childid>23</childid>
        <childid>22</childid>
        <childid>21</childid>
        <childid>20</childid>
        <childid>19</childid>
        <childid>18</childid>
        <childid>17</childid>
        <childid>14</childid>
        <childid>8</childid>
      </childlist>
      <handles count="1">
        <weight channel="longer">1</weight>
      </handles>
    </blockref>
    <blockref>
      <blockid>flora_parts~, FE_muscle_branch_04</blockid>
      <transform>
        <limbtype>0</limbtype>
        <musclescale>0.350000</musclescale>
        <basemusclescale>0.950000</basemusclescale>
        <scale>1</scale>
        <position>-0.000546148,0.000573933,7.110000</position>
        <triangledirection>0,-1.19209e-7,-1</triangledirection>
        <trianglepickorigin>0,0,0</trianglepickorigin>
        <orientation>
          <row0>1,0,0</row0>
          <row1>0,-1.19209e-7,-1</row1>
          <row2>0,1,-1.19209e-7</row2>
        </orientation>
      </transform>
      <snapped>true</snapped>
      <childlist count="3">
        <childid>36</childid>
        <childid>35</childid>
        <childid>9</childid>
      </childlist>
      <handles count="1">
        <weight channel="longer">0.497557</weight>
      </handles>
    </blockref>
    <blockref>
      <blockid>flora_parts~, FE_muscle_branch_04</blockid>
      <transform>
        <limbtype>0</limbtype>
        <musclescale>0.350000</musclescale>
        <basemusclescale>0.650000</basemusclescale>
        <scale>1</scale>
        <position>-0.000546148,0.000574332,10.466670</position>
        <triangledirection>0,-1.19209e-7,-1</triangledirection>
        <trianglepickorigin>0,0,0</trianglepickorigin>
        <orientation>
          <row0>1,0,0</row0>
          <row1>0,-1.19209e-7,-1</row1>
          <row2>0,1,-1.19209e-7</row2>
        </orientation>
      </transform>
      <snapped>true</snapped>
      <childlist count="3">
        <childid>37</childid>
        <childid>11</childid>
        <childid>10</childid>
      </childlist>
      <handles count="1">
        <weight channel="longer">0.485261</weight>
      </handles>
    </blockref>
    <blockref>
      <blockid>Creature_parts~, ce_grasper_null</blockid>
      <transform>
        <basemusclescale>0.650000</basemusclescale>
        <scale>1</scale>
        <position>-0.000546148,0.000574723,13.746172</position>
        <triangledirection>-0.797528,0.0772192,-0.598319</triangledirection>
        <trianglepickorigin>0,0,0</trianglepickorigin>
        <orientation>
          <row0>0.499724,0.640172,-0.583485</row0>
          <row1>-0.797528,0.0772192,-0.598319</row1>
          <row2>-0.337971,0.764340,0.549144</row2>
        </orientation>
      </transform>
      <snapped>true</snapped>
    </blockref>
    <blockref>
      <blockid>flora_parts~, FE_leaf_08</blockid>
      <transform>
        <scale>0,591552</scale>
        <position>0.00429177,0.0177497,13.820384</position>
        <triangledirection>0.139376,0.0330806,-0.989686</triangledirection>
        <trianglepickorigin>0,0,0</trianglepickorigin>
        <orientation>
          <row0>-0.971247,0.238071,1.52736e-7</row0>
          <row1>-0.0441596,-0.180155,-0.982646</row1>
          <row2>-0.233940,-0.954393,0.185488</row2>
        </orientation>
        <userorientation>
          <userorientation_row0>0.990670,0.135420,0.0151507</userorientation_row0>
          <userorientation_row1>-0.127494,0.960397,-0.247752</userorientation_row1>
          <userorientation_row2>-0.0481023,0.243511,0.968704</userorientation_row2>
        </userorientation>
      </transform>
      <snapped>false</snapped>
      <handles count="4">
        <weight channel="DeformAxisLeft">0.905732</weight>
        <weight channel="DeformAxisRight">0.485525</weight>
        <weight channel="DeformAxisForward">0.259003</weight>
        <weight channel="DeformAxisUp">0.420381</weight>
      </handles>
    </blockref>
    <blockref>
      <blockid>flora_parts~, fe_cap_02a</blockid>
      <transform>
        <scale>1</scale>
        <position>0.292817,0.0901999,5.589421</position>
        <triangledirection>-0.883633,-0.436701,0.168772</triangledirection>
        <trianglepickorigin>0,0,0</trianglepickorigin>
        <orientation>
          <row0>-0.443056,0.896493,-8.94069e-8</row0>
          <row1>-0.883633,-0.436701,0.168772</row1>
          <row2>0.151303,0.0747757,0.985655</row2>
        </orientation>
      </transform>
      <snapped>false</snapped>
    </blockref>
    <blockref>
      <blockid>flora_parts~, fe_cap_02a</blockid>
      <transform>
        <scale>1</scale>
        <position>0.0612149,-0.239172,5.634511</position>
        <triangledirection>-0.210491,0.839242,0.501361</triangledirection>
        <trianglepickorigin>0,0,0</trianglepickorigin>
        <orientation>
          <row0>0.969957,0.243276,-2.57045e-7</row0>
          <row1>-0.235689,0.939706,0.247795</row1>
          <row2>0.0602829,-0.240350,0.968812</row2>
        </orientation>
        <userorientation>
          <userorientation_row0>1,0,0</userorientation_row0>
          <userorientation_row1>0,0.962486,0.271323</userorientation_row1>
          <userorientation_row2>0,-0.271323,0.962486</userorientation_row2>
        </userorientation>
      </transform>
      <snapped>false</snapped>
    </blockref>
    <blockref>
      <blockid>flora_parts~, fe_cap_02a</blockid>
      <transform>
        <scale>1</scale>
        <position>0.276636,-0.132567,5.893314</position>
        <triangledirection>-0.875797,0.382355,0.294589</triangledirection>
        <trianglepickorigin>0,0,0</trianglepickorigin>
        <orientation>
          <row0>0.400110,0.916466,-1.71363e-7</row0>
          <row1>-0.875797,0.382355,0.294589</row1>
          <row2>0.269981,-0.117868,0.955624</row2>
        </orientation>
      </transform>
      <snapped>false</snapped>
    </blockref>
    <blockref>
      <blockid>flora_parts~, fe_cap_02a</blockid>
      <transform>
        <scale>1</scale>
        <position>0.319410,0.0486993,6.099837</position>
        <triangledirection>-0.683739,-0.328513,0.651596</triangledirection>
        <trianglepickorigin>0,0,0</trianglepickorigin>
        <orientation>
          <row0>-0.433072,0.901359,-2.53319e-7</row0>
          <row1>-0.892026,-0.428588,0.143531</row1>
          <row2>0.129372,0.0621595,0.989645</row2>
        </orientation>
        <userorientation>
          <userorientation_row0>1,0,0</userorientation_row0>
          <userorientation_row1>0,0.844235,0.535971</userorientation_row1>
          <userorientation_row2>0,-0.535971,0.844235</userorientation_row2>
        </userorientation>
      </transform>
      <snapped>false</snapped>
    </blockref>
    <blockref>
      <blockid>flora_parts~, fe_cap_02a</blockid>
      <transform>
        <scale>1</scale>
        <position>0.220123,-0.209625,5.030779</position>
        <triangledirection>-0.332708,0.938837,0.0888204</triangledirection>
        <trianglepickorigin>0,0,0</trianglepickorigin>
        <orientation>
          <row0>0.745506,0.666498,7.45058e-8</row0>
          <row1>-0.450986,0.504447,-0.736304</row1>
          <row2>-0.490745,0.548919,0.676650</row2>
        </orientation>
        <userorientation>
          <userorientation_row0>0.828239,-0.560371,-8.64266e-7</userorientation_row0>
          <userorientation_row1>0.377697,0.558242,0.738722</userorientation_row1>
          <userorientation_row2>-0.413958,-0.611840,0.674009</userorientation_row2>
        </userorientation>
      </transform>
      <snapped>false</snapped>
    </blockref>
    <blockref>
      <blockid>flora_parts~, fe_cap_01a</blockid>
      <transform>
        <scale>0,548811</scale>
        <position>0.294034,0.0473647,4.835316</position>
        <triangledirection>-0.936702,-0.347870,-0.0396776</triangledirection>
        <trianglepickorigin>0,0,0</trianglepickorigin>
        <orientation>
          <row0>-0.348144,0.937440,-3.35276e-8</row0>
          <row1>-0.936702,-0.347870,-0.0396776</row1>
          <row2>-0.0371954,-0.0138135,0.999212</row2>
        </orientation>
      </transform>
      <snapped>false</snapped>
    </blockref>
    <blockref>
      <blockid>flora_parts~, fe_cap_01a</blockid>
      <transform>
        <scale>0,548811</scale>
        <position>0.235173,-0.149929,4.766531</position>
        <triangledirection>-0.565073,0.824964,-0.0112038</triangledirection>
        <trianglepickorigin>0,0,0</trianglepickorigin>
        <orientation>
          <row0>0.825016,0.565108,-1.39698e-9</row0>
          <row1>-0.565073,0.824964,-0.0112038</row1>
          <row2>-0.00633136,0.00924332,0.999937</row2>
        </orientation>
      </transform>
      <snapped>false</snapped>
    </blockref>
    <blockref>
      <blockid>flora_parts~, fe_cap_01a</blockid>
      <transform>
        <scale>0,548811</scale>
        <position>0.275305,0.0836579,4.633258</position>
        <triangledirection>-0.831668,-0.554393,0.0312406</triangledirection>
        <trianglepickorigin>0,0,0</trianglepickorigin>
        <orientation>
          <row0>-0.554663,0.832074,2.51457e-8</row0>
          <row1>-0.831668,-0.554393,0.0312406</row1>
          <row2>0.0259945,0.0173280,0.999511</row2>
        </orientation>
      </transform>
      <snapped>false</snapped>
    </blockref>
    <blockref>
      <blockid>flora_parts~, fe_cap_01a</blockid>
      <transform>
        <scale>0,548811</scale>
        <position>0.198383,0.0156322,3.989169</position>
        <triangledirection>-0.982637,-0.0896559,0.162437</triangledirection>
        <trianglepickorigin>0,0,0</trianglepickorigin>
        <orientation>
          <row0>-0.0908627,0.995863,-4.09781e-8</row0>
          <row1>-0.982637,-0.0896559,0.162437</row1>
          <row2>0.161765,0.0147595,0.986718</row2>
        </orientation>
      </transform>
      <snapped>false</snapped>
    </blockref>
    <blockref>
      <blockid>flora_parts~, fe_cap_01a</blockid>
      <transform>
        <scale>0,548811</scale>
        <position>0,-0.188687,4.095818</position>
        <triangledirection>0.244522,0.969399,-0.0217516</triangledirection>
        <trianglepickorigin>0,0,0</trianglepickorigin>
        <orientation>
          <row0>0.969629,-0.244580,9.31322e-10</row0>
          <row1>0.244522,0.969399,-0.0217516</row1>
          <row2>0.00532001,0.0210910,0.999763</row2>
        </orientation>
      </transform>
      <snapped>false</snapped>
    </blockref>
    <blockref>
      <blockid>flora_parts~, fe_cap_01a</blockid>
      <transform>
        <scale>0,548811</scale>
        <position>-0.0331873,-0.0739668,4.621984</position>
        <triangledirection>0.930527,0.362671,-0.0508731</triangledirection>
        <trianglepickorigin>0,0,0</trianglepickorigin>
        <orientation>
          <row0>0.363141,-0.931734,-3.16649e-8</row0>
          <row1>0.930527,0.362671,-0.0508731</row1>
          <row2>0.0474002,0.0184741,0.998705</row2>
        </orientation>
      </transform>
      <snapped>false</snapped>
    </blockref>
    <blockref>
      <blockid>flora_parts~, fe_cap_01a</blockid>
      <transform>
        <scale>0,548811</scale>
        <position>-0.173465,-0.00683693,3.790475</position>
        <triangledirection>0.998929,0.0170444,-0.0430103</triangledirection>
        <trianglepickorigin>0,0,0</trianglepickorigin>
        <orientation>
          <row0>0.0170601,-0.999854,1.01281e-8</row0>
          <row1>0.998929,0.0170444,-0.0430103</row1>
          <row2>0.0430040,0.000733774,0.999074</row2>
        </orientation>
      </transform>
      <snapped>false</snapped>
    </blockref>
    <blockref>
      <blockid>flora_parts~, fe_cap_01a</blockid>
      <transform>
        <scale>0,548811</scale>
        <position>-0.0449403,0.0818272,4.483743</position>
        <triangledirection>0.864461,-0.488876,-0.117073</triangledirection>
        <trianglepickorigin>0,0,0</trianglepickorigin>
        <orientation>
          <row0>-0.492261,-0.870447,-4.06056e-7</row0>
          <row1>0.864461,-0.488876,-0.117073</row1>
          <row2>0.101905,-0.0576309,0.993123</row2>
        </orientation>
      </transform>
      <snapped>false</snapped>
    </blockref>
    <blockref>
      <blockid>flora_parts~, fe_muscle_branch_06</blockid>
      <transform>
        <limbtype>0</limbtype>
        <musclescale>0.5</musclescale>
        <basemusclescale>1.600000</basemusclescale>
        <scale>1</scale>
        <position>-0.000546148,0.000573156,0.600000</position>
        <triangledirection>0,-1.19209e-7,-1</triangledirection>
        <trianglepickorigin>0,0,0</trianglepickorigin>
        <orientation>
          <row0>1,0,0</row0>
          <row1>0,-1.19209e-7,-1</row1>
          <row2>0,1,-1.19209e-7</row2>
        </orientation>
      </transform>
      <snapped>true</snapped>
      <childlist count="1">
        <childid>26</childid>
      </childlist>
      <handles count="1">
        <weight channel="longer">0.162245</weight>
      </handles>
    </blockref>
    <blockref>
      <blockid>flora_parts~, fe_muscle_branch_06</blockid>
      <transform>
        <limbtype>0</limbtype>
        <musclescale>0.5</musclescale>
        <basemusclescale>1</basemusclescale>
        <scale>1</scale>
        <position>-0.000546148,0.000573306,1.852249</position>
        <triangledirection>0,-1.19209e-7,-1</triangledirection>
        <trianglepickorigin>0,0,0</trianglepickorigin>
        <orientation>
          <row0>1,0,0</row0>
          <row1>0,-1.19209e-7,-1</row1>
          <row2>0,1,-1.19209e-7</row2>
        </orientation>
      </transform>
      <snapped>true</snapped>
      <childlist count="2">
        <childid>31</childid>
        <childid>27</childid>
      </childlist>
      <handles count="1">
        <weight channel="longer">0.162245</weight>
      </handles>
    </blockref>
    <blockref>
      <blockid>flora_parts~, fe_muscle_branch_06</blockid>
      <transform>
        <limbtype>0</limbtype>
        <musclescale>0.5</musclescale>
        <basemusclescale>1</basemusclescale>
        <scale>1</scale>
        <position>-0.000546148,0.000573455,3.104499</position>
        <triangledirection>0,-1.19209e-7,-1</triangledirection>
        <trianglepickorigin>0,0,0</trianglepickorigin>
        <orientation>
          <row0>1,0,0</row0>
          <row1>0,-1.19209e-7,-1</row1>
          <row2>0,1,-1.19209e-7</row2>
        </orientation>
      </transform>
      <snapped>true</snapped>
      <childlist count="1">
        <childid>28</childid>
      </childlist>
      <handles count="1">
        <weight channel="longer">0.162245</weight>
      </handles>
    </blockref>
    <blockref>
      <blockid>flora_parts~, fe_muscle_branch_06</blockid>
      <transform>
        <limbtype>0</limbtype>
        <musclescale>0.5</musclescale>
        <basemusclescale>1</basemusclescale>
        <scale>1</scale>
        <position>-0.000546148,0.000573605,4.356750</position>
        <triangledirection>0,-1.19209e-7,-1</triangledirection>
        <trianglepickorigin>0,0,0</trianglepickorigin>
        <orientation>
          <row0>1,0,0</row0>
          <row1>0,-1.19209e-7,-1</row1>
          <row2>0,1,-1.19209e-7</row2>
        </orientation>
      </transform>
      <snapped>true</snapped>
      <childlist count="4">
        <childid>33</childid>
        <childid>29</childid>
        <childid>16</childid>
        <childid>13</childid>
      </childlist>
      <handles count="1">
        <weight channel="longer">0.162245</weight>
      </handles>
    </blockref>
    <blockref>
      <blockid>flora_parts~, fe_muscle_branch_06</blockid>
      <transform>
        <limbtype>0</limbtype>
        <musclescale>0.5</musclescale>
        <basemusclescale>1</basemusclescale>
        <scale>1</scale>
        <position>-0.000546148,0.000573755,5.609000</position>
        <triangledirection>0,-1.19209e-7,-1</triangledirection>
        <trianglepickorigin>0,0,0</trianglepickorigin>
        <orientation>
          <row0>1,0,0</row0>
          <row1>0,-1.19209e-7,-1</row1>
          <row2>0,1,-1.19209e-7</row2>
        </orientation>
      </transform>
      <snapped>true</snapped>
      <childlist count="5">
        <childid>40</childid>
        <childid>39</childid>
        <childid>30</childid>
        <childid>15</childid>
        <childid>12</childid>
      </childlist>
      <handles count="1">
        <weight channel="longer">0.162245</weight>
      </handles>
    </blockref>
    <blockref>
      <blockid>Creature_parts~, ce_grasper_null</blockid>
      <transform>
        <basemusclescale>1</basemusclescale>
        <scale>1</scale>
        <position>-0.000546148,0.000573874,6.861243</position>
        <triangledirection>0,-1.19209e-7,-1</triangledirection>
        <trianglepickorigin>0,0,0</trianglepickorigin>
        <orientation>
          <row0>1,0,0</row0>
          <row1>0,-1.19209e-7,-1</row1>
          <row2>0,1,-1.19209e-7</row2>
        </orientation>
      </transform>
      <snapped>true</snapped>
    </blockref>
    <blockref>
      <blockid>flora_parts~, fe_branch_02</blockid>
      <transform>
        <limbtype>2</limbtype>
        <musclescale>0.5</musclescale>
        <basemusclescale>1</basemusclescale>
        <scale>1</scale>
        <position>-0.000546148,0.000573455,3.104499</position>
        <triangledirection>-0.850612,-6.26790e-8,-0.525790</triangledirection>
        <trianglepickorigin>0,0,0</trianglepickorigin>
        <orientation>
          <row0>1,0,0</row0>
          <row1>0,-1.19209e-7,-1</row1>
          <row2>0,1,-1.19209e-7</row2>
        </orientation>
        <userorientation>
          <userorientation_row0>0.525790,0.850612,0</userorientation_row0>
          <userorientation_row1>-0.850612,0.525790,0</userorientation_row1>
          <userorientation_row2>0,0,1</userorientation_row2>
        </userorientation>
      </transform>
      <snapped>true</snapped>
      <childlist count="1">
        <childid>32</childid>
      </childlist>
      <handles count="2">
        <weight channel="DeformAxisForward">0.791552</weight>
        <weight channel="DeformAxisLeft">1</weight>
      </handles>
    </blockref>
    <blockref>
      <blockid>Creature_parts~, ce_grasper_null</blockid>
      <transform>
        <basemusclescale>1</basemusclescale>
        <scale>1</scale>
        <position>1.945086,0.000573599,4.307158</position>
        <triangledirection>0,-1.19209e-7,-1</triangledirection>
        <trianglepickorigin>0,0,0</trianglepickorigin>
        <orientation>
          <row0>1,0,0</row0>
          <row1>0,-1.19209e-7,-1</row1>
          <row2>0,1,-1.19209e-7</row2>
        </orientation>
      </transform>
      <snapped>true</snapped>
    </blockref>
    <blockref>
      <blockid>flora_parts~, fe_branch_02</blockid>
      <transform>
        <limbtype>2</limbtype>
        <musclescale>0.5</musclescale>
        <basemusclescale>1</basemusclescale>
        <scale>1</scale>
        <position>-0.000546148,0.000573755,5.609000</position>
        <triangledirection>0.746367,-0.575922,-0.333537</triangledirection>
        <trianglepickorigin>0,0,0</trianglepickorigin>
        <orientation>
          <row0>0.621296,0.516111,-0.589593</row0>
          <row1>0.558909,-0.819260,-0.128191</row1>
          <row2>-0.549191,-0.249884,-0.797462</row2>
        </orientation>
        <userorientation>
          <userorientation_row0>0.931738,-0.363126,0</userorientation_row0>
          <userorientation_row1>0.363126,0.931738,0</userorientation_row1>
          <userorientation_row2>0,0,1</userorientation_row2>
        </userorientation>
      </transform>
      <snapped>true</snapped>
      <childlist count="1">
        <childid>34</childid>
      </childlist>
      <handles count="2">
        <weight channel="DeformAxisForward">0.791552</weight>
        <weight channel="DeformAxisLeft">1</weight>
      </handles>
    </blockref>
    <blockref>
      <blockid>Creature_parts~, ce_grasper_null</blockid>
      <transform>
        <basemusclescale>1</basemusclescale>
        <scale>1</scale>
        <position>-1.707734,1.317896,6.371912</position>
        <triangledirection>1.93715e-6,-1.34106e-7,-1</triangledirection>
        <trianglepickorigin>0,0,0</trianglepickorigin>
        <orientation>
          <row0>1,1.49011e-8,1.93715e-6</row0>
          <row1>1.93715e-6,-1.34106e-7,-1</row1>
          <row2>-1.49009e-8,1,-1.34107e-7</row2>
        </orientation>
      </transform>
      <snapped>true</snapped>
    </blockref>
    <blockref>
      <blockid>flora_parts~, fe_canopy_03</blockid>
      <transform>
        <scale>1</scale>
        <position>-0.0507414,-0.0620623,10.486520</position>
        <triangledirection>0.417682,-0.908591,-0.000878592</triangledirection>
        <trianglepickorigin>0,0,0</trianglepickorigin>
        <orientation>
          <row0>0.767816,-0.640670,-2.44472e-9</row0>
          <row1>0.640668,0.767814,0.00204306</row1>
          <row2>-0.00130892,-0.00156869,0.999997</row2>
        </orientation>
        <userorientation>
          <userorientation_row0>-0.430036,-0.902811,0</userorientation_row0>
          <userorientation_row1>0.902811,-0.430036,0</userorientation_row1>
          <userorientation_row2>0,0,1</userorientation_row2>
        </userorientation>
      </transform>
      <snapped>false</snapped>
      <handles count="2">
        <weight channel="DeformAxisForward">1</weight>
        <weight channel="DeformAxisLeft">0.500873</weight>
      </handles>
    </blockref>
    <blockref>
      <blockid>flora_parts~, fe_canopy_03</blockid>
      <transform>
        <scale>0,927743</scale>
        <position>0.0474635,-0.0496146,8.938270</position>
        <triangledirection>-0.631954,0.774748,-0.0199511</triangledirection>
        <trianglepickorigin>0,0,0</trianglepickorigin>
        <orientation>
          <row0>0.774902,0.632080,-2.14204e-8</row0>
          <row1>-0.631954,0.774748,-0.0199511</row1>
          <row2>-0.0126106,0.0154601,0.999800</row2>
        </orientation>
      </transform>
      <snapped>false</snapped>
      <handles count="2">
        <weight channel="DeformAxisForward">1</weight>
        <weight channel="DeformAxisLeft">0.500873</weight>
      </handles>
    </blockref>
    <blockref>
      <blockid>flora_parts~, fe_canopy_03</blockid>
      <transform>
        <scale>0,927743</scale>
        <position>0.0352272,0.0776936,11.286641</position>
        <triangledirection>-0.144571,0.980565,-0.132619</triangledirection>
        <trianglepickorigin>0,0,0</trianglepickorigin>
        <orientation>
          <row0>-0.974700,0.223515,1.53668e-8</row0>
          <row1>-0.223379,-0.974105,0.0349444</row1>
          <row2>0.00781065,0.0340604,0.999389</row2>
        </orientation>
        <userorientation>
          <userorientation_row0>-0.932211,-0.361910,3.72528e-9</userorientation_row0>
          <userorientation_row1>0.360085,-0.927514,-0.100269</userorientation_row1>
          <userorientation_row2>0.0362885,-0.0934725,0.994960</userorientation_row2>
        </userorientation>
      </transform>
      <snapped>false</snapped>
      <handles count="2">
        <weight channel="DeformAxisForward">1</weight>
        <weight channel="DeformAxisLeft">0.500873</weight>
      </handles>
    </blockref>
    <blockref>
      <blockid>flora_parts~, fe_canopy_03</blockid>
      <transform>
        <scale>0,927743</scale>
        <position>0.0767511,-0.140445,6.997198</position>
        <triangledirection>-0.546171,-0.834245,-0.0756964</triangledirection>
        <trianglepickorigin>0,0,0</trianglepickorigin>
        <orientation>
          <row0>0.909529,0.415640,-5.66244e-7</row0>
          <row1>-0.402556,0.880896,-0.248938</row1>
          <row2>-0.103468,0.226416,0.968519</row2>
        </orientation>
        <userorientation>
          <userorientation_row0>-0.507016,0.861934,7.45058e-9</userorientation_row0>
          <userorientation_row1>-0.843505,-0.496175,-0.205688</userorientation_row1>
          <userorientation_row2>-0.177291,-0.104288,0.978617</userorientation_row2>
        </userorientation>
      </transform>
      <snapped>false</snapped>
      <handles count="2">
        <weight channel="DeformAxisForward">1</weight>
        <weight channel="DeformAxisLeft">0.500873</weight>
      </handles>
    </blockref>
    <blockref>
      <blockid>flora_parts~, fe_canopy_03</blockid>
      <transform>
        <scale>0,860707</scale>
        <position>0.299353,-0.213276,6.028880</position>
        <triangledirection>0.990241,-0.0250001,0.137099</triangledirection>
        <trianglepickorigin>0,0,0</trianglepickorigin>
        <orientation>
          <row0>0.497039,0.867727,4.61935e-7</row0>
          <row1>-0.855190,0.489858,0.169376</row1>
          <row2>0.146972,-0.0841870,0.985551</row2>
        </orientation>
        <userorientation>
          <userorientation_row0>-0.871432,-0.490513,7.45058e-9</userorientation_row0>
          <userorientation_row1>0.470495,-0.835869,0.282761</userorientation_row1>
          <userorientation_row2>-0.138697,0.246408,0.959190</userorientation_row2>
        </userorientation>
      </transform>
      <snapped>false</snapped>
      <handles count="2">
        <weight channel="DeformAxisForward">1</weight>
        <weight channel="DeformAxisLeft">0.500930</weight>
      </handles>
    </blockref>
    <blockref>
      <blockid>flora_parts~, FE_leaf_05</blockid>
      <transform>
        <scale>3,320117</scale>
        <position>-0.156256,-0.245148,6.140205</position>
        <triangledirection>-0.0310568,-0.0263187,-0.999170</triangledirection>
        <trianglepickorigin>0,0,0</trianglepickorigin>
        <orientation>
          <row0>0.779261,-0.626699,1.93715e-7</row0>
          <row1>0.618461,0.769018,-0.161604</row1>
          <row2>0.101276,0.125931,0.986855</row2>
        </orientation>
        <userorientation>
          <userorientation_row0>0.609829,0.787168,0.0920436</userorientation_row0>
          <userorientation_row1>-0.00770762,0.122023,-0.992496</userorientation_row1>
          <userorientation_row2>-0.792493,0.604544,0.0804809</userorientation_row2>
        </userorientation>
      </transform>
      <snapped>false</snapped>
      <handles count="4">
        <weight channel="DeformAxisForwardb">0</weight>
        <weight channel="DeformAxisForward">1</weight>
        <weight channel="DeformAxisLeft">0.5</weight>
        <weight channel="DeformAxisUp">0.5</weight>
      </handles>
    </blockref>
  </blocks></sporemodel>