spore0006438f634740666200076494a1b9fea735ffffffffffffffffffffffffffffffff0000000ec178f6fd0dsporeautotestfffffffffffffffe0aBulbocious00006gaprop00<?xml version="1.0" encoding="UTF-8"?><sporemodel>
  <properties>
    <modeltype>PlantLarge</modeltype>
    <skineffectseed1>1234</skineffectseed1>
    <skineffectseed2>1234</skineffectseed2>
    <skineffectseed3>1234</skineffectseed3>
    <skincolor1>0.345097,0.443136,0.203921</skincolor1>
    <skincolor2>0.274509,0.443136,0.262744</skincolor2>
    <skincolor3>0.345097,0.694117,0.317647</skincolor3>
    <zcorpscore>12</zcorpscore>
  </properties>
  <blocks count="23">
    <blockref>
      <blockid>flora_parts~, fe_root_dummy</blockid>
      <transform>
        <scale>0,927743</scale>
        <position>0,0,0.349999</position>
        <triangledirection>0,1,0</triangledirection>
        <trianglepickorigin>0,0,0</trianglepickorigin>
        <orientation>
          <row0>1,0,0</row0>
          <row1>0,1,0</row1>
          <row2>0,0,1</row2>
        </orientation>
      </transform>
      <snapped>false</snapped>
      <childlist count="2">
        <childid>3</childid>
        <childid>1</childid>
      </childlist>
    </blockref>
    <blockref>
      <blockid>flora_parts~, FE_muscle_branch_04</blockid>
      <transform>
        <limbtype>0</limbtype>
        <musclescale>0.425000</musclescale>
        <basemusclescale>3</basemusclescale>
        <scale>1</scale>
        <position>0,0,0.349999</position>
        <triangledirection>-0.00436395,0.0160355,0.999861</triangledirection>
        <trianglepickorigin>0,0,0</trianglepickorigin>
        <orientation>
          <row0>-0.0934407,-0.995503,0.0155577</row0>
          <row1>-0.00436395,0.0160355,0.999861</row1>
          <row2>-0.995615,0.0933599,-0.00584269</row2>
        </orientation>
      </transform>
      <snapped>true</snapped>
      <childlist count="1">
        <childid>2</childid>
      </childlist>
      <handles count="1">
        <weight channel="longer">0.317331</weight>
      </handles>
    </blockref>
    <blockref>
      <blockid>Creature_parts~, ce_grasper_null</blockid>
      <transform>
        <basemusclescale>0.5</basemusclescale>
        <scale>1</scale>
        <position>0.00971188,-0.0356891,-1.875264</position>
        <triangledirection>-3.77184e-8,4.03553e-7,-1</triangledirection>
        <trianglepickorigin>0,0,0</trianglepickorigin>
        <orientation>
          <row0>1,-2.08615e-7,-3.77185e-8</row0>
          <row1>-3.77184e-8,4.03553e-7,-1</row1>
          <row2>2.08615e-7,1,4.03553e-7</row2>
        </orientation>
      </transform>
      <snapped>true</snapped>
    </blockref>
    <blockref>
      <blockid>flora_parts~, fe_muscle_branch_06</blockid>
      <transform>
        <limbtype>0</limbtype>
        <musclescale>0.5</musclescale>
        <basemusclescale>3</basemusclescale>
        <scale>1</scale>
        <position>0,0,0.349999</position>
        <triangledirection>0.258543,-0.647400,-0.716957</triangledirection>
        <trianglepickorigin>0,0,0</trianglepickorigin>
        <orientation>
          <row0>0.965076,0.140670,0.220994</row0>
          <row1>0.258543,-0.647400,-0.716957</row1>
          <row2>0.0422175,0.749055,-0.661160</row2>
        </orientation>
      </transform>
      <snapped>true</snapped>
      <childlist count="2">
        <childid>8</childid>
        <childid>4</childid>
      </childlist>
      <handles count="1">
        <weight channel="longer">0.162245</weight>
      </handles>
    </blockref>
    <blockref>
      <blockid>flora_parts~, fe_muscle_branch_06</blockid>
      <transform>
        <limbtype>0</limbtype>
        <musclescale>0.5</musclescale>
        <basemusclescale>2.799998</basemusclescale>
        <scale>1</scale>
        <position>-0.323760,0.810706,1.247810</position>
        <triangledirection>0.176981,-0.677015,-0.714371</triangledirection>
        <trianglepickorigin>0,0,0</trianglepickorigin>
        <orientation>
          <row0>0.983785,0.100267,0.148702</row0>
          <row1>0.176981,-0.677015,-0.714371</row1>
          <row2>0.0290458,0.729106,-0.683783</row2>
        </orientation>
      </transform>
      <snapped>true</snapped>
      <childlist count="2">
        <childid>12</childid>
        <childid>5</childid>
      </childlist>
      <handles count="1">
        <weight channel="longer">0.162245</weight>
      </handles>
    </blockref>
    <blockref>
      <blockid>flora_parts~, fe_muscle_branch_02</blockid>
      <transform>
        <limbtype>0</limbtype>
        <musclescale>0.524998</musclescale>
        <basemusclescale>2.799998</basemusclescale>
        <scale>1</scale>
        <position>-0.545385,1.658499,2.142381</position>
        <triangledirection>0,0,-1</triangledirection>
        <trianglepickorigin>0,0,0</trianglepickorigin>
        <orientation>
          <row0>0.980514,0.196446,0</row0>
          <row1>0,0,-1</row1>
          <row2>-0.196446,0.980514,0</row2>
        </orientation>
      </transform>
      <snapped>true</snapped>
      <childlist count="1">
        <childid>6</childid>
      </childlist>
      <handles count="1">
        <weight channel="longer">0.162245</weight>
      </handles>
    </blockref>
    <blockref>
      <blockid>flora_parts~, fe_muscle_branch_06</blockid>
      <transform>
        <limbtype>0</limbtype>
        <musclescale>0.5</musclescale>
        <basemusclescale>1.449998</basemusclescale>
        <scale>1</scale>
        <position>-0.545385,1.658499,3.394633</position>
        <triangledirection>-0.398613,-0.250149,-0.882345</triangledirection>
        <trianglepickorigin>0,0,0</trianglepickorigin>
        <orientation>
          <row0>0.774528,0.423393,-0.469939</row0>
          <row1>-0.398613,-0.250149,-0.882345</row1>
          <row2>-0.491134,0.870725,-0.0249774</row2>
        </orientation>
      </transform>
      <snapped>true</snapped>
      <childlist count="1">
        <childid>7</childid>
      </childlist>
      <handles count="1">
        <weight channel="longer">0.162245</weight>
      </handles>
    </blockref>
    <blockref>
      <blockid>flora_parts~, fe_muscle_branch_02</blockid>
      <transform>
        <limbtype>0</limbtype>
        <musclescale>0.524998</musclescale>
        <basemusclescale>2.799998</basemusclescale>
        <scale>1</scale>
        <position>-0.0462218,1.971750,4.499549</position>
        <triangledirection>0,-1.19209e-7,-1</triangledirection>
        <trianglepickorigin>0,0,0</trianglepickorigin>
        <orientation>
          <row0>1,0,0</row0>
          <row1>0,-1.19209e-7,-1</row1>
          <row2>0,1,-1.19209e-7</row2>
        </orientation>
      </transform>
      <snapped>true</snapped>
      <childlist count="3">
        <childid>22</childid>
        <childid>17</childid>
        <childid>16</childid>
      </childlist>
      <handles count="1">
        <weight channel="longer">0.162245</weight>
      </handles>
    </blockref>
    <blockref>
      <blockid>flora_parts~, fe_muscle_branch_06</blockid>
      <transform>
        <limbtype>0</limbtype>
        <musclescale>0.5</musclescale>
        <basemusclescale>2.799998</basemusclescale>
        <scale>1</scale>
        <position>-0.323760,0.810706,1.247810</position>
        <triangledirection>0.130322,0.473165,-0.871280</triangledirection>
        <trianglepickorigin>0,0,0</trianglepickorigin>
        <orientation>
          <row0>0.991462,-0.0584246,0.116569</row0>
          <row1>0.130322,0.473165,-0.871280</row1>
          <row2>-0.00425247,0.879034,0.476739</row2>
        </orientation>
      </transform>
      <snapped>true</snapped>
      <childlist count="2">
        <childid>11</childid>
        <childid>9</childid>
      </childlist>
      <handles count="1">
        <weight channel="longer">0.162245</weight>
      </handles>
    </blockref>
    <blockref>
      <blockid>flora_parts~, fe_muscle_branch_02</blockid>
      <transform>
        <limbtype>0</limbtype>
        <musclescale>0.524998</musclescale>
        <basemusclescale>2.799998</basemusclescale>
        <scale>1</scale>
        <position>-0.486957,0.218184,2.338870</position>
        <triangledirection>0.469673,0.266816,-0.841555</triangledirection>
        <trianglepickorigin>0,0,0</trianglepickorigin>
        <orientation>
          <row0>0.865279,0.0500550,0.498783</row0>
          <row1>0.469673,0.266816,-0.841555</row1>
          <row2>-0.175207,0.962446,0.207361</row2>
        </orientation>
      </transform>
      <snapped>true</snapped>
      <childlist count="1">
        <childid>10</childid>
      </childlist>
      <handles count="1">
        <weight channel="longer">0.162245</weight>
      </handles>
    </blockref>
    <blockref>
      <blockid>flora_parts~, fe_muscle_branch_06</blockid>
      <transform>
        <limbtype>0</limbtype>
        <musclescale>0.5</musclescale>
        <basemusclescale>1.449998</basemusclescale>
        <scale>1</scale>
        <position>-1.075106,-0.115935,3.392709</position>
        <triangledirection>0,-1.19209e-7,-1</triangledirection>
        <trianglepickorigin>0,0,0</trianglepickorigin>
        <orientation>
          <row0>1,0,0</row0>
          <row1>0,-1.19209e-7,-1</row1>
          <row2>0,1,-1.19209e-7</row2>
        </orientation>
      </transform>
      <snapped>true</snapped>
      <childlist count="2">
        <childid>19</childid>
        <childid>13</childid>
      </childlist>
      <handles count="1">
        <weight channel="longer">0.162245</weight>
      </handles>
    </blockref>
    <blockref>
      <blockid>flora_parts~, FE_muscle_branch_03</blockid>
      <transform>
        <limbtype>0</limbtype>
        <musclescale>0.5</musclescale>
        <basemusclescale>2.799998</basemusclescale>
        <scale>1</scale>
        <position>-0.486957,0.218184,2.338870</position>
        <triangledirection>-0.287611,0.900916,-0.325007</triangledirection>
        <trianglepickorigin>0,0,0</trianglepickorigin>
        <orientation>
          <row0>0.928272,0.345757,0.136971</row0>
          <row1>-0.287611,0.900916,-0.325007</row1>
          <row2>-0.235774,0.262300,0.935739</row2>
        </orientation>
      </transform>
      <snapped>true</snapped>
      <childlist count="2">
        <childid>20</childid>
        <childid>14</childid>
      </childlist>
      <handles count="1">
        <weight channel="longer">0.162245</weight>
      </handles>
    </blockref>
    <blockref>
      <blockid>flora_parts~, FE_muscle_branch_03</blockid>
      <transform>
        <limbtype>0</limbtype>
        <musclescale>0.5</musclescale>
        <basemusclescale>2.799998</basemusclescale>
        <scale>1</scale>
        <position>-0.545385,1.658499,2.142381</position>
        <triangledirection>0.709295,-0.659840,-0.248014</triangledirection>
        <trianglepickorigin>0,0,0</trianglepickorigin>
        <orientation>
          <row0>0.257717,0.570219,-0.780019</row0>
          <row1>0.709295,-0.659840,-0.248014</row1>
          <row2>-0.656111,-0.489346,-0.574506</row2>
        </orientation>
      </transform>
      <snapped>true</snapped>
      <childlist count="2">
        <childid>18</childid>
        <childid>15</childid>
      </childlist>
      <handles count="1">
        <weight channel="longer">0.162245</weight>
      </handles>
    </blockref>
    <blockref>
      <blockid>Creature_parts~, ce_grasper_null</blockid>
      <transform>
        <basemusclescale>2.799998</basemusclescale>
        <scale>1</scale>
        <position>-1.075106,-0.115935,4.644959</position>
        <triangledirection>0,-1.19209e-7,-1</triangledirection>
        <trianglepickorigin>0,0,0</trianglepickorigin>
        <orientation>
          <row0>1,0,0</row0>
          <row1>0,-1.19209e-7,-1</row1>
          <row2>0,1,-1.19209e-7</row2>
        </orientation>
      </transform>
      <snapped>true</snapped>
    </blockref>
    <blockref>
      <blockid>Creature_parts~, ce_grasper_null</blockid>
      <transform>
        <basemusclescale>1</basemusclescale>
        <scale>1</scale>
        <position>-0.126796,-0.909986,2.745863</position>
        <triangledirection>-0.340563,-0.267666,-0.901316</triangledirection>
        <trianglepickorigin>0,0,0</trianglepickorigin>
        <orientation>
          <row0>0.939117,-0.0504014,-0.339878</row0>
          <row1>-0.340563,-0.267666,-0.901316</row1>
          <row2>-0.0455463,0.962192,-0.268534</row2>
        </orientation>
      </transform>
      <snapped>true</snapped>
    </blockref>
    <blockref>
      <blockid>Creature_parts~, ce_grasper_null</blockid>
      <transform>
        <basemusclescale>1</basemusclescale>
        <scale>1</scale>
        <position>-1.433599,2.484785,2.452959</position>
        <triangledirection>0.288864,-0.659375,-0.694104</triangledirection>
        <trianglepickorigin>0,0,0</trianglepickorigin>
        <orientation>
          <row0>0.956550,0.168789,0.237742</row0>
          <row1>0.288864,-0.659375,-0.694104</row1>
          <row2>0.0396041,0.732621,-0.679483</row2>
        </orientation>
      </transform>
      <snapped>true</snapped>
    </blockref>
    <blockref>
      <blockid>Creature_parts~, ce_grasper_null</blockid>
      <transform>
        <basemusclescale>1.449998</basemusclescale>
        <scale>1</scale>
        <position>-0.0462218,1.971750,5.751800</position>
        <triangledirection>0,-1.19209e-7,-1</triangledirection>
        <trianglepickorigin>0,0,0</trianglepickorigin>
        <orientation>
          <row0>1,0,0</row0>
          <row1>0,-1.19209e-7,-1</row1>
          <row2>0,1,-1.19209e-7</row2>
        </orientation>
      </transform>
      <snapped>true</snapped>
    </blockref>
    <blockref>
      <blockid>flora_parts~, FE_leaf_35</blockid>
      <transform>
        <scale>1,077884</scale>
        <position>-0.243346,2.145858,5.823162</position>
        <triangledirection>-0.00539529,0.0874699,-0.996152</triangledirection>
        <trianglepickorigin>0,0,0</trianglepickorigin>
        <orientation>
          <row0>-0.641730,-0.766930,2.98023e-8</row0>
          <row1>0.489144,-0.409292,-0.770206</row1>
          <row2>0.590694,-0.494264,0.637794</row2>
        </orientation>
        <userorientation>
          <userorientation_row0>0.996210,0.0869645,1.11757e-8</userorientation_row0>
          <userorientation_row1>-0.0636210,0.728802,-0.681761</userorientation_row1>
          <userorientation_row2>-0.0592890,0.679177,0.731574</userorientation_row2>
        </userorientation>
      </transform>
      <snapped>false</snapped>
      <handles count="3">
        <weight channel="DeformAxisLeft">0</weight>
        <weight channel="DeformAxisForward">0.329224</weight>
        <weight channel="DeformAxisUp">0.358731</weight>
      </handles>
    </blockref>
    <blockref>
      <blockid>flora_parts~, FE_leaf_35</blockid>
      <transform>
        <scale>1,077884</scale>
        <position>-1.204174,2.520756,2.525833</position>
        <triangledirection>0.0620100,-0.0221901,-0.997828</triangledirection>
        <trianglepickorigin>0,0,0</trianglepickorigin>
        <orientation>
          <row0>-0.822402,0.568905,-1.78813e-7</row0>
          <row1>-0.381499,-0.551490,-0.741832</row1>
          <row2>-0.422033,-0.610085,0.670584</row2>
        </orientation>
        <userorientation>
          <userorientation_row0>0.996210,0.0869645,1.11757e-8</userorientation_row0>
          <userorientation_row1>-0.0636210,0.728802,-0.681761</userorientation_row1>
          <userorientation_row2>-0.0592890,0.679177,0.731574</userorientation_row2>
        </userorientation>
      </transform>
      <snapped>false</snapped>
      <childlist count="1">
        <childid>21</childid>
      </childlist>
      <handles count="3">
        <weight channel="DeformAxisLeft">0</weight>
        <weight channel="DeformAxisForward">0.443455</weight>
        <weight channel="DeformAxisUp">0.358731</weight>
      </handles>
    </blockref>
    <blockref>
      <blockid>flora_parts~, FE_leaf_35</blockid>
      <transform>
        <scale>1,077884</scale>
        <position>-1.626289,-0.499216,4.639080</position>
        <triangledirection>0.0835136,0.149596,-0.985213</triangledirection>
        <trianglepickorigin>0,0,0</trianglepickorigin>
        <orientation>
          <row0>0.629713,-0.776827,-1.04308e-7</row0>
          <row1>0.614329,0.497989,-0.612050</row1>
          <row2>0.475457,0.385416,0.790818</row2>
        </orientation>
        <userorientation>
          <userorientation_row0>0.996210,0.0869645,1.11757e-8</userorientation_row0>
          <userorientation_row1>-0.0636210,0.728802,-0.681761</userorientation_row1>
          <userorientation_row2>-0.0592890,0.679177,0.731574</userorientation_row2>
        </userorientation>
      </transform>
      <snapped>false</snapped>
      <handles count="3">
        <weight channel="DeformAxisLeft">0</weight>
        <weight channel="DeformAxisForward">0.443455</weight>
        <weight channel="DeformAxisUp">0.358731</weight>
      </handles>
    </blockref>
    <blockref>
      <blockid>flora_parts~, FE_leaf_27</blockid>
      <transform>
        <scale>0,740818</scale>
        <position>-0.114057,-0.870750,2.860789</position>
        <triangledirection>-0.124883,0.275805,-0.953066</triangledirection>
        <trianglepickorigin>0,0,0</trianglepickorigin>
        <orientation>
          <row0>0.910966,0.412481,2.23517e-7</row0>
          <row1>-0.124883,0.275805,-0.953066</row1>
          <row2>-0.393122,0.868211,0.302761</row2>
        </orientation>
      </transform>
      <snapped>false</snapped>
      <handles count="3">
        <weight channel="DeformAxisLeft">0.617648</weight>
        <weight channel="DeformAxisForward">0.164855</weight>
        <weight channel="DeformAxisUp">0.542868</weight>
      </handles>
    </blockref>
    <blockref>
      <blockid>flora_parts~, FE_leaf_27</blockid>
      <transform>
        <scale>0,740818</scale>
        <position>-1.140084,2.442916,4.019083</position>
        <triangledirection>0.271886,-0.0595241,-0.960486</triangledirection>
        <trianglepickorigin>0,0,0</trianglepickorigin>
        <orientation>
          <row0>-0.213863,-0.976863,4.06056e-7</row0>
          <row1>0.271886,-0.0595241,-0.960486</row1>
          <row2>0.938264,-0.205413,0.278325</row2>
        </orientation>
      </transform>
      <snapped>false</snapped>
      <handles count="3">
        <weight channel="DeformAxisLeft">0.617648</weight>
        <weight channel="DeformAxisForward">0.164855</weight>
        <weight channel="DeformAxisUp">0.542868</weight>
      </handles>
    </blockref>
    <blockref>
      <blockid>flora_parts~, FE_leaf_27</blockid>
      <transform>
        <scale>0,740818</scale>
        <position>-0.0515135,1.748167,5.854492</position>
        <triangledirection>0.0405845,0.623060,-0.781119</triangledirection>
        <trianglepickorigin>0,0,0</trianglepickorigin>
        <orientation>
          <row0>0.997885,-0.0649995,3.35276e-8</row0>
          <row1>0.0405845,0.623060,-0.781119</row1>
          <row2>0.0507724,0.779467,0.624381</row2>
        </orientation>
      </transform>
      <snapped>false</snapped>
      <handles count="3">
        <weight channel="DeformAxisLeft">0.617648</weight>
        <weight channel="DeformAxisForward">0.164855</weight>
        <weight channel="DeformAxisUp">0.542868</weight>
      </handles>
    </blockref>
  </blocks></sporemodel>