spore0006438f63474066620007785603b9fea735ffffffffffffffffffffffffffffffff0000000ec178f8a30dsporeautotestfffffffffffffffe07Bogacer00006gaprop00<?xml version="1.0" encoding="UTF-8"?><sporemodel>
  <properties>
    <modeltype>PlantMedium</modeltype>
    <skineffectseed1>1234</skineffectseed1>
    <skineffectseed2>1234</skineffectseed2>
    <skineffectseed3>1234</skineffectseed3>
    <skincolor1>0.419607,0.341175,0.576469</skincolor1>
    <skincolor2>0.580392,0.803921,0.258823</skincolor2>
    <skincolor3>0.905882,0.537253,0.866666</skincolor3>
    <zcorpscore>15</zcorpscore>
  </properties>
  <blocks count="27">
    <blockref>
      <blockid>flora_parts~, fe_root_dummy</blockid>
      <transform>
        <scale>1</scale>
        <position>0.0219304,0.00143325,0.600000</position>
        <triangledirection>0,1,0</triangledirection>
        <trianglepickorigin>0,0,0</trianglepickorigin>
        <orientation>
          <row0>1,0,0</row0>
          <row1>0,1,0</row1>
          <row2>0,0,1</row2>
        </orientation>
      </transform>
      <snapped>false</snapped>
      <childlist count="2">
        <childid>14</childid>
        <childid>5</childid>
      </childlist>
    </blockref>
    <blockref>
      <blockid>Creature_parts~, ce_grasper_null</blockid>
      <transform>
        <basemusclescale>1.100000</basemusclescale>
        <scale>1</scale>
        <position>-2.640135,1.650595,3.122989</position>
        <triangledirection>0.240942,-0.239479,-0.940530</triangledirection>
        <trianglepickorigin>0,0,0</trianglepickorigin>
        <orientation>
          <row0>-0.784656,-0.618398,-0.0435534</row0>
          <row1>0.240942,-0.239479,-0.940530</row1>
          <row2>0.571192,-0.748487,0.336906</row2>
        </orientation>
      </transform>
      <snapped>false</snapped>
    </blockref>
    <blockref>
      <blockid>Creature_parts~, ce_grasper_null</blockid>
      <transform>
        <basemusclescale>1</basemusclescale>
        <scale>1</scale>
        <position>-2.281733,-0.156526,2.944823</position>
        <triangledirection>0.240960,-0.239477,-0.940525</triangledirection>
        <trianglepickorigin>0,0,0</trianglepickorigin>
        <orientation>
          <row0>-0.784640,-0.618419,-0.0435605</row0>
          <row1>0.240960,-0.239477,-0.940525</row1>
          <row2>0.571207,-0.748470,0.336917</row2>
        </orientation>
      </transform>
      <snapped>false</snapped>
    </blockref>
    <blockref>
      <blockid>Creature_parts~, ce_grasper_null</blockid>
      <transform>
        <basemusclescale>1</basemusclescale>
        <scale>1</scale>
        <position>0.203314,-1.786732,3.307368</position>
        <triangledirection>0,0,-1</triangledirection>
        <trianglepickorigin>0,0,0</trianglepickorigin>
        <orientation>
          <row0>1,0,0</row0>
          <row1>0,0,-1</row1>
          <row2>0,1,0</row2>
        </orientation>
      </transform>
      <snapped>false</snapped>
    </blockref>
    <blockref>
      <blockid>Creature_parts~, ce_grasper_null</blockid>
      <transform>
        <basemusclescale>1</basemusclescale>
        <scale>1</scale>
        <position>0.0219304,0.00143325,3.150254</position>
        <triangledirection>-0.100535,0.991115,-0.0870820</triangledirection>
        <trianglepickorigin>0,0,0</trianglepickorigin>
        <orientation>
          <row0>0.987913,0.109821,0.109388</row0>
          <row1>-0.100535,0.991115,-0.0870820</row1>
          <row2>-0.117980,0.0750321,0.990177</row2>
        </orientation>
      </transform>
      <snapped>false</snapped>
    </blockref>
    <blockref>
      <blockid>flora_parts~, fe_muscle_branch_01</blockid>
      <transform>
        <limbtype>0</limbtype>
        <musclescale>1</musclescale>
        <basemusclescale>2.200000</basemusclescale>
        <scale>1</scale>
        <position>0.0219304,0.00143325,0.600000</position>
        <triangledirection>-0.120206,-0.0883404,0.988810</triangledirection>
        <trianglepickorigin>0,0,0</trianglepickorigin>
        <orientation>
          <row0>-0.762283,0.646299,-0.0349275</row0>
          <row1>-0.120206,-0.0883404,0.988810</row1>
          <row2>0.635982,0.757952,0.145029</row2>
        </orientation>
      </transform>
      <snapped>true</snapped>
      <childlist count="4">
        <childid>12</childid>
        <childid>10</childid>
        <childid>8</childid>
        <childid>6</childid>
      </childlist>
      <handles count="1">
        <weight channel="longer">0.00555498</weight>
      </handles>
    </blockref>
    <blockref>
      <blockid>flora_parts~, FE_muscle_branch_03</blockid>
      <transform>
        <limbtype>0</limbtype>
        <musclescale>0.5</musclescale>
        <basemusclescale>1.25</basemusclescale>
        <scale>1</scale>
        <position>0.0542496,0.0251846,0.334145</position>
        <triangledirection>0.561111,-0.709873,0.425716</triangledirection>
        <trianglepickorigin>0,0,0</trianglepickorigin>
        <orientation>
          <row0>-0.367903,0.246834,0.896504</row0>
          <row1>0.561111,-0.709873,0.425716</row1>
          <row2>0.741485,0.659661,0.122663</row2>
        </orientation>
      </transform>
      <snapped>true</snapped>
      <childlist count="1">
        <childid>7</childid>
      </childlist>
      <handles count="1">
        <weight channel="longer">0.162245</weight>
      </handles>
    </blockref>
    <blockref>
      <blockid>Creature_parts~, ce_grasper_null</blockid>
      <transform>
        <basemusclescale>1</basemusclescale>
        <scale>1</scale>
        <position>-0.648402,0.914123,-0.198957</position>
        <triangledirection>-0.120206,-0.0883407,0.988810</triangledirection>
        <trianglepickorigin>0,0,0</trianglepickorigin>
        <orientation>
          <row0>-0.762283,0.646299,-0.0349273</row0>
          <row1>-0.120206,-0.0883407,0.988810</row1>
          <row2>0.635982,0.757952,0.145029</row2>
        </orientation>
      </transform>
      <snapped>true</snapped>
    </blockref>
    <blockref>
      <blockid>flora_parts~, FE_muscle_branch_03</blockid>
      <transform>
        <limbtype>0</limbtype>
        <musclescale>0.5</musclescale>
        <basemusclescale>1.25</basemusclescale>
        <scale>1</scale>
        <position>0.0542496,0.0251846,0.334145</position>
        <triangledirection>-0.551875,0.793849,0.255413</triangledirection>
        <trianglepickorigin>0,0,0</trianglepickorigin>
        <orientation>
          <row0>-0.682502,-0.253966,-0.685340</row0>
          <row1>-0.551875,0.793849,0.255413</row1>
          <row2>0.479190,0.552542,-0.681962</row2>
        </orientation>
      </transform>
      <snapped>true</snapped>
      <childlist count="1">
        <childid>9</childid>
      </childlist>
      <handles count="1">
        <weight channel="longer">0.162245</weight>
      </handles>
    </blockref>
    <blockref>
      <blockid>Creature_parts~, ce_grasper_null</blockid>
      <transform>
        <basemusclescale>1</basemusclescale>
        <scale>1</scale>
        <position>0.745335,-0.968913,0.0143030</position>
        <triangledirection>-0.759474,0.530854,0.376022</triangledirection>
        <trianglepickorigin>0,0,0</trianglepickorigin>
        <orientation>
          <row0>-0.294214,0.235234,-0.926338</row0>
          <row1>-0.759474,0.530854,0.376022</row1>
          <row2>0.580204,0.814161,0.0224698</row2>
        </orientation>
      </transform>
      <snapped>true</snapped>
    </blockref>
    <blockref>
      <blockid>flora_parts~, FE_muscle_branch_03</blockid>
      <transform>
        <limbtype>0</limbtype>
        <musclescale>0.5</musclescale>
        <basemusclescale>1.25</basemusclescale>
        <scale>1</scale>
        <position>0.0542496,0.0251846,0.334145</position>
        <triangledirection>-0.704591,-0.661688,0.256358</triangledirection>
        <trianglepickorigin>0,0,0</trianglepickorigin>
        <orientation>
          <row0>-0.700954,0.705252,-0.106216</row0>
          <row1>-0.704591,-0.661688,0.256358</row1>
          <row2>0.110515,0.254534,0.960728</row2>
        </orientation>
      </transform>
      <snapped>true</snapped>
      <childlist count="1">
        <childid>11</childid>
      </childlist>
      <handles count="1">
        <weight channel="longer">0.162245</weight>
      </handles>
    </blockref>
    <blockref>
      <blockid>Creature_parts~, ce_grasper_null</blockid>
      <transform>
        <basemusclescale>1</basemusclescale>
        <scale>1</scale>
        <position>0.936573,0.853783,0.0131203</position>
        <triangledirection>-0.759473,0.530853,0.376023</triangledirection>
        <trianglepickorigin>0,0,0</trianglepickorigin>
        <orientation>
          <row0>-0.294216,0.235234,-0.926337</row0>
          <row1>-0.759473,0.530853,0.376023</row1>
          <row2>0.580203,0.814161,0.0224690</row2>
        </orientation>
      </transform>
      <snapped>true</snapped>
    </blockref>
    <blockref>
      <blockid>flora_parts~, FE_muscle_branch_03</blockid>
      <transform>
        <limbtype>0</limbtype>
        <musclescale>0.5</musclescale>
        <basemusclescale>1.25</basemusclescale>
        <scale>1</scale>
        <position>0.0542496,0.0251846,0.334145</position>
        <triangledirection>0.571625,0.723810,0.386448</triangledirection>
        <trianglepickorigin>0,0,0</trianglepickorigin>
        <orientation>
          <row0>-0.772054,0.315010,0.551996</row0>
          <row1>0.571625,0.723810,0.386448</row1>
          <row2>-0.277805,0.613894,-0.738889</row2>
        </orientation>
      </transform>
      <snapped>true</snapped>
      <childlist count="1">
        <childid>13</childid>
      </childlist>
      <handles count="1">
        <weight channel="longer">0.162245</weight>
      </handles>
    </blockref>
    <blockref>
      <blockid>Creature_parts~, ce_grasper_null</blockid>
      <transform>
        <basemusclescale>1</basemusclescale>
        <scale>1</scale>
        <position>-0.661568,-0.881206,-0.149783</position>
        <triangledirection>-0.759473,0.530853,0.376023</triangledirection>
        <trianglepickorigin>0,0,0</trianglepickorigin>
        <orientation>
          <row0>-0.294215,0.235235,-0.926337</row0>
          <row1>-0.759473,0.530853,0.376023</row1>
          <row2>0.580203,0.814161,0.0224695</row2>
        </orientation>
      </transform>
      <snapped>true</snapped>
    </blockref>
    <blockref>
      <blockid>flora_parts~, fe_muscle_branch_06</blockid>
      <transform>
        <limbtype>0</limbtype>
        <musclescale>0.5</musclescale>
        <basemusclescale>2.200000</basemusclescale>
        <scale>1</scale>
        <position>0.0219304,0.00143325,0.600000</position>
        <triangledirection>0,-1.19209e-7,-1</triangledirection>
        <trianglepickorigin>0,0,0</trianglepickorigin>
        <orientation>
          <row0>1,0,0</row0>
          <row1>0,-1.19209e-7,-1</row1>
          <row2>0,1,-1.19209e-7</row2>
        </orientation>
      </transform>
      <snapped>true</snapped>
      <childlist count="4">
        <childid>20</childid>
        <childid>18</childid>
        <childid>17</childid>
        <childid>15</childid>
      </childlist>
      <handles count="1">
        <weight channel="longer">0.162245</weight>
      </handles>
    </blockref>
    <blockref>
      <blockid>flora_parts~, fe_muscle_branch_06</blockid>
      <transform>
        <limbtype>0</limbtype>
        <musclescale>0.5</musclescale>
        <basemusclescale>1</basemusclescale>
        <scale>1</scale>
        <position>0.0219304,0.00143340,1.852249</position>
        <triangledirection>0,-1.19209e-7,-1</triangledirection>
        <trianglepickorigin>0,0,0</trianglepickorigin>
        <orientation>
          <row0>1,0,0</row0>
          <row1>0,-1.19209e-7,-1</row1>
          <row2>0,1,-1.19209e-7</row2>
        </orientation>
      </transform>
      <snapped>true</snapped>
      <childlist count="4">
        <childid>23</childid>
        <childid>21</childid>
        <childid>19</childid>
        <childid>16</childid>
      </childlist>
      <handles count="1">
        <weight channel="longer">0.162245</weight>
      </handles>
    </blockref>
    <blockref>
      <blockid>Creature_parts~, ce_grasper_null</blockid>
      <transform>
        <basemusclescale>1</basemusclescale>
        <scale>1</scale>
        <position>0.0219304,0.00143355,3.104496</position>
        <triangledirection>0,-1.19209e-7,-1</triangledirection>
        <trianglepickorigin>0,0,0</trianglepickorigin>
        <orientation>
          <row0>1,0,0</row0>
          <row1>0,-1.19209e-7,-1</row1>
          <row2>0,1,-1.19209e-7</row2>
        </orientation>
      </transform>
      <snapped>true</snapped>
    </blockref>
    <blockref>
      <blockid>flora_parts~, FE_leaf_26</blockid>
      <transform>
        <scale>0,591554</scale>
        <position>0.280602,-0.525966,0.792148</position>
        <triangledirection>-0.439212,0.845456,0.303802</triangledirection>
        <trianglepickorigin>0,0,0</trianglepickorigin>
        <orientation>
          <row0>0.887399,0.461001,2.83122e-7</row0>
          <row1>-0.439212,0.845456,0.303802</row1>
          <row2>0.140053,-0.269594,0.952735</row2>
        </orientation>
      </transform>
      <snapped>false</snapped>
      <handles count="4">
        <weight channel="DeformAxisLeft">0.0906717</weight>
        <weight channel="DeformAxisForward">0.433299</weight>
        <weight channel="DeformAxisUp">1</weight>
        <weight channel="DeformAxisUPb">0.995940</weight>
      </handles>
    </blockref>
    <blockref>
      <blockid>flora_parts~, FE_leaf_26</blockid>
      <transform>
        <scale>0,591554</scale>
        <position>0.507619,0.376540,1.216099</position>
        <triangledirection>-0.657911,-0.748625,-0.0819324</triangledirection>
        <trianglepickorigin>0,0,0</trianglepickorigin>
        <orientation>
          <row0>-0.751150,0.660130,7.45058e-9</row0>
          <row1>-0.657911,-0.748625,-0.0819324</row1>
          <row2>-0.0540861,-0.0615436,0.996637</row2>
        </orientation>
      </transform>
      <snapped>false</snapped>
      <handles count="4">
        <weight channel="DeformAxisLeft">0.0906717</weight>
        <weight channel="DeformAxisForward">0.433299</weight>
        <weight channel="DeformAxisUp">1</weight>
        <weight channel="DeformAxisUPb">0.995940</weight>
      </handles>
    </blockref>
    <blockref>
      <blockid>flora_parts~, FE_leaf_26</blockid>
      <transform>
        <scale>0,548811</scale>
        <position>-0.248368,0.224399,2.328986</position>
        <triangledirection>0.732764,-0.653314,0.190358</triangledirection>
        <trianglepickorigin>0,0,0</trianglepickorigin>
        <orientation>
          <row0>-0.665483,-0.746412,-2.53319e-7</row0>
          <row1>0.732764,-0.653314,0.190358</row1>
          <row2>-0.142085,0.126679,0.981714</row2>
        </orientation>
      </transform>
      <snapped>false</snapped>
      <handles count="4">
        <weight channel="DeformAxisLeft">0.0906717</weight>
        <weight channel="DeformAxisForward">0.433299</weight>
        <weight channel="DeformAxisUp">1</weight>
        <weight channel="DeformAxisUPb">0.995940</weight>
      </handles>
    </blockref>
    <blockref>
      <blockid>flora_parts~, FE_leaf_26</blockid>
      <transform>
        <scale>0,591554</scale>
        <position>-0.608873,-0.244381,0.737663</position>
        <triangledirection>0.955449,0.198632,0.218314</triangledirection>
        <trianglepickorigin>0,0,0</trianglepickorigin>
        <orientation>
          <row0>0.203541,-0.979066,-1.30385e-7</row0>
          <row1>0.955449,0.198632,0.218314</row1>
          <row2>-0.213744,-0.0444362,0.975878</row2>
        </orientation>
      </transform>
      <snapped>false</snapped>
      <handles count="4">
        <weight channel="DeformAxisLeft">0.0906717</weight>
        <weight channel="DeformAxisForward">0.433299</weight>
        <weight channel="DeformAxisUp">1</weight>
        <weight channel="DeformAxisUPb">0.995940</weight>
      </handles>
    </blockref>
    <blockref>
      <blockid>flora_parts~, FE_leaf_29</blockid>
      <transform>
        <scale>2,116999</scale>
        <position>0.0253848,0.0744596,3.284880</position>
        <triangledirection>-0.0297615,-0.0169109,-0.999412</triangledirection>
        <trianglepickorigin>0,0,0</trianglepickorigin>
        <orientation>
          <row0>-0.980778,-0.195124,4.09781e-8</row0>
          <row1>0.0615771,-0.309512,-0.948899</row1>
          <row2>0.185154,-0.930660,0.315578</row2>
        </orientation>
        <userorientation>
          <userorientation_row0>0.999284,-0.0250272,0.0283332</userorientation_row0>
          <userorientation_row1>0.0324891,0.951744,-0.305164</userorientation_row1>
          <userorientation_row2>-0.0193284,0.305867,0.951876</userorientation_row2>
        </userorientation>
      </transform>
      <snapped>false</snapped>
      <childlist count="3">
        <childid>26</childid>
        <childid>24</childid>
        <childid>22</childid>
      </childlist>
      <handles count="4">
        <weight channel="bend">0.5</weight>
        <weight channel="invert">0.414417</weight>
        <weight channel="Length">0.0670552</weight>
        <weight channel="scale_horiz">0.881736</weight>
      </handles>
    </blockref>
    <blockref>
      <blockid>flora_parts~, fe_cap_01a</blockid>
      <transform>
        <scale>1</scale>
        <position>-0.127072,-0.108614,3.141083</position>
        <triangledirection>0.509221,0.793589,-0.333030</triangledirection>
        <trianglepickorigin>0,0,0</trianglepickorigin>
        <orientation>
          <row0>0.841633,-0.540049,4.61935e-7</row0>
          <row1>0.509221,0.793589,-0.333030</row1>
          <row2>0.179852,0.280289,0.942916</row2>
        </orientation>
      </transform>
      <snapped>false</snapped>
      <childlist count="1">
        <childid>25</childid>
      </childlist>
    </blockref>
    <blockref>
      <blockid>flora_parts~, fe_cap_01a</blockid>
      <transform>
        <scale>1</scale>
        <position>0.0261514,-0.233673,3.118557</position>
        <triangledirection>0.190919,0.957864,-0.214583</triangledirection>
        <trianglepickorigin>0,0,0</trianglepickorigin>
        <orientation>
          <row0>0.980709,-0.195472,-2.23517e-7</row0>
          <row1>0.190919,0.957864,-0.214583</row1>
          <row2>0.0419452,0.210443,0.976705</row2>
        </orientation>
      </transform>
      <snapped>false</snapped>
    </blockref>
    <blockref>
      <blockid>flora_parts~, fe_cap_01a</blockid>
      <transform>
        <scale>1</scale>
        <position>-0.267188,-0.000623046,3.185961</position>
        <triangledirection>0.493629,0.812906,-0.309052</triangledirection>
        <trianglepickorigin>0,0,0</trianglepickorigin>
        <orientation>
          <row0>0.854750,-0.519038,-2.38418e-7</row0>
          <row1>0.493629,0.812906,-0.309052</row1>
          <row2>0.160410,0.264162,0.951045</row2>
        </orientation>
      </transform>
      <snapped>false</snapped>
    </blockref>
    <blockref>
      <blockid>flora_parts~, fe_cap_01a</blockid>
      <transform>
        <scale>1</scale>
        <position>-0.194916,-0.250589,3.117644</position>
        <triangledirection>0.509221,0.793589,-0.333030</triangledirection>
        <trianglepickorigin>0,0,0</trianglepickorigin>
        <orientation>
          <row0>0.841633,-0.540049,4.61935e-7</row0>
          <row1>0.509221,0.793589,-0.333030</row1>
          <row2>0.179852,0.280289,0.942916</row2>
        </orientation>
      </transform>
      <snapped>false</snapped>
    </blockref>
    <blockref>
      <blockid>flora_parts~, fe_cap_01a</blockid>
      <transform>
        <scale>1</scale>
        <position>-0.188831,-0.0688846,3.141322</position>
        <triangledirection>0.509221,0.793589,-0.333030</triangledirection>
        <trianglepickorigin>0,0,0</trianglepickorigin>
        <orientation>
          <row0>0.841633,-0.540049,4.61935e-7</row0>
          <row1>0.509221,0.793589,-0.333030</row1>
          <row2>0.179852,0.280289,0.942916</row2>
        </orientation>
      </transform>
      <snapped>false</snapped>
    </blockref>
  </blocks></sporemodel>