<?xml version="1.0" encoding="UTF-8"?><sporemodel>
  <formatversion>18</formatversion>
  <properties>
    <modeltype>0xbcd73e89</modeltype>
    <skineffect1>0xda39af7c</skineffect1>
    <skineffect2>0xfee8b97f</skineffect2>
    <skineffect3>0x3bb13255</skineffect3>
    <skineffectseed1>1234</skineffectseed1>
    <skineffectseed2>1234</skineffectseed2>
    <skineffectseed3>1234</skineffectseed3>
    <skincolor1>1,1,1</skincolor1>
    <skincolor2>1,1,1</skincolor2>
    <skincolor3>1,1,1</skincolor3>
    <requiredpack>0x00000001</requiredpack>
  </properties>
  <blocks count="9">
    <blockref>
      <blockid>0x40666000, 0xe6b1310f</blockid>
      <transform>
        <musclescale>0.35</musclescale>
        <limbtype>0</limbtype>
        <basemusclescale>1.35</basemusclescale>
        <scale>1</scale>
        <triangledirection>0,0,0</triangledirection>
        <position>-0.08161,0.212878,0.021725</position>
        <orientation>
          <row0>-0.775841,0.621916,0.106255</row0>
          <row1>-0.263925,-0.166941,-0.949986</row1>
          <row2>-0.573074,-0.765082,0.293659</row2>
        </orientation>
      </transform>
      <snapped>false</snapped>
      <childlist count="3">
        <childid>3</childid>
        <childid>1</childid>
        <childid>2</childid>
      </childlist>
      <handles count="1">
        <weight channel="0x974143d6">0.162245</weight>
      </handles>
    </blockref>
    <blockref>
      <blockid>0x40666000, 0xe6b1310f</blockid>
      <transform>
        <musclescale>0.7</musclescale>
        <limbtype>0</limbtype>
        <basemusclescale>0.7</basemusclescale>
        <scale>1</scale>
        <triangledirection>0,0,0</triangledirection>
        <position>0.24889,0.42193,1.21135</position>
        <orientation>
          <row0>0.215897,-0.778226,0.589705</row0>
          <row1>-0.132157,-0.621681,-0.772041</row1>
          <row2>0.967431,0.088748,-0.237067</row2>
        </orientation>
      </transform>
      <snapped>true</snapped>
      <childlist count="1">
        <childid>5</childid>
      </childlist>
      <handles count="1">
        <weight channel="0x974143d6">0.123054</weight>
      </handles>
    </blockref>
    <blockref>
      <blockid>0x40666000, 0xe6b1310f</blockid>
      <transform>
        <musclescale>0.6</musclescale>
        <limbtype>0</limbtype>
        <basemusclescale>0.7</basemusclescale>
        <scale>1</scale>
        <triangledirection>0,0,0</triangledirection>
        <position>0.24889,0.42193,1.21135</position>
        <orientation>
          <row0>-0.723411,0.674956,-0.145294</row0>
          <row1>0.549231,0.435073,-0.713482</row1>
          <row2>-0.418356,-0.595941,-0.685443</row2>
        </orientation>
      </transform>
      <snapped>true</snapped>
      <childlist count="1">
        <childid>7</childid>
      </childlist>
      <handles count="1">
        <weight channel="0x974143d6">0.106359</weight>
      </handles>
    </blockref>
    <blockref>
      <blockid>0x40666000, 0xe6b1310f</blockid>
      <transform>
        <musclescale>0.075</musclescale>
        <limbtype>0</limbtype>
        <basemusclescale>0.7</basemusclescale>
        <scale>1</scale>
        <triangledirection>0,0,0</triangledirection>
        <position>0.24889,0.42193,1.21135</position>
        <orientation>
          <row0>-0.016442,0.558903,0.82907</row0>
          <row1>-0.391957,0.759213,-0.519583</row1>
          <row2>-0.919837,-0.333503,0.206583</row2>
        </orientation>
      </transform>
      <snapped>true</snapped>
      <childlist count="1">
        <childid>4</childid>
      </childlist>
      <handles count="1">
        <weight channel="0x974143d6">0.110616</weight>
      </handles>
    </blockref>
    <blockref>
      <blockid>0x40626000, 0xa077208c</blockid>
      <transform>
        <basemusclescale>0.2</basemusclescale>
        <scale>1</scale>
        <triangledirection>0,0,0</triangledirection>
        <position>0.612715,-0.28279,1.69364</position>
        <orientation>
          <row0>-0.821252,0.570566,0</row0>
          <row1>0,0,-1</row1>
          <row2>-0.570566,-0.821252,0</row2>
        </orientation>
      </transform>
      <snapped>true</snapped>
    </blockref>
    <blockref>
      <blockid>0x40666000, 0xe6b1310f</blockid>
      <transform>
        <musclescale>0.175</musclescale>
        <limbtype>0</limbtype>
        <basemusclescale>0.45</basemusclescale>
        <scale>1</scale>
        <triangledirection>0,0,0</triangledirection>
        <position>0.381878,1.04752,1.98824</position>
        <orientation>
          <row0>0.002625,0.999997,0</row0>
          <row1>0,0,-1</row1>
          <row2>-0.999997,0.002625,0</row2>
        </orientation>
      </transform>
      <snapped>true</snapped>
      <childlist count="1">
        <childid>6</childid>
      </childlist>
      <handles count="1">
        <weight channel="0x974143d6">0.089006</weight>
      </handles>
    </blockref>
    <blockref>
      <blockid>0x40626000, 0xa077208c</blockid>
      <transform>
        <basemusclescale>0.2</basemusclescale>
        <scale>1</scale>
        <triangledirection>0,0,0</triangledirection>
        <position>0.381878,1.04752,2.78084</position>
        <orientation>
          <row0>-0.158529,0.920745,0.356507</row0>
          <row1>0.579881,0.379063,-0.721144</row1>
          <row2>-0.799129,0.092409,-0.594015</row2>
        </orientation>
      </transform>
      <snapped>true</snapped>
    </blockref>
    <blockref>
      <blockid>0x40666000, 0xe6b1310f</blockid>
      <transform>
        <musclescale>0.65</musclescale>
        <limbtype>0</limbtype>
        <basemusclescale>0.35</basemusclescale>
        <scale>1</scale>
        <triangledirection>0,0,0</triangledirection>
        <position>-0.246245,0.02971,1.85455</position>
        <orientation>
          <row0>-0.786186,0.583247,0.204291</row0>
          <row1>-0.065649,0.249882,-0.966048</row1>
          <row2>-0.614493,-0.772905,-0.158164</row2>
        </orientation>
      </transform>
      <snapped>true</snapped>
      <childlist count="1">
        <childid>8</childid>
      </childlist>
      <handles count="1">
        <weight channel="0x974143d6">0.041593</weight>
      </handles>
    </blockref>
    <blockref>
      <blockid>0x40626000, 0xa077208c</blockid>
      <transform>
        <basemusclescale>0.25</basemusclescale>
        <scale>1</scale>
        <triangledirection>0,0,0</triangledirection>
        <position>-0.213746,-0.093991,2.33278</position>
        <orientation>
          <row0>-0.68005,0.677395,-0.28048</row0>
          <row1>0.6051,0.302549,-0.736424</row1>
          <row2>-0.41399,-0.670523,-0.61564</row2>
        </orientation>
      </transform>
      <snapped>true</snapped>
    </blockref>
  </blocks>
</sporemodel>